166093
166098
166099
166097
166098
166097
166094
166095
166094
166092
166095
166095
166092
166090
166093
166091
166087
166088
166089
166090
166087
166084
166088
166089
166089
166087
166087
166085
166087
166090
166086
166085
166086
166090
166093
166091
166089
166094
166099
166101
166103
166102
166103
166107
166107
166106
166104
166100
166101
166103
166098
166098
166102
166103
166099
166101
166103
166100
166097
166099
166097
166093
166092
166094
166095
166094
166094
166093
166094
166097
166097
166096
166096
166097
166096
166095
166098
166100
166103
166103
166103
166099
166098
166100
166102
166101
166102
166104
166106
166106
166103
166100
166097
166099
166099
166097
166097
166098
166101
166102
166101
166100
166100
166100
166100
166102
166100
166102
166104
166105
166109
166108
166105
166108
166110
166109
166109
166108
166111
166114
166115
166114
166116
166117
166120
166120
166117
166114
166112
166113
166110
166105
166104
166105
166108
166108
166105
166104
166106
166108
166107
166104
166103
166108
166113
166113
166109
166105
166105
166112
166115
166112
166112
166109
166108
166111
166112
166114
166119
166118
166117
166118
166121
166118
166117
166115
166112
166112
166115
166116
166114
166111
166109
166112
166113
166106
166103
166103
166104
166106
166107
166107
166109
166107
166108
166111
166111
166114
166116
166117
166117
166117
166116
166119
166121
166120
166118
166120
166123
166124
166127
166124
166122
166125
166126
166122
166116
166114
166116
166119
166120
166118
166119
166116
166115
166117
166115
166114
166119
166124
166124
166124
166126
166126
166125
166118
166113
166116
166118
166119
166119
166118
166119
166119
166118
166116
166114
166111
166111
166111
166112
166113
166114
166115
166116
166115
166113
166113
166113
166117
166117
166113
166113
166118
166119
166118
166121
166122
166121
166120
166116
166112
166114
166115
166117
166117
166115
166116
166118
166120
166117
166113
166111
166113
166114
166110
166111
166113
166112
166112
166113
166113
166114
166115
166114
166113
166113
166114
166116
166114
166111
166106
166107
166106
166109
166111
166111
166112
166114
166117
166118
166118
166118
166118
166115
166110
166108
166109
166110
166113
166111
166106
166104
166106
166110
166108
166106
166109
166112
166113
166111
166111
166114
166116
166117
166114
166113
166112
166111
166112
166110
166107
166107
166112
166113
166110
166108
166109
166112
166109
166105
166103
166103
166108
166111
166111
166111
166115
166116
166116
166115
166117
166117
166118
166119
166115
166114
166115
166115
166118
166116
166115
166114
166113
166115
166117
166114
166113
166116
166119
166116
166113
166113
166119
166123
166121
166120
166116
166118
166122
166122
166123
166126
166124
166121
166120
166123
166123
166124
166124
166120
166117
166118
166120
166123
166125
166122
166117
166117
166119
166119
166119
166123
166126
166130
166132
166131
166127
166124
166124
166123
166122
166121
166119
166118
166121
166120
166122
166126
166124
166121
166118
166118
166119
166117
166117
166121
166125
166122
166120
166118
166118
166119
166119
166120
166120
166118
166121
166124
166124
166121
166120
166122
166124
166123
166120
166120
166129
166132
166131
166126
166124
166130
166135
166134
166128
166121
166123
166131
166134
166132
166131
166133
166134
166135
166134
166133
166134
166137
166138
166136
166133
166132
166133
166140
166142
166138
166136
166139
166142
166143
166141
166142
166145
166149
166149
166145
166146
166150
166154
166151
166147
166150
166153
166152
166151
166152
166154
166155
166155
166153
166152
166153
166155
166155
166152
166149
166152
166156
166156
166153
166152
166152
166153
166153
166150
166150
166153
166156
166155
166153
166152
166152
166151
166150
166148
166148
166152
166156
166159
166157
166155
166155
166155
166155
166157
166157
166156
166159
166164
166165
166164
166164
166165
166166
166164
166162
166162
166162
166163
166163
166163
166165
166164
166163
166163
166160
166159
166161
166162
166163
166162
166163
166165
166167
166168
166167
166169
166173
166173
166168
166165
166166
166167
166167
166166
166163
166167
166171
166171
166167
166164
166167
166169
166167
166164
166164
166164
166166
166168
166164
166160
166160
166162
166163
166163
166163
166166
166172
166173
166170
166170
166170
166171
166171
166170
166170
166170
166168
166167
166164
166161
166160
166163
166165
166162
166161
166163
166165
166166
166163
166161
166161
166162
166165
166162
166161
166164
166165
166163
166158
166157
166160
166160
166160
166159
166158
166159
166159
166158
166154
166151
166155
166160
166161
166160
166156
166157
166160
166160
166156
166153
166151
166152
166152
166151
166151
166153
166157
166161
166158
166155
166155
166157
166157
166155
166152
166154
166157
166157
166154
166151
166154
166158
166158
166155
166153
166154
166156
166158
166155
166151
166148
166150
166150
166147
166148
166149
166150
166152
166152
166152
166155
166155
166151
166149
166147
166149
166152
166153
166151
166151
166154
166157
166158
166156
166155
166156
166154
166152
166151
166149
166149
166151
166153
166153
166151
166155
166159
166159
166157
166156
166156
166155
166151
166149
166147
166146
166152
166155
166153
166151
166151
166149
166148
166150
166150
166151
166151
166149
166148
166147
166151
166158
166159
166155
166153
166157
166159
166159
166158
166158
166158
166158
166160
166159
166158
166161
166163
166163
166162
166161
166162
166165
166165
166163
166165
166168
166167
166164
166164
166165
166168
166171
166170
166168
166166
166168
166170
166171
166172
166170
166173
166176
166175
166175
166173
166173
166175
166174
166174
166173
166174
166175
166175
166173
166172
166172
166172
166174
166175
166174
166174
166175
166177
166180
166180
166178
166178
166178
166175
166172
166172
166173
166173
166174
166173
166175
166180
166180
166174
166169
166168
166169
166168
166166
166165
166165
166168
166169
166169
166170
166170
166171
166171
166169
166167
166169
166173
166173
166172
166169
166168
166169
166169
166167
166167
166167
166168
166165
166163
166163
166165
166167
166168
166168
166168
166167
166168
166167
166166
166166
166167
166167
166167
166167
166169
166171
166174
166175
166174
166174
166175
166175
166173
166171
166168
166167
166168
166168
166166
166163
166164
166167
166169
166167
166165
166170
166174
166174
166172
166169
166171
166173
166173
166170
166171
166173
166175
166176
166176
166173
166170
166168
166166
166165
166165
166166
166169
166172
166173
166175
166175
166175
166173
166171
166171
166172
166175
166177
166177
166173
166173
166174
166174
166172
166169
166168
166172
166173
166172
166173
166177
166182
166183
166180
166178
166180
166183
166182
166180
166178
166178
166181
166180
166177
166177
166177
166175
166174
166176
166176
166175
166177
166179
166180
166180
166180
166180
166178
166178
166181
166186
166190
166191
166189
166186
166189
166192
166191
166189
166189
166193
166197
166197
166195
166192
166189
166191
166191
166189
166189
166192
166197
166199
166194
166190
166190
166192
166194
166193
166190
166192
166194
166196
166197
166195
166195
166197
166196
166192
166190
166195
166199
166200
166198
166197
166197
166199
166198
166196
166196
166199
166201
166201
166200
166200
166200
166201
166204
166205
166205
166204
166205
166205
166203
166201
166198
166197
166198
166198
166198
166200
166202
166203
166201
166198
166199
166200
166199
166195
166195
166197
166199
166197
166196
166196
166199
166200
166200
166197
166197
166199
166201
166202
166199
166196
166197
166200
166200
166197
166198
166204
166206
166203
166198
166196
166196
166195
166196
166195
166197
166200
166202
166202
166200
166199
166200
166200
166195
166192
166192
166194
166196
166196
166195
166197
166199
166201
166201
166200
166200
166202
166202
166200
166199
166198
166199
166201
166203
166205
166203
166204
166207
166205
166201
166199
166199
166199
166196
166192
166192
166193
166193
166188
166186
166186
166189
166191
166194
166195
166191
166192
166193
166191
166187
166184
166186
166187
166185
166181
166180
166183
166187
166185
166184
166183
166184
166187
166186
166182
166179
166181
166182
166179
166176
166175
166179
166182
166183
166182
166180
166180
166181
166181
166180
166179
166180
166182
166181
166180
166179
166179
166179
166179
166179
166179
166181
166182
166181
166178
166177
166178
166181
166180
166179
166178
166179
166181
166185
166187
166184
166180
166177
166174
166172
166172
166175
166176
166176
166177
166178
166181
166182
166181
166179
166178
166181
166181
166179
166178
166177
166178
166181
166182
166181
166182
166185
166187
166185
166181
166180
166182
166183
166180
166175
166173
166176
166181
166182
166179
166174
166174
166174
166172
166170
166168
166170
166172
166171
166171
166172
166174
166176
166176
166175
166174
166176
166176
166175
166173
166172
166173
166174
166173
166175
166175
166174
166176
166176
166175
166173
166174
166179
166178
166176
166177
166178
166180
166179
166176
166173
166172
166173
166172
166169
166169
166173
166176
166176
166174
166173
166172
166171
166170
166171
166171
166172
166173
166174
166172
166170
166172
166174
166174
166172
166172
166176
166177
166174
166171
166169
166171
166174
166174
166173
166175
166175
166176
166175
166176
166177
166178
166177
166173
166170
166168
166172
166177
166178
166176
166174
166174
166175
166177
166178
166176
166180
166183
166181
166178
166176
166177
166180
166180
166179
166178
166179
166182
166183
166183
166184
166186
166187
166188
166185
166182
166180
166181
166182
166183
166184
166185
166188
166188
166188
166187
166187
166190
166190
166188
166187
166186
166188
166187
166184
166184
166185
166185
166182
166180
166181
166183
166188
166189
166186
166185
166187
166185
166184
166186
166187
166189
166191
166190
166188
166189
166190
166192
166190
166186
166187
166189
166191
166191
166189
166190
166193
166194
166190
166186
166185
166187
166190
166191
166194
166197
166198
166198
166194
166192
166191
166194
166196
166195
166193
166192
166192
166192
166192
166190
166190
166194
166196
166194
166193
166194
166195
166192
166190
166188
166186
166187
166188
166188
166187
166187
166189
166191
166190
166187
166186
166188
166188
166187
166186
166190
166192
166191
166190
166187
166187
166188
166191
166190
166185
166184
166186
166185
166183
166182
166181
166181
166181
166181
166180
166180
166182
166187
166187
166183
166182
166183
166183
166180
166177
166176
166177
166179
166178
166178
166180
166181
166185
166185
166182
166182
166183
166180
166175
166171
166171
166172
166175
166175
166173
166174
166177
166176
166174
166172
166171
166175
166178
166178
166176
166176
166179
166182
166181
166178
166177
166180
166180
166178
166175
166175
166176
166176
166174
166173
166171
166171
166171
166169
166166
166168
166170
166171
166168
166166
166166
166167
166168
166164
166161
166161
166161
166163
166163
166163
166167
166171
166173
166171
166169
166169
166169
166169
166169
166168
166167
166169
166170
166167
166165
166164
166165
166168
166166
166163
166162
166162
166161
166160
166156
166154
166156
166158
166157
166156
166158
166162
166166
166165
166164
166162
166160
166160
166157
166155
166152
166153
166155
166153
166154
166156
166158
166158
166159
166158
166159
166160
166158
166154
166152
166152
166153
166153
166151
166151
166152
166153
166153
166150
166148
166148
166152
166153
166151
166150
166152
166154
166156
166156
166152
166152
166153
166153
166150
166145
166145
166146
166145
166145
166147
166151
166153
166155
166153
166149
166147
166147
166145
166142
166139
166140
166142
166146
166146
166145
166147
166150
166153
166152
166153
166155
166157
166159
166159
166156
166154
166154
166152
166148
166143
166142
166143
166144
166143
166142
166141
166142
166143
166141
166138
166138
166142
166143
166141
166141
166142
166144
166148
166149
166149
166150
166150
166151
166150
166150
166153
166157
166156
166154
166154
166154
166152
166152
166151
166149
166149
166147
166147
166147
166145
166146
166149
166149
166146
166143
166142
166143
166142
166141
166138
166138
166142
166144
166143
166141
166143
166144
166145
166144
166145
166148
166149
166148
166148
166147
166149
166151
166151
166150
166147
166150
166155
166159
166161
166162
166164
166165
166164
166160
166158
166159
166159
166158
166156
166152
166151
166150
166149
166149
166150
166151
166154
166156
166155
166154
166155
166157
166156
166155
166154
166157
166158
166160
166161
166161
166164
166166
166167
166165
166161
166163
166166
166167
166163
166157
166155
166157
166157
166156
166156
166157
166160
166163
166164
166163
166166
166169
166168
166166
166166
166167
166167
166166
166162
166161
166161
166164
166166
166167
166167
166168
166167
166166
166168
166166
166163
166164
166166
166165
166163
166163
166164
166164
166164
166164
166164
166166
166166
166167
166169
166172
166172
166173
166173
166171
166172
166175
166175
166173
166171
166172
166176
166177
166173
166171
166173
166175
166174
166170
166166
166165
166166
166168
166167
166166
166169
166174
166177
166178
166177
166178
166180
166180
166179
166177
166175
166177
166177
166175
166175
166177
166182
166186
166188
166189
166189
166189
166188
166185
166183
166185
166186
166187
166186
166185
166187
166188
166188
166185
166182
166181
166180
166178
166174
166171
166173
166175
166175
166174
166173
166177
166181
166180
166179
166179
166181
166182
166183
166185
166188
166191
166191
166191
166191
166189
166191
166194
166193
166190
166188
166190
166193
166195
166194
166189
166187
166188
166188
166186
166184
166183
166182
166182
166180
166179
166182
166185
166184
166182
166181
166180
166182
166181
166180
166177
166178
166183
166185
166184
166182
166184
166187
166187
166186
166185
166187
166191
166194
166191
166190
166191
166193
166192
166188
166186
166187
166190
166189
166186
166184
166186
166188
166186
166182
166179
166179
166179
166179
166177
166176
166179
166182
166184
166183
166182
166186
166189
166190
166189
166190
166192
166194
166194
166190
166188
166190
166192
166192
166190
166189
166190
166190
166193
166195
166194
166194
166197
166198
166196
166194
166193
166192
166191
166191
166190
166191
166194
166195
166193
166189
166191
166193
166191
166188
166189
166193
166197
166198
166197
166198
166201
166201
166198
166194
166194
166194
166193
166193
166194
166195
166198
166202
166206
166206
166206
166207
166209
166205
166201
166197
166197
166196
166194
166189
166186
166185
166188
166191
166191
166190
166193
166198
166201
166202
166203
166205
166208
166206
166199
166194
166191
166188
166185
166183
166182
166186
166194
166197
166198
166200
166203
166204
166204
166201
166197
166197
166196
166191
166186
166183
166185
166185
166184
166182
166181
166186
166190
166190
166188
166187
166189
166192
166194
166195
166193
166191
166190
166188
166186
166186
166188
166189
166188
166188
166187
166189
166190
166189
166188
166188
166191
166193
166194
166196
166198
166202
166205
166204
166201
166198
166196
166197
166197
166194
166193
166194
166195
166194
166195
166198
166202
166204
166203
166200
166202
166207
166209
166209
166205
166203
166204
166206
166204
166200
166197
166197
166200
166200
166197
166197
166202
166206
166202
166196
166192
166192
166195
166194
166192
166192
166195
166198
166197
166197
166197
166199
166200
166196
166194
166195
166198
166202
166201
166198
166196
166196
166196
166193
166190
166187
166189
166193
166195
166198
166198
166199
166200
166198
166196
166194
166195
166197
166196
166194
166197
166199
166200
166198
166193
166189
166189
166189
166189
166188
166188
166189
166191
166191
166191
166192
166194
166197
166196
166195
166194
166196
166197
166199
166199
166198
166201
166203
166202
166201
166199
166198
166198
166197
166195
166196
166199
166201
166199
166197
166196
166197
166197
166195
166193
166195
166199
166203
166204
166203
166202
166202
166203
166203
166198
166193
166192
166194
166194
166193
166195
166198
166200
166201
166199
166200
166201
166204
166206
166206
166207
166211
166213
166211
166207
166204
166203
166203
166201
166198
166197
166199
166201
166202
166200
166198
166198
166200
166198
166196
166194
166194
166195
166193
166191
166190
166192
166196
166196
166194
166192
166193
166196
166197
166196
166196
166197
166196
166194
166194
166194
166197
166199
166198
166197
166199
166200
166200
166200
166198
166198
166201
166202
166201
166199
166199
166201
166202
166199
166196
166194
166194
166192
166189
166186
166186
166188
166190
166191
166190
166191
166193
166196
166196
166197
166198
166202
166205
166204
166203
166202
166203
166203
166200
166197
166198
166197
166196
166194
166190
166189
166191
166194
166191
166186
166184
166185
166186
166185
166183
166183
166188
166191
166190
166188
166190
166195
166199
166199
166199
166197
166197
166195
166193
166190
166190
166191
166191
166191
166188
166189
166193
166193
166188
166182
166180
166182
166186
166189
166190
166191
166189
166187
166183
166180
166180
166182
166183
166183
166184
166186
166191
166193
166192
166188
166184
166183
166185
166185
166184
166186
166189
166193
166193
166191
166192
166194
166194
166190
166187
166187
166188
166191
166192
166191
166190
166190
166190
166187
166184
166183
166183
166185
166187
166188
166189
166191
166193
166193
166191
166189
166190
166192
166192
166193
166194
166197
166200
166199
166195
166190
166189
166189
166189
166190
166193
166200
166202
166198
166195
166193
166193
166194
166194
166193
166194
166197
166198
166197
166195
166195
166195
166195
166194
166191
166189
166190
166191
166191
166190
166191
166192
166193
166195
166193
166191
166189
166188
166185
166184
166186
166189
166190
166187
166184
166185
166186
166187
166187
166185
166184
166186
166189
166191
166191
166191
166191
166193
166192
166190
166191
166193
166195
166196
166195
166193
166193
166193
166195
166194
166193
166194
166192
166192
166192
166192
166194
166197
166197
166196
166197
166199
166202
166201
166199
166200
166202
166203
166201
166198
166195
166196
166197
166197
166195
166197
166199
166198
166196
166193
166193
166197
166199
166198
166199
166200
166203
166203
166200
166196
166196
166198
166201
166202
166200
166201
166202
166201
166200
166199
166199
166199
166202
166204
166203
166202
166199
166198
166196
166193
166193
166194
166197
166197
166196
166196
166201
166204
166204
166202
166200
166201
166203
166203
166201
166202
166204
166205
166207
166206
166205
166206
166208
166205
166204
166206
166207
166207
166205
166201
166200
166203
166204
166204
166203
166205
166207
166209
166208
166204
166203
166205
166207
166207
166205
166206
166207
166206
166204
166200
166200
166204
166206
166205
166203
166203
166206
166209
166209
166210
166210
166211
166211
166211
166212
166215
166218
166218
166215
166212
166212
166213
166213
166210
166207
166209
166215
166216
166214
166209
166206
166205
166205
166204
166206
166209
166210
166207
166206
166206
166205
166206
166206
166205
166205
166208
166209
166209
166209
166210
166212
166215
166214
166211
166207
166205
166207
166208
166206
166204
166205
166209
166211
166210
166208
166207
166208
166211
166213
166213
166214
166216
166216
166215
166215
166215
166214
166214
166212
166209
166208
166211
166212
166212
166213
166216
166216
166216
166216
166215
166213
166214
166216
166213
166211
166212
166214
166215
166212
166211
166212
166212
166212
166212
166214
166216
166215
166215
166214
166211
166208
166212
166215
166213
166212
166213
166215
166216
166215
166212
166210
166213
166213
166212
166211
166210
166212
166213
166211
166210
166210
166214
166214
166213
166212
166212
166216
166221
166218
166214
166214
166216
166216
166215
166214
166214
166216
166217
166215
166213
166213
166214
166214
166214
166212
166212
166214
166215
166214
166211
166210
166211
166210
166208
166207
166205
166204
166204
166202
166200
166203
166207
166209
166207
166207
166207
166208
166206
166202
166203
166203
166203
166205
166204
166205
166208
166209
166209
166206
166204
166204
166204
166205
166204
166206
166208
166210
166211
166211
166209
166208
166209
166208
166206
166205
166206
166208
166207
166204
166202
166204
166204
166205
166203
166202
166203
166207
166208
166207
166202
166199
166200
166199
166196
166196
166200
166204
166205
166203
166203
166206
166206
166203
166198
166195
166195
166198
166198
166195
166193
166195
166197
166200
166200
166200
166200
166200
166198
166196
166195
166196
166198
166200
166201
166199
166200
166200
166200
166197
166192
166191
166193
166194
166192
166192
166195
166200
166200
166195
166195
166196
166197
166197
166195
166193
166195
166198
166200
166200
166199
166200
166201
166200
166199
166196
166196
166198
166200
166200
166200
166202
166204
166204
166203
166203
166204
166207
166209
166206
166203
166203
166202
166204
166202
166201
166202
166204
166204
166204
166202
166202
166204
166205
166202
166198
166196
166196
166199
166202
166201
166200
166199
166199
166197
166196
166197
166199
166198
166196
166196
166198
166201
166201
166202
166201
166201
166203
166205
166201
166198
166198
166198
166199
166198
166196
166197
166203
166206
166204
166200
166198
166198
166197
166195
166192
166195
166201
166203
166201
166199
166200
166204
166201
166196
166193
166194
166197
166198
166198
166198
166199
166199
166197
166193
166189
166191
166195
166196
166194
166193
166193
166194
166194
166194
166193
166196
166200
166200
166198
166196
166196
166197
166196
166194
166192
166194
166196
166197
166195
166193
166193
166195
166197
166197
166196
166197
166197
166196
166194
166190
166188
166188
166186
166186
166188
166191
166194
166195
166193
166191
166193
166193
166190
166187
166187
166189
166191
166192
166191
166189
166190
166189
166188
166185
166183
166184
166185
166186
166186
166185
166186
166190
166190
166188
166187
166187
166188
166186
166184
166184
166184
166186
166187
166185
166185
166186
166188
166189
166187
166184
166184
166185
166186
166182
166178
166179
166182
166184
166184
166186
166188
166190
166190
166188
166187
166189
166190
166188
166187
166186
166187
166187
166187
166185
166182
166182
166185
166187
166187
166187
166189
166190
166189
166191
166192
166194
166196
166196
166195
166194
166194
166194
166192
166192
166193
166194
166194
166196
166192
166190
166191
166192
166189
166186
166187
166191
166195
166195
166194
166190
166189
166190
166189
166188
166187
166187
166188
166189
166186
166186
166187
166191
166191
166188
166186
166187
166188
166188
166189
166187
166188
166191
166189
166186
166183
166185
166187
166189
166190
166192
166195
166196
166193
166188
166186
166190
166193
166194
166194
166195
166199
166202
166201
166196
166193
166195
166196
166193
166194
166197
166199
166198
166197
166197
166194
166193
166199
166201
166199
166198
166200
166202
166201
166199
166196
166196
166197
166197
166195
166192
166190
166190
166188
166186
166188
166192
166196
166199
166199
166198
166198
166197
166195
166194
166192
166195
166200
166203
166202
166202
166206
166208
166204
166200
166199
166199
166202
166202
166199
166197
166200
166202
166203
166204
166202
166203
166204
166202
166198
166196
166199
166201
166201
166200
166201
166203
166205
166205
166204
166207
166212
166215
166214
166213
166213
166212
166212
166209
166206
166205
166206
166207
166207
166208
166208
166210
166212
166212
166210
166209
166212
166213
166213
166213
166211
166211
166213
166212
166210
166209
166209
166210
166210
166210
166210
166211
166212
166211
166208
166205
166206
166210
166211
166209
166209
166209
166209
166209
166207
166207
166208
166209
166207
166205
166204
166205
166205
166203
166200
166197
166197
166202
166201
166200
166202
166202
166200
166197
166194
166196
166201
166204
166203
166201
166200
166202
166204
166202
166201
166201
166204
166207
166206
166205
166206
166208
166209
166207
166203
166201
166200
166200
166198
166196
166198
166201
166203
166201
166197
166195
166193
166192
166189
166184
166183
166185
166188
166191
166190
166188
166188
166189
166186
166183
166183
166185
166188
166190
166192
166192
166194
166195
166195
166193
166191
166192
166194
166194
166191
166191
166192
166194
166192
166190
166189
166191
166193
166194
166194
166193
166192
166193
166191
166190
166190
166193
166196
166199
166199
166197
166196
166194
166194
166190
166188
166188
166190
166191
166193
166194
166197
166196
166193
166188
166186
166189
166193
166195
166193
166191
166191
166192
166188
166182
166181
166183
166186
166187
166187
166189
166193
166195
166192
166189
166188
166188
166188
166188
166188
166191
166198
166199
166197
166196
166194
166196
166198
166197
166194
166193
166194
166195
166194
166193
166192
166193
166196
166195
166192
166192
166194
166195
166196
166196
166195
166194
166193
166191
166188
166189
166192
166193
166195
166196
166200
166205
166206
166205
166203
166202
166202
166203
166202
166201
166199
166197
166197
166195
166196
166197
166199
166200
166197
166195
166196
166199
166202
166202
166199
166199
166201
166200
166199
166200
166201
166204
166204
166201
166200
166200
166201
166202
166203
166202
166202
166204
166205
166204
166201
166200
166202
166206
166206
166204
166201
166201
166202
166200
166198
166199
166203
166204
166204
166202
166202
166205
166205
166203
166202
166201
166202
166204
166203
166203
166202
166204
166205
166204
166203
166202
166203
166205
166206
166205
166207
166209
166209
166208
166209
166210
166212
166213
166212
166210
166208
166209
166211
166210
166207
166206
166207
166210
166211
166208
166206
166205
166205
166202
166202
166204
166206
166209
166206
166205
166205
166207
166206
166204
166199
166198
166200
166202
166201
166200
166201
166204
166206
166207
166206
166205
166207
166210
166210
166208
166208
166211
166213
166214
166214
166212
166209
166209
166206
166204
166205
166208
166211
166211
166209
166209
166210
166211
166209
166206
166208
166210
166211
166211
166210
166208
166208
166208
166207
166206
166206
166209
166209
166207
166204
166203
166206
166208
166204
166199
166198
166200
166204
166205
166203
166202
166203
166203
166203
166200
166200
166203
166208
166206
166203
166203
166202
166203
166202
166202
166203
166207
166212
166211
166209
166209
166210
166209
166206
166205
166208
166213
166215
166214
166214
166214
166212
166209
166205
166202
166202
166205
166210
166210
166211
166213
166213
166214
166212
166210
166212
166214
166214
166211
166210
166212
166215
166217
166217
166215
166216
166219
166221
166222
166220
166219
166219
166220
166218
166216
166215
166216
166215
166213
166212
166213
166214
166217
166218
166217
166220
166224
166224
166221
166218
166217
166216
166216
166214
166215
166218
166222
166225
166224
166220
166220
166219
166217
166216
166216
166220
166226
166226
166226
166224
166225
166225
166227
166226
166222
166221
166221
166222
166221
166217
166217
166221
166221
166220
166220
166222
166225
166227
166226
166225
166225
166227
166228
166228
166228
166231
166232
166232
166230
166227
166225
166225
166226
166226
166224
166226
166228
166228
166228
166227
166232
166237
166237
166235
166230
166227
166229
166228
166225
166225
166226
166229
166234
166233
166231
166228
166230
166231
166228
166225
166227
166233
166236
166238
166238
166239
166239
166237
166237
166236
166237
166241
166243
166242
166239
166238
166238
166238
166237
166236
166239
166242
166243
166244
166243
166242
166243
166243
166242
166240
166242
166242
166241
166237
166234
166234
166235
166235
166236
166234
166235
166237
166240
166243
166246
166248
166251
166250
166246
166243
166241
166241
166241
166239
166239
166241
166243
166242
166240
166240
166239
166240
166240
166240
166241
166241
166241
166238
166233
166230
166228
166228
166231
166234
166236
166241
166244
166246
166245
166242
166242
166243
166246
166248
166247
166247
166250
166249
166245
166241
166242
166243
166244
166242
166239
166239
166240
166242
166242
166241
166241
166243
166245
166242
166241
166242
166244
166248
166249
166250
166251
166253
166255
166254
166251
166249
166250
166251
166250
166249
166250
166252
166253
166252
166247
166246
166248
166251
166252
166252
166254
166257
166260
166260
166259
166259
166258
166254
166254
166255
166257
166259
166259
166256
166252
166252
166252
166252
166250
166244
166244
166247
166248
166247
166244
166244
166247
166247
166246
166243
166244
166243
166242
166242
166241
166240
166240
166241
166242
166241
166243
166245
166248
166248
166247
166250
166253
166254
166251
166247
166245
166246
166248
166247
166245
166247
166250
166252
166249
166244
166245
166247
166248
166244
166241
166241
166241
166242
166243
166242
166243
166245
166247
166245
166240
166240
166243
166243
166241
166239
166241
166248
166253
166254
166254
166254
166256
166256
166255
166253
166254
166252
166252
166249
166247
166248
166250
166249
166247
166245
166246
166248
166246
166244
166241
166240
166242
166243
166242
166239
166239
166240
166239
166240
166241
166243
166244
166245
166241
166236
166236
166240
166242
166242
166241
166243
166246
166245
166242
166242
166244
166245
166243
166239
166237
166235
166237
166238
166238
166235
166237
166240
166239
166237
166235
166235
166237
166239
166239
166238
166240
166239
166238
166234
166231
166233
166238
166241
166239
166238
166238
166236
166235
166231
166228
166230
166234
166236
166234
166231
166234
166237
166239
166237
166235
166236
166238
166239
166237
166236
166236
166235
166237
166239
166237
166236
166238
166238
166236
166236
166239
166242
166242
166240
166236
166234
166234
166234
166232
166232
166235
166239
166241
166240
166239
166242
166244
166244
166242
166240
166239
166241
166240
166236
166237
166241
166243
166241
166237
166235
166235
166235
166235
166234
166234
166236
166236
166236
166236
166235
166238
166238
166236
166236
166235
166238
166242
166242
166241
166237
166236
166237
166236
166233
166230
166233
166238
166240
166238
166237
166239
166240
166241
166242
166244
166245
166246
166245
166245
166244
166244
166247
166249
166250
166250
166250
166251
166252
166251
166245
166242
166243
166242
166242
166244
166248
166253
166257
166256
166252
166250
166248
166245
166244
166247
166252
166256
166256
166254
166253
166255
166256
166255
166252
166251
166251
166254
166256
166257
166257
166260
166262
166259
166254
166255
166257
166258
166259
166259
166258
166258
166258
166256
166254
166254
166255
166254
166253
166254
166255
166255
166255
166255
166253
166250
166250
166250
166249
166247
166245
166249
166251
166253
166253
166252
166254
166255
166254
166251
166250
166252
166255
166254
166254
166251
166249
166248
166247
166247
166246
166249
166255
166257
166256
166255
166255
166257
166256
166254
166253
166254
166253
166253
166251
166248
166249
166252
166252
166251
166248
166247
166247
166245
166244
166244
166244
166247
166247
166245
166249
166253
166254
166253
166250
166247
166248
166250
166252
166254
166254
166256
166259
166258
166255
166254
166257
166259
166259
166257
166256
166257
166260
166259
166258
166260
166259
166259
166256
166252
166252
166255
166257
166258
166258
166260
166261
166264
166265
166263
166263
166265
166267
166265
166261
166260
166260
166260
166259
166256
166253
166255
166256
166253
166252
166254
166255
166256
166256
166258
166258
166258
166259
166259
166259
166261
166263
166263
166262
166261
166261
166261
166263
166262
166260
166260
166263
166266
166264
166264
166262
166262
166265
166264
166260
166259
166259
166262
166262
166261
166260
166262
166264
166264
166262
166260
166260
166261
166260
166258
166259
166266
166269
166265
166260
166258
166258
166259
166260
166259
166259
166260
166264
166262
166260
166259
166259
166260
166260
166260
166261
166265
166267
166265
166263
166260
166261
166264
166265
166264
166265
166265
166265
166263
166260
166258
166257
166257
166255
166255
166258
166261
166262
166265
166267
166266
166268
166268
166265
166265
166262
166260
166259
166258
166254
166252
166252
166252
166251
166249
166248
166248
166245
166241
166237
166236
166240
166243
166242
166239
166238
166238
166240
166238
166236
166233
166234
166235
166237
166236
166237
166237
166240
166240
166238
166238
166241
166242
166240
166239
166239
166243
166247
166247
166245
166244
166244
166243
166241
166239
166240
166242
166244
166244
166243
166243
166245
166247
166246
166243
166242
166242
166241
166239
166235
166232
166234
166236
166237
166236
166236
166239
166241
166239
166236
166235
166237
166240
166239
166238
166241
166244
166245
166242
166238
166236
166236
166237
166239
166238
166237
166239
166241
166241
166242
166241
166243
166245
166244
166241
166238
166239
166241
166241
166240
166239
166241
166245
166246
166246
166251
166256
166260
166262
166261
166260
166260
166262
166263
166260
166259
166261
166262
166260
166258
166258
166261
166265
166266
166265
166265
166266
166265
166263
166261
166260
166260
166262
166263
166263
166264
166264
166265
166265
166263
166261
166261
166261
166259
166256
166254
166256
166257
166255
166254
166252
166252
166254
166255
166256
166257
166261
166264
166261
166255
166255
166257
166257
166256
166256
166258
166260
166260
166260
166258
166255
166256
166258
166256
166254
166255
166258
166261
166262
166261
166259
166259
166258
166255
166253
166254
166257
166259
166258
166259
166260
166263
166264
166262
166260
166257
166258
166260
166259
166259
166262
166263
166266
166263
166257
166252
166251
166253
166251
166250
166249
166251
166253
166250
166247
166246
166245
166245
166246
166245
166247
166248
166248
166248
166248
166246
166247
166251
166252
166251
166252
166255
166256
166256
166254
166252
166254
166257
166257
166256
166255
166256
166258
166255
166254
166257
166258
166258
166255
166248
166244
166245
166245
166242
166241
166242
166245
166249
166250
166251
166253
166255
166256
166254
166251
166251
166253
166254
166253
166252
166253
166258
166259
166255
166254
166256
166260
166261
166258
166255
166255
166257
166259
166259
166258
166259
166264
166266
166265
166261
166260
166260
166260
166259
166258
166258
166260
166260
166258
166257
166257
166259
166261
166260
166259
166260
166261
166262
166259
166257
166259
166259
166261
166262
166262
166266
166266
166267
166269
166269
166267
166268
166270
166268
166265
166266
166269
166269
166270
166267
166266
166267
166266
166266
166264
166266
166269
166271
166270
166267
166266
166266
166263
166262
166260
166261
166263
166262
166261
166258
166260
166262
166264
166263
166264
166268
166269
166268
166269
166270
166267
166265
166265
166264
166262
166261
166263
166268
166269
166268
166271
166276
166276
166273
166271
166270
166271
166271
166269
166267
166267
166270
166271
166268
166266
166268
166269
166271
166268
166266
166268
166272
166275
166275
166275
166276
166277
166274
166269
166268
166269
166271
166273
166273
166274
166276
166277
166276
166276
166277
166278
166280
166283
166283
166278
166276
166278
166279
166275
166269
166268
166270
166273
166273
166274
166274
166273
166272
166271
166269
166270
166273
166275
166277
166280
166283
166287
166288
166284
166280
166281
166281
166280
166278
166280
166284
166285
166286
166287
166286
166286
166285
166285
166282
166280
166281
166282
166283
166282
166278
166278
166282
166284
166283
166283
166285
166288
166288
166287
166288
166288
166289
166289
166286
166285
166286
166288
166291
166290
166287
166284
166283
166284
166284
166282
166284
166287
166289
166289
166288
166286
166287
166286
166283
166279
166280
166283
166287
166289
166291
166295
166299
166297
166292
166288
166286
166287
166287
166288
166291
166293
166293
166293
166290
166288
166290
166292
166293
166292
166291
166293
166296
166296
166293
166292
166294
166296
166297
166295
166294
166295
166297
166298
166295
166293
166295
166297
166297
166293
166290
166289
166288
166288
166289
166291
166292
166291
166293
166292
166289
166287
166288
166288
166289
166288
166290
166295
166300
166301
166301
166301
166301
166298
166296
166292
166291
166292
166293
166292
166291
166292
166293
166293
166291
166289
166288
166290
166291
166289
166289
166290
166292
166294
166295
166295
166296
166297
166299
166297
166297
166299
166302
166303
166299
166297
166299
166301
166304
166302
166297
166297
166298
166299
166298
166295
166295
166296
166298
166296
166294
166292
166292
166293
166293
166291
166292
166296
166300
166299
166297
166298
166300
166299
166299
166296
166295
166295
166296
166296
166295
166296
166298
166299
166296
166294
166293
166292
166293
166292
166290
166291
166295
166296
166294
166293
166296
166297
166298
166296
166294
166296
166298
166296
166293
166291
166295
166299
166301
166299
166296
166296
166295
166293
166292
166294
166297
166300
166300
166298
166295
166294
166291
166287
166285
166284
166287
166289
166290
166291
166291
166291
166292
166291
166288
166287
166286
166287
166287
166287
166287
166289
166290
166290
166290
166290
166291
166293
166295
166295
166295
166294
166297
166300
166298
166295
166294
166296
166295
166291
166289
166291
166290
166288
166287
166284
166283
166283
166282
166279
166279
166280
166282
166285
166286
166286
166287
166290
166291
166291
166290
166291
166292
166292
166290
166287
166288
166291
166291
166290
166289
166288
166287
166286
166285
166284
166284
166285
166286
166286
166286
166288
166289
166289
166287
166286
166288
166292
166294
166293
166291
166293
166295
166297
166296
166293
166292
166292
166290
166288
166288
166289
166292
166293
166291
166289
166291
166293
166293
166292
166289
166289
166291
166292
166289
166287
166288
166289
166292
166294
166294
166295
166294
166292
166293
166294
166294
166295
166294
166293
166293
166297
166299
166300
166299
166297
166301
166306
166304
166300
166299
166301
166304
166304
166304
166304
166304
166304
166301
166299
166297
166298
166298
166296
166296
166297
166302
166306
166306
166303
166302
166303
166304
166302
166299
166299
166302
166306
166305
166303
166301
166300
166298
166299
166299
166300
166301
166303
166305
166302
166299
166300
166302
166301
166304
166306
166309
166310
166310
166309
166309
166312
166314
166314
166313
166311
166312
166315
166317
166316
166316
166318
166316
166315
166313
166309
166306
166306
166306
166306
166307
166309
166310
166308
166305
166301
166301
166305
166306
166304
166301
166302
166304
166306
166306
166304
166307
166309
166309
166307
166306
166308
166309
166308
166307
166306
166307
166308
166308
166305
166305
166307
166310
166309
166310
166308
166309
166311
166312
166311
166311
166314
166318
166319
166318
166315
166314
166316
166317
166318
166317
166318
166320
166321
166319
166318
166319
166322
166321
166319
166318
166320
166322
166323
166322
166323
166326
166326
166325
166323
166322
166319
166319
166319
166317
166318
166321
166323
166321
166318
166318
166322
166323
166321
166319
166317
166317
166319
166319
166319
166320
166324
166325
166325
166323
166321
166321
166320
166318
166317
166317
166320
166323
166321
166320
166321
166323
166326
166324
166322
166322
166326
166328
166329
166326
166322
166322
166321
166318
166316
166315
166319
166322
166323
166321
166319
166321
166324
166323
166322
166322
166322
166322
166322
166321
166321
166323
166326
166324
166321
166320
166321
166322
166321
166321
166323
166326
166328
166327
166323
166320
166321
166323
166324
166324
166322
166324
166329
166331
166329
166327
166327
166331
166335
166332
166329
166327
166327
166330
166331
166328
166324
166319
166317
166321
166321
166322
166325
166324
166322
166323
166324
166329
166329
166325
166322
166323
166326
166325
166324
166324
166329
166331
166329
166326
166324
166326
166329
166330
166328
166327
166328
166329
166329
166330
166330
166331
166332
166332
166331
166332
166332
166330
166327
166324
166323
166324
166328
166329
166327
166328
166330
166332
166330
166328
166329
166333
166334
166332
166329
166328
166330
166330
166329
166329
166327
166328
166332
166333
166332
166332
166335
166337
166335
166332
166330
166330
166332
166332
166332
166332
166331
166334
166333
166331
166331
166332
166333
166331
166327
166326
166327
166329
166329
166329
166328
166330
166332
166333
166331
166330
166332
166333
166336
166335
166332
166332
166334
166334
166333
166332
166332
166332
166332
166329
166327
166325
166323
166324
166325
166325
166327
166330
166333
166332
166331
166331
166331
166328
166328
166328
166330
166335
166338
166337
166337
166338
166338
166335
166331
166330
166331
166332
166332
166331
166331
166334
166336
166334
166329
166329
166328
166327
166328
166329
166330
166331
166331
166330
166328
166327
166326
166327
166330
166330
166329
166331
166333
166332
166329
166329
166331
166333
166332
166327
166326
166328
166330
166331
166328
166327
166329
166331
166330
166331
166333
166333
166332
166332
166330
166329
166330
166331
166329
166327
166326
166327
166331
166330
166330
166332
166334
166336
166335
166333
166334
166335
166334
166331
166330
166327
166329
166330
166331
166331
166332
166335
166338
166337
166332
166332
166333
166333
166330
166327
166326
166329
166332
166332
166331
166332
166335
166337
166334
166333
166333
166335
166337
166336
166337
166338
166340
166342
166340
166336
166333
166334
166334
166330
166325
166324
166326
166329
166328
166326
166327
166331
166332
166330
166328
166327
166329
166331
166330
166330
166332
166334
166336
166336
166333
166332
166332
166332
166330
166325
166324
166327
166328
166325
166325
166327
166330
166331
166331
166329
166328
166330
166328
166325
166323
166321
166323
166326
166326
166328
166331
166333
166332
166331
166333
166332
166330
166331
166329
166327
166328
166330
166331
166331
166330
166331
166333
166334
166333
166331
166331
166333
166333
166324
166316
166313
166312
166312
166310
166309
166308
166310
166311
166307
166302
166302
166305
166308
166308
166305
166303
166305
166309
166311
166312
166313
166315
166318
166315
166311
166310
166314
166317
166315
166312
166313
166317
166319
166318
166317
166319
166322
166323
166321
166320
166321
166323
166326
166325
166324
166324
166326
166327
166323
166322
166322
166321
166322
166321
166320
166320
166321
166320
166318
166319
166323
166325
166325
166319
166315
166316
166320
166321
166317
166316
166316
166317
166317
166316
166320
166325
166329
166330
166327
166323
166320
166321
166323
166321
166319
166321
166325
166330
166330
166328
166327
166326
166326
166327
166324
166322
166324
166325
166326
166324
166325
166326
166326
166327
166323
166323
166327
166328
166326
166325
166324
166326
166329
166329
166329
166328
166328
166329
166329
166327
166326
166329
166331
166328
166324
166325
166329
166330
166331
166329
166328
166329
166331
166333
166326
166325
166331
166335
166332
166334
166334
166335
166337
166335
166333
166334
166336
166338
166338
166336
166336
166336
166336
166333
166329
166331
166334
166337
166339
166339
166339
166340
166337
166333
166331
166332
166337
166340
166340
166338
166338
166338
166337
166335
166333
166334
166336
166336
166336
166336
166336
166338
166340
166342
166341
166339
166342
166343
166340
166337
166338
166339
166340
166342
166343
166344
166346
166348
166347
166342
166340
166341
166341
166339
166338
166336
166339
166342
166340
166338
166342
166345
166344
166342
166341
166344
166345
166344
166343
166341
166341
166342
166343
166342
166338
166336
166338
166340
166338
166338
166342
166344
166342
166339
166336
166335
166335
166336
166337
166335
166335
166334
166336
166336
166334
166335
166342
166344
166342
166341
166342
166345
166345
166342
166337
166340
166342
166343
166342
166340
166341
166344
166344
166340
166339
166342
166345
166348
166347
166347
166347
166348
166347
166344
166344
166343
166345
166348
166348
166348
166346
166350
166355
166351
166347
166350
166352
166351
166349
166349
166352
166354
166356
166355
166355
166358
166355
166345
166343
166342
166343
166343
166338
166337
166339
166339
166339
166337
166337
166335
166338
166345
166348
166346
166345
166345
166348
166348
166344
166342
166344
166346
166346
166343
166343
166346
166348
166347
166346
166344
166342
166341
166341
166338
166337
166339
166342
166345
166345
166346
166346
166347
166349
166348
166346
166345
166342
166342
166341
166340
166345
166350
166352
166350
166349
166351
166350
166347
166344
166344
166348
166350
166352
166351
166348
166349
166350
166350
166354
166352
166351
166356
166359
166357
166356
166356
166356
166354
166354
166350
166347
166352
166352
166346
166345
166349
166357
166355
166350
166349
166351
166349
166349
166350
166348
166346
166346
166347
166347
166347
166348
166351
166351
166348
166348
166350
166351
166352
166348
166347
166352
166353
166351
166348
166349
166353
166354
166354
166353
166349
166349
166354
166355
166351
166350
166347
166355
166360
166360
166359
166358
166358
166354
166351
166351
166352
166354
166356
166355
166355
166356
166358
166361
166363
166361
166360
166358
166358
166356
166353
166355
166357
166356
166351
166349
166354
166356
166359
166357
166351
166355
166360
166359
166355
166354
166355
166352
166353
166354
166354
166357
166356
166360
166357
166353
166354
166357
166353
166350
166354
166355
166357
166358
166359
166357
166356
166361
166363
166359
166357
166360
166363
166362
166360
166358
166361
166365
166364
166360
166356
166356
166362
166363
166360
166358
166359
166363
166363
166361
166358
166359
166361
166362
166362
166360
166362
166364
166364
166365
166364
166362
166361
166363
166366
166362
166360
166358
166357
166358
166359
166360
166362
166363
166359
166358
166358
166357
166355
166352
166357
166361
166362
166365
166365
166364
166363
166364
166365
166362
166358
166360
166361
166361
166360
166357
166360
166363
166364
166363
166364
166364
166364
166364
166361
166360
166362
166366
166368
166364
166363
166365
166363
166363
166361
166360
166364
166368
166366
166361
166364
166367
166370
166370
166368
166366
166364
166365
166367
166364
166361
166362
166362
166361
166362
166362
166363
166370
166375
166372
166370
166371
166370
166367
166362
166361
166360
166359
166358
166354
166356
166361
166366
166367
166368
166368
166370
166371
166368
166367
166370
166372
166375
166376
166373
166371
166372
166374
166373
166367
166365
166367
166372
166368
166365
166366
166374
166375
166371
166371
166369
166371
166374
166375
166372
166370
166372
166374
166370
166370
166373
166374
166378
166379
166374
166368
166372
166376
166373
166372
166371
166371
166370
166369
166365
166364
166366
166370
166370
166368
166367
166371
166373
166372
166368
166365
166372
166375
166373
166371
166368
166375
166378
166378
166377
166377
166381
166382
166382
166378
166371
166369
166369
166370
166371
166370
166373
166376
166375
166374
166372
166376
166381
166380
166379
166378
166379
166383
166386
166383
166380
166383
166387
166385
166384
166381
166381
166381
166379
166380
166379
166376
166375
166373
166373
166373
166374
166377
166376
166375
166375
166378
166379
166380
166384
166384
166384
166385
166381
166378
166377
166378
166375
166371
166369
166372
166380
166383
166386
166383
166382
166386
166387
166388
166387
166385
166383
166382
166377
166372
166370
166371
166369
166366
166363
166365
166369
166374
166376
166376
166378
166380
166385
166388
166385
166384
166386
166390
166389
166385
166382
166382
166383
166384
166385
166386
166385
166391
166392
166386
166383
166382
166379
166377
166374
166373
166373
166372
166374
166374
166372
166373
166373
166371
166369
166369
166373
166378
166378
166376
166372
166372
166374
166375
166370
166369
166373
166375
166374
166374
166376
166380
166382
166385
166387
166388
166391
166391
166391
166389
166386
166383
166378
166371
166365
166359
166359
166357
166356
166356
166358
166359
166359
166361
166361
166359
166360
166362
166366
166367
166366
166368
166372
166374
166373
166369
166372
166376
166374
166373
166374
166374
166376
166375
166372
166369
166367
166363
166365
166367
166365
166365
166365
166364
166363
166362
166364
166368
166370
166368
166369
166377
166383
166383
166384
166384
166384
166385
166384
166384
166382
166382
166383
166383
166383
166382
166382
166382
166381
166384
166382
166382
166383
166383
166379
166372
166371
166368
166362
166354
166346
166351
166357
166359
166360
166363
166367
166371
166371
166374
166380
166382
166384
166385
166384
166387
166388
166388
166387
166388
166385
166389
166395
166396
166397
166396
166395
166393
166391
166390
166395
166399
166402
166401
166402
166405
166406
166405
166399
166392
166390
166387
166385
166388
166390
166394
166400
166400
166399
166399
166396
166393
166391
166389
166389
166388
166392
166396
166398
166397
166397
166399
166403
166407
166408
166409
166414
166417
166416
166416
166415
166416
166414
166408
166404
166398
166397
166395
166388
166385
166389
166393
166398
166396
166395
166400
166405
166405
166403
166399
166396
166396
166395
166394
166396
166399
166404
166410
166413
166413
166414
166416
166417
166418
166417
166413
166414
166415
166410
166403
166398
166397
166399
166398
166394
166396
166397
166399
166404
166405
166406
166409
166409
166408
166407
166409
166409
166408
166407
166402
166399
166401
166402
166400
166400
166404
166413
166418
166418
166417
166419
166423
166424
166424
166421
166417
166415
166418
166416
166412
166408
166406
166406
166404
166399
166399
166404
166405
166405
166410
166410
166410
166411
166412
166412
166411
166411
166415
166417
166418
166419
166421
166424
166424
166419
166415
166417
166421
166417
166413
166411
166411
166410
166407
166406
166405
166407
166407
166404
166399
166398
166399
166401
166401
166397
166399
166403
166406
166406
166405
166406
166408
166411
166411
166411
166410
166411
166414
166415
166414
166416
166416
166419
166422
166418
166415
166414
166415
166411
166407
166408
166408
166408
166409
166410
166409
166407
166408
166412
166409
166407
166409
166411
166409
166404
166401
166401
166403
166403
166400
166398
166398
166402
166404
166403
166405
166410
166413
166412
166410
166410
166416
166417
166414
166410
166408
166409
166408
166406
166401
166400
166400
166399
166400
166400
166401
166402
166403
166401
166398
166400
166403
166404
166404
166400
166398
166401
166401
166399
166399
166399
166402
166403
166402
166403
166406
166407
166408
166409
166407
166403
166399
166405
166408
166408
166413
166417
166417
166414
166408
166406
166406
166405
166403
166400
166402
166408
166410
166405
166401
166400
166402
166403
166402
166401
166402
166407
166409
166407
166404
166404
166406
166408
166407
166407
166408
166411
166414
166415
166412
166412
166413
166410
166408
166408
166407
166407
166406
166405
166404
166404
166408
166410
166407
166403
166403
166403
166404
166403
166401
166401
166403
166404
166405
166405
166407
166408
166408
166406
166404
166407
166410
166410
166407
166407
166411
166412
166412
166410
166407
166407
166409
166410
166405
166399
166398
166399
166398
166396
166393
166395
166399
166400
166398
166397
166398
166406
166413
166413
166410
166407
166409
166409
166407
166405
166405
166406
166407
166406
166405
166405
166408
166409
166407
166405
166406
166408
166410
166408
166407
166409
166412
166411
166409
166408
166404
166405
166406
166403
166399
166398
166400
166400
166398
166397
166399
166399
166399
166397
166395
166397
166400
166401
166399
166397
166398
166403
166407
166406
166403
166402
166403
166405
166403
166401
166402
166402
166404
166403
166401
166401
166405
166408
166406
166404
166405
166409
166412
166410
166408
166407
166408
166408
166405
166402
166400
166402
166403
166401
166397
166397
166399
166400
166398
166397
166398
166402
166405
166405
166403
166403
166407
166408
166404
166401
166403
166405
166405
166403
166402
166402
166401
166405
166407
166405
166407
166409
166409
166408
166404
166401
166404
166403
166396
166391
166391
166391
166390
166387
166385
166383
166383
166382
166379
166376
166377
166381
166384
166382
166380
166381
166383
166386
166386
166384
166385
166386
166389
166390
166390
166389
166389
166390
166388
166384
166386
166387
166390
166392
166390
166390
166389
166386
166381
166377
166377
166376
166376
166375
166371
166367
166367
166368
166363
166361
166366
166367
166371
166372
166372
166374
166377
166379
166379
166379
166382
166385
166386
166384
166381
166382
166390
166393
166389
166385
166388
166390
166388
166386
166384
166381
166380
166381
166378
166371
166368
166367
166365
166358
166352
166353
166352
166353
166354
166352
166354
166359
166361
166362
166362
166368
166374
166376
166375
166374
166377
166382
166384
166385
166383
166384
166386
166386
166384
166381
166382
166385
166383
166379
166378
166377
166377
166375
166371
166371
166377
166378
166377
166374
166372
166369
166368
166370
166369
166365
166366
166371
166376
166377
166377
166381
166384
166385
166381
166379
166379
166380
166378
166380
166381
166381
166381
166382
166382
166380
166377
166379
166384
166386
166385
166383
166384
166385
166384
166380
166381
166381
166386
166387
166385
166384
166384
166383
166383
166382
166384
166386
166387
166387
166386
166386
166387
166387
166383
166380
166384
166385
166384
166384
166384
166387
166391
166395
166391
166391
166396
166396
166392
166388
166383
166383
166389
166392
166391
166388
166386
166384
166380
166379
166381
166385
166387
166387
166387
166388
166390
166393
166395
166397
166394
166395
166397
166397
166395
166395
166394
166397
166399
166396
166394
166395
166395
166396
166397
166396
166396
166399
166399
166398
