194357
194356
194354
194352
194352
194352
194349
194345
194343
194343
194344
194342
194339
194336
194336
194337
194334
194331
194328
194326
194326
194325
194323
194322
194324
194326
194327
194327
194329
194332
194335
194336
194336
194339
194342
194344
194343
194341
194339
194340
194340
194338
194335
194334
194335
194337
194336
194333
194332
194334
194337
194338
194338
194338
194339
194340
194338
194336
194336
194336
194336
194333
194329
194328
194328
194328
194325
194323
194323
194323
194325
194325
194324
194323
194324
194325
194324
194320
194317
194316
194315
194313
194310
194308
194310
194312
194312
194311
194312
194314
194314
194314
194313
194314
194317
194321
194322
194321
194322
194326
194329
194330
194331
194333
194337
194339
194339
194338
194338
194340
194341
194338
194335
194334
194335
194335
194334
194331
194330
194330
194332
194330
194330
194330
194332
194335
194334
194334
194335
194336
194336
194334
194333
194333
194335
194336
194335
194333
194331
194331
194331
194329
194327
194327
194328
194327
194324
194319
194318
194319
194321
194321
194318
194317
194319
194322
194321
194319
194319
194321
194323
194323
194321
194321
194323
194326
194326
194324
194324
194326
194328
194325
194321
194320
194322
194324
194323
194322
194322
194324
194326
194327
194327
194327
194328
194329
194329
194327
194326
194327
194328
194326
194322
194322
194324
194325
194324
194321
194319
194320
194322
194320
194318
194318
194322
194323
194323
194324
194328
194330
194332
194333
194334
194335
194336
194335
194331
194328
194327
194329
194331
194330
194328
194327
194328
194328
194326
194323
194322
194325
194326
194324
194323
194324
194326
194329
194329
194328
194329
194329
194329
194328
194327
194328
194330
194332
194331
194330
194333
194337
194340
194340
194340
194340
194343
194345
194345
194344
194346
194350
194353
194354
194354
194354
194355
194358
194356
194355
194354
194356
194358
194357
194352
194352
194353
194354
194353
194352
194351
194353
194356
194357
194354
194357
194360
194363
194362
194360
194360
194359
194358
194356
194354
194354
194354
194353
194350
194348
194348
194350
194350
194347
194345
194345
194348
194351
194350
194349
194349
194349
194348
194346
194346
194348
194350
194351
194353
194354
194355
194356
194357
194357
194355
194355
194356
194354
194349
194343
194340
194337
194334
194330
194325
194323
194323
194322
194319
194315
194315
194315
194315
194313
194311
194310
194311
194312
194310
194308
194307
194308
194309
194309
194309
194312
194315
194318
194319
194319
194320
194324
194327
194327
194328
194330
194333
194336
194335
194332
194333
194336
194337
194336
194335
194338
194343
194347
194347
194347
194349
194351
194350
194348
194345
194345
194346
194345
194343
194342
194342
194345
194348
194347
194346
194348
194351
194354
194355
194357
194359
194363
194366
194368
194368
194371
194375
194377
194377
194376
194377
194378
194379
194378
194375
194377
194380
194384
194386
194385
194384
194384
194385
194383
194381
194381
194382
194383
194381
194379
194380
194382
194383
194382
194379
194378
194377
194376
194372
194368
194365
194364
194364
194362
194359
194360
194362
194364
194363
194360
194360
194362
194362
194360
194358
194357
194358
194358
194354
194350
194347
194345
194343
194339
194336
194336
194335
194336
194334
194332
194331
194333
194335
194335
194336
194338
194342
194343
194342
194341
194341
194344
194346
194345
194343
194342
194344
194345
194346
194345
194347
194351
194355
194357
194357
194359
194363
194365
194364
194361
194359
194360
194359
194355
194353
194353
194353
194351
194349
194344
194342
194341
194340
194337
194335
194334
194334
194334
194332
194328
194326
194326
194324
194320
194318
194319
194320
194319
194319
194317
194319
194320
194321
194320
194319
194318
194319
194320
194319
194319
194322
194326
194327
194325
194324
194324
194327
194328
194326
194325
194327
194330
194333
194335
194337
194340
194344
194347
194348
194349
194351
194351
194351
194351
194349
194349
194350
194351
194350
194348
194347
194349
194351
194350
194348
194349
194352
194354
194353
194352
194353
194355
194355
194354
194353
194354
194356
194357
194356
194353
194354
194356
194358
194357
194357
194357
194356
194355
194352
194349
194348
194348
194346
194343
194341
194341
194342
194343
194341
194338
194337
194337
194338
194338
194339
194343
194346
194349
194350
194348
194347
194348
194346
194342
194337
194335
194332
194330
194326
194323
194324
194327
194328
194327
194325
194328
194330
194332
194333
194332
194333
194334
194334
194331
194327
194327
194327
194327
194325
194324
194325
194328
194330
194330
194331
194334
194338
194341
194342
194342
194345
194347
194348
194347
194345
194344
194345
194343
194341
194339
194339
194341
194342
194342
194341
194344
194347
194350
194350
194349
194351
194354
194356
194356
194355
194355
194354
194353
194351
194349
194348
194349
194350
194348
194346
194347
194350
194352
194352
194352
194353
194355
194355
194352
194351
194351
194351
194351
194348
194345
194344
194346
194345
194342
194339
194337
194337
194338
194336
194333
194334
194336
194337
194337
194336
194339
194342
194342
194341
194340
194341
194343
194342
194340
194339
194341
194343
194342
194341
194341
194342
194344
194343
194342
194340
194341
194343
194344
194345
194346
194348
194352
194354
194353
194352
194352
194352
194351
194349
194348
194349
194351
194354
194353
194352
194352
194354
194354
194351
194348
194347
194349
194349
194346
194344
194343
194343
194341
194338
194335
194334
194334
194333
194329
194327
194327
194328
194326
194323
194322
194323
194324
194323
194321
194319
194320
194323
194324
194324
194324
194325
194326
194326
194325
194323
194324
194326
194327
194326
194327
194329
194331
194331
194330
194328
194327
194327
194327
194325
194324
194326
194328
194330
194331
194331
194334
194336
194337
194337
194336
194337
194340
194341
194339
194337
194339
194342
194341
194340
194339
194341
194344
194344
194342
194341
194341
194343
194342
194340
194339
194342
194345
194346
194347
194348
194351
194355
194357
194356
194355
194357
194360
194361
194360
194359
194361
194363
194364
194362
194360
194360
194361
194362
194359
194356
194357
194359
194360
194361
194361
194362
194364
194363
194361
194358
194357
194359
194358
194357
194358
194363
194367
194368
194367
194367
194369
194373
194374
194375
194374
194375
194378
194377
194373
194371
194372
194374
194376
194376
194374
194376
194379
194378
194375
194373
194375
194377
194377
194374
194372
194372
194372
194371
194369
194367
194366
194367
194365
194362
194358
194357
194357
194354
194350
194348
194347
194346
194344
194341
194339
194340
194340
194338
194335
194333
194332
194332
194332
194329
194326
194325
194326
194325
194322
194321
194322
194322
194319
194316
194314
194314
194315
194315
194313
194310
194308
194307
194304
194299
194296
194295
194296
194295
194293
194292
194293
194295
194297
194298
194300
194304
194309
194312
194313
194314
194318
194321
194323
194324
194324
194326
194328
194329
194330
194331
194333
194337
194339
194341
194342
194345
194350
194352
194351
194353
194357
194360
194361
194359
194359
194360
194361
194360
194357
194357
194358
194360
194361
194359
194357
194356
194357
194358
194358
194358
194360
194360
194358
194355
194355
194356
194358
194359
194359
194360
194361
194363
194363
194360
194356
194353
194353
194351
194347
194346
194347
194349
194348
194345
194343
194343
194344
194344
194344
194344
194344
194345
194344
194342
194341
194344
194347
194345
194344
194344
194345
194347
194344
194341
194339
194340
194341
194342
194339
194337
194338
194337
194336
194332
194331
194332
194333
194332
194328
194327
194329
194329
194328
194327
194327
194330
194333
194333
194333
194334
194338
194341
194340
194338
194336
194337
194339
194339
194338
194338
194341
194343
194345
194346
194345
194346
194347
194344
194340
194336
194334
194334
194333
194331
194330
194332
194334
194332
194327
194323
194322
194322
194320
194318
194317
194318
194318
194315
194311
194308
194306
194305
194302
194300
194299
194300
194301
194302
194302
194303
194306
194309
194310
194308
194307
194307
194307
194304
194300
194297
194296
194294
194290
194285
194283
194284
194286
194286
194285
194285
194287
194290
194291
194289
194290
194293
194296
194296
194295
194295
194296
194298
194297
194295
194295
194296
194299
194300
194301
194303
194307
194311
194312
194311
194313
194316
194318
194317
194314
194313
194316
194317
194318
194317
194318
194322
194326
194327
194329
194334
194340
194344
194346
194345
194344
194345
194347
194347
194345
194343
194343
194343
194340
194336
194334
194334
194336
194336
194335
194337
194341
194345
194348
194350
194352
194353
194355
194354
194352
194351
194353
194355
194356
194356
194356
194359
194361
194362
194361
194360
194362
194365
194365
194364
194364
194366
194368
194366
194363
194360
194359
194360
194358
194355
194354
194355
194355
194353
194350
194349
194350
194353
194353
194354
194356
194360
194364
194364
194363
194363
194364
194364
194362
194361
194361
194362
194363
194362
194360
194359
194360
194362
194362
194361
194362
194363
194363
194362
194359
194358
194359
194359
194356
194353
194350
194351
194351
194351
194349
194347
194348
194351
194352
194351
194352
194353
194354
194353
194350
194349
194349
194350
194348
194344
194343
194345
194347
194346
194344
194341
194341
194341
194340
194338
194337
194339
194342
194342
194340
194339
194341
194343
194341
194339
194337
194337
194337
194337
194335
194333
194333
194334
194332
194328
194327
194329
194331
194331
194331
194332
194335
194336
194335
194333
194332
194333
194333
194330
194326
194324
194324
194325
194325
194324
194325
194327
194328
194328
194327
194326
194327
194328
194327
194326
194326
194328
194329
194328
194326
194325
194325
194327
194327
194327
194328
194330
194333
194333
194334
194337
194342
194347
194350
194353
194357
194362
194367
194368
194369
194372
194376
194379
194380
194379
194379
194379
194380
194377
194372
194368
194366
194362
194354
194346
194339
194333
194328
194321
194315
194311
194309
194307
194303
194298
194294
194292
194289
194284
194278
194275
194274
194273
194269
194266
194265
194266
194266
194264
194262
194261
194262
194263
194261
194260
194259
194260
194261
194259
194255
194254
194255
194256
194253
194248
194247
194247
194248
194247
194249
194250
194252
194253
194253
194251
194252
194254
194255
194255
194255
194256
194258
194258
194257
194257
194259
194261
194265
194267
194268
194269
194272
194273
194272
194269
194266
194265
194264
194263
194260
194257
194258
194260
194260
194260
194262
194266
194271
194275
194278
194283
194289
194293
194295
194296
194300
194306
194311
194313
194313
194317
194321
194324
194324
194325
194328
194333
194336
194335
194332
194332
194333
194333
194332
194329
194329
194331
194331
194329
194327
194328
194331
194333
194332
194332
194333
194334
194335
194333
194331
194330
194332
194334
194332
194331
194332
194333
194335
194336
194334
194334
194336
194338
194338
194337
194336
194338
194338
194336
194335
194335
194337
194339
194340
194339
194341
194345
194347
194346
194343
194342
194342
194342
194339
194336
194335
194335
194335
194331
194327
194325
194326
194327
194326
194325
194325
194327
194329
194331
194332
194335
194339
194342
194343
194341
194340
194338
194337
194333
194330
194327
194327
194327
194323
194318
194314
194314
194314
194311
194308
194307
194306
194305
194302
194297
194295
194295
194294
194291
194288
194285
194283
194280
194275
194269
194265
194263
194261
194257
194254
194253
194253
194254
194252
194246
194243
194241
194238
194234
194228
194224
194221
194217
194211
194205
194201
194199
194196
194192
194188
194186
194187
194189
194190
194190
194195
194202
194210
194216
194222
194232
194243
194251
194256
194260
194266
194273
194279
194283
194285
194290
194295
194300
194303
194305
194310
194314
194318
194318
194319
194324
194328
194332
194333
194334
194336
194339
194342
194342
194344
194347
194350
194352
194351
194351
194353
194355
194358
194358
194357
194358
194359
194360
194360
194360
194365
194370
194374
194377
194379
194381
194383
194384
194384
194383
194384
194385
194387
194385
194384
194384
194386
194387
194385
194382
194383
194386
194388
194387
194387
194390
194395
194397
194396
194393
194393
194394
194393
194390
194387
194386
194388
194386
194383
194380
194379
194380
194380
194380
194379
194380
194382
194382
194383
194381
194379
194379
194377
194371
194366
194362
194360
194358
194354
194352
194350
194348
194345
194339
194333
194329
194325
194321
194315
194309
194308
194307
194307
194306
194304
194305
194307
194309
194307
194304
194303
194303
194300
194296
194292
194290
194288
194287
194284
194282
194282
194281
194281
194278
194275
194274
194273
194273
194271
194269
194267
194267
194264
194260
194256
194253
194251
194248
194244
194238
194234
194231
194227
194222
194218
194216
194214
194212
194208
194204
194203
194203
194203
194200
194197
194196
194196
194196
194194
194192
194192
194193
194195
194194
194194
194198
194202
194205
194205
194207
194211
194216
194220
194220
194220
194220
194220
194220
194219
194218
194221
194225
194227
194228
194229
194233
194238
194243
194246
194249
194252
194257
194259
194257
194255
194256
194259
194260
194259
194259
194260
194263
194264
194264
194263
194265
194269
194269
194268
194268
194270
194273
194275
194275
194274
194276
194280
194282
194282
194283
194287
194291
194294
194295
194297
194300
194303
194305
194304
194304
194305
194306
194306
194305
194304
194307
194309
194310
194310
194309
194310
194312
194312
194310
194307
194307
194308
194307
194304
194302
194302
194304
194307
194307
194306
194308
194311
194311
194308
194307
194309
194312
194314
194313
194313
194314
194318
194320
194320
194320
194322
194325
194326
194325
194323
194323
194325
194325
194324
194323
194323
194325
194325
194323
194323
194325
194327
194327
194325
194322
194322
194323
194323
194320
194318
194318
194318
194317
194314
194313
194313
194314
194314
194312
194311
194312
194313
194311
194306
194303
194303
194305
194305
194303
194302
194302
194304
194303
194299
194295
194294
194293
194293
194292
194292
194294
194296
194297
194296
194295
194297
194301
194302
194300
194298
194299
194300
194301
194301
194302
194304
194308
194309
194308
194308
194311
194315
194316
194314
194312
194311
194310
194307
194302
194297
194295
194292
194289
194284
194279
194277
194275
194274
194270
194267
194268
194270
194273
194276
194278
194283
194290
194295
194298
194300
194305
194311
194314
194314
194313
194314
194317
194318
194317
194315
194317
194320
194321
194321
194319
194320
194322
194322
194321
194322
194325
194328
194328
194325
194324
194326
194326
194324
194321
194318
194317
194318
194319
194318
194316
194316
194317
194316
194313
194310
194311
194310
194309
194306
194304
194304
194305
194303
194301
194299
194301
194303
194303
194301
194299
194300
194301
194299
194295
194293
194293
194293
194293
194292
194290
194290
194291
194290
194289
194288
194288
194288
194286
194284
194281
194282
194284
194283
194279
194275
194274
194274
194272
194269
194266
194268
194269
194267
194264
194261
194262
194265
194265
194264
194262
194264
194266
194267
194267
194266
194267
194268
194266
194264
194263
194263
194264
194265
194265
194265
194268
194269
194270
194269
194270
194271
194272
194270
194268
194267
194269
194271
194272
194272
194273
194274
194277
194278
194277
194276
194279
194281
194282
194278
194276
194277
194279
194278
194276
194275
194276
194278
194280
194280
194282
194285
194288
194288
194288
194287
194289
194292
194292
194290
194288
194290
194291
194291
194290
194290
194291
194293
194292
194290
194288
194290
194291
194290
194288
194288
194289
194291
194290
194287
194286
194288
194291
194293
194294
194295
194298
194302
194304
194304
194304
194306
194308
194307
194305
194302
194302
194301
194298
194296
194294
194297
194301
194303
194304
194305
194308
194311
194312
194310
194308
194307
194308
194305
194303
194301
194301
194301
194300
194300
194300
194302
194306
194307
194307
194308
194311
194315
194317
194317
194318
194322
194326
194327
194327
194327
194329
194332
194333
194330
194329
194331
194333
194334
194333
194332
194334
194336
194336
194334
194332
194332
194332
194331
194327
194324
194323
194321
194320
194317
194315
194315
194316
194312
194309
194307
194307
194309
194308
194306
194306
194308
194312
194314
194313
194313
194314
194316
194316
194314
194315
194317
194318
194317
194316
194315
194317
194319
194319
194317
194315
194315
194316
194314
194312
194310
194311
194312
194312
194309
194308
194309
194312
194312
194310
194308
194308
194311
194311
194308
194306
194307
194307
194304
194301
194299
194300
194301
194301
194298
194295
194297
194298
194296
194295
194295
194296
194299
194299
194298
194300
194304
194307
194307
194307
194308
194312
194316
194318
194319
194319
194321
194323
194321
194318
194316
194318
194318
194315
194312
194311
194313
194315
194314
194310
194307
194305
194305
194303
194302
194301
194301
194302
194302
194300
194300
194302
194305
194307
194306
194306
194308
194310
194310
194310
194310
194312
194316
194315
194314
194314
194316
194316
194315
194311
194308
194307
194305
194302
194298
194299
194302
194307
194309
194310
194311
194315
194319
194322
194323
194325
194328
194331
194330
194327
194326
194328
194330
194328
194325
194324
194326
194327
194325
194323
194322
194324
194327
194328
194326
194325
194324
194324
194321
194317
194313
194313
194313
194312
194309
194308
194309
194311
194312
194311
194313
194317
194321
194321
194319
194317
194316
194315
194312
194307
194303
194302
194301
194297
194294
194293
194294
194297
194298
194298
194299
194303
194307
194310
194309
194308
194307
194305
194302
194298
194296
194296
194295
194292
194289
194287
194289
194293
194296
194297
194300
194305
194308
194305
194301
194298
194295
194294
194289
194286
194284
194286
194288
194287
194287
194289
194293
194298
194301
194303
194307
194312
194317
194318
194316
194315
194313
194311
194307
194303
194301
194302
194303
194303
194301
194302
194306
194311
194312
194313
194313
194316
194317
194315
194312
194310
194309
194306
194303
194299
194296
194295
194294
194291
194287
194284
194283
194283
194281
194279
194279
194281
194285
194285
194284
194285
194288
194293
194295
194294
194294
194295
194296
194295
194291
194289
194289
194290
194289
194286
194286
194287
194287
194285
194283
194283
194285
194287
194285
194285
194286
194288
194288
194287
194286
194286
194289
194292
194292
194292
194294
194296
194299
194298
194296
194296
194298
194299
194300
194300
194300
194302
194305
194306
194306
194309
194312
194316
194315
194314
194316
194319
194321
194320
194318
194318
194319
194320
194319
194317
194316
194317
194318
194317
194314
194313
194314
194314
194313
194312
194312
194313
194315
194314
194313
194313
194313
194314
194313
194311
194310
194311
194313
194311
194309
194307
194306
194306
194306
194305
194305
194307
194308
194306
194302
194301
194303
194303
194301
194299
194298
194298
194299
194297
194295
194294
194295
194296
194294
194291
194291
194293
194295
194293
194290
194289
194289
194291
194290
194289
194289
194291
194293
194293
194294
194296
194300
194304
194306
194306
194307
194310
194314
194315
194314
194315
194317
194318
194317
194315
194315
194315
194316
194316
194316
194316
194316
194317
194316
194315
194314
194314
194313
194310
194306
194304
194306
194307
194305
194304
194305
194308
194310
194309
194310
194311
194313
194315
194315
194313
194312
194314
194314
194314
194312
194312
194313
194313
194311
194309
194309
194310
194311
194310
194308
194308
194308
194310
194309
194305
194305
194308
194310
194310
194310
194311
194315
194319
194320
194321
194324
194327
194330
194332
194332
194335
194338
194339
194338
194333
194330
194329
194329
194328
194325
194323
194323
194324
194322
194318
194315
194313
194310
194306
194302
194300
194298
194296
194292
194288
194287
194286
194285
194282
194276
194272
194270
194269
194265
194260
194257
194255
194250
194243
194237
194231
194227
194223
194217
194210
194204
194200
194197
194191
194185
194183
194182
194181
194178
194174
194173
194174
194174
194173
194170
194169
194172
194173
194171
194170
194173
194176
194178
194179
194179
194182
194186
194189
194191
194193
194197
194200
194204
194205
194204
194206
194209
194212
194212
194211
194212
194214
194214
194214
194213
194215
194218
194221
194220
194219
194222
194226
194229
194231
194233
194236
194242
194248
194252
194254
194261
194268
194276
194279
194280
194282
194286
194288
194289
194288
194288
194289
194290
194288
194287
194287
194289
194292
194291
194292
194295
194299
194303
194306
194306
194308
194310
194312
194311
194309
194311
194312
194313
194311
194307
194305
194306
194307
194304
194302
194305
194308
194309
194307
194306
194307
194308
194309
194308
194307
194308
194311
194313
194313
194312
194312
194313
194314
194314
194313
194313
194314
194315
194314
194312
194313
194316
194315
194312
194309
194309
194311
194313
194312
194310
194310
194311
194310
194308
194305
194305
194305
194305
194302
194300
194301
194301
194301
194299
194297
194297
194298
194298
194296
194293
194293
194293
194294
194291
194287
194286
194285
194285
194282
194278
194277
194277
194277
194275
194272
194272
194274
194276
194275
194275
194276
194278
194280
194277
194276
194276
194277
194278
194278
194276
194277
194279
194281
194279
194277
194279
194282
194283
194281
194278
194278
194281
194283
194281
194278
194277
194278
194277
194275
194272
194273
194274
194273
194269
194265
194264
194265
194265
194263
194261
194261
194263
194264
194263
194261
194262
194266
194267
194266
194265
194267
194271
194275
194276
194274
194276
194279
194280
194278
194276
194277
194277
194278
194277
194276
194276
194280
194283
194283
194282
194283
194283
194283
194281
194279
194279
194281
194282
194283
194285
194289
194294
194296
194296
194296
194297
194299
194298
194294
194290
194288
194288
194287
194283
194278
194277
194277
194274
194270
194267
194269
194271
194273
194273
194272
194273
194274
194275
194275
194277
194279
194282
194282
194280
194276
194272
194268
194265
194260
194253
194252
194253
194253
194250
194247
194246
194247
194247
194244
194243
194244
194246
194247
194245
194242
194241
194240
194239
194237
194235
194235
194236
194238
194238
194238
194239
194242
194243
194240
194238
194239
194240
194241
194239
194237
194237
194238
194237
194232
194229
194228
194229
194229
194227
194225
194225
194227
194228
194227
194224
194223
194225
194225
194224
194221
194221
194223
194225
194225
194225
194228
194232
194233
194233
194232
194235
194238
194238
194237
194238
194241
194243
194244
194241
194240
194243
194246
194248
194248
194248
194252
194257
194261
194264
194264
194266
194269
194270
194269
194270
194270
194271
194269
194267
194263
194262
194262
194260
194256
194252
194253
194255
194257
194256
194256
194259
194263
194266
194268
194271
194276
194283
194286
194288
194290
194295
194301
194305
194306
194307
194312
194316
194318
194318
194318
194321
194326
194328
194327
194328
194332
194337
194338
194337
194335
194335
194335
194332
194327
194323
194320
194320
194318
194315
194311
194309
194308
194308
194306
194304
194301
194300
194299
194295
194290
194288
194287
194285
194282
194278
194275
194275
194273
194270
194268
194269
194271
194272
194270
194269
194270
194272
194272
194271
194269
194268
194268
194267
194263
194260
194261
194263
194264
194263
194264
194267
194272
194276
194278
194278
194280
194283
194285
194285
194283
194284
194287
194287
194286
194286
194287
194289
194290
194290
194290
194291
194294
194295
194295
194295
194297
194301
194304
194303
194302
194302
194303
194303
194301
194300
194301
194303
194303
194302
194302
194305
194308
194308
194306
194306
194307
194308
194307
194305
194304
194305
194305
194304
194301
194298
194299
194300
194300
194298
194297
194300
194303
194303
194302
194300
194299
194299
194295
194289
194284
194284
194285
194283
194281
194280
194282
194285
194286
194285
194286
194289
194293
194296
194297
194297
194300
194303
194305
194306
194306
194309
194312
194312
194309
194308
194308
194308
194307
194305
194305
194305
194305
194305
194304
194302
194303
194304
194303
194300
194300
194299
194300
194298
194296
194294
194294
194295
194296
194295
194294
194296
194298
194298
194296
194294
194293
194292
194291
194290
194288
194290
194292
194293
194294
194294
194297
194300
194300
194299
194297
194298
194300
194298
194297
194296
194297
194298
194296
194293
194290
194290
194290
194290
194286
194283
194282
194282
194281
194278
194276
194275
194276
194275
194275
194274
194275
194278
194276
194274
194274
194276
194279
194280
194280
194281
194283
194286
194289
194290
194290
194293
194296
194298
194298
194298
194302
194305
194305
194303
194302
194303
194304
194304
194299
194295
194294
194294
194294
194291
194289
194290
194294
194293
194292
194291
194292
194292
194291
194288
194283
194282
194281
194278
194273
194269
194268
194266
194262
194257
194252
194250
194250
194248
194244
194241
194242
194243
194242
194239
194236
194235
194233
194230
194227
194225
194224
194225
194224
194221
194219
194219
194219
194217
194216
194214
194215
194218
194220
194220
194222
194226
194229
194231
194231
194231
194232
194233
194232
194229
194228
194227
194228
194227
194225
194223
194223
194224
194223
194222
194222
194224
194228
194231
194232
194235
194241
194246
194249
194250
194253
194259
194264
194268
194269
194270
194272
194275
194275
194276
194278
194280
194284
194284
194282
194282
194283
194284
194284
194284
194283
194286
194288
194288
194286
194286
194286
194285
194285
194283
194283
194284
194286
194286
194283
194280
194281
194282
194277
194274
194273
194272
194273
194272
194269
194267
194268
194269
194268
194266
194265
194266
194268
194268
194265
194264
194265
194264
194262
194260
194260
194261
194263
194263
194261
194262
194266
194269
194270
194270
194271
194274
194277
194278
194278
194279
194278
194279
194283
194283
194279
194281
194285
194286
194285
194284
194286
194287
194288
194287
194286
194286
194287
194287
194285
194283
194286
194288
194286
194283
194283
194284
194286
194285
194284
194283
194284
194286
194286
194285
194284
194286
194288
194287
194285
194282
194282
194283
194282
194281
194281
194282
194284
194284
194283
194284
194285
194285
194283
194280
194279
194280
194280
194278
194274
194272
194273
194275
194274
194270
194268
194270
194272
194272
194272
194273
194274
194274
194273
194269
194267
194267
194268
194266
194263
194262
194263
194266
194265
194262
194261
194262
194263
194262
194260
194258
194258
194259
194258
194256
194254
194254
194254
194251
194247
194244
194244
194245
194242
194239
194237
194237
194238
194237
194234
194233
194233
194234
194234
194233
194231
194231
194232
194230
194226
194224
194223
194222
194219
194214
194211
194210
194209
194207
194203
194200
194200
194199
194196
194192
194190
194193
194197
194199
194200
194202
194206
194210
194211
194210
194210
194213
194215
194214
194212
194212
194213
194213
194211
194209
194209
194210
194212
194210
194207
194206
194208
194210
194209
194206
194206
194207
194207
194206
194205
194207
194210
194212
194211
194210
194209
194211
194213
194211
194210
194209
194208
194209
194208
194208
194211
194215
194218
194218
194218
194219
194223
194225
194225
194224
194225
194227
194229
194230
194229
194231
194236
194239
194239
194238
194240
194243
194246
194246
194247
194248
194250
194251
194249
194247
194248
194249
194249
194249
194246
194247
194251
194254
194255
194254
194255
194258
194261
194261
194260
194260
194262
194263
194261
194260
194260
194262
194264
194265
194263
194263
194264
194266
194265
194263
194262
194262
194261
194258
194254
194252
194253
194255
194254
194252
194252
194254
194255
194254
194251
194249
194250
194250
194247
194243
194241
194240
194240
194239
194236
194236
194237
194239
194237
194237
194239
194240
194239
194236
194234
194232
194232
194233
194231
194229
194228
194231
194238
194240
194241
194243
194246
194254
194256
194249
194249
194251
194257
194258
194256
194256
194258
194261
194258
194261
194266
194262
194263
194259
194259
194259
194260
194261
194258
194260
194260
194261
194262
194261
194258
194259
194261
194264
194264
194261
194260
194261
194260
194257
194252
194252
194250
194247
194243
194237
194231
194231
194228
194223
194219
194217
194218
194220
194220
194216
194216
194218
194218
194219
194218
194217
194217
194217
194214
194212
194210
194211
194211
194207
194207
194206
194208
194209
194206
194203
194203
194204
194207
194208
194209
194212
194216
194219
194219
194218
194219
194220
194221
194219
194218
194218
194220
194223
194224
194224
194225
194228
194229
194228
194227
194228
194230
194231
194229
194228
194230
194232
194235
194235
194233
194233
194235
194236
194234
194231
194231
194231
194231
194228
194224
194222
194224
194225
194224
194220
194221
194222
194222
194221
194220
194221
194223
194224
194223
194222
194222
194222
194221
194219
194217
194216
194217
194219
194220
194218
194218
194221
194223
194222
194221
194223
194226
194230
194231
194232
194235
194236
194237
194236
194233
194234
194236
194237
194235
194233
194233
194235
194236
194236
194234
194236
194240
194243
194244
194245
194249
194253
194255
194253
194250
194250
194250
194249
194246
194241
194240
194242
194243
194243
194244
194244
194247
194250
194248
194246
194246
194247
194247
194245
194242
194240
194240
194236
194232
194229
194229
194230
194230
194229
194228
194229
194231
194231
194229
194227
194228
194229
194230
194227
194222
194221
194221
194221
194218
194216
194217
194220
194225
194228
194232
194238
194246
194249
194247
194244
194243
194242
194239
194234
194227
194221
194217
194213
194209
194206
194206
194206
194207
194208
194208
194211
194215
194219
194221
194221
194223
194225
194226
194223
194219
194217
194214
194211
194206
194201
194200
194199
194199
194196
194192
194190
194191
194193
194194
194194
194196
194199
194199
194198
194197
194198
194199
194200
194201
194200
194201
194202
194202
194199
194194
194192
194192
194191
194188
194186
194187
194190
194192
194194
194195
194200
194206
194210
194212
194214
194218
194223
194228
194230
194230
194233
194238
194240
194239
194238
194240
194244
194247
194247
194247
194248
194251
194252
194252
194251
194251
194252
194253
194252
194251
194250
194249
194248
194247
194246
194247
194249
194253
194256
194257
194261
194265
194269
194269
194269
194269
194270
194272
194273
194273
194277
194280
194283
194284
194284
194287
194289
194291
194291
194290
194292
194292
194291
194289
194287
194288
194289
194289
194287
194285
194285
194288
194287
194284
194282
194281
194283
194282
194280
194277
194276
194276
194275
194271
194267
194264
194261
194260
194257
194254
194253
194254
194253
194251
194248
194248
194249
194250
194247
194243
194242
194243
194242
194239
194236
194235
194236
194236
194234
194232
194234
194237
194239
194240
194239
194241
194242
194243
194243
194243
194244
194246
194246
194245
194243
194244
194246
194246
194244
194243
194242
194242
194242
194241
194239
194240
194243
194243
194241
194240
194240
194242
194242
194240
194237
194236
194236
194235
194232
194228
194227
194227
194225
194223
194222
194224
194226
194226
194224
194222
194223
194223
194223
194221
194219
194219
194222
194223
194221
194220
194222
194224
194226
194226
194226
194229
194234
194238
194239
194242
194245
194249
194250
194250
194248
194249
194251
194252
194250
194248
194249
194250
194250
194249
194247
194248
194251
194252
194250
194248
194249
194252
194255
194255
194254
194254
194255
194256
194254
194253
194252
194253
194253
194249
194244
194242
194241
194238
194233
194227
194223
194222
194220
194215
194210
194208
194206
194204
194200
194196
194194
194195
194194
194192
194190
194189
194188
194186
194183
194181
194180
194179
194177
194173
194172
194173
194175
194177
194177
194177
194182
194188
194191
194190
194191
194194
194197
194197
194195
194193
194193
194194
194193
194192
194191
194193
194195
194195
194192
194190
194192
194195
194195
194195
194195
194198
194201
194202
194201
194198
194198
194198
194198
194195
194190
194188
194186
194184
194180
194177
194178
194180
194179
194176
194175
194177
194179
194181
194180
194179
194183
194187
194191
194194
194196
194200
194206
194208
194211
194212
194213
194217
194217
194215
194214
194217
194222
194225
194227
194229
194234
194239
194243
194246
194249
194253
194258
194260
194259
194258
194258
194258
194258
194254
194251
194249
194249
194247
194244
194243
194244
194245
194245
194243
194242
194243
194246
194247
194246
194245
194247
194250
194251
194250
194249
194251
194254
194255
194253
194252
194253
194253
194252
194250
194248
194249
194251
194251
194249
194247
194247
194248
194248
194246
194244
194246
194248
194249
194248
194248
194250
194251
194252
194250
194249
194250
194251
194251
194250
194249
194251
194252
194252
194250
194249
194249
194250
194250
194248
194245
194245
194246
194247
194246
194246
194247
194248
194246
194245
194244
194246
194248
194249
194248
194247
194248
194250
194249
194247
194246
194247
194248
194248
194246
194245
194247
194249
194248
194246
194244
194246
194248
194248
194245
194243
194244
194246
194244
194241
194239
194238
194238
194236
194230
194226
194226
194227
194225
194222
194218
194217
194217
194216
194213
194209
194208
194207
194206
194204
194204
194206
194209
194209
194206
194204
194203
194203
194201
194198
194194
194192
194191
194190
194186
194183
194183
194184
194182
194178
194175
194174
194173
194172
194171
194168
194168
194170
194169
194167
194165
194166
194167
194166
194163
194161
194162
194165
194165
194164
194163
194166
194167
194168
194166
194165
194166
194170
194173
194175
194175
194177
194180
194182
194180
194179
194182
194186
194186
194185
194186
194188
194190
194190
194189
194188
194190
194193
194192
194191
194191
194192
194194
194195
194195
194194
194196
194199
194199
194198
194198
194201
194203
194202
194201
194202
194205
194208
194210
194210
194211
194215
194220
194223
194225
194226
194229
194231
194232
194231
194231
194233
194237
194238
194239
194240
194242
194243
194240
194236
194233
194233
194235
194235
194234
194232
194234
194236
194235
194232
194231
194233
194236
194237
194236
194233
194232
194230
194227
194224
194220
194220
194220
194220
194219
194220
194222
194224
194224
194223
194223
194224
194226
194227
194226
194225
194226
194228
194226
194223
194220
194221
194223
194223
194221
194219
194220
194223
194223
194221
194218
194218
194218
194218
194216
194214
194215
194217
194216
194215
194214
194215
194214
194212
194209
194208
194211
194213
194214
194214
194213
194213
194215
194215
194214
194213
194213
194216
194217
194215
194215
194218
194221
194222
194222
194222
194225
194227
194226
194224
194224
194226
194228
194227
194225
194224
194225
194226
194225
194224
194223
194226
194229
194228
194225
194222
194222
194222
194220
194217
194214
194214
194215
194214
194211
194208
194209
194209
194206
194203
194201
194204
194206
194205
194204
194203
194204
194206
194207
194206
194207
194211
194217
194219
194218
194215
194216
194217
194216
194213
194211
194212
194211
194210
194209
194209
194211
194214
194215
194215
194217
194222
194226
194228
194229
194230
194233
194235
194233
194230
194229
194231
194232
194230
194227
194226
194226
194227
194225
194221
194219
194220
194222
194220
194219
194218
194220
194222
194222
194223
194224
194227
194231
194232
194232
194234
194236
194237
194236
194235
194235
194236
194238
194238
194236
194235
194236
194235
194232
194229
194227
194228
194230
194228
194225
194224
194225
194227
194224
194221
194219
194217
194216
194214
194211
194209
194208
194208
194206
194203
194203
194206
194210
194213
194213
194215
194218
194223
194225
194226
194229
194231
194235
194235
194233
194232
194231
194230
194226
194223
194220
194220
194219
194218
194216
194216
194218
194220
194220
194219
194219
194219
194220
194218
194214
194213
194216
194218
194218
194219
194221
194224
194225
194224
194223
194222
194222
194222
194220
194214
194210
194209
194208
194206
194203
194201
194200
194201
194200
194199
194198
194199
194199
194198
194196
194195
194196
194197
194197
194196
194196
194196
194197
194198
194198
194199
194200
194204
194205
194206
194208
194213
194216
194214
194210
194208
194207
194207
194205
194203
194202
194203
194204
194203
194201
194201
194202
194204
194203
194202
194202
194206
194208
194207
194206
194204
194204
194203
194200
194197
194194
194195
194197
194198
194198
194199
194203
194209
194211
194212
194215
194218
194221
194222
194221
194221
194222
194223
194220
194218
194217
194218
194217
194214
194209
194207
194208
194211
194211
194211
194212
194213
194216
194215
194213
194213
194214
194216
194214
194212
194211
194212
194214
194213
194213
194213
194217
194221
194222
194222
194223
194226
194228
194228
194228
194229
194232
194235
194234
194233
194234
194235
194237
194238
194235
194236
194238
194240
194240
194239
194238
194239
194239
194237
194233
194231
194230
194229
194225
194220
194218
194218
194218
194217
194214
194213
194214
194212
194210
194205
194201
194197
194194
194190
194185
194182
194182
194181
194178
194175
194172
194171
194171
194170
194167
194166
194168
194170
194169
194169
194170
194171
194171
194170
194168
194167
194168
194170
194170
194168
194168
194170
194173
194172
194170
194172
194175
194178
194178
194178
194179
194182
194184
194185
194185
194186
194187
194189
194188
194185
194185
194187
194188
194187
194185
194184
194185
194186
194186
194186
194186
194188
194189
194188
194185
194185
194188
194190
194191
194191
194192
194194
194196
194196
194196
194197
194199
194201
194199
194196
194195
194196
194196
194193
194190
194189
194189
194189
194185
194181
194181
194182
194184
194185
194184
194185
194188
194192
194194
194195
194195
194197
194198
194197
194197
194198
194199
194199
194197
194194
194193
194193
194194
194193
194192
194192
194193
194194
194193
194191
194191
194193
194193
194193
194190
194189
194192
194195
194196
194197
194199
194203
194207
194207
194206
194206
194208
194210
194211
194211
194212
194214
194216
194214
194211
194210
194213
194216
194217
194219
194222
194227
194230
194230
194229
194229
194230
194229
194227
194222
194219
194219
194219
194217
194215
194214
194214
194216
194215
194213
194214
194216
194216
194214
194211
194211
194212
194214
194213
194212
194214
194217
194220
194220
194219
194219
194220
194220
194217
194214
194212
194211
194210
194207
194204
194204
194204
194206
194206
194206
194208
194209
194211
194210
194210
194211
194213
194215
194215
194213
194213
194215
194217
194215
194213
194213
194216
194217
194217
194216
194218
194221
194221
194221
194220
194222
194225
194228
194228
194227
194228
194230
194230
194228
194226
194225
194226
194227
194225
194223
194223
194225
194226
194224
194222
194222
194224
194226
194224
194221
194219
194218
194217
194213
194208
194207
194207
194206
194203
194200
194200
194200
194201
194200
194199
194200
194204
194206
194205
194204
194203
194204
194206
194205
194202
194201
194201
194200
194197
194193
194192
194192
194190
194186
194181
194179
194178
194176
194171
194166
194165
194165
194166
194164
194163
194164
194165
194167
194166
194166
194167
194167
194166
194165
194164
194164
194167
194171
194170
194168
194168
194170
194171
194172
194171
194172
194174
194176
194174
194173
194174
194176
194179
194178
194178
194180
194184
194187
194189
194189
194190
194192
194194
194193
194191
194189
194190
194190
194189
194188
194189
194193
194195
194194
194194
194197
194201
194203
194202
194201
194203
194206
194208
194206
194204
194203
194204
194206
194208
194208
194210
194212
194214
194213
194213
194214
194216
194216
194213
194211
194209
194209
194209
194208
194207
194208
194210
194212
194211
194211
194212
194214
194217
194219
194220
194221
194225
194229
194231
194235
194239
194243
194247
194250
194253
194257
194261
194264
194264
194266
194270
194273
194276
194276
194276
194276
194276
194275
194271
194268
194266
194265
194264
194260
194253
194250
194246
194240
194233
194225
194219
194217
194214
194209
194205
194203
194204
194204
194202
194200
194201
194202
194203
194202
194200
194201
194202
194202
194202
194200
194200
194201
194202
194199
194195
194193
194192
194191
194188
194187
194187
194190
194191
194192
194193
194197
194201
194205
194206
194207
194210
194213
194214
194213
194210
194208
194207
194205
194201
194198
194195
194194
194192
194189
194184
194182
194181
194180
194177
194176
194176
194176
194177
194175
194174
194174
194174
194175
194175
194173
194173
194176
194176
194175
194173
194172
194172
194171
194169
194165
194164
194164
194163
194160
194157
194157
194158
194158
194158
194158
194161
194164
194166
194166
194167
194171
194175
194178
194178
194176
194176
194174
194173
194169
194165
194164
194165
194165
194166
194166
194168
194170
194172
194171
194171
194173
194175
194176
194173
194170
194168
194168
194167
194166
194163
194163
194164
194165
194164
194164
194166
194171
194174
194176
194178
194181
194185
194189
194190
194191
194194
194197
194199
194198
194198
194201
194205
194207
194209
194210
194214
194218
194222
194223
194226
194230
194235
194239
194240
194240
194244
194249
194252
194252
194251
194253
194257
194257
194256
194254
194255
194256
194257
194255
194252
194252
194252
194251
194247
194244
194243
194244
194243
194240
194237
194238
194238
194237
194234
194230
194227
194227
194225
194220
194217
194217
194215
194213
194209
194204
194203
194204
194203
194199
194195
194193
194192
194190
194187
194184
194185
194186
194185
194184
194183
194184
194185
194183
194180
194178
194179
194181
194182
194181
194179
194179
194181
194182
194180
194178
194179
194181
194180
194179
194177
194178
194180
194180
194179
194178
194180
194183
194184
194183
194183
194186
194189
194191
194191
194192
194195
194198
194197
194196
194195
194196
194198
194199
194197
194196
194198
194201
194202
194202
194201
194204
194208
194210
194210
194209
194212
194216
194219
194221
194222
194226
194229
194231
194231
194229
194231
194233
194233
194231
194229
194229
194229
194228
194226
194223
194224
194226
194225
194221
194218
194216
194216
194214
194209
194205
194204
194204
194204
194201
194200
194201
194202
194200
194196
194193
194191
194192
194192
194189
194187
194188
194190
194189
194186
194183
194183
194184
194185
194185
194184
194186
194189
194191
194191
194192
194195
194198
194200
194199
194198
194200
194202
194202
194201
194201
194203
194204
194203
194198
194195
194194
194193
194191
194188
194183
194182
194181
194179
194175
194172
194173
194175
194176
194172
194169
194171
194173
194172
194172
194172
194173
194176
194178
194178
194176
194175
194175
194173
194171
194168
194169
194170
194170
194168
194165
194165
194167
194167
194166
194166
194168
194168
194167
194164
194164
194165
194167
194167
194165
194163
194163
194164
194162
194159
194156
194156
194158
194155
194152
194149
194148
194150
194150
194147
194144
194145
194148
194151
194151
194152
194154
194157
194159
194160
194160
194164
194168
194169
194170
194173
194177
194182
194184
194183
194183
194187
194192
194193
194191
194191
194195
194198
194196
194195
194195
194197
194199
194200
194200
194201
194205
194209
194212
194212
194215
194220
194224
194226
194225
194225
194229
194233
194235
194235
194234
194236
194238
194238
194236
194235
194238
194241
194241
194239
194237
194239
194241
194242
194240
194241
194243
194244
194243
194240
194237
194239
194239
194237
194234
194231
194231
194233
194233
194229
194226
194227
194229
194229
194227
194224
194224
194226
194226
194225
194224
194224
194225
194222
194218
194214
194211
194210
194206
194202
194198
194196
194196
194194
194191
194189
194190
194190
194189
194188
194188
194190
194192
194192
194191
194190
194191
194193
194193
194191
194189
194190
194192
194191
194185
194181
194181
194182
194179
194175
194173
194174
194175
194174
194171
194167
194164
194164
194163
194161
194159
194160
194161
194160
194157
194154
194154
194155
194155
194153
194152
194155
194158
194158
194157
194155
194154
194155
194153
194149
194145
194145
194145
194141
194137
194135
194134
194133
194132
194130
194127
194127
194127
194127
194126
194124
194125
194126
194126
194125
194124
194124
194125
194127
194127
194128
194131
194135
194137
194138
194139
194144
194148
194151
194151
194152
194155
194156
194156
194154
194153
194154
194155
194155
194153
194152
194152
194153
194151
194149
194147
194147
194149
194148
194145
194144
194145
194147
194147
194146
194146
194147
194148
194147
194146
194145
194147
194149
194150
194149
194149
194151
194155
194157
194157
194156
194158
194161
194162
194162
194162
194166
194169
194170
194172
194174
194178
194182
194185
194186
194186
194188
194191
194191
194190
194189
194191
194194
194194
194193
194192
194192
194193
194193
194191
194190
194192
194193
194191
194188
194187
194188
194189
194190
194189
194188
194189
194192
194192
194191
194191
194192
194193
194193
194192
194191
194191
194193
194193
194192
194191
194193
194195
194194
194192
194191
194191
194193
194193
194192
194191
194193
194196
194198
194199
194199
194202
194205
194205
194205
194205
194205
194207
194207
194206
194207
194209
194212
194212
194211
194211
194212
194213
194212
194208
194206
194207
194209
194210
194210
194209
194211
194213
194212
194210
194210
194213
194216
194217
194216
194215
194217
194218
194215
194209
194205
194204
194203
194203
194201
194199
194197
194198
194199
194197
194195
194197
194200
194201
194199
194196
194198
194198
194195
194192
194190
194189
194190
194190
194189
194188
194190
194192
194191
194189
194188
194188
194187
194185
194182
194180
194181
194182
194181
194180
194179
194181
194183
194184
194181
194181
194183
194184
194182
194179
194177
194177
194177
194175
194171
194168
194168
194168
194166
194161
194159
194159
194160
194160
194159
194160
194162
194163
194163
194161
194160
194161
194162
194159
194156
194155
194155
194155
194154
194152
194150
194152
194154
194154
194152
194151
194153
194156
194156
194154
194153
194155
194157
194157
194153
194151
194151
194151
194148
194145
194143
194145
194148
194148
194148
194149
194151
194153
194154
194153
194155
194158
194161
194162
194161
194161
194162
194164
194162
194159
194157
194157
194158
194157
194155
194155
194157
194159
194159
194158
194159
194162
194164
194166
194166
194166
194168
194170
194169
194168
194166
194165
194166
194164
194161
194160
194160
194162
194162
194159
194158
194159
194159
194157
194155
194154
194156
194158
194159
194158
194159
194161
194165
194165
194164
194165
194168
194170
194170
194169
194169
194169
194169
194168
194166
194167
194170
194171
194169
194167
194166
194168
194170
194170
194170
194170
194172
194173
194173
194172
194171
194170
194173
194172
194169
194169
194169
194170
194168
194167
194166
194167
194168
194166
194162
194159
194159
194160
194157
194152
194149
194149
194149
194147
194145
194145
194146
194148
194148
194147
194146
194148
194150
194148
194145
194143
194143
194142
194139
194136
194135
194137
194138
194138
194137
194137
194140
194142
194144
194144
194145
194148
194148
194148
194146
194147
194150
194150
194148
194146
194146
194147
194147
194146
194144
194144
194145
194148
194149
194149
194150
194153
194155
194154
194153
194154
194157
194160
194162
194162
194163
194167
194170
194169
194165
194163
194163
194165
194165
194163
194164
194165
194167
194166
194165
194165
194167
194169
194169
194168
194170
194172
194174
194175
194173
194173
194176
194177
194176
194176
194177
194180
194184
194185
194184
194185
194188
194190
194190
194188
194189
194190
194190
194188
194184
194184
194184
194185
194183
194180
194180
194179
194179
194178
194176
194176
194177
194179
194179
194176
194174
194174
194176
194175
194172
194171
194171
194173
194171
194167
194166
194168
194169
194168
194166
194164
194166
194168
194167
194165
194164
194165
194166
194166
194164
194164
194167
194168
194167
194164
194165
194167
194168
194167
194166
194166
194168
194168
194168
194164
194163
194163
194165
194164
194162
194162
194164
194165
194164
194161
194160
194161
194162
194160
194159
194160
194161
194163
194163
194161
194160
194162
194165
194164
194164
194165
194167
194168
194166
194164
194163
194165
194165
194163
194161
194160
194161
194163
194160
194156
194154
194154
194153
194149
194146
194145
194146
194144
194141
194138
194136
194134
194132
194128
194125
194124
194124
194125
194125
194126
194128
194132
194135
194136
194134
194134
194137
194140
194141
194140
194140
194143
194145
194142
194139
194137
194137
194137
194135
194133
194131
194131
194131
194129
194129
194129
194132
194136
194134
194133
194133
194134
194134
194132
194129
194129
194130
194130
194127
194125
194124
194125
194126
194123
194122
194124
194126
194128
194129
194129
194130
194133
194136
194135
194135
194136
194140
194145
194146
194147
194149
194152
194154
194156
194156
194157
194159
194161
194160
194157
194155
194153
194153
194148
194144
194144
194144
194145
194143
194140
194139
194140
194139
194138
194136
194135
194135
194134
194131
194129
194128
194129
194130
194128
194126
194125
194126
194127
194127
194127
194130
194133
194137
194138
194139
194140
194143
194144
194143
194142
194145
194147
194147
194145
194143
194144
194145
194146
194144
194143
194143
194145
194146
194144
194142
194140
194139
194140
194138
194136
194135
194135
194133
194131
194128
194127
194129
194129
194127
194125
194125
194128
194130
194129
194128
194129
194132
194134
194135
194133
194133
194136
194138
194138
194136
194136
194138
194140
194140
194137
194136
194136
194136
194132
194129
194128
194129
194130
194129
194130
194131
194135
194136
194134
194132
194134
194137
194139
194139
194139
194140
194143
194145
194145
194143
194143
194143
194144
194141
194139
194139
194141
194144
194144
194143
194143
194146
194147
194145
194144
194145
194147
194148
194148
194148
194150
194152
194155
194155
194156
194159
194161
194162
194161
194159
194158
194159
194160
194159
194160
194162
194164
194166
194165
194164
194163
194164
194164
194163
194161
194162
194164
194166
194164
194162
194161
194162
194163
194161
194159
194161
194162
194162
194161
194158
194160
194164
194165
194165
194163
194164
194166
194167
194165
194162
194162
194164
194164
194160
194158
194159
194161
194162
194162
194161
194160
194159
194158
194156
194154
194154
194157
194157
194155
194153
194153
194154
194156
194155
194153
194154
194156
194158
194158
194156
194156
194158
194159
194158
194155
194155
194156
194155
194153
194150
194149
194150
194152
194152
194151
194152
194155
194158
194156
194153
194154
194155
194155
194153
194150
194149
194150
194152
194151
194150
194151
194154
194158
194158
194159
194163
194167
194170
194171
194173
194175
194180
194184
194184
194183
194184
194185
194185
194185
194183
194183
194183
194182
194178
194174
194174
194175
194174
194171
194168
194166
194165
194161
194154
194146
194141
194138
194134
194126
194118
194112
194109
194106
194099
194093
194091
194090
194089
194088
194086
194087
194089
194091
194089
194087
194090
194092
194094
194093
194092
194093
194095
194096
194095
194095
194098
194102
194105
194107
194108
194112
194117
194120
194121
194121
194121
194123
194124
194124
194124
194126
194129
194130
194129
194127
194128
194130
194133
194134
194135
194135
194137
194139
194136
194135
194136
194139
194138
194135
194132
194132
194133
194136
194137
194136
194138
194143
194145
194146
194145
194147
194150
194151
194149
194149
194151
194153
194154
194154
194154
194156
194158
194159
194158
194157
194156
194157
194158
194156
194155
194154
194154
194154
194151
194149
194149
194151
194150
194148
194145
194145
194147
194148
194146
194145
194145
194146
194147
194146
194144
194144
194145
194146
194144
194142
194144
194146
194147
194145
194143
194145
194147
194148
194146
194144
194146
194148
194148
194146
194143
194143
194144
194143
194140
194138
194138
194139
194140
194139
194138
194138
194139
194140
194140
194139
194142
194145
194145
194145
194145
194146
194147
194147
194144
194143
194144
194145
194145
194143
194141
194141
194141
194140
194138
194136
194136
194137
194137
194135
194132
194130
194131
194130
194126
194123
194123
194123
194122
194120
194118
194118
194120
194120
194120
194120
194122
194123
194124
194124
194122
194124
194126
194127
194127
194126
194126
194129
194129
194128
194128
194130
194133
194135
194137
194138
194141
194146
194150
194151
194150
194152
194155
194157
194158
194158
194161
194164
194165
194164
194163
194163
194166
194168
194169
194169
194171
194172
194172
194170
194167
194166
194167
194167
194166
194164
194164
194165
194163
194160
194158
194158
194159
194159
194156
194155
194158
194160
194160
194158
194157
194158
194158
194156
194153
194153
194152
194152
194151
194148
194145
194145
194145
194144
194142
194139
194140
194140
194140
194138
194135
194136
194138
194139
194137
194135
194136
194136
194134
194132
194131
194133
194136
194138
194136
194134
194137
194139
