193604
193604
193603
193603
193604
193606
193607
193607
193607
193609
193612
193613
193612
193612
193614
193617
193619
193622
193624
193626
193628
193629
193627
193625
193627
193628
193628
193628
193627
193628
193631
193632
193631
193628
193627
193626
193624
193619
193615
193614
193614
193614
193612
193612
193614
193616
193616
193614
193613
193615
193616
193615
193612
193612
193613
193616
193618
193617
193615
193616
193617
193614
193611
193608
193608
193609
193610
193608
193606
193607
193608
193607
193605
193605
193606
193608
193608
193608
193608
193611
193612
193610
193607
193605
193606
193607
193606
193605
193605
193607
193609
193610
193608
193608
193608
193609
193608
193606
193604
193604
193606
193606
193605
193604
193607
193611
193613
193612
193612
193615
193617
193617
193616
193615
193615
193616
193615
193613
193612
193612
193612
193611
193609
193608
193608
193608
193606
193602
193599
193599
193600
193598
193596
193596
193598
193599
193599
193598
193597
193598
193598
193598
193596
193596
193598
193601
193603
193603
193604
193606
193609
193611
193612
193613
193619
193623
193625
193626
193627
193630
193635
193636
193637
193637
193640
193643
193644
193643
193643
193646
193650
193652
193652
193653
193655
193656
193655
193654
193655
193656
193657
193656
193652
193648
193647
193646
193646
193642
193640
193640
193640
193637
193632
193628
193626
193624
193622
193619
193618
193619
193619
193618
193614
193612
193611
193612
193611
193608
193606
193606
193604
193602
193599
193595
193593
193594
193591
193586
193583
193583
193584
193584
193582
193581
193580
193580
193577
193573
193570
193570
193568
193564
193559
193554
193552
193551
193548
193545
193542
193541
193542
193541
193537
193535
193536
193537
193537
193536
193538
193541
193546
193548
193549
193550
193552
193555
193555
193555
193554
193556
193558
193559
193558
193559
193562
193565
193567
193567
193567
193568
193570
193570
193569
193568
193569
193571
193570
193567
193566
193566
193568
193568
193566
193564
193566
193566
193565
193565
193565
193568
193571
193573
193573
193573
193575
193580
193581
193581
193581
193584
193587
193589
193591
193592
193596
193599
193601
193602
193603
193607
193611
193613
193613
193612
193613
193615
193615
193614
193615
193618
193620
193619
193615
193612
193612
193614
193615
193614
193614
193614
193615
193614
193613
193612
193615
193617
193615
193613
193612
193613
193615
193616
193614
193613
193614
193614
193613
193610
193607
193607
193609
193608
193606
193602
193602
193602
193601
193600
193598
193599
193601
193601
193599
193597
193599
193601
193601
193600
193600
193601
193603
193602
193602
193601
193605
193610
193614
193615
193618
193621
193625
193627
193628
193628
193630
193634
193636
193636
193634
193635
193635
193632
193629
193626
193626
193628
193627
193624
193622
193622
193623
193621
193619
193617
193617
193617
193616
193614
193613
193614
193616
193614
193612
193610
193611
193612
193612
193611
193612
193615
193617
193617
193616
193615
193617
193620
193622
193622
193622
193623
193624
193624
193624
193626
193631
193635
193637
193637
193636
193638
193640
193639
193637
193637
193639
193641
193641
193638
193635
193635
193637
193637
193634
193632
193633
193633
193631
193628
193626
193625
193624
193621
193617
193613
193613
193613
193609
193602
193596
193594
193592
193587
193582
193577
193575
193574
193571
193567
193565
193564
193565
193564
193560
193556
193557
193558
193556
193555
193554
193556
193559
193560
193559
193560
193562
193566
193569
193569
193568
193572
193575
193576
193576
193577
193581
193583
193583
193583
193583
193585
193588
193588
193586
193586
193589
193592
193592
193591
193591
193593
193595
193597
193596
193594
193594
193595
193595
193592
193591
193594
193597
193598
193598
193598
193601
193604
193603
193601
193600
193601
193600
193597
193591
193586
193584
193584
193582
193580
193579
193581
193584
193587
193588
193590
193594
193598
193600
193600
193600
193602
193603
193602
193599
193596
193596
193598
193597
193595
193595
193595
193596
193596
193595
193595
193596
193598
193597
193595
193592
193591
193591
193589
193585
193582
193582
193583
193583
193584
193585
193589
193593
193594
193593
193593
193595
193596
193593
193589
193585
193582
193580
193575
193567
193560
193556
193554
193551
193547
193545
193546
193549
193552
193556
193559
193563
193569
193572
193574
193575
193577
193578
193578
193576
193572
193571
193571
193568
193564
193562
193563
193564
193566
193568
193569
193572
193577
193578
193577
193577
193577
193578
193578
193576
193573
193571
193568
193565
193562
193559
193559
193559
193559
193557
193557
193560
193565
193568
193571
193572
193575
193579
193579
193578
193579
193582
193582
193580
193576
193574
193574
193573
193571
193569
193568
193569
193572
193573
193574
193575
193576
193577
193575
193571
193569
193568
193567
193566
193564
193561
193560
193560
193557
193554
193551
193551
193551
193550
193548
193546
193547
193549
193550
193551
193551
193554
193556
193556
193556
193557
193559
193561
193561
193558
193557
193558
193559
193560
193560
193560
193563
193568
193570
193570
193572
193575
193579
193581
193581
193581
193584
193588
193589
193587
193584
193585
193586
193584
193582
193579
193578
193578
193577
193575
193576
193579
193582
193583
193584
193584
193586
193588
193588
193586
193586
193588
193592
193592
193590
193590
193591
193591
193590
193589
193588
193590
193592
193592
193592
193593
193596
193599
193601
193601
193601
193604
193605
193603
193599
193595
193594
193591
193588
193584
193580
193578
193576
193573
193569
193566
193567
193569
193569
193567
193566
193568
193570
193569
193566
193564
193565
193566
193566
193562
193560
193561
193562
193561
193561
193560
193562
193563
193562
193559
193557
193558
193560
193561
193560
193560
193562
193564
193563
193562
193560
193557
193555
193553
193549
193546
193544
193543
193541
193537
193532
193531
193532
193531
193527
193524
193522
193521
193520
193517
193515
193517
193520
193521
193519
193518
193520
193522
193523
193522
193521
193523
193524
193523
193520
193518
193518
193520
193518
193516
193515
193516
193519
193521
193520
193519
193522
193524
193525
193526
193528
193530
193533
193533
193532
193530
193531
193534
193535
193534
193534
193539
193543
193545
193544
193545
193548
193552
193553
193553
193554
193558
193562
193565
193566
193567
193570
193574
193575
193576
193576
193578
193580
193580
193579
193579
193582
193585
193585
193584
193584
193587
193590
193591
193592
193592
193595
193597
193596
193594
193592
193592
193591
193591
193589
193586
193586
193587
193585
193583
193581
193582
193584
193584
193583
193580
193580
193581
193580
193578
193577
193576
193576
193574
193570
193568
193567
193566
193563
193560
193557
193556
193557
193555
193553
193550
193548
193549
193547
193546
193546
193547
193548
193549
193547
193545
193545
193547
193547
193546
193546
193548
193548
193546
193544
193543
193544
193545
193544
193543
193541
193540
193540
193538
193534
193531
193530
193531
193530
193527
193525
193525
193526
193525
193523
193522
193523
193524
193524
193522
193522
193523
193525
193525
193523
193524
193525
193527
193527
193525
193524
193527
193530
193530
193530
193530
193532
193536
193538
193539
193541
193543
193546
193546
193544
193544
193548
193553
193556
193556
193556
193557
193560
193559
193556
193554
193555
193558
193559
193557
193556
193559
193562
193564
193563
193564
193569
193573
193574
193573
193573
193576
193578
193578
193576
193574
193577
193577
193576
193575
193573
193572
193572
193569
193565
193564
193566
193568
193567
193564
193560
193558
193558
193556
193554
193551
193552
193553
193552
193550
193547
193548
193550
193549
193547
193545
193545
193545
193543
193540
193540
193540
193541
193541
193540
193541
193542
193543
193542
193539
193538
193539
193542
193541
193540
193538
193539
193542
193541
193539
193537
193540
193543
193542
193540
193539
193542
193545
193545
193543
193542
193544
193545
193544
193540
193538
193537
193537
193534
193529
193525
193522
193519
193517
193514
193513
193515
193516
193517
193518
193517
193517
193519
193520
193519
193517
193518
193520
193520
193519
193519
193522
193526
193527
193527
193528
193531
193534
193534
193533
193533
193534
193537
193538
193538
193538
193540
193542
193540
193536
193534
193535
193537
193536
193535
193533
193535
193536
193537
193534
193533
193535
193537
193537
193537
193538
193539
193541
193542
193541
193541
193541
193541
193540
193539
193538
193539
193541
193541
193540
193538
193538
193541
193540
193537
193536
193536
193536
193536
193533
193531
193531
193532
193530
193527
193526
193528
193530
193529
193527
193526
193528
193530
193528
193526
193524
193525
193526
193526
193527
193528
193531
193533
193533
193534
193535
193538
193540
193541
193541
193541
193543
193547
193548
193545
193544
193546
193548
193547
193545
193544
193546
193549
193552
193553
193555
193560
193565
193566
193566
193566
193568
193570
193568
193566
193564
193565
193566
193565
193562
193559
193559
193561
193561
193559
193557
193556
193556
193554
193550
193548
193547
193548
193547
193544
193541
193543
193545
193544
193543
193543
193545
193548
193549
193548
193547
193549
193552
193554
193553
193552
193554
193556
193555
193553
193550
193551
193554
193554
193550
193546
193545
193545
193543
193540
193538
193540
193542
193544
193546
193547
193551
193555
193556
193556
193555
193557
193558
193559
193558
193556
193556
193556
193553
193548
193545
193543
193543
193541
193538
193537
193538
193541
193542
193540
193539
193539
193540
193541
193540
193539
193541
193543
193544
193545
193545
193546
193548
193548
193545
193542
193541
193542
193541
193540
193538
193539
193541
193543
193542
193540
193540
193541
193540
193537
193535
193535
193536
193533
193530
193527
193527
193529
193529
193528
193527
193528
193530
193531
193531
193531
193531
193530
193529
193526
193523
193522
193522
193520
193516
193511
193511
193511
193509
193506
193502
193501
193501
193501
193499
193500
193502
193507
193510
193511
193511
193513
193516
193517
193517
193518
193520
193524
193527
193529
193530
193533
193538
193540
193541
193543
193546
193550
193551
193551
193551
193552
193554
193555
193553
193551
193553
193556
193557
193555
193553
193554
193555
193554
193552
193551
193554
193556
193557
193556
193554
193556
193558
193560
193562
193562
193563
193565
193565
193563
193560
193559
193559
193556
193552
193548
193547
193548
193547
193546
193547
193549
193552
193552
193552
193553
193555
193557
193558
193557
193556
193557
193557
193557
193556
193553
193553
193554
193553
193550
193549
193550
193552
193552
193552
193551
193553
193554
193555
193554
193553
193554
193557
193558
193558
193557
193560
193563
193564
193564
193564
193567
193569
193571
193570
193570
193573
193576
193578
193578
193578
193581
193583
193585
193583
193581
193581
193583
193583
193581
193579
193578
193577
193574
193570
193567
193565
193565
193564
193561
193558
193557
193557
193555
193550
193545
193544
193544
193540
193535
193532
193532
193531
193530
193527
193523
193522
193523
193522
193520
193519
193520
193522
193522
193520
193518
193521
193524
193525
193524
193524
193524
193527
193527
193527
193526
193526
193528
193529
193528
193528
193529
193531
193530
193527
193525
193526
193529
193531
193531
193531
193532
193535
193536
193535
193535
193538
193540
193539
193536
193533
193532
193531
193529
193526
193526
193527
193528
193527
193524
193522
193523
193523
193521
193518
193517
193518
193520
193520
193519
193518
193521
193525
193527
193527
193527
193530
193533
193534
193532
193532
193535
193537
193537
193534
193532
193531
193531
193531
193529
193526
193526
193527
193526
193522
193519
193518
193518
193517
193515
193512
193512
193514
193516
193517
193521
193523
193524
193524
193522
193521
193523
193526
193528
193527
193527
193528
193530
193531
193531
193532
193533
193534
193534
193532
193530
193532
193535
193537
193536
193536
193537
193539
193542
193544
193547
193551
193557
193560
193561
193562
193566
193570
193571
193569
193566
193567
193569
193568
193564
193559
193558
193557
193556
193554
193552
193552
193554
193555
193555
193555
193558
193560
193562
193561
193561
193562
193564
193565
193563
193563
193566
193568
193569
193568
193567
193568
193570
193570
193567
193566
193566
193569
193570
193570
193571
193573
193576
193579
193579
193580
193582
193586
193589
193591
193592
193596
193597
193597
193595
193592
193592
193592
193590
193586
193583
193583
193585
193585
193584
193583
193584
193585
193585
193582
193578
193577
193577
193576
193573
193571
193571
193570
193568
193565
193559
193556
193555
193553
193549
193547
193547
193547
193546
193545
193542
193541
193541
193540
193536
193533
193533
193533
193531
193527
193523
193522
193521
193520
193518
193517
193518
193520
193521
193521
193521
193523
193526
193528
193527
193525
193526
193526
193525
193523
193520
193518
193518
193518
193515
193512
193513
193513
193515
193515
193513
193514
193516
193516
193515
193512
193513
193514
193513
193510
193507
193508
193509
193510
193509
193509
193511
193516
193519
193518
193517
193519
193521
193521
193519
193516
193514
193514
193511
193506
193500
193496
193493
193490
193485
193480
193476
193472
193468
193463
193459
193459
193460
193460
193460
193459
193461
193464
193467
193468
193470
193472
193475
193476
193478
193479
193483
193487
193491
193493
193494
193498
193505
193510
193513
193515
193521
193526
193530
193533
193536
193541
193547
193551
193553
193557
193561
193565
193567
193565
193563
193563
193564
193563
193561
193559
193560
193563
193564
193563
193562
193563
193564
193564
193562
193560
193559
193559
193559
193556
193554
193553
193553
193552
193548
193544
193543
193543
193542
193541
193540
193541
193544
193545
193544
193542
193541
193543
193544
193542
193539
193539
193539
193538
193537
193534
193533
193532
193531
193527
193523
193521
193522
193521
193518
193518
193518
193519
193520
193517
193516
193519
193524
193526
193524
193521
193521
193524
193525
193523
193519
193518
193520
193521
193521
193520
193522
193525
193527
193527
193525
193527
193531
193534
193535
193535
193537
193538
193537
193534
193532
193532
193532
193531
193528
193526
193525
193525
193525
193525
193523
193523
193525
193527
193527
193527
193529
193532
193535
193534
193532
193530
193529
193527
193523
193518
193517
193518
193519
193519
193518
193521
193524
193528
193530
193531
193535
193539
193541
193540
193540
193541
193545
193547
193548
193548
193550
193554
193556
193558
193560
193564
193570
193574
193577
193579
193583
193588
193590
193589
193588
193588
193587
193586
193583
193580
193578
193578
193576
193572
193568
193567
193569
193569
193567
193564
193565
193567
193566
193563
193561
193560
193560
193559
193557
193553
193552
193552
193552
193550
193546
193542
193540
193537
193532
193527
193525
193526
193528
193526
193524
193524
193525
193525
193523
193521
193520
193521
193523
193523
193523
193524
193526
193527
193526
193524
193523
193524
193525
193524
193522
193522
193523
193523
193521
193517
193516
193517
193518
193516
193513
193515
193517
193517
193515
193513
193513
193513
193514
193513
193509
193507
193507
193506
193502
193498
193496
193495
193493
193492
193490
193489
193489
193488
193486
193485
193487
193489
193489
193487
193485
193487
193490
193492
193490
193488
193488
193488
193488
193487
193486
193487
193489
193489
193488
193487
193488
193492
193494
193493
193490
193490
193490
193490
193489
193486
193486
193489
193489
193486
193482
193479
193478
193475
193470
193465
193463
193463
193462
193459
193455
193454
193454
193454
193450
193446
193444
193445
193447
193448
193446
193446
193447
193448
193446
193444
193443
193446
193449
193449
193448
193450
193452
193453
193453
193452
193453
193456
193460
193461
193461
193464
193468
193470
193470
193470
193471
193473
193473
193471
193468
193468
193471
193473
193472
193472
193475
193479
193483
193485
193485
193487
193491
193495
193498
193501
193504
193511
193518
193522
193524
193528
193534
193540
193543
193544
193547
193551
193556
193557
193557
193558
193562
193564
193563
193562
193562
193563
193564
193563
193561
193563
193566
193568
193568
193567
193569
193572
193573
193573
193572
193574
193575
193576
193573
193569
193568
193567
193566
193563
193558
193555
193553
193551
193546
193542
193542
193543
193542
193539
193536
193534
193533
193532
193528
193523
193522
193521
193519
193516
193512
193511
193510
193510
193508
193506
193506
193508
193510
193509
193507
193506
193507
193508
193505
193502
193502
193503
193503
193501
193500
193500
193502
193503
193501
193499
193499
193501
193502
193501
193500
193498
193498
193498
193495
193492
193493
193493
193493
193492
193491
193491
193493
193494
193492
193491
193490
193492
193493
193492
193490
193489
193491
193492
193492
193490
193491
193492
193492
193489
193486
193486
193488
193490
193490
193491
193493
193495
193495
193492
193489
193487
193488
193489
193487
193484
193483
193484
193484
193484
193482
193484
193488
193492
193495
193496
193499
193501
193501
193497
193492
193491
193490
193489
193485
193481
193478
193478
193478
193476
193476
193479
193483
193485
193486
193486
193487
193490
193492
193489
193485
193484
193484
193484
193482
193480
193479
193480
193480
193479
193478
193480
193485
193488
193490
193491
193492
193494
193496
193496
193495
193496
193497
193495
193490
193484
193481
193481
193482
193482
193485
193489
193496
193501
193504
193506
193508
193510
193511
193512
193510
193510
193511
193510
193505
193500
193497
193497
193497
193495
193492
193491
193492
193491
193489
193485
193484
193484
193486
193484
193483
193484
193486
193489
193489
193490
193492
193495
193498
193497
193497
193497
193499
193502
193502
193500
193499
193499
193499
193496
193491
193488
193486
193484
193482
193481
193481
193486
193492
193495
193497
193501
193508
193516
193521
193527
193532
193540
193547
193551
193554
193558
193563
193566
193567
193567
193566
193566
193568
193567
193564
193563
193561
193559
193556
193551
193547
193544
193541
193537
193533
193532
193534
193535
193535
193535
193535
193537
193539
193538
193536
193534
193535
193538
193537
193534
193533
193533
193534
193532
193528
193526
193525
193524
193519
193516
193514
193512
193511
193509
193506
193504
193503
193503
193501
193498
193497
193497
193497
193494
193490
193487
193486
193485
193484
193483
193483
193484
193486
193484
193480
193478
193477
193476
193471
193464
193459
193457
193455
193452
193448
193446
193445
193446
193444
193443
193444
193448
193452
193454
193455
193459
193465
193470
193471
193470
193471
193472
193472
193469
193466
193465
193465
193465
193465
193463
193464
193467
193470
193471
193470
193473
193477
193479
193478
193476
193476
193478
193480
193478
193474
193473
193476
193480
193480
193480
193481
193484
193487
193489
193489
193490
193494
193499
193501
193501
193503
193507
193511
193511
193508
193508
193509
193509
193507
193501
193497
193495
193493
193488
193482
193478
193475
193473
193470
193466
193463
193462
193462
193459
193456
193456
193457
193457
193457
193456
193455
193457
193460
193460
193458
193458
193460
193462
193462
193460
193461
193463
193465
193465
193462
193459
193458
193457
193453
193450
193448
193448
193449
193448
193446
193444
193444
193443
193440
193437
193435
193435
193435
193434
193431
193431
193433
193435
193436
193436
193437
193440
193443
193443
193441
193440
193440
193441
193439
193436
193435
193438
193441
193441
193442
193443
193446
193450
193452
193452
193454
193457
193460
193460
193460
193461
193464
193467
193468
193468
193469
193472
193476
193475
193473
193474
193476
193477
193476
193474
193472
193471
193471
193468
193465
193466
193467
193470
193470
193468
193466
193466
193465
193462
193459
193458
193460
193463
193465
193468
193472
193475
193479
193479
193478
193480
193484
193487
193488
193488
193490
193495
193500
193501
193501
193502
193505
193507
193506
193502
193499
193499
193499
193497
193494
193493
193494
193495
193493
193490
193488
193488
193489
193487
193485
193484
193486
193488
193488
193488
193488
193490
193493
193495
193495
193495
193497
193499
193498
193495
193493
193494
193493
193489
193485
193483
193484
193485
193482
193479
193477
193477
193476
193474
193471
193470
193470
193471
193468
193463
193460
193458
193456
193451
193446
193443
193441
193440
193436
193432
193430
193429
193429
193427
193423
193422
193422
193423
193421
193418
193416
193416
193417
193416
193415
193413
193415
193418
193418
193417
193418
193421
193425
193427
193427
193430
193435
193440
193442
193443
193446
193450
193455
193458
193459
193461
193467
193471
193471
193469
193469
193471
193474
193472
193470
193467
193465
193463
193459
193453
193449
193447
193444
193439
193434
193431
193430
193428
193423
193417
193413
193413
193413
193411
193409
193407
193406
193405
193404
193402
193399
193400
193401
193400
193398
193398
193399
193401
193401
193401
193402
193406
193412
193418
193421
193425
193431
193436
193439
193440
193440
193443
193445
193445
193443
193442
193444
193444
193443
193441
193438
193438
193440
193439
193437
193436
193437
193438
193436
193435
193435
193436
193437
193437
193435
193435
193436
193438
193441
193441
193444
193450
193455
193459
193460
193462
193466
193468
193469
193468
193469
193471
193472
193469
193467
193465
193468
193473
193476
193479
193484
193491
193496
193498
193499
193497
193496
193496
193494
193491
193488
193489
193490
193489
193487
193486
193488
193491
193494
193497
193499
193504
193508
193510
193508
193505
193503
193499
193493
193486
193481
193479
193478
193476
193474
193474
193476
193479
193482
193483
193484
193486
193488
193485
193479
193474
193471
193468
193465
193461
193457
193456
193457
193459
193459
193461
193467
193473
193476
193478
193480
193486
193493
193494
193494
193493
193493
193493
193491
193488
193486
193488
193490
193492
193495
193498
193504
193510
193512
193512
193513
193514
193513
193511
193507
193503
193502
193502
193501
193498
193496
193498
193500
193501
193500
193499
193501
193502
193501
193500
193498
193497
193498
193497
193496
193493
193494
193493
193490
193485
193482
193479
193478
193475
193471
193468
193467
193467
193464
193460
193458
193457
193457
193455
193451
193449
193450
193450
193448
193444
193438
193436
193434
193432
193427
193424
193424
193424
193423
193419
193416
193417
193417
193415
193411
193410
193411
193411
193410
193406
193403
193403
193404
193401
193398
193397
193398
193399
193397
193392
193389
193389
193389
193387
193385
193384
193384
193385
193384
193382
193381
193382
193384
193382
193380
193378
193379
193381
193380
193380
193379
193381
193383
193384
193384
193383
193385
193387
193389
193389
193388
193391
193393
193395
193395
193396
193398
193402
193406
193408
193410
193414
193418
193420
193420
193421
193425
193431
193433
193434
193434
193437
193441
193444
193444
193444
193445
193448
193448
193448
193448
193451
193455
193457
193457
193458
193461
193464
193466
193468
193472
193477
193484
193487
193488
193489
193493
193498
193500
193501
193502
193505
193508
193510
193509
193508
193508
193510
193509
193505
193500
193497
193497
193494
193490
193487
193487
193487
193486
193482
193480
193481
193483
193484
193484
193485
193487
193489
193490
193488
193486
193486
193488
193490
193491
193491
193493
193496
193496
193492
193490
193489
193489
193486
193483
193481
193480
193480
193479
193476
193473
193473
193473
193470
193466
193464
193465
193466
193467
193465
193464
193465
193467
193468
193469
193469
193473
193477
193478
193477
193475
193477
193477
193476
193474
193473
193473
193472
193471
193469
193466
193466
193465
193462
193456
193453
193452
193453
193453
193451
193448
193447
193448
193448
193446
193445
193447
193450
193450
193448
193447
193448
193450
193449
193447
193446
193447
193448
193447
193444
193443
193445
193446
193446
193444
193441
193440
193440
193441
193442
193442
193444
193448
193450
193450
193449
193449
193449
193450
193449
193448
193450
193453
193454
193454
193453
193456
193456
193455
193454
193452
193453
193454
193454
193450
193448
193448
193449
193450
193449
193449
193451
193452
193452
193450
193449
193450
193452
193452
193450
193448
193448
193449
193450
193448
193446
193445
193446
193445
193443
193442
193443
193445
193444
193442
193440
193439
193441
193441
193439
193437
193437
193439
193438
193433
193429
193427
193426
193426
193425
193423
193422
193424
193424
193422
193420
193421
193421
193420
193417
193415
193414
193414
193412
193411
193409
193412
193414
193415
193417
193419
193421
193424
193425
193425
193426
193429
193433
193434
193431
193427
193427
193427
193426
193424
193422
193422
193423
193424
193424
193424
193424
193426
193427
193426
193424
193425
193426
193426
193426
193426
193429
193432
193433
193431
193431
193432
193435
193436
193435
193433
193432
193433
193433
193433
193431
193430
193430
193430
193427
193425
193424
193424
193424
193421
193418
193419
193421
193422
193421
193419
193419
193421
193422
193421
193419
193420
193421
193420
193419
193418
193420
193422
193423
193423
193421
193421
193421
193419
193415
193411
193410
193410
193408
193404
193402
193403
193405
193404
193403
193401
193402
193404
193406
193405
193402
193404
193408
193410
193410
193409
193412
193414
193415
193414
193413
193415
193419
193421
193421
193419
193422
193425
193426
193426
193426
193426
193428
193429
193429
193428
193428
193429
193429
193426
193421
193419
193418
193417
193414
193411
193410
193412
193414
193411
193409
193410
193414
193416
193416
193413
193414
193415
193416
193415
193413
193414
193416
193418
193418
193419
193422
193426
193428
193427
193427
193429
193433
193436
193437
193436
193437
193441
193443
193443
193443
193444
193447
193448
193446
193444
193446
193449
193451
193450
193450
193453
193458
193463
193463
193462
193465
193469
193471
193470
193468
193468
193468
193466
193463
193459
193459
193459
193459
193456
193453
193454
193456
193458
193458
193456
193457
193459
193460
193460
193459
193459
193459
193458
193456
193455
193454
193454
193453
193449
193446
193446
193447
193447
193446
193444
193446
193448
193450
193450
193449
193451
193455
193457
193456
193456
193457
193459
193460
193459
193459
193460
193461
193461
193459
193457
193456
193457
193456
193452
193448
193446
193447
193447
193444
193442
193442
193443
193443
193441
193438
193438
193440
193440
193437
193432
193431
193431
193432
193430
193428
193429
193432
193433
193431
193429
193428
193428
193427
193425
193423
193423
193422
193420
193417
193415
193414
193416
193415
193411
193408
193407
193407
193407
193407
193406
193406
193408
193410
193409
193409
193413
193417
193419
193418
193418
193420
193422
193422
193421
193419
193421
193425
193428
193428
193427
193427
193428
193428
193426
193422
193421
193423
193423
193422
193419
193419
193420
193418
193416
193412
193412
193414
193415
193415
193414
193415
193417
193420
193421
193421
193422
193426
193427
193425
193423
193423
193424
193424
193420
193417
193416
193417
193416
193413
193408
193406
193406
193406
193403
193400
193398
193398
193398
193394
193389
193387
193386
193385
193381
193378
193377
193378
193377
193374
193371
193369
193370
193370
193368
193364
193361
193359
193357
193354
193351
193350
193352
193354
193352
193351
193352
193355
193358
193357
193357
193358
193362
193366
193368
193369
193372
193378
193382
193383
193383
193385
193388
193391
193391
193389
193388
193389
193391
193391
193391
193392
193394
193396
193397
193396
193394
193394
193394
193392
193390
193390
193393
193396
193395
193394
193395
193397
193399
193399
193400
193403
193406
193408
193408
193408
193411
193416
193418
193418
193417
193417
193419
193421
193420
193419
193420
193423
193425
193424
193422
193422
193423
193422
193419
193415
193413
193412
193411
193408
193405
193403
193405
193406
193405
193404
193405
193407
193407
193406
193405
193406
193408
193408
193407
193405
193404
193404
193404
193401
193400
193401
193402
193405
193405
193404
193403
193404
193406
193405
193404
193403
193402
193400
193396
193392
193390
193389
193388
193386
193384
193384
193385
193388
193388
193388
193387
193389
193393
193394
193395
193398
193402
193404
193404
193405
193406
193408
193410
193410
193409
193410
193412
193413
193412
193410
193410
193411
193412
193413
193413
193415
193420
193423
193423
193422
193424
193428
193430
193431
193432
193434
193437
193438
193439
193439
193441
193445
193450
193453
193456
193460
193464
193466
193466
193464
193465
193467
193470
193471
193470
193471
193473
193475
193474
193472
193469
193470
193470
193469
193465
193465
193465
193465
193463
193460
193459
193459
193458
193455
193453
193452
193453
193453
193451
193448
193446
193446
193447
193445
193442
193441
193443
193443
193442
193440
193440
193442
193443
193441
193438
193437
193437
193437
193434
193430
193429
193430
193428
193424
193420
193417
193416
193414
193410
193405
193401
193400
193398
193393
193388
193387
193387
193386
193382
193377
193373
193371
193368
193364
193361
193361
193364
193368
193370
193372
193376
193381
193388
193391
193394
193400
193408
193414
193417
193420
193424
193430
193436
193440
193444
193448
193452
193455
193456
193456
193456
193456
193456
193454
193449
193447
193447
193445
193442
193437
193434
193435
193435
193433
193430
193431
193435
193438
193437
193437
193437
193441
193445
193446
193446
193445
193444
193443
193440
193438
193438
193439
193440
193440
193439
193442
193446
193449
193451
193449
193446
193444
193441
193435
193425
193417
193413
193409
193403
193399
193400
193403
193405
193406
193408
193413
193419
193423
193426
193427
193426
193425
193423
193418
193413
193410
193407
193406
193401
193396
193394
193394
193394
193394
193395
193398
193403
193408
193411
193412
193413
193415
193415
193413
193408
193405
193403
193402
193398
193394
193392
193393
193396
193398
193400
193403
193409
193415
193416
193414
193412
193410
193408
193404
193397
193393
193390
193388
193383
193378
193377
193379
193381
193383
193385
193388
193393
193398
193399
193399
193401
193402
193405
193404
193401
193398
193397
193396
193394
193389
193387
193387
193388
193386
193385
193388
193392
193396
193397
193397
193397
193397
193397
193394
193389
193385
193384
193383
193382
193379
193377
193378
193381
193381
193381
193382
193386
193392
193395
193397
193398
193401
193402
193402
193401
193401
193404
193407
193409
193412
193414
193419
193422
193423
193422
193423
193427
193429
193431
193431
193433
193437
193442
193444
193445
193447
193450
193453
193453
193450
193449
193450
193452
193452
193451
193452
193455
193458
193457
193458
193460
193466
193470
193471
193471
193472
193474
193475
193474
193470
193470
193471
193471
193468
193464
193461
193459
193456
193451
193445
193440
193438
193437
193433
193429
193427
193427
193426
193422
193418
193417
193417
193417
193417
193414
193412
193412
193414
193413
193412
193413
193415
193417
193417
193418
193419
193420
193422
193421
193418
193417
193417
193417
193416
193413
193411
193410
193409
193407
193404
193402
193402
193402
193400
193397
193397
193399
193402
193403
193402
193402
193404
193406
193406
193406
193407
193410
193413
193414
193413
193414
193416
193417
193415
193413
193414
193416
193418
193417
193416
193416
193416
193419
193418
193416
193417
193417
193416
193413
193409
193406
193405
193403
193398
193393
193390
193386
193382
193376
193368
193362
193358
193355
193351
193348
193348
193351
193355
193358
193359
193360
193365
193370
193373
193376
193378
193379
193378
193377
193375
193372
193371
193371
193368
193363
193361
193361
193362
193361
193360
193360
193362
193365
193365
193366
193369
193373
193376
193377
193376
193377
193380
193383
193385
193387
193389
193394
193399
193404
193408
193413
193418
193424
193427
193427
193427
193429
193430
193427
193421
193416
193414
193411
193406
193402
193399
193399
193400
193400
193396
193396
193398
193400
193400
193399
193398
193401
193403
193404
193404
193403
193404
193407
193408
193407
193406
193407
193410
193410
193408
193405
193403
193402
193398
193392
193387
193384
193381
193377
193370
193365
193363
193362
193360
193358
193355
193355
193354
193350
193347
193344
193344
193344
193342
193340
193337
193338
193341
193341
193341
193341
193343
193345
193345
193345
193346
193349
193351
193350
193348
193347
193349
193350
193350
193347
193345
193347
193348
193347
193344
193342
193342
193344
193343
193342
193342
193344
193348
193351
193354
193357
193362
193366
193366
193366
193365
193367
193367
193366
193365
193363
193364
193366
193366
193364
193363
193363
193364
193364
193363
193364
193367
193370
193370
193369
193368
193368
193369
193368
193364
193361
193360
193360
193361
193361
193362
193366
193370
193373
193375
193377
193381
193385
193386
193386
193386
193386
193387
193386
193383
193382
193384
193388
193390
193393
193396
193400
193404
193405
193404
193404
193406
193408
193408
193408
193409
193411
193414
193414
193412
193411
193411
193412
193410
193406
193403
193402
193402
193401
193400
193399
193401
193402
193402
193401
193403
193406
193408
193410
193411
193410
193411
193411
193409
193406
193404
193404
193406
193405
193403
193400
193399
193399
193399
193397
193396
193396
193396
193394
193391
193389
193391
193392
193391
193389
193387
193386
193386
193385
193384
193383
193384
193385
193383
193382
193382
193384
193388
193388
193386
193384
193384
193385
193384
193383
193381
193380
193382
193381
193379
193379
193381
193385
193386
193385
193384
193386
193389
193392
193392
193391
193391
193394
193393
193391
193389
193388
193388
193386
193384
193382
193382
193382
193380
193378
193376
193376
193377
193375
193373
193371
193371
193371
193370
193367
193365
193366
193366
193364
193361
193357
193357
193358
193357
193355
193354
193355
193357
193357
193355
193355
193357
193361
193363
193362
193361
193364
193368
193369
193368
193368
193371
193373
193374
193373
193372
193373
193376
193376
193374
193373
193374
193375
193375
193372
193371
193373
193376
193375
193372
193371
193372
193373
193373
193370
193365
193363
193364
193362
193360
193357
193357
193360
193359
193356
193354
193355
193356
193355
193351
193348
193348
193348
193348
193347
193346
193347
193349
193348
193347
193344
193342
193343
193342
193339
193336
193334
193333
193329
193324
193320
193318
193319
193319
193318
193316
193317
193319
193319
193318
193318
193322
193326
193327
193327
193327
193329
193331
193333
193334
193335
193339
193345
193348
193348
193349
193352
193356
193359
193360
193362
193366
193371
193373
193373
193374
193377
193381
193384
193384
193384
193387
193389
193389
193388
193386
193385
193384
193383
193380
193378
193379
193380
193381
193381
193381
193384
193389
193391
193391
193390
193392
193395
193395
193394
193394
193396
193400
193401
193400
193399
193399
193398
193397
193394
193391
193392
193394
193396
193394
193391
193391
193390
193388
193384
193382
193382
193383
193381
193379
193376
193375
193377
193376
193374
193374
193376
193378
193379
193379
193380
193382
193384
193385
193384
193382
193383
193385
193385
193385
193383
193384
193384
193383
193380
193378
193377
193377
193377
193375
193373
193374
193374
193375
193377
193379
193384
193388
193391
193391
193392
193395
193400
193402
193401
193401
193402
193405
193406
193406
193406
193407
193408
193407
193405
193403
193403
193403
193402
193398
193394
193394
193395
193395
193392
193389
193389
193389
193386
193381
193377
193375
193374
193374
193374
193374
193375
193377
193379
193379
193378
193379
193381
193382
193379
193378
193381
193383
193383
193381
193378
193377
193376
193373
193369
193366
193366
193367
193367
193366
193364
193364
193365
193366
193363
193361
193360
193361
193359
193356
193354
193353
193355
193354
193354
193354
193356
193360
193361
193362
193362
193364
193366
193368
193368
193368
193370
193374
193375
193374
193373
193375
193379
193382
193380
193378
193379
193380
193380
193380
193377
193378
193379
193378
193375
193372
193370
193371
193370
193367
193366
193366
193366
193364
193360
193356
193355
193355
193353
193349
193345
193344
193345
193345
193343
193343
193345
193347
193349
193349
193348
193349
193351
193352
193351
193349
193350
193350
193349
193347
193344
193344
193346
193346
193345
193343
193344
193346
193348
193348
193346
193348
193350
193353
193354
193354
193354
193355
193356
193355
193354
193356
193361
193365
193365
193365
193367
193371
193375
193376
193377
193380
193384
193388
193389
193390
193393
193396
193399
193397
193396
193397
193400
193401
193398
193395
193394
193394
193393
193391
193387
193387
193389
193391
193393
193393
193395
193401
193405
193406
193407
193410
193412
193413
193412
193410
193411
193412
193411
193408
193404
193404
193406
193406
193404
193401
193400
193401
193401
193399
193396
193394
193394
193392
193388
193381
193376
193373
193368
193362
193357
193355
193353
193350
193347
193346
193346
193347
193347
193345
193344
193345
193347
193348
193346
193345
193345
193349
193351
193351
193349
193349
193352
193353
193353
193352
193354
193357
193361
193361
193359
193359
193361
193362
193361
193359
193361
193363
193363
193362
193362
193363
193365
193366
193363
193360
193360
193361
193361
193359
193359
193361
193363
193365
193364
193363
193363
193364
193364
193362
193360
193360
193361
193363
193363
193361
193361
193365
193367
193366
193365
193366
193368
193368
193366
193364
193364
193365
193366
193366
193366
193366
193369
193371
193369
193368
193368
193369
193369
193367
193363
193363
193362
193360
193357
193355
193356
193358
193361
193361
193361
193362
193364
193366
193366
193365
193366
193369
193370
193366
193363
193362
193363
193364
193361
193360
193361
193363
193365
193364
193363
193364
193366
193365
193363
193360
193358
193357
193355
193353
193350
193350
193352
193355
193356
193356
193357
193360
193363
193364
193364
193366
193369
193371
193371
193373
193376
193380
193383
193384
193383
193384
193386
193388
193388
193387
193386
193387
193388
193388
193386
193387
193388
193388
193384
193382
193383
193384
193385
193385
193384
193384
193385
193385
193384
193382
193382
193384
193387
193387
193385
193386
193387
193385
193381
193377
193375
193376
193376
193373
193371
193368
193367
193366
193363
193358
193358
193360
193362
193360
193359
193358
193359
193360
193358
193354
193354
193354
193353
193349
193345
193343
193342
193342
193341
193339
193340
193342
193344
193343
193342
193342
193344
193345
193344
193340
193338
193340
193341
193340
193337
193336
193336
193337
193335
193334
193335
193339
193342
193343
193343
193345
193348
193350
193348
193347
193349
193352
193355
193355
193355
193357
193359
193361
193361
193361
193362
193365
193367
193367
193366
193366
193368
193370
193370
193368
193367
193368
193370
193369
193368
193369
193372
193374
193374
193374
193375
193378
193380
193380
193379
193379
193381
193382
193381
193380
193381
193382
193382
193380
193377
193376
193376
193378
193378
193376
193375
193375
193375
193372
193369
193368
193369
193369
193367
193365
193365
193366
193365
193364
193360
193359
193361
193361
193360
193356
193355
193355
193355
193354
193352
193351
193352
193354
193353
193350
193349
193350
193350
193349
193348
193347
193348
193348
193347
193345
193343
193343
193343
193341
193340
193339
193341
193342
193343
193343
193345
193348
193350
193348
193347
193349
193351
193353
193352
193349
193349
193351
193352
193350
193348
193348
193349
193350
193349
193347
193347
193349
193352
193352
193350
193349
193350
193353
193353
193352
193352
193355
193358
193358
193356
193356
193358
193360
193357
193354
193353
193355
193358
193358
193357
193359
193363
193365
193364
193364
193364
193366
193368
193369
193368
193369
193371
193372
193369
193365
193364
193364
193363
193361
193357
193355
193355
193355
193351
193347
193345
193345
193346
193345
193341
193341
193342
193343
193340
193338
193337
193338
193339
193338
193337
193337
193338
193338
193336
193334
193335
193336
193336
193336
193335
193335
193336
193336
193334
193332
193329
193329
193329
193329
193327
193326
193327
193326
193322
193318
193317
193316
193315
193312
193308
193308
193310
193311
193308
193306
193305
193305
193305
193304
193303
193304
193307
193309
193309
193309
193309
193310
193310
193309
193307
193305
193305
193305
193304
193301
193301
193304
193307
193309
193310
193314
193319
193323
193324
193324
193326
193330
193333
193336
193338
193341
193345
193348
193350
193350
193352
193354
193356
193356
193355
193355
193356
193357
193357
193357
193359
193361
193362
193361
193359
193360
193361
193362
193361
193359
193359
193360
193361
193359
193356
193355
193356
193357
193357
193354
193352
193355
193358
193359
193358
193359
193361
193362
193361
193360
193360
193361
193363
193363
193362
193362
193364
193366
193367
193365
193365
193368
193372
193373
193373
193373
193373
193375
193374
193372
193371
193372
193373
193372
193369
193368
193368
193368
193367
193364
193363
193364
193365
193365
193364
193362
193364
193366
193365
193362
193359
193359
193359
193358
193356
193354
193354
193356
193357
193356
193355
193357
193358
193357
193354
193354
193357
193359
193359
193357
193356
193358
193359
193356
193353
193350
193349
193347
193344
193340
193338
193340
193342
193342
193341
193342
193345
193348
193348
193347
193346
193348
193349
193348
193346
193343
193341
193340
193338
193335
193335
193335
193336
193335
193334
193335
193339
193341
193341
193339
193340
193343
193347
193348
193347
193347
193349
193352
193353
193353
193354
193356
193358
193356
193355
193356
193358
193360
193359
193356
193355
193357
193359
193358
193355
193353
193354
193354
193353
193351
193350
193352
193354
193354
193353
193354
193356
193357
193357
193356
193356
193358
193360
193360
193359
193358
193361
193364
193364
193363
193363
193363
193363
193361
193357
193355
193356
193356
193356
193356
193356
193357
193358
193358
193356
193355
193357
193358
193358
193358
193360
193364
193367
193368
193365
193364
193365
193368
193367
193364
193363
193364
193365
193364
193362
193360
193361
193363
193363
193360
193358
193359
193361
193360
193358
193356
193357
193358
193356
193351
193348
193346
193344
193339
193333
193327
193324
193324
193321
193318
193315
193315
193314
193310
193305
193303
193304
193304
193301
193297
193296
193297
193300
193300
193300
193299
193299
193299
193296
193291
193288
193288
193288
193287
193284
193282
193284
193286
193288
193288
193289
193296
193303
193307
193311
193316
193325
193333
193338
193343
193349
193354
193359
193361
193361
193361
193364
193366
193364
193362
193362
193364
193366
193367
193367
193366
193366
193367
193366
193364
193363
193365
193369
193369
193366
193365
193366
193369
193368
193367
193367
193369
193371
193371
193369
193368
193368
193369
193368
193366
193364
193365
193366
193367
193365
193364
193365
193367
193368
193367
193365
193366
193367
193364
193361
193358
193357
193357
193356
193354
193354
193355
193358
193359
193359
193360
193362
193365
193365
193363
193361
193362
193363
193362
193358
193355
193356
193357
193358
193356
193357
193359
193360
193359
193356
193355
193355
193355
193354
193352
193352
193354
193355
193353
193350
193351
193354
193358
193360
193363
193365
193370
193375
193376
193374
193373
193373
193373
193370
193367
193363
193361
193359
193356
193351
193347
193347
193350
193350
193347
193344
193344
193344
193340
193336
193331
193329
193327
193324
193321
193320
193322
193325
193324
193323
193323
193326
193330
193331
193332
193334
193338
193342
193342
193342
193341
193342
193341
193337
193332
193326
193322
193320
193317
193313
193310
193308
193308
193306
193302
193300
193300
193301
193303
193302
193302
193305
193309
193313
193316
193320
193327
193333
193336
193336
193337
193340
193342
193343
193341
193340
193340
193339
193337
193333
193329
193327
193327
193325
193321
193320
193322
193325
193327
193326
193326
193327
193328
193327
193324
193320
193319
193319
193317
193314
193313
193314
193316
193315
193315
193315
193319
193324
193327
193327
193328
193332
193336
193339
193339
193340
193344
193347
193348
193349
193351
193354
193357
193357
193354
193352
193352
193351
193350
193347
193344
193343
193344
193342
193339
193337
193337
193337
193336
193335
193335
193338
193344
193347
193347
193348
193351
193354
193353
193349
193346
193346
193346
193345
193342
193340
193340
193341
193343
193343
193342
193343
193345
193346
193346
193345
193347
193350
193350
193349
193347
193347
193348
193346
193343
193341
193340
193340
193338
193334
193331
193331
193332
193334
193334
193332
193333
193335
193335
193333
193331
193331
193332
193332
193330
193329
193331
193334
193334
193332
193332
193336
193341
193344
193344
193345
193349
193354
193354
193350
193347
193347
193348
193347
193345
193342
193341
193341
193340
193337
193336
193337
193341
193343
193343
193344
193346
193349
193351
193350
193350
193352
193354
193354
193351
193349
193348
193349
193349
193346
193346
193346
193347
193346
193342
193339
193336
193335
193333
193331
193330
193331
193333
193333
193333
193335
193338
193340
193341
193339
193338
193340
193344
193344
193341
193339
193339
193339
193337
193334
193331
193331
193333
193332
193330
193327
193327
193328
193328
193326
193324
193324
193324
193324
193322
193321
193322
193324
193324
193322
193322
193325
193328
193331
193333
193336
193340
193343
193344
193344
193344
193346
193349
193350
193348
193346
193348
193351
193353
193353
193352
193355
193358
193359
193358
193359
193361
193364
193366
193365
193365
193368
193371
193373
193373
193373
193376
193380
193381
193381
193381
193383
193385
193385
193382
193378
193378
193378
193375
193372
193369
193368
193369
193367
193364
193361
193361
193362
193362
193361
193360
193362
193365
193366
193366
193365
193367
193369
193371
193369
193367
193367
193367
193365
193364
193362
193361
193361
193359
193356
193352
193352
193354
193354
193351
193348
193348
193350
193350
193349
193346
193345
193346
193345
193344
193345
193346
193348
193349
193348
193346
193345
193344
193341
193337
193332
193330
193329
193327
193325
193323
193325
193328
193329
193330
193331
193335
193339
193340
193340
193340
193342
193343
193342
193340
193338
193339
193340
193340
193337
193335
193337
193340
193341
193341
193341
193342
193344
193345
193343
193342
193344
193347
193347
193344
193341
193339
193336
193333
193326
193319
193315
193312
193307
193300
193294
193291
193290
193289
193286
193284
193286
193288
193290
193290
193289
193293
193298
193302
193304
193306
193309
193312
193313
193313
193312
193313
193315
193317
193317
193315
193316
193318
193319
193317
193315
193317
193321
193323
193322
193321
193322
193324
193324
193324
193324
193326
193327
193328
193329
193329
193329
193331
193332
193329
193327
193328
193332
193333
193331
193329
193330
193331
193332
193333
193333
193335
193338
193339
193339
193339
193341
193343
193343
193339
193336
193337
193339
193340
193340
193340
193343
193346
193347
193345
193343
193343
193346
193346
193343
193341
193341
193342
193340
193337
193333
193332
193331
193331
193330
193328
193331
193334
193333
193330
193327
193325
193326
193327
193326
193325
193326
193326
193326
193325
193323
193324
193325
193324
193321
193318
193316
193316
193314
193311
193309
193309
193310
193309
193306
193305
193308
193311
193312
193311
193311
193314
193317
193320
193320
193320
193322
193325
193326
193325
193325
193327
193331
193332
193333
193333
193335
193337
193338
193338
193337
193338
193342
193346
193348
193350
193353
193357
193360
193360
193360
193363
193366
193368
193368
193368
193370
193374
193375
193375
193376
193378
193380
193380
193378
193375
193375
193375
193374
193372
193369
193368
193369
193368
193366
193362
193360
193361
193361
193358
193357
193358
193360
193360
193359
193356
193357
193359
193360
193359
193357
193357
193357
193357
193355
193354
193354
193355
193356
193354
193352
193353
193355
193355
193356
193355
193358
193364
193368
193370
193373
193376
193381
193385
193388
193388
193390
193393
193394
193390
193386
193385
193384
193382
193379
193376
193374
193372
193370
193365
193361
193359
193358
193354
193349
193345
193342
193341
193340
193337
193335
193335
193335
193335
193332
193329
193329
193330
193329
193327
193324
193325
193326
193328
193327
193327
193331
193334
193337
193337
193336
193337
193338
193338
193336
193333
193332
193333
193334
193331
193328
193328
193328
193329
193327
193324
193324
193324
193322
193319
193315
193311
193310
193310
193307
193304
193305
193309
193311
193312
193312
193313
193316
193317
193318
193317
193318
193320
193320
193317
193312
193311
193313
193314
193314
193314
193316
193320
193323
193325
193327
193331
193335
193338
193339
193338
193340
193340
193340
193336
193332
193329
193326
193323
193318
193314
193313
193315
193316
193314
193314
193316
193320
193321
193322
193322
193322
193321
193319
193314
193308
193305
193303
193301
193297
193292
193290
193289
193288
193287
193286
193287
193290
193292
193292
193292
193294
193297
193297
193293
193289
193287
193286
193288
193287
193285
193286
193289
193293
193295
193296
193301
193308
193314
193317
193321
193326
193330
193331
193329
193324
193319
193317
193314
193309
193305
193306
193307
193309
193310
193311
193314
193318
193323
193324
193325
193328
193334
193338
193339
193339
193339
193341
193341
193338
193335
193335
193336
193334
193332
193327
193325
193325
193325
193323
193321
193321
193323
193327
193328
193329
193331
193333
193333
193331
193328
193326
193325
193322
193317
193313
193311
193310
193308
193307
193308
193309
193314
193319
193320
193322
193325
193331
193335
193336
193337
193340
193344
193346
193343
193341
193341
193342
193341
193339
193337
193336
193336
193337
193336
193335
193338
193341
193342
193343
193342
193344
193346
193347
193346
193345
193344
193347
193350
193349
193347
193349
193349
193349
193347
193344
193341
193341
193339
193335
193330
193325
193323
193321
193318
193313
193310
193309
193308
193303
193297
193294
193290
193285
193278
193268
193261
193257
193253
193246
193238
193235
193232
193231
193227
193223
193223
193225
193226
193226
193228
193231
193235
193239
193238
193238
193240
193244
193246
193245
193245
193246
193247
193249
193250
193249
193251
193253
193256
193258
193258
193261
193264
193267
193266
193266
193269
193273
193279
193282
193283
193287
193291
193294
193295
193295
193295
193297
193299
193299
193300
193300
193303
193305
193306
193307
193309
193314
193318
193318
193316
193317
193319
193320
193319
193318
193318
193320
193321
193318
193316
193313
193314
193314
193313
193310
193311
193313
193314
193314
193314
193317
193320
193323
193323
193324
193326
193328
193331
193331
193331
193332
193334
193336
193335
193334
193335
193338
193340
193340
193340
193341
193344
193346
193346
193346
193347
193349
193352
193352
193351
193351
193351
193351
193349
193348
193349
193349
193349
193349
193347
193347
193349
193351
193349
193348
193349
193351
193354
193353
193352
193352
193353
193354
193352
193350
193348
193349
193349
193346
193343
193342
193342
193342
193339
193336
193336
193337
193339
193337
193334
193333
193332
193331
193328
193324
193322
193321
193320
193318
193315
193315
193316
193316
193313
193309
193308
193309
193310
193309
193308
193308
193309
193310
193307
193305
193304
193306
193308
193307
193304
193303
193303
193303
193301
193298
193298
193300
193300
193298
193295
193293
193293
193294
193292
193291
193291
193294
193295
193293
193290
193289
193288
193287
193283
193281
193280
193280
193281
193280
193277
193276
193279
193280
193281
193280
193281
193284
193287
193288
193289
193290
193294
193296
193295
193293
193292
193292
193294
193293
193291
193290
193292
193292
193290
193288
193286
193286
193287
193286
193286
193286
193288
193290
193291
193290
193289
193290
193290
193289
193287
193286
193287
193288
193286
193284
193284
193285
193286
193284
193282
193284
193287
193288
193288
193289
193290
193293
193296
193297
193295
193295
193295
193296
193296
193295
193297
193300
193303
193302
193301
193302
193303
193304
193303
193300
193298
193298
193298
193296
193294
193293
193295
193296
193294
193293
193295
193298
193299
193299
193298
193298
193299
193301
193300
193298
193298
193299
193300
193299
193298
193296
193296
193298
193295
193293
193292
193295
193297
193296
193295
193295
193296
193297
193296
193293
193292
193292
193291
193288
193285
193286
193287
193287
193284
193281
193278
193279
193279
193277
193276
193277
193280
193282
193283
193283
193284
193286
193289
193288
193287
193286
193286
193287
193286
193285
193285
193288
193291
193292
193292
193293
193296
193298
193299
193298
193297
193297
193297
193296
193296
193296
193298
193299
193298
193297
193296
193296
193298
193296
193295
193295
193296
193297
193296
193292
193291
193292
193293
193291
193289
193288
193292
193295
193295
193295
193296
193301
193304
193305
193304
193305
193309
193313
193314
193315
193317
193322
193325
193324
193323
193325
193328
193330
193331
193332
193333
193336
193338
193338
193338
193338
193342
193346
193346
193344
193342
193342
193343
193343
193342
193341
193344
193346
