193346
193345
193346
193348
193350
193350
193349
193349
193351
193353
193352
193349
193348
193348
193349
193348
193346
193345
193345
193346
193345
193344
193342
193341
193341
193339
193335
193333
193333
193334
193332
193329
193327
193329
193330
193329
193326
193325
193325
193326
193324
193322
193320
193321
193322
193320
193318
193318
193321
193322
193320
193318
193317
193318
193320
193320
193317
193317
193318
193318
193315
193311
193310
193311
193311
193310
193308
193308
193309
193310
193308
193306
193305
193305
193306
193305
193303
193301
193302
193306
193307
193305
193304
193303
193305
193304
193303
193303
193304
193306
193305
193303
193302
193301
193300
193296
193292
193290
193289
193289
193286
193283
193284
193287
193289
193289
193289
193291
193293
193296
193299
193300
193301
193305
193308
193309
193309
193310
193312
193314
193314
193312
193310
193310
193310
193308
193304
193304
193306
193308
193306
193303
193304
193306
193306
193305
193303
193302
193303
193304
193302
193300
193298
193298
193298
193295
193292
193291
193292
193294
193293
193290
193287
193288
193289
193287
193283
193281
193282
193283
193282
193279
193279
193281
193284
193285
193284
193284
193286
193288
193288
193287
193287
193290
193294
193295
193296
193300
193304
193306
193307
193307
193309
193311
193314
193313
193312
193312
193312
193312
193311
193308
193305
193305
193307
193306
193304
193303
193305
193307
193307
193306
193305
193307
193308
193308
193306
193305
193306
193306
193306
193304
193303
193304
193307
193305
193304
193305
193308
193310
193310
193309
193310
193313
193316
193319
193321
193324
193328
193331
193332
193331
193332
193334
193336
193336
193335
193334
193334
193335
193333
193330
193327
193327
193327
193325
193322
193322
193323
193324
193323
193322
193322
193325
193326
193325
193321
193320
193322
193323
193321
193320
193319
193321
193322
193321
193320
193319
193322
193324
193325
193324
193324
193324
193324
193323
193319
193318
193320
193322
193320
193318
193318
193320
193321
193321
193319
193319
193321
193323
193322
193319
193317
193318
193320
193319
193316
193314
193316
193318
193317
193316
193316
193317
193317
193315
193314
193312
193312
193312
193310
193307
193307
193307
193308
193306
193302
193301
193301
193301
193299
193298
193296
193295
193297
193296
193293
193294
193296
193297
193296
193295
193296
193299
193301
193302
193302
193303
193305
193307
193308
193308
193308
193310
193311
193310
193308
193308
193310
193313
193312
193310
193309
193311
193313
193310
193308
193306
193306
193308
193308
193307
193306
193310
193312
193313
193312
193311
193312
193313
193312
193310
193308
193308
193308
193306
193302
193298
193299
193299
193297
193294
193292
193294
193296
193295
193295
193296
193299
193300
193300
193297
193298
193301
193303
193302
193301
193301
193302
193305
193306
193304
193304
193306
193308
193307
193304
193301
193300
193299
193295
193290
193286
193284
193283
193279
193273
193267
193264
193262
193260
193257
193255
193257
193258
193259
193256
193255
193258
193260
193260
193260
193261
193263
193266
193264
193262
193262
193264
193265
193264
193262
193262
193264
193265
193265
193263
193261
193261
193264
193266
193267
193268
193270
193271
193270
193269
193269
193272
193275
193276
193276
193278
193281
193284
193283
193281
193280
193281
193282
193282
193282
193283
193284
193285
193286
193284
193282
193283
193286
193286
193285
193285
193288
193291
193291
193289
193290
193294
193298
193298
193298
193299
193302
193305
193306
193307
193310
193314
193318
193320
193320
193320
193322
193325
193325
193323
193321
193323
193324
193325
193323
193321
193322
193322
193320
193318
193317
193317
193320
193319
193318
193318
193320
193321
193320
193318
193319
193321
193323
193323
193321
193321
193323
193325
193324
193320
193318
193320
193322
193321
193319
193319
193322
193326
193326
193324
193323
193325
193325
193323
193320
193318
193319
193320
193319
193318
193317
193318
193319
193318
193315
193313
193314
193315
193312
193307
193304
193301
193299
193296
193292
193289
193287
193286
193284
193281
193280
193281
193281
193278
193276
193274
193275
193276
193273
193271
193270
193271
193271
193270
193270
193271
193274
193278
193279
193277
193278
193282
193287
193289
193289
193289
193292
193293
193293
193291
193289
193290
193291
193291
193290
193290
193290
193290
193288
193288
193286
193286
193288
193288
193288
193289
193291
193292
193293
193294
193295
193297
193300
193300
193299
193296
193295
193296
193295
193294
193294
193295
193299
193300
193297
193299
193302
193305
193305
193302
193299
193297
193296
193294
193290
193287
193286
193285
193282
193278
193275
193276
193277
193276
193273
193270
193270
193271
193270
193269
193269
193269
193270
193270
193269
193268
193269
193270
193269
193266
193262
193262
193263
193261
193258
193258
193263
193267
193268
193268
193271
193276
193280
193280
193280
193279
193280
193282
193281
193279
193279
193283
193287
193289
193288
193289
193291
193294
193296
193295
193297
193301
193306
193308
193308
193307
193309
193310
193309
193308
193308
193308
193310
193311
193310
193309
193312
193316
193317
193318
193318
193321
193324
193324
193323
193323
193325
193326
193324
193320
193315
193313
193311
193305
193299
193294
193292
193290
193286
193282
193279
193279
193279
193276
193273
193272
193273
193275
193275
193277
193279
193283
193287
193288
193288
193287
193287
193289
193288
193287
193288
193291
193295
193297
193296
193295
193296
193298
193298
193296
193295
193296
193298
193297
193295
193294
193297
193300
193301
193300
193299
193302
193306
193307
193306
193307
193309
193312
193312
193311
193311
193314
193317
193318
193319
193320
193324
193327
193330
193330
193330
193333
193336
193335
193333
193332
193332
193332
193329
193326
193323
193323
193324
193324
193321
193320
193322
193324
193323
193320
193318
193318
193320
193320
193320
193320
193320
193322
193322
193322
193321
193322
193324
193324
193321
193318
193317
193318
193318
193317
193317
193320
193323
193323
193321
193321
193323
193324
193323
193319
193314
193310
193306
193302
193296
193290
193288
193289
193288
193286
193286
193288
193290
193290
193288
193287
193288
193290
193291
193290
193288
193288
193288
193286
193284
193281
193280
193279
193276
193273
193270
193270
193271
193271
193268
193267
193267
193269
193270
193268
193265
193264
193264
193264
193262
193261
193265
193268
193271
193271
193271
193273
193276
193277
193277
193278
193280
193281
193279
193276
193275
193276
193278
193277
193275
193274
193276
193279
193278
193275
193275
193278
193281
193283
193282
193283
193284
193285
193283
193280
193276
193276
193277
193274
193272
193271
193273
193276
193276
193275
193277
193281
193283
193284
193284
193281
193280
193280
193278
193273
193267
193265
193265
193263
193261
193259
193260
193262
193263
193264
193265
193270
193275
193279
193281
193282
193283
193285
193286
193285
193284
193285
193288
193289
193287
193287
193289
193293
193298
193301
193303
193309
193314
193320
193324
193325
193328
193331
193332
193332
193333
193335
193337
193338
193337
193336
193337
193340
193342
193342
193342
193347
193353
193354
193355
193354
193357
193360
193361
193359
193357
193356
193355
193352
193348
193345
193343
193343
193340
193337
193333
193332
193331
193328
193324
193321
193319
193319
193315
193309
193303
193300
193297
193293
193288
193283
193280
193279
193276
193272
193271
193272
193273
193274
193273
193272
193273
193273
193270
193268
193265
193264
193264
193264
193262
193261
193261
193264
193265
193262
193260
193261
193263
193264
193263
193262
193264
193265
193263
193263
193264
193265
193266
193265
193262
193259
193259
193258
193257
193254
193252
193252
193253
193253
193254
193255
193258
193260
193260
193259
193260
193264
193269
193272
193274
193274
193277
193279
193277
193274
193273
193273
193275
193275
193274
193272
193274
193276
193279
193280
193282
193285
193290
193291
193292
193291
193292
193293
193291
193289
193286
193288
193290
193290
193287
193285
193285
193288
193288
193286
193286
193289
193292
193295
193295
193295
193297
193299
193297
193294
193292
193292
193293
193292
193290
193288
193288
193290
193290
193288
193285
193284
193284
193281
193279
193276
193276
193277
193277
193275
193275
193277
193280
193281
193282
193282
193285
193288
193289
193288
193286
193287
193289
193288
193286
193286
193286
193288
193286
193284
193281
193283
193286
193288
193289
193291
193296
193302
193307
193310
193313
193317
193319
193319
193315
193312
193312
193312
193309
193306
193304
193302
193302
193302
193300
193298
193300
193302
193303
193302
193302
193303
193306
193307
193307
193308
193310
193311
193309
193304
193300
193299
193297
193292
193287
193284
193284
193285
193286
193287
193287
193290
193293
193294
193294
193293
193295
193298
193300
193298
193297
193297
193297
193296
193293
193292
193294
193296
193297
193297
193296
193297
193298
193297
193295
193293
193293
193294
193295
193294
193292
193293
193294
193292
193288
193285
193282
193281
193280
193277
193273
193272
193274
193273
193269
193268
193268
193269
193269
193267
193266
193267
193269
193268
193264
193261
193259
193258
193257
193256
193256
193259
193263
193266
193266
193265
193267
193271
193274
193276
193276
193280
193284
193285
193285
193285
193287
193289
193289
193286
193283
193282
193281
193280
193278
193280
193284
193289
193292
193294
193296
193299
193303
193303
193302
193300
193301
193303
193302
193301
193300
193301
193301
193299
193293
193287
193285
193285
193285
193283
193283
193286
193290
193292
193292
193292
193293
193296
193297
193298
193298
193299
193302
193302
193300
193297
193296
193296
193295
193292
193291
193292
193295
193295
193295
193294
193296
193298
193298
193296
193294
193292
193291
193290
193286
193284
193285
193286
193285
193283
193281
193281
193283
193283
193281
193280
193282
193285
193285
193283
193283
193283
193285
193286
193286
193284
193286
193289
193289
193287
193285
193286
193289
193289
193287
193286
193287
193289
193288
193285
193283
193282
193284
193285
193284
193282
193281
193283
193284
193284
193286
193289
193293
193294
193292
193289
193289
193290
193290
193288
193288
193289
193291
193291
193287
193284
193284
193284
193283
193279
193276
193274
193271
193270
193267
193265
193265
193266
193265
193262
193257
193256
193256
193256
193252
193251
193252
193253
193252
193250
193249
193250
193252
193252
193251
193250
193253
193256
193256
193254
193251
193250
193250
193249
193246
193243
193241
193240
193238
193235
193233
193233
193233
193233
193231
193231
193234
193236
193238
193237
193237
193238
193242
193244
193244
193245
193248
193252
193254
193254
193254
193257
193260
193262
193262
193262
193264
193267
193267
193266
193266
193268
193270
193270
193268
193266
193266
193267
193267
193266
193264
193266
193269
193270
193270
193271
193274
193277
193279
193279
193278
193278
193279
193277
193273
193270
193270
193270
193269
193267
193264
193263
193264
193263
193261
193261
193264
193266
193267
193266
193265
193266
193268
193268
193267
193266
193267
193269
193271
193270
193270
193274
193277
193279
193278
193278
193281
193283
193283
193280
193279
193279
193281
193281
193279
193278
193280
193281
193282
193280
193278
193278
193280
193282
193281
193280
193280
193281
193281
193279
193278
193279
193281
193282
193282
193281
193283
193286
193287
193285
193282
193282
193281
193280
193278
193277
193277
193279
193280
193280
193282
193287
193293
193298
193301
193303
193303
193302
193299
193295
193290
193287
193285
193283
193280
193278
193276
193276
193277
193278
193280
193285
193290
193292
193291
193288
193285
193283
193279
193272
193265
193260
193257
193253
193249
193246
193246
193249
193251
193252
193253
193258
193263
193266
193265
193262
193260
193258
193254
193251
193249
193250
193252
193253
193253
193252
193252
193255
193255
193254
193254
193257
193263
193267
193269
193271
193275
193280
193283
193283
193283
193284
193287
193288
193288
193289
193292
193295
193296
193295
193295
193299
193304
193308
193310
193312
193316
193319
193321
193318
193315
193314
193313
193311
193309
193307
193307
193309
193308
193305
193305
193307
193310
193310
193310
193309
193311
193313
193315
193312
193309
193309
193310
193310
193306
193301
193297
193295
193292
193288
193283
193282
193282
193281
193278
193276
193277
193278
193279
193276
193273
193273
193274
193273
193270
193268
193268
193268
193266
193262
193258
193256
193256
193255
193251
193248
193246
193247
193244
193241
193238
193236
193236
193236
193232
193229
193228
193227
193225
193222
193217
193216
193218
193217
193214
193211
193212
193214
193213
193212
193211
193213
193215
193215
193214
193214
193216
193218
193218
193216
193215
193215
193217
193218
193218
193218
193221
193225
193228
193229
193230
193233
193238
193242
193245
193246
193251
193257
193262
193265
193269
193275
193283
193288
193290
193291
193295
193299
193302
193302
193303
193306
193309
193310
193310
193309
193310
193312
193315
193315
193315
193316
193319
193322
193323
193321
193322
193323
193323
193319
193316
193316
193316
193316
193315
193312
193312
193311
193310
193309
193309
193309
193311
193312
193310
193308
193309
193310
193309
193305
193302
193300
193297
193293
193287
193281
193280
193282
193281
193277
193275
193274
193275
193275
193272
193269
193269
193270
193271
193270
193269
193269
193269
193267
193264
193261
193261
193262
193262
193260
193259
193259
193260
193258
193256
193254
193253
193254
193254
193252
193251
193251
193252
193252
193251
193251
193251
193254
193255
193253
193251
193252
193254
193256
193255
193254
193255
193258
193259
193259
193257
193257
193257
193256
193254
193253
193255
193258
193260
193258
193257
193258
193259
193257
193255
193255
193256
193258
193259
193258
193256
193257
193260
193262
193262
193260
193260
193261
193262
193262
193262
193263
193265
193265
193263
193260
193259
193259
193257
193254
193251
193251
193252
193251
193249
193247
193248
193248
193248
193246
193244
193243
193246
193248
193248
193247
193249
193252
193253
193254
193253
193253
193254
193253
193252
193251
193254
193256
193258
193257
193256
193257
193259
193261
193260
193259
193260
193262
193262
193261
193261
193264
193268
193269
193269
193268
193267
193268
193268
193266
193264
193266
193268
193270
193269
193269
193270
193273
193273
193271
193271
193272
193274
193274
193271
193269
193271
193272
193271
193270
193269
193270
193272
193273
193271
193267
193265
193265
193263
193258
193255
193253
193255
193256
193255
193253
193253
193254
193253
193251
193250
193253
193255
193257
193256
193254
193255
193257
193256
193255
193254
193256
193261
193263
193264
193264
193267
193268
193269
193267
193264
193262
193262
193260
193257
193254
193254
193256
193255
193254
193253
193254
193256
193257
193257
193257
193259
193261
193262
193260
193260
193260
193262
193261
193260
193258
193259
193261
193260
193259
193256
193256
193258
193259
193257
193258
193261
193264
193264
193262
193259
193259
193261
193262
193261
193260
193261
193264
193266
193267
193268
193270
193273
193275
193277
193278
193280
193285
193287
193286
193286
193287
193287
193285
193280
193275
193271
193267
193263
193257
193251
193248
193248
193248
193245
193243
193244
193246
193247
193245
193243
193241
193240
193238
193234
193230
193229
193229
193230
193230
193229
193231
193235
193239
193240
193240
193245
193249
193251
193252
193252
193255
193258
193258
193257
193256
193256
193258
193259
193259
193258
193260
193264
193266
193267
193269
193272
193274
193275
193274
193272
193273
193275
193275
193272
193269
193269
193271
193269
193268
193265
193264
193263
193261
193259
193257
193259
193261
193261
193261
193260
193261
193263
193263
193261
193258
193258
193259
193258
193255
193252
193253
193252
193250
193248
193246
193247
193249
193250
193247
193245
193246
193247
193247
193245
193243
193243
193245
193247
193247
193248
193251
193253
193255
193254
193253
193253
193256
193257
193255
193254
193254
193255
193254
193251
193249
193248
193250
193251
193250
193249
193250
193251
193252
193250
193248
193248
193250
193250
193247
193243
193241
193243
193243
193242
193241
193241
193243
193245
193246
193246
193247
193251
193252
193251
193249
193250
193250
193248
193245
193242
193241
193242
193241
193236
193231
193228
193228
193227
193225
193222
193222
193223
193224
193224
193224
193228
193232
193232
193230
193227
193226
193225
193224
193221
193218
193217
193217
193217
193217
193215
193216
193218
193219
193218
193216
193214
193213
193210
193207
193204
193203
193203
193203
193202
193201
193203
193206
193208
193207
193207
193209
193212
193215
193216
193217
193220
193223
193227
193227
193226
193226
193227
193227
193226
193224
193224
193223
193223
193223
193221
193223
193223
193223
193221
193220
193221
193223
193224
193224
193222
193223
193225
193226
193224
193222
193221
193223
193223
193223
193224
193226
193229
193231
193230
193228
193230
193233
193234
193231
193227
193228
193230
193230
193229
193227
193230
193234
193238
193239
193238
193241
193245
193247
193246
193245
193245
193246
193246
193243
193239
193239
193240
193241
193240
193239
193241
193244
193246
193246
193246
193248
193250
193250
193248
193244
193244
193246
193247
193245
193242
193242
193243
193242
193238
193236
193236
193238
193239
193238
193236
193236
193236
193236
193232
193228
193226
193226
193225
193223
193221
193220
193221
193223
193222
193221
193224
193228
193232
193234
193233
193235
193239
193240
193238
193236
193235
193235
193234
193233
193229
193227
193228
193226
193223
193220
193221
193223
193224
193223
193222
193223
193224
193226
193225
193223
193224
193225
193225
193224
193220
193218
193218
193219
193217
193216
193217
193221
193223
193224
193225
193228
193232
193234
193234
193235
193238
193240
193241
193242
193240
193239
193239
193237
193234
193231
193231
193233
193232
193229
193226
193228
193231
193232
193229
193226
193226
193229
193229
193229
193228
193228
193230
193230
193228
193226
193226
193227
193229
193229
193229
193230
193233
193235
193235
193235
193237
193238
193238
193236
193235
193234
193235
193234
193231
193226
193223
193221
193219
193215
193211
193210
193211
193213
193212
193211
193212
193214
193215
193214
193214
193216
193218
193219
193217
193214
193214
193216
193216
193215
193214
193215
193217
193219
193218
193217
193219
193224
193227
193228
193227
193228
193231
193231
193230
193229
193231
193231
193232
193231
193229
193227
193228
193228
193227
193225
193225
193228
193229
193227
193225
193224
193224
193223
193221
193218
193217
193217
193218
193217
193214
193212
193212
193211
193210
193208
193208
193211
193212
193212
193210
193210
193212
193214
193214
193214
193216
193220
193222
193220
193218
193219
193221
193223
193219
193215
193214
193216
193218
193215
193213
193211
193210
193211
193211
193211
193212
193214
193214
193212
193209
193209
193212
193213
193212
193210
193210
193210
193209
193206
193204
193203
193205
193204
193201
193198
193196
193194
193192
193188
193184
193183
193184
193183
193180
193178
193177
193177
193176
193176
193176
193178
193180
193182
193181
193178
193178
193179
193181
193181
193181
193182
193184
193184
193183
193181
193183
193186
193187
193186
193185
193187
193192
193194
193194
193193
193196
193201
193206
193210
193213
193217
193220
193223
193224
193224
193227
193231
193236
193238
193239
193239
193241
193242
193239
193235
193234
193235
193235
193233
193232
193232
193234
193234
193230
193228
193228
193229
193231
193230
193228
193228
193230
193232
193233
193234
193236
193238
193239
193239
193238
193240
193243
193243
193242
193242
193243
193246
193247
193246
193245
193244
193244
193243
193240
193238
193237
193241
193244
193245
193245
193248
193251
193254
193254
193252
193252
193254
193254
193253
193253
193254
193257
193257
193254
193251
193250
193251
193251
193249
193247
193245
193245
193243
193240
193239
193240
193240
193240
193239
193237
193236
193237
193238
193236
193236
193238
193239
193240
193238
193236
193236
193238
193238
193237
193235
193236
193238
193239
193239
193238
193239
193239
193239
193236
193235
193235
193236
193235
193231
193227
193225
193224
193221
193216
193211
193207
193206
193205
193202
193196
193194
193194
193193
193191
193189
193189
193189
193188
193187
193184
193185
193187
193189
193187
193184
193184
193184
193185
193182
193179
193179
193181
193183
193182
193178
193178
193179
193179
193179
193178
193180
193183
193183
193181
193178
193179
193181
193182
193181
193179
193180
193181
193181
193178
193177
193176
193176
193177
193176
193174
193174
193176
193178
193178
193177
193176
193177
193177
193176
193174
193174
193175
193175
193173
193170
193170
193172
193174
193173
193172
193174
193179
193182
193184
193185
193188
193190
193192
193192
193190
193190
193191
193192
193192
193191
193191
193192
193192
193189
193188
193189
193189
193189
193186
193184
193185
193187
193188
193186
193182
193180
193181
193180
193178
193177
193180
193183
193186
193188
193189
193191
193195
193200
193203
193203
193205
193209
193214
193217
193219
193225
193231
193236
193238
193241
193247
193252
193255
193258
193262
193267
193273
193278
193280
193283
193287
193292
193296
193296
193295
193296
193298
193298
193296
193293
193292
193293
193293
193292
193291
193292
193295
193295
193296
193298
193299
193299
193295
193290
193284
193280
193275
193268
193259
193249
193241
193234
193229
193222
193217
193216
193216
193216
193213
193209
193208
193208
193208
193205
193201
193199
193198
193196
193193
193190
193188
193186
193183
193179
193174
193171
193168
193163
193156
193149
193144
193140
193138
193135
193132
193132
193134
193137
193139
193139
193144
193149
193153
193155
193157
193162
193165
193169
193172
193173
193177
193181
193184
193186
193188
193191
193195
193200
193202
193204
193208
193211
193210
193206
193201
193197
193195
193192
193186
193181
193177
193176
193175
193173
193172
193175
193180
193186
193188
193192
193196
193200
193203
193204
193204
193204
193207
193209
193210
193208
193208
193207
193207
193204
193202
193202
193203
193203
193202
193201
193203
193205
193207
193206
193205
193206
193208
193208
193207
193205
193205
193206
193207
193205
193203
193202
193203
193201
193196
193192
193191
193192
193192
193191
193191
193193
193195
193197
193197
193196
193197
193198
193197
193193
193190
193189
193191
193194
193195
193197
193201
193206
193209
193209
193209
193212
193213
193213
193209
193203
193200
193197
193193
193188
193184
193181
193181
193181
193180
193177
193177
193179
193180
193180
193180
193182
193185
193187
193186
193186
193185
193186
193187
193187
193187
193190
193194
193197
193198
193198
193200
193202
193205
193207
193207
193209
193211
193212
193211
193210
193210
193211
193210
193208
193205
193204
193204
193205
193206
193206
193208
193211
193212
193211
193211
193213
193214
193215
193214
193212
193212
193213
193214
193213
193211
193213
193216
193218
193217
193217
193218
193220
193220
193219
193218
193218
193219
193219
193216
193212
193210
193210
193210
193208
193206
193207
193208
193209
193207
193205
193204
193205
193206
193203
193201
193200
193200
193198
193194
193189
193186
193185
193183
193179
193176
193175
193176
193178
193177
193176
193177
193180
193180
193176
193173
193172
193173
193173
193171
193169
193169
193168
193165
193161
193156
193154
193153
193152
193148
193144
193143
193145
193146
193145
193143
193144
193146
193146
193144
193143
193143
193144
193143
193140
193136
193136
193139
193142
193142
193142
193143
193145
193145
193142
193138
193137
193137
193136
193132
193129
193127
193127
193127
193124
193120
193121
193122
193122
193119
193116
193119
193122
193124
193123
193122
193124
193127
193128
193126
193123
193122
193123
193121
193116
193111
193108
193108
193108
193107
193104
193105
193108
193111
193112
193114
193119
193126
193131
193134
193137
193142
193148
193152
193153
193155
193157
193161
193164
193166
193167
193170
193173
193175
193174
193174
193176
193181
193185
193187
193188
193192
193197
193201
193204
193206
193211
193216
193220
193221
193221
193223
193227
193230
193231
193230
193231
193232
193230
193224
193218
193215
193211
193209
193205
193200
193199
193200
193199
193197
193193
193192
193192
193190
193186
193180
193176
193174
193171
193166
193162
193162
193164
193166
193164
193164
193168
193173
193176
193177
193178
193181
193185
193188
193187
193187
193189
193192
193194
193193
193193
193196
193199
193200
193199
193200
193203
193205
193207
193209
193208
193210
193213
193214
193213
193210
193209
193209
193210
193210
193210
193212
193212
193212
193210
193209
193209
193209
193208
193206
193203
193202
193202
193200
193195
193190
193188
193186
193183
193179
193174
193171
193170
193167
193163
193158
193155
193153
193151
193148
193143
193141
193140
193139
193135
193131
193130
193131
193132
193131
193129
193129
193131
193132
193132
193131
193132
193134
193133
193132
193132
193133
193136
193139
193140
193139
193140
193139
193140
193142
193141
193137
193134
193134
193125
193128
193131
193135
193140
193140
193140
193143
193147
193149
193148
193148
193152
193155
193156
193155
193155
193154
193155
193158
193159
193161
193162
193164
193163
193165
193166
193166
193168
193170
193169
193166
193168
193169
193170
193170
193170
193173
193176
193179
193181
193180
193183
193189
193193
193194
193196
193199
193204
193208
193207
193207
193210
193211
193214
193212
193212
193215
193219
193218
193218
193216
193215
193215
193213
193209
193202
193196
193192
193187
193178
193170
193163
193157
193152
193143
193137
193133
193129
193125
193118
193115
193113
193114
193112
193108
193101
193103
193102
193099
193098
193097
193096
193102
193101
193098
193094
193092
193095
193096
193095
193093
193094
193098
193100
193099
193103
193106
193106
193107
193108
193105
193109
193116
193116
193113
193114
193120
193125
193120
193120
193123
193122
193126
193130
193128
193128
193132
193137
193141
193137
193132
193139
193139
193138
193138
193135
193139
193144
193147
193147
193145
193145
193149
193154
193153
193155
193156
193162
193163
193165
193166
193168
193170
193174
193175
193180
193180
193183
193186
193190
193187
193190
193192
193194
193192
193189
193188
193192
193192
193191
193189
193187
193186
193185
193182
193179
193182
193182
193182
193185
193186
193187
193188
193192
193199
193199
193209
193214
193216
193220
193224
193224
193230
193231
193228
193224
193220
193214
193208
193208
193202
193199
193195
193186
193176
193175
193165
193165
193161
193157
193147
193140
193136
193130
193123
193116
193115
193115
193117
193116
193112
193109
193112
193115
193113
193112
193116
193116
193121
193122
193121
193125
193124
193127
193127
193126
193124
193124
193119
193116
193112
193114
193116
193121
193123
193120
193125
193131
193138
193143
193147
193153
193159
193166
193172
193177
193184
193190
193197
193198
193205
193208
193210
193212
193204
193201
193203
193201
193201
193200
193198
193201
193198
193197
193195
193194
193194
193196
193200
193196
193193
193195
193196
193198
193198
193196
193198
193200
193203
193198
193197
193198
193198
193200
193200
193202
193206
193215
193219
193217
193217
193219
193222
193224
193223
193222
193222
193224
193225
193222
193223
193221
193219
193220
193218
193218
193220
193221
193221
193219
193215
193216
193219
193219
193215
193212
193211
193210
193210
193208
193204
193203
193205
193206
193204
193204
193205
193207
193208
193209
193210
193213
193214
193214
193212
193209
193209
193211
193209
193204
193200
193198
193198
193197
193195
193192
193189
193188
193187
193183
193179
193178
193176
193172
193165
193159
193159
193157
193152
193144
193138
193134
193131
193127
193120
193112
193109
193107
193103
193098
193093
193090
193088
193087
193084
193083
193085
193088
193090
193090
193093
193098
193103
193104
193105
193105
193107
193107
193107
193104
193102
193105
193107
193107
193106
193104
193107
193109
193112
193113
193113
193113
193118
193120
193119
193120
193122
193124
193125
193122
193119
193120
193121
193120
193119
193118
193118
193118
193119
193118
193118
193120
193124
193125
193127
193124
193123
193126
193126
193123
193122
193123
193121
193120
193120
193117
193117
193119
193122
193123
193123
193124
193125
193129
193129
193131
193132
193132
193132
193131
193129
193128
193128
193127
193123
193123
193125
193128
193129
193132
193135
193141
193147
193148
193150
193153
193158
193159
193158
193156
193153
193155
193155
193154
193154
193152
193155
193160
193164
193168
193168
193172
193177
193179
193176
193174
193174
193170
193167
193163
193158
193157
193160
193160
193161
193161
193166
193170
193171
193171
193168
193167
193170
193173
193174
193174
193176
193178
193178
193177
193175
193175
193176
193174
193173
193172
193174
193176
193179
193176
193173
193172
193174
193173
193168
193164
193162
193160
193158
193155
193152
193152
193153
193153
193150
193150
193152
193154
193156
193152
193152
193152
193153
193154
193152
193151
193153
193154
193155
193154
193151
193150
193151
193149
193146
193143
193140
193140
193138
193133
193132
193132
193132
193133
193132
193130
193130
193133
193133
193131
193128
193130
193133
193134
193133
193131
193131
193131
193130
193129
193130
193130
193135
193137
193138
193139
193143
193147
193151
193150
193151
193153
193155
193156
193157
193160
193162
193165
193167
193166
193164
193166
193167
193166
193165
193163
193166
193170
193171
193170
193170
193171
193173
193174
193175
193175
193178
193179
193179
193178
193177
193175
193176
193173
193168
193166
193166
193170
193169
193167
193164
193163
193165
193166
193165
193164
193164
193166
193165
193161
193157
193154
193155
193153
193152
193149
193146
193144
193142
193138
193136
193136
193136
193138
193138
193138
193142
193146
193146
193143
193142
193142
193142
193141
193140
193138
193137
193138
193136
193135
193132
193129
193130
193128
193123
193121
193121
193122
193123
193123
193124
193128
193131
193131
193132
193132
193136
193141
193143
193142
193140
193143
193147
193148
193145
193143
193143
193142
193138
193136
193135
193134
193132
193130
193128
193126
193126
193126
193122
193117
193112
193112
193111
193107
193103
193101
193099
193098
193096
193092
193091
193091
193091
193092
193093
193094
193096
193101
193102
193103
193106
193111
193117
193121
193122
193124
193131
193137
193142
193145
193149
193155
193161
193163
193165
193168
193172
193177
193180
193183
193183
193186
193192
193196
193197
193197
193198
193201
193202
193201
193201
193201
193203
193204
193203
193203
193206
193208
193206
193204
193204
193206
193208
193210
193210
193209
193211
193215
193217
193218
193216
193216
193216
193215
193214
193210
193211
193210
193208
193206
193204
193204
193204
193205
193200
193198
193198
193198
193198
193195
193190
193188
193188
193188
193185
193183
193184
193185
193186
193187
193186
193188
193190
193189
193187
193184
193183
193184
193183
193180
193176
193175
193177
193175
193172
193172
193173
193174
193175
193174
193174
193176
193180
193181
193181
193178
193177
193176
193171
193167
193161
193154
193149
193143
193137
193133
193132
193133
193133
193129
193129
193134
193140
193144
193146
193148
193151
193153
193151
193150
193149
193150
193151
193148
193143
193139
193139
193142
193142
193140
193141
193142
193144
193143
193139
193136
193136
193134
193134
193133
193131
193131
193133
193134
193128
193123
193123
193124
193123
193120
193119
193118
193118
193119
193118
193116
193117
193118
193115
193109
193105
193104
193105
193102
193097
193095
193093
193093
193092
193090
193088
193088
193089
193088
193087
193088
193088
193090
193089
193086
193084
193086
193089
193088
193088
193087
193087
193085
193085
193081
193080
193080
193083
193083
193083
193085
193088
193092
193093
193092
193089
193091
193095
193096
193095
193093
193093
193094
193095
193095
193097
193102
193107
193106
193105
193108
193113
193119
193121
193122
193121
193125
193128
193128
193127
193126
193127
193130
193129
193128
193128
193130
193131
193133
193132
193129
193132
193135
193136
193135
193137
193141
193144
193145
193145
193146
193150
193154
193157
193158
193159
193161
193166
193166
193164
193165
193168
193171
193171
193171
193171
193172
193177
193179
193178
193175
193179
193183
193181
193181
193182
193184
193186
193187
193185
193185
193186
193189
193190
193188
193186
193188
193191
193189
193186
193186
193187
193187
193188
193187
193186
193184
193184
193181
193178
193176
193177
193177
193174
193170
193167
193167
193167
193166
193162
193160
193161
193160
193155
193152
193150
193149
193148
193148
193146
193144
193142
193143
193140
193135
193133
193136
193135
193132
193129
193127
193129
193131
193131
193129
193127
193129
193131
193130
193129
193128
193126
193127
193124
193119
193117
193117
193118
193115
193113
193111
193110
193110
193110
193111
193110
193111
193111
193110
193108
193108
193110
193112
193110
193108
193108
193110
193112
193114
193113
193111
193113
193112
193110
193107
193105
193104
193107
193108
193105
193104
193106
193107
193108
193105
193102
193103
193105
193104
193101
193100
193098
193098
193095
193090
193086
193086
193085
193080
193076
193072
193069
193066
193062
193058
193053
193050
193047
193042
193038
193033
193029
193027
193024
193018
193016
193017
193018
193015
193014
193010
193010
193013
193014
193011
193011
193013
193015
193013
193012
193012
193014
193016
193016
193017
193016
193020
193023
193025
193027
193026
193028
193030
193029
193026
193024
193027
193031
193033
193034
193037
193041
193043
193043
193043
193043
193046
193046
193044
193042
193043
193044
193045
193047
193047
193046
193049
193053
193056
193057
193058
193061
193065
193065
193064
193064
193066
193069
193067
193066
193065
193069
193072
193070
193070
193071
193073
193076
193077
193077
193078
193081
193085
193089
193088
193088
193091
193093
193095
193092
193091
193092
193093
193092
193090
193092
193095
193097
193098
193096
193096
193099
193100
193100
193100
193100
193101
193102
193101
193100
193099
193101
193102
193102
193099
193099
193104
193107
193109
193109
193110
193114
193118
193119
193119
193122
193127
193133
193136
193135
193135
193138
193141
193142
193143
193147
193152
193156
193160
193161
193163
193168
193172
193170
193167
193167
193170
193173
193175
193172
193172
193171
193173
193173
193173
193173
193173
193175
193172
193168
193167
193170
193171
193169
193166
193164
193162
193161
193158
193153
193150
193150
193151
193149
193147
193146
193145
193146
193144
193141
193141
193143
193143
193142
193140
193142
193144
193145
193144
193140
193138
193139
193137
193135
193132
193132
193132
193133
193132
193130
193130
193131
193131
193130
193129
193130
193133
193134
193132
193130
193129
193128
193127
193124
193121
193116
193114
193114
193111
193104
193101
193103
193104
193100
193097
193098
193101
193099
193098
193097
193096
193096
193097
193096
193093
193090
193090
193090
193084
193079
193076
193072
193068
193062
193056
193051
193047
193044
193039
193034
193032
193030
193027
193023
193019
193016
193015
193016
193014
193012
193013
193014
193015
193016
193013
193011
193010
193010
193009
193006
193006
193008
193009
193009
193006
193008
193010
193012
193013
193013
193014
193016
193017
193017
193017
193015
193017
193020
193020
193018
193020
193023
193025
193025
193022
193022
193022
193021
193020
193021
193020
193021
193025
193026
193024
193023
193026
193027
193023
193021
193020
193022
193024
193022
193019
193019
193022
193025
193025
193023
193023
193023
193022
193020
193019
193018
193020
193022
193019
193017
193015
193014
193017
193016
193013
193013
193017
193022
193024
193025
193027
193032
193037
193037
193036
193039
193042
193044
193045
193044
193046
193050
193053
193053
193051
193051
193052
193052
193050
193048
193049
193052
193054
193053
193052
193049
193049
193052
193052
193054
193057
193062
193068
193070
193070
193073
193075
193077
193077
193077
193077
193080
193084
193085
193085
193090
193092
193093
193095
193097
193099
193103
193106
193109
193108
193110
193115
193116
193115
193115
193115
193117
193118
193116
193115
193116
193119
193120
193121
193120
193120
193125
193126
193125
193125
193128
193133
193136
193138
193139
193142
193147
193149
193148
193148
193149
193150
193155
193156
193156
193158
193160
193163
193161
193160
193160
193162
193161
193160
193160
193162
193164
193166
193167
193165
193165
193168
193170
193169
193166
193166
193167
193166
193164
193161
193162
193162
193162
193159
193156
193156
193157
193158
193156
193152
193151
193151
193153
193154
193153
193155
193157
193159
193158
193157
193160
193161
193163
193163
193160
193159
193160
193161
193157
193152
193149
193146
193140
193136
193132
193131
193130
193128
193123
193119
193116
193115
193113
193111
193108
193103
193101
193100
193096
193093
193092
193093
193093
193088
193084
193080
193080
193078
193077
193073
193070
193069
193069
193067
193064
193064
193061
193062
193061
193059
193061
193061
193059
193057
193054
193052
193052
193053
193051
193045
193043
193046
193047
193044
193043
193042
193041
193041
193039
193036
193036
193038
193037
193034
193033
193034
193035
193036
193035
193033
193034
193037
193040
193040
193039
193040
193039
193040
193041
193039
193041
193044
193045
193042
193038
193039
193042
193046
193048
193050
193053
193055
193059
193059
193058
193060
193062
193063
193064
193061
193062
193064
193064
193062
193061
193062
193063
193062
193061
193058
193055
193057
193058
193059
193057
193058
193060
193059
193056
193056
193058
193060
193061
193061
193058
193059
193063
193064
193064
193061
193063
193065
193067
193067
193067
193071
193076
193077
193078
193077
193077
193080
193083
193081
193076
193074
193075
193078
193077
193077
193079
193082
193080
193079
193080
193080
193081
193082
193083
193082
193082
193085
193086
193086
193083
193087
193089
193090
193088
193087
193088
193093
193092
193088
193086
193086
193088
193089
193090
193087
193087
193090
193092
193093
193093
193097
193102
193106
193111
193115
193118
193123
193126
193128
193128
193131
193137
193141
193143
193146
193151
193156
193159
193160
193160
193162
193165
193164
193162
193157
193155
193155
193153
193148
193143
193141
193139
193137
193135
193132
193133
193133
193131
193129
193125
193125
193125
193125
193125
193122
193122
193123
193123
193121
193123
193125
193125
193125
193126
193128
193133
193134
193137
193136
193135
193135
193135
193134
193132
193128
193128
193130
193132
193131
193130
193133
193137
193137
193136
193137
193136
193137
193136
193135
193131
193131
193132
193131
193131
193129
193132
193133
193131
193128
193127
193128
193129
193128
193125
193123
193121
193120
193117
193113
193109
193108
193108
193108
193102
193096
193097
193099
193099
193098
193099
193100
193098
193100
193097
193093
193092
193093
193091
193086
193081
193081
193080
193080
193079
193077
193080
193079
193077
193075
193072
193073
193076
193075
193075
193077
193078
193079
193079
193079
193078
193078
193080
193077
193072
193069
193068
193070
193071
193070
193072
193073
193073
193074
193072
193071
193073
193077
193078
193076
193075
193078
193080
193081
193082
193081
193085
193087
193088
193089
193089
193090
193093
193093
193093
193091
193090
193091
193090
193086
193084
193086
193089
193086
193085
193085
193086
193087
193085
193084
193084
193086
193087
193086
193083
193081
193082
193084
193086
193085
193084
193088
193090
193090
193088
193088
193090
193093
193092
193091
193090
193090
193092
193093
193091
193088
193090
193094
193095
193094
193093
193093
193096
193095
193093
193094
193095
193095
193094
193093
193092
193093
193093
193093
193089
193088
193089
193088
193086
193082
193079
193079
193080
193079
193077
193075
193075
193076
193072
193068
193065
193065
193064
193063
193060
193058
193057
193056
193055
193051
193050
193049
193050
193049
193048
193046
193047
193049
193048
193047
193045
193046
193048
193050
193049
193049
193053
193057
193060
193062
193065
193073
193081
193085
193089
193094
193100
193103
193106
193109
193111
193115
193119
193119
193118
193116
193116
193115
193115
193113
193112
193114
193118
193118
193117
193116
193117
193121
193121
193120
193120
193120
193120
193121
193118
193115
193117
193120
193121
193119
193115
193117
193120
193120
193119
193120
193121
193122
193122
193121
193121
193122
193124
193123
193121
193119
193119
193122
193123
193122
193121
193126
193133
193134
193136
193136
193137
193136
193134
193132
193131
193129
193126
193122
193119
193115
193115
193115
193111
193112
193112
193114
193121
193123
193123
193122
193121
193122
193123
193120
193118
193118
193117
193114
193109
193105
193105
193104
193106
193105
193104
193105
193107
193107
193110
193109
193112
193117
193119
193119
193118
193118
193119
193118
193115
193113
193114
193116
193117
193116
193117
193122
193127
193130
193131
193136
193141
193145
193145
193141
193139
193140
193141
193140
193136
193132
193135
193137
193136
193136
193136
193140
193142
193141
193143
193145
193148
193153
193155
193156
193155
193158
193160
193160
193156
193152
193149
193146
193140
193133
193128
193127
193127
193123
193120
193119
193121
193123
193123
193122
193125
193128
193131
193134
193136
193137
193141
193147
193150
193147
193146
193147
193145
193141
193136
193133
193130
193126
193122
193118
193115
193114
193116
193113
193110
193111
193112
193115
193116
193116
193114
193117
193119
193117
193113
193110
193112
193111
193109
193107
193104
193105
193105
193104
193099
193096
193095
193095
193093
193090
193088
193088
193089
193087
193084
193083
193081
193080
193077
193072
193069
193070
193067
193064
193060
193058
193057
193060
193062
193061
193064
193068
193072
193074
193076
193078
193082
193086
193086
193086
193085
193088
193091
193091
193090
193087
193087
193087
193084
193082
193080
193083
193087
193086
193086
193086
193086
193087
193085
193082
193082
193084
193084
193083
193080
193079
193081
193082
193082
193079
193081
193082
193081
193081
193082
193083
193086
193088
193089
193089
193088
193089
193093
193093
193092
193094
193097
193100
193098
193095
193093
193095
193098
193100
193101
193101
193103
193104
193101
193100
193102
193103
193104
193101
193096
193095
193095
193093
193092
193091
193092
193092
193093
193091
193086
193083
193084
193085
193083
193080
193079
193080
193083
193083
193080
193079
193083
193084
193084
193086
193089
193090
193091
193089
193087
193087
193088
193090
193089
193086
193084
193084
193084
193081
193077
193077
193080
193080
193079
193079
193079
193079
193079
193078
193076
193074
193071
193072
193071
193068
193065
193066
193069
193070
193069
193066
193064
193066
193066
193061
193060
193061
193064
193066
193067
193068
193069
193072
193071
193072
193074
193079
193084
193083
193083
193083
193085
193086
193084
193083
193084
193086
193087
193086
193085
193084
193086
193089
193090
193091
193091
193092
193094
193094
193094
193094
193096
193099
193099
193097
193097
193099
193102
193103
193101
193101
193103
193106
193105
193103
193104
193105
193107
193105
193101
193101
193102
193103
193102
193100
193100
193103
193104
193105
193105
193103
193104
193107
193107
193108
193106
193106
193109
193106
193102
193101
193101
193103
193101
193097
193094
193093
193095
193096
193095
193094
193095
193097
193096
193094
193095
193096
193097
193096
193093
193092
193095
193098
193096
193092
193092
193094
193096
193093
193090
193091
193090
193086
193085
193081
193080
193081
193082
193081
193079
193078
193080
193081
193077
193075
193074
193076
193078
193076
193072
193073
193074
193077
193074
193072
193070
193072
193074
193072
193068
193067
193070
193072
193073
193072
193073
193077
193079
193079
193083
193086
193090
193094
193097
193098
193101
193101
193103
193105
193103
193104
193106
193106
193104
193101
193100
193100
193099
193096
193095
193094
193095
193096
193094
193091
193091
193093
193093
193091
193089
193090
193092
193094
193094
193093
193093
193094
193096
193095
193093
193094
193097
193097
193094
193092
193093
193096
193096
193094
193094
193097
193100
193103
193102
193102
193101
193100
193098
193096
193091
193088
193088
193091
193090
193088
193088
193089
193091
193088
193084
193086
193088
193086
193084
193084
193085
193088
193088
193088
193086
193087
193087
193088
193086
193084
193084
193083
193080
193079
193075
193074
193076
193077
193073
193070
193070
193068
193065
193063
193061
193059
193057
193059
193059
193059
193060
193060
193063
193064
193063
193063
193063
193065
193065
193065
193067
193067
193069
193067
193065
193066
193068
193069
193071
193071
193074
193078
193079
193080
193080
193082
193083
193085
193081
193078
193078
193081
193082
193081
193078
193080
193082
193082
193080
193077
193078
193078
193077
193076
193076
193074
193074
193076
193077
193076
193076
193082
193085
193085
193084
193085
193089
193090
193089
193088
193089
193090
193093
193094
193093
193094
193096
193095
193091
193089
193089
193089
193090
193087
193083
193083
193085
193088
193087
193084
193085
193086
193087
193087
193084
193083
193084
193086
193086
193085
193087
193089
193089
193088
193086
193086
193088
193089
193087
193083
193081
193081
193080
193078
193077
193076
193075
193073
193070
193065
193062
193062
193062
193059
193055
193055
193055
193054
193051
193047
193045
193044
193043
193041
193039
193039
193041
193043
193040
193039
193039
193041
193041
193037
193034
193032
193032
193029
193025
193022
193024
193025
193024
193024
193024
193027
193029
193032
193031
193032
193034
193037
193039
193038
193039
193041
193044
193046
193045
193046
193049
193052
193055
193053
193049
193049
193049
193049
193047
193044
193045
193044
193042
193040
193038
193039
193040
193040
193039
193038
193040
193043
193046
193043
193041
193044
193046
193046
193044
193042
193044
193046
193049
193048
193047
193049
193053
193055
193055
193054
193055
193057
193060
193060
193057
193057
193059
193059
193056
193051
193051
193053
193053
193051
193049
193050
193051
193052
193050
193047
193047
193050
193052
193050
193048
193050
193052
193051
193048
193047
193049
193052
193055
193056
193053
193052
193053
193054
193052
193053
193055
193058
193060
193059
193056
193060
193061
193062
193062
193059
193060
193064
193068
193068
193066
193068
193072
193074
193075
193074
193076
193079
193080
193078
193074
193075
193078
193079
193080
193079
193080
193084
193085
193084
193083
193085
193089
193090
193089
193087
193087
193088
193091
193091
193091
193094
193097
193100
193100
193100
193101
193103
193105
193104
193104
193103
193105
193105
193102
193099
193100
193100
193097
193091
193087
193087
193086
193084
193081
193077
193074
193073
193069
193064
193062
193061
193060
193057
193053
193050
193051
193050
193047
193043
193041
193040
193039
193038
193037
193037
193038
193040
193043
193042
193041
193042
193045
193046
193045
193044
193043
193044
193045
193044
193039
193037
193038
193038
193036
193034
193034
193034
193032
193028
193027
193027
193028
193029
193027
193027
193028
193029
193031
193029
193027
193028
193030
193031
193028
193025
193026
193028
193029
193026
193024
193023
193024
193022
193022
193023
193023
193025
193025
193023
193023
193026
193029
193032
193034
193034
193038
193040
193041
193042
193043
193045
193047
193049
193050
193050
193052
193054
193054
193053
193054
193055
193056
193057
193052
193049
193049
193049
193047
193045
193045
193048
193051
193052
193051
193047
193047
193047
193045
193041
193039
193038
193037
193035
193035
193030
193029
193030
193028
193026
193024
193026
193027
193027
193024
193024
193026
193028
193026
193025
193025
193028
193031
193032
193030
193030
193031
193035
193037
193038
193040
193043
193046
193044
193042
193043
193045
193044
193042
193042
193043
193044
193044
193042
193041
193042
193043
193043
193042
193040
193040
193043
193042
193042
193041
193039
193039
193039
193037
193034
193032
193032
193031
193028
193023
193019
193020
193021
193018
193015
193013
193013
193015
193014
193014
193012
193013
193016
193015
193012
193010
193011
193011
193012
193010
193008
193011
193016
193016
193016
193016
193017
193021
193023
193022
193021
193025
193029
193029
193028
193028
193030
193034
193034
193034
193033
193034
193039
193040
193039
193040
193044
193046
193045
193044
193044
193045
193046
193045
193043
193043
193046
193049
193048
193045
193045
193048
193049
193046
193043
193043
193046
193048
193050
193050
193048
193048
193049
193050
193046
193045
193048
193050
193050
193050
193047
193048
193049
193048
193048
193050
193052
193053
193053
193051
193050
193051
193053
193054
193051
193049
193050
193050
193048
193045
193041
193040
193040
193040
193039
193038
193040
193041
193040
193035
193033
193034
193034
193035
193033
193030
193030
193031
193029
193026
193025
193027
193029
193030
193029
193028
193027
193026
193026
193024
193023
193025
193027
193027
193025
193024
193025
193028
193027
193025
193022
193021
193020
193017
193014
193014
193013
193015
193015
193015
193014
193017
193017
193018
193018
193018
193020
193021
193023
193024
193026
193028
193032
193033
193034
193038
193044
193047
193049
193050
193052
193057
193060
193060
193061
193061
193063
193067
193066
193062
193064
193065
193067
193066
193063
193062
193063
193063
193061
193060
193060
193062
193063
193062
193061
193061
193061
193062
193059
193058
193060
193062
193066
193065
193063
193062
193065
193067
193067
193066
193068
193071
193073
193071
193068
193068
193069
193070
193068
193062
193059
193059
193060
193056
193050
193048
193049
193050
193051
193051
193051
193054
193059
193059
193060
193061
193063
193065
193067
193066
193066
193067
193070
193070
193069
193069
193072
193075
193074
193072
193072
193073
193074
193072
193066
193064
193063
193063
193061
193059
193056
193056
193055
193052
193050
193048
193049
193048
193047
193046
193047
193048
193050
193050
193050
193050
193053
193056
193057
193057
193059
193059
193060
193060
193058
193058
193059
193060
193057
193054
193050
193049
193047
193044
193038
193034
193032
193031
193028
193023
193021
193020
193018
193016
193015
193017
193020
193023
193021
193019
193020
193022
193025
193026
193026
193028
193032
193037
193034
193035
193038
193041
193043
193043
193041
193039
193043
193046
193045
193044
193044
193046
193048
193049
193047
193047
193049
193050
193048
193044
193044
193045
193047
193047
193045
193045
193046
193047
193046
193044
193044
193044
193044
193044
193042
193041
193041
193041
193039
193037
193037
193040
193042
193042
193041
193039
193041
193044
193043
193043
193046
193050
193054
193054
193052
193051
193055
193060
193060
193058
193058
193059
193060
193061
193062
193063
193067
193072
193071
193068
193071
193075
193078
193079
193076
193074
193074
193074
193072
193067
193065
193066
193066
193066
193063
193061
193061
193062
193061
193058
193056
193057
193060
193059
193060
193062
193066
193067
193064
193061
193060
193060
193060
193058
193056
193055
193055
193056
193054
193054
193057
193061
193062
193062
193061
193061
193061
193062
193060
193057
193058
193057
193057
193056
193053
193052
193051
193051
193048
193047
193046
193045
193045
193044
193043
193045
193048
193050
193049
193048
193045
193046
193047
193047
193046
193045
193046
193047
193046
193047
193048
193050
193052
193053
193053
193054
193054
193056
193055
193052
193053
193054
193054
193052
193051
193048
193046
193045
193044
193040
193039
193040
193041
193038
193035
193036
193038
193039
193037
193036
193037
193041
193041
193038
193035
193034
193032
193030
193025
193022
193021
193021
193021
193020
193019
193020
193022
193026
193028
193029
193032
193036
193041
193043
193046
193048
193053
193058
193059
193059
193063
193070
193077
193079
193078
193080
193084
193086
193088
193087
193087
193091
193095
193094
193094
193094
193095
193097
193096
193095
193096
193099
193099
193097
193094
193094
193096
193097
193095
193093
193094
193095
193093
193090
193089
193088
193088
193089
193089
193087
193086
193085
193084
193081
193079
193078
193078
193078
193075
193075
193077
193076
193077
193077
193076
193076
193078
193079
193077
193072
193069
193066
193066
193062
193057
193055
193055
193053
193049
193045
193041
193040
193040
193037
193034
193033
193033
193031
193026
193021
193023
193022
193022
193018
193016
193017
193017
193018
193015
193014
193015
193014
193014
193015
193013
193015
193020
193024
193024
193023
193025
193029
193029
193028
193026
193026
193028
193031
193031
193030
193030
193030
193031
193027
193025
193025
193027
193030
193029
193027
193027
193030
193033
193031
193030
193032
193035
193039
193039
193040
193043
193043
193045
193046
193046
193050
193056
193059
193059
193059
193060
193062
193065
193064
193063
193064
193066
193066
193065
193065
193063
193064
193065
193063
193062
193063
193065
193066
193066
193063
193064
193067
193066
193064
193062
193062
193064
193066
193065
193063
193064
193066
193068
193067
193062
193061
193062
193064
193062
193059
193059
193060
193063
193064
193065
193068
193073
193076
193076
193074
193074
193076
193077
193076
193075
193076
193077
193077
193077
193075
193075
193076
193076
193074
193074
193073
193076
193080
193080
193079
