193081
193081
193080
193081
193080
193081
193082
193083
193083
193082
193083
193085
193087
193087
193088
193089
193090
193091
193090
193088
193086
193086
193086
193084
193082
193082
193082
193081
193079
193077
193077
193077
193076
193073
193069
193066
193065
193064
193060
193055
193053
193052
193050
193046
193041
193041
193043
193042
193038
193034
193033
193034
193034
193032
193029
193029
193029
193029
193027
193025
193025
193027
193026
193023
193020
193019
193019
193018
193016
193013
193010
193010
193009
193007
193006
193006
193007
193010
193012
193012
193014
193019
193023
193024
193025
193025
193030
193035
193037
193037
193042
193046
193049
193050
193051
193054
193058
193060
193058
193057
193060
193062
193064
193063
193062
193063
193066
193067
193064
193063
193064
193067
193071
193069
193067
193069
193071
193072
193072
193070
193071
193076
193076
193071
193069
193070
193073
193076
193074
193071
193071
193070
193069
193064
193060
193062
193064
193067
193066
193063
193065
193066
193065
193064
193066
193068
193069
193069
193067
193064
193065
193065
193062
193060
193059
193060
193063
193064
193061
193058
193059
193058
193058
193056
193056
193057
193060
193061
193059
193055
193055
193055
193055
193051
193050
193051
193053
193054
193053
193054
193055
193055
193057
193057
193057
193060
193064
193064
193065
193064
193066
193070
193071
193069
193067
193067
193067
193065
193060
193056
193057
193057
193057
193053
193051
193051
193053
193054
193050
193048
193048
193050
193051
193051
193049
193049
193052
193051
193047
193044
193046
193047
193047
193049
193049
193048
193049
193049
193047
193047
193048
193052
193052
193049
193047
193049
193051
193050
193052
193053
193058
193062
193064
193064
193064
193066
193068
193069
193070
193070
193073
193078
193080
193080
193078
193079
193080
193081
193080
193079
193080
193081
193081
193078
193079
193083
193086
193087
193086
193085
193084
193085
193087
193086
193082
193083
193084
193081
193077
193076
193075
193075
193074
193070
193068
193069
193072
193073
193071
193069
193072
193076
193076
193076
193076
193078
193082
193082
193081
193081
193083
193084
193085
193084
193082
193085
193087
193088
193084
193081
193081
193083
193081
193077
193076
193077
193078
193077
193075
193074
193075
193074
193070
193067
193063
193063
193067
193067
193063
193061
193061
193060
193059
193055
193051
193051
193052
193051
193049
193048
193050
193054
193054
193050
193048
193052
193053
193053
193052
193050
193050
193050
193049
193047
193046
193046
193047
193043
193040
193039
193039
193042
193043
193041
193041
193042
193043
193044
193044
193046
193050
193054
193057
193058
193060
193065
193070
193073
193075
193077
193081
193085
193085
193083
193083
193086
193088
193090
193091
193088
193092
193092
193092
193091
193090
193091
193093
193092
193089
193088
193088
193087
193082
193079
193076
193075
193076
193073
193069
193066
193067
193067
193064
193061
193062
193065
193066
193066
193066
193066
193069
193073
193074
193074
193077
193080
193084
193086
193087
193088
193091
193096
193097
193095
193094
193095
193098
193099
193099
193097
193098
193100
193099
193094
193090
193091
193092
193090
193088
193086
193087
193089
193090
193089
193085
193085
193085
193084
193080
193076
193075
193076
193073
193070
193066
193065
193068
193069
193068
193066
193066
193066
193065
193064
193063
193064
193066
193066
193065
193062
193062
193063
193063
193060
193058
193058
193058
193057
193058
193057
193058
193059
193059
193058
193057
193058
193058
193057
193056
193054
193056
193056
193055
193052
193049
193050
193050
193050
193047
193044
193046
193048
193046
193043
193041
193044
193045
193041
193038
193038
193040
193042
193040
193039
193039
193042
193042
193041
193038
193037
193039
193042
193040
193039
193038
193040
193042
193041
193041
193041
193040
193038
193035
193033
193030
193032
193032
193030
193029
193030
193033
193036
193037
193034
193034
193036
193037
193038
193037
193035
193040
193044
193046
193047
193047
193049
193054
193053
193050
193049
193050
193053
193052
193051
193052
193053
193054
193055
193055
193054
193056
193060
193060
193061
193058
193058
193061
193063
193062
193063
193065
193068
193070
193069
193069
193073
193075
193075
193073
193073
193074
193077
193075
193073
193071
193072
193074
193075
193074
193071
193071
193072
193072
193069
193070
193073
193075
193075
193076
193076
193079
193080
193079
193076
193074
193076
193078
193079
193078
193077
193082
193086
193085
193085
193086
193089
193092
193091
193091
193093
193096
193095
193094
193094
193093
193095
193098
193099
193098
193100
193098
193098
193097
193095
193093
193091
193091
193089
193085
193081
193079
193079
193077
193073
193069
193068
193071
193070
193069
193068
193067
193068
193068
193065
193065
193067
193069
193064
193060
193058
193055
193054
193052
193050
193048
193048
193048
193047
193043
193043
193042
193043
193041
193040
193040
193040
193040
193040
193037
193037
193038
193037
193034
193031
193031
193031
193031
193030
193029
193028
193029
193029
193028
193026
193025
193026
193029
193028
193027
193027
193030
193033
193031
193031
193031
193032
193034
193036
193034
193034
193037
193040
193041
193041
193042
193046
193050
193051
193050
193049
193052
193052
193051
193049
193045
193046
193048
193048
193047
193044
193043
193045
193046
193046
193044
193043
193043
193042
193042
193042
193044
193047
193046
193045
193044
193045
193048
193049
193049
193048
193048
193053
193054
193052
193050
193051
193052
193050
193049
193047
193048
193049
193046
193043
193041
193040
193042
193043
193039
193037
193039
193039
193038
193039
193038
193039
193040
193039
193038
193038
193040
193044
193045
193045
193047
193049
193053
193054
193054
193056
193059
193064
193066
193065
193064
193064
193065
193066
193066
193066
193067
193069
193069
193069
193070
193068
193067
193068
193066
193066
193067
193069
193068
193068
193070
193072
193078
193083
193085
193086
193091
193097
193100
193101
193103
193106
193104
193104
193104
193106
193109
193114
193116
193116
193118
193122
193124
193124
193124
193125
193127
193130
193128
193126
193125
193126
193125
193121
193118
193115
193115
193115
193113
193111
193109
193111
193110
193106
193103
193099
193098
193098
193094
193087
193084
193084
193086
193082
193077
193076
193078
193079
193077
193076
193075
193076
193079
193077
193072
193069
193071
193071
193068
193065
193063
193063
193066
193063
193060
193059
193061
193062
193060
193057
193055
193054
193054
193049
193045
193043
193043
193043
193042
193040
193039
193041
193042
193042
193041
193043
193044
193046
193045
193044
193043
193045
193046
193043
193040
193039
193042
193048
193049
193050
193053
193057
193062
193063
193060
193060
193062
193062
193061
193060
193062
193065
193069
193069
193065
193065
193066
193066
193063
193061
193062
193065
193066
193066
193065
193065
193066
193068
193067
193067
193069
193072
193073
193070
193065
193064
193065
193065
193062
193059
193058
193059
193062
193062
193060
193059
193060
193060
193058
193057
193058
193059
193061
193062
193062
193063
193070
193074
193073
193072
193072
193072
193072
193070
193068
193068
193069
193072
193072
193072
193073
193074
193074
193074
193071
193070
193072
193072
193072
193070
193069
193070
193071
193068
193063
193061
193061
193062
193061
193059
193059
193062
193061
193057
193055
193055
193058
193059
193058
193057
193058
193061
193061
193061
193058
193057
193059
193062
193061
193059
193059
193061
193062
193060
193059
193059
193060
193062
193062
193060
193059
193060
193062
193058
193057
193059
193062
193064
193064
193062
193063
193066
193066
193062
193060
193060
193061
193060
193059
193056
193056
193057
193056
193054
193052
193050
193050
193051
193048
193045
193044
193045
193045
193044
193042
193042
193043
193047
193045
193043
193044
193047
193048
193047
193044
193043
193043
193043
193039
193036
193036
193034
193032
193030
193027
193026
193028
193027
193024
193022
193021
193019
193019
193015
193014
193016
193017
193019
193020
193021
193021
193025
193030
193034
193036
193039
193041
193043
193042
193041
193042
193045
193049
193051
193050
193050
193052
193053
193053
193051
193049
193049
193050
193050
193046
193045
193046
193046
193042
193038
193035
193037
193039
193035
193033
193031
193031
193032
193031
193029
193031
193032
193033
193035
193035
193036
193039
193042
193039
193040
193039
193041
193043
193043
193043
193043
193046
193046
193044
193043
193043
193044
193046
193047
193045
193047
193050
193051
193051
193051
193052
193056
193060
193060
193059
193062
193066
193066
193064
193065
193065
193066
193068
193066
193064
193067
193067
193066
193065
193064
193065
193067
193069
193070
193070
193071
193071
193074
193077
193077
193080
193084
193085
193086
193088
193085
193086
193088
193088
193085
193083
193083
193084
193083
193078
193075
193076
193076
193073
193072
193073
193075
193076
193074
193071
193070
193072
193072
193069
193066
193065
193064
193063
193062
193058
193053
193052
193050
193047
193044
193041
193038
193034
193029
193026
193026
193028
193029
193031
193030
193032
193033
193034
193032
193030
193031
193032
193033
193033
193032
193032
193032
193032
193028
193024
193024
193026
193028
193028
193028
193032
193033
193034
193033
193029
193030
193032
193034
193031
193029
193032
193035
193036
193036
193035
193035
193036
193035
193031
193027
193029
193032
193035
193036
193038
193039
193041
193044
193044
193041
193044
193048
193049
193049
193048
193048
193049
193050
193050
193049
193046
193045
193046
193045
193045
193046
193048
193048
193047
193046
193048
193047
193047
193048
193048
193050
193053
193055
193054
193053
193056
193057
193056
193056
193056
193058
193061
193061
193058
193058
193060
193062
193063
193063
193061
193063
193065
193064
193061
193060
193057
193056
193053
193051
193051
193052
193053
193051
193048
193046
193046
193044
193044
193042
193040
193041
193044
193045
193042
193041
193041
193044
193047
193046
193046
193046
193047
193045
193042
193038
193036
193036
193036
193034
193030
193031
193033
193036
193035
193034
193036
193038
193039
193037
193035
193037
193037
193035
193033
193029
193028
193029
193029
193026
193024
193025
193029
193030
193024
193019
193017
193016
193014
193008
193002
193001
193002
193001
192996
192994
192994
192995
192994
192993
192988
192986
192988
192986
192982
192980
192980
192981
192980
192979
192974
192973
192976
192975
192973
192972
192973
192978
192981
192982
192983
192986
192988
192987
192985
192983
192984
192984
192983
192981
192979
192980
192978
192977
192973
192971
192971
192973
192974
192973
192972
192975
192976
192973
192970
192969
192971
192973
192972
192971
192971
192972
192975
192975
192977
192978
192982
192987
192993
192995
192997
193000
193004
193005
193005
193005
193007
193011
193013
193012
193011
193014
193016
193017
193015
193016
193018
193022
193024
193025
193025
193025
193027
193028
193026
193025
193025
193026
193028
193027
193027
193029
193032
193032
193030
193028
193029
193030
193029
193027
193023
193024
193024
193022
193022
193022
193025
193030
193032
193029
193030
193035
193038
193037
193036
193034
193036
193039
193038
193037
193036
193036
193038
193039
193036
193035
193038
193044
193048
193050
193050
193052
193054
193052
193049
193048
193046
193044
193043
193039
193036
193035
193037
193036
193035
193037
193039
193043
193044
193046
193046
193049
193052
193053
193051
193051
193052
193054
193056
193050
193045
193044
193044
193044
193041
193038
193037
193038
193035
193032
193030
193031
193033
193034
193034
193032
193036
193041
193040
193039
193038
193040
193044
193046
193046
193049
193051
193054
193055
193054
193056
193059
193061
193056
193051
193049
193047
193046
193045
193041
193039
193042
193044
193045
193047
193046
193047
193051
193052
193051
193052
193053
193055
193054
193051
193046
193043
193042
193040
193038
193036
193036
193037
193039
193040
193042
193046
193049
193051
193053
193052
193052
193053
193052
193048
193045
193042
193042
193040
193036
193034
193034
193037
193039
193041
193041
193045
193050
193053
193053
193053
193055
193060
193061
193058
193056
193056
193057
193056
193051
193048
193050
193051
193052
193052
193050
193050
193049
193048
193046
193045
193047
193050
193052
193049
193049
193051
193053
193053
193052
193049
193050
193051
193050
193048
193045
193046
193046
193045
193041
193039
193039
193038
193036
193031
193028
193028
193027
193026
193022
193021
193023
193026
193027
193029
193029
193032
193037
193039
193038
193039
193043
193047
193048
193046
193042
193045
193045
193042
193039
193037
193038
193040
193040
193037
193036
193038
193043
193046
193044
193043
193046
193050
193050
193046
193042
193041
193039
193034
193030
193025
193023
193023
193021
193019
193020
193022
193025
193027
193027
193028
193031
193032
193033
193031
193029
193028
193025
193018
193011
193004
193002
193001
192997
192994
192989
192987
192985
192981
192978
192975
192976
192977
192974
192973
192972
192974
192977
192980
192979
192979
192981
192985
192987
192987
192988
192991
192996
192997
192996
192999
193001
193003
193004
193003
193004
193008
193013
193013
193010
193011
193014
193018
193017
193016
193014
193015
193018
193019
193019
193020
193023
193026
193026
193024
193023
193023
193025
193025
193022
193024
193025
193027
193029
193030
193031
193032
193034
193031
193028
193027
193029
193033
193033
193035
193035
193038
193038
193037
193036
193036
193037
193039
193039
193039
193039
193041
193041
193038
193037
193036
193037
193037
193039
193039
193040
193043
193047
193048
193045
193046
193048
193049
193050
193049
193047
193049
193051
193051
193050
193050
193053
193058
193056
193057
193059
193062
193064
193062
193059
193056
193053
193052
193050
193048
193048
193051
193054
193055
193053
193053
193054
193055
193055
193052
193051
193051
193051
193051
193048
193048
193049
193049
193046
193044
193044
193047
193050
193048
193045
193043
193044
193046
193045
193041
193039
193040
193041
193036
193030
193028
193026
193027
193022
193018
193015
193015
193018
193014
193011
193011
193015
193018
193018
193017
193014
193015
193018
193017
193014
193012
193011
193009
193002
192998
192993
192992
192991
192988
192986
192983
192982
192978
192974
192970
192969
192971
192972
192972
192970
192972
192974
192976
192977
192976
192977
192978
192978
192980
192980
192980
192983
192981
192982
192982
192980
192976
192979
192981
192977
192978
192986
192983
192972
192976
192989
192976
192975
192975
192981
192984
192969
192963
192969
192982
192986
192984
192983
192980
192977
192987
192988
192995
193005
193015
192993
192988
193016
193014
193020
193021
193022
193038
193055
193038
193036
193042
193055
193060
193055
193049
193059
193073
193064
193076
193079
193071
193072
193073
193076
193066
193061
193074
193081
193071
193071
193064
193062
193057
193058
193050
193041
193049
193042
193034
193034
193033
193036
193025
193012
193009
193005
193003
193007
192995
192990
192996
192996
192986
192992
192992
192973
192972
192978
192985
192974
192965
192962
192964
192962
192968
192970
192968
192970
192962
192956
192954
192962
192964
192960
192960
192963
192953
192939
192939
192944
192939
192943
192944
192943
192925
192933
192939
192924
192934
192944
192926
192922
192931
192941
192944
192950
192940
192926
192938
192948
192950
192953
192952
192955
192962
192964
192961
192961
192963
192965
192972
192976
192976
192973
192974
192976
192977
192978
192973
192974
192979
192982
192982
192982
192981
192985
192988
192987
192985
192985
192987
192989
192991
192989
192992
192996
192997
192997
192995
192997
193000
193003
193005
193005
193007
193012
193014
193015
193015
193016
193015
193018
193018
193016
193015
193017
193015
193012
193011
193012
193015
193018
193018
193016
193017
193018
193019
193020
193020
193020
193019
193021
193018
193017
193018
193019
193022
193023
193022
193026
193028
193031
193033
193035
193038
193043
193047
193049
193052
193054
193054
193055
193055
193053
193052
193054
193055
193055
193055
193058
193058
193059
193059
193057
193059
193062
193063
193063
193062
193062
193062
193064
193065
193063
193062
193063
193063
193063
193063
193063
193064
193067
193067
193066
193069
193072
193072
193072
193072
193072
193071
193072
193072
193071
193073
193075
193077
193077
193073
193073
193075
193075
193074
193072
193071
193073
193076
193074
193071
193069
193068
193067
193064
193061
193059
193059
193060
193057
193055
193056
193055
193054
193053
193050
193051
193053
193052
193049
193047
193048
193044
193042
193040
193036
193034
193031
193029
193024
193019
193018
193018
193016
193013
193012
193011
193012
193013
193013
193011
193011
193012
193011
193009
193008
193008
193009
193010
193010
193010
193011
193013
193015
193013
193011
193011
193011
193011
193010
193007
193009
193010
193009
193008
193005
193001
193001
193002
193001
192999
192997
192997
192999
192996
192992
192989
192987
192985
192980
192975
192974
192972
192971
192969
192967
192969
192971
192972
192972
192970
192970
192972
192971
192970
192969
192970
192972
192974
192973
192972
192974
192979
192984
192989
192991
192996
193001
193004
193005
193005
193006
193007
193007
193004
193001
193000
193002
193005
193006
193007
193010
193013
193017
193018
193017
193018
193022
193026
193027
193029
193031
193036
193042
193040
193040
193042
193045
193048
193050
193050
193052
193056
193060
193059
193057
193058
193058
193058
193055
193053
193054
193055
193058
193057
193054
193055
193056
193056
193055
193054
193054
193057
193059
193059
193058
193056
193057
193056
193053
193050
193048
193046
193040
193033
193027
193023
193021
193017
193011
193008
193008
193009
193010
193008
193007
193007
193008
193010
193011
193010
193009
193010
193011
193011
193011
193011
193012
193014
193013
193012
193014
193018
193020
193018
193016
193016
193018
193018
193016
193014
193014
193012
193012
193010
193010
193009
193007
193006
193004
193002
193002
193001
193001
192997
192994
192992
192991
192986
192982
192978
192975
192974
192971
192967
192963
192963
192964
192966
192964
192964
192964
192965
192966
192964
192962
192961
192961
192960
192956
192954
192951
192952
192950
192947
192946
192948
192950
192951
192951
192951
192955
192960
192959
192961
192963
192967
192972
192976
192978
192980
192983
192985
192990
192992
192993
192998
193004
193009
193008
193007
193008
193013
193018
193021
193022
193025
193029
193029
193028
193028
193029
193032
193035
193036
193037
193039
193042
193047
193048
193050
193054
193058
193060
193061
193059
193059
193061
193061
193059
193053
193051
193050
193045
193040
193035
193034
193036
193037
193034
193031
193031
193031
193031
193031
193031
193032
193034
193036
193035
193032
193030
193030
193029
193027
193022
193017
193013
193010
193004
192994
192989
192987
192985
192979
192973
192970
192970
192969
192964
192961
192962
192966
192970
192971
192971
192972
192974
192971
192965
192960
192957
192956
192955
192951
192947
192945
192945
192946
192946
192946
192950
192956
192962
192966
192971
192978
192986
192989
192994
192997
193001
193003
193003
192998
192994
192992
192989
192987
192983
192980
192980
192982
192982
192981
192979
192983
192985
192987
192986
192988
192993
192999
193003
193004
193006
193009
193011
193011
193009
193010
193013
193016
193019
193023
193025
193025
193029
193033
193034
193034
193039
193045
193051
193054
193057
193060
193062
193064
193061
193060
193059
193058
193058
193058
193055
193056
193059
193060
193060
193060
193061
193063
193064
193064
193063
193062
193062
193062
193059
193054
193050
193048
193045
193041
193035
193034
193035
193034
193032
193028
193027
193028
193029
193029
193026
193028
193030
193033
193031
193025
193024
193025
193025
193020
193016
193017
193020
193021
193020
193018
193020
193023
193024
193023
193023
193025
193028
193028
193028
193027
193029
193032
193033
193031
193031
193032
193033
193033
193031
193030
193032
193033
193032
193029
193027
193029
193033
193033
193032
193031
193033
193035
193035
193032
193031
193031
193031
193030
193028
193026
193027
193029
193028
193027
193026
193026
193029
193027
193025
193026
193026
193026
193024
193022
193021
193022
193025
193024
193022
193017
193016
193018
193015
193010
193006
193003
193000
192998
192992
192988
192985
192983
192981
192977
192973
192973
192975
192973
192970
192969
192968
192969
192970
192968
192967
192967
192966
192964
192960
192958
192959
192962
192962
192959
192958
192959
192960
192961
192960
192958
192958
192960
192960
192957
192954
192954
192956
192955
192954
192954
192954
192953
192953
192953
192952
192952
192956
192959
192959
192958
192960
192965
192966
192966
192967
192969
192971
192973
192973
192972
192974
192979
192981
192982
192982
192983
192985
192984
192983
192983
192985
192987
192986
192983
192982
192983
192986
192986
192983
192982
192986
192989
192991
192991
192991
192993
192994
192994
192992
192991
192991
192992
192994
192993
192993
192995
192998
192999
192999
192997
192995
192999
192999
192998
192998
193001
193003
193004
193003
193004
193003
193005
193004
193004
193004
193006
193009
193009
193011
193013
193016
193016
193016
193015
193015
193016
193018
193018
193018
193020
193022
193024
193025
193024
193026
193030
193036
193039
193040
193043
193046
193051
193051
193049
193048
193048
193050
193051
193050
193048
193051
193056
193057
193054
193055
193058
193061
193063
193061
193061
193063
193067
193068
193064
193061
193063
193063
193061
193060
193059
193059
193061
193059
193057
193055
193054
193054
193051
193048
193046
193045
193044
193042
193039
193037
193035
193036
193034
193031
193028
193029
193029
193030
193025
193022
193021
193021
193021
193019
193018
193020
193023
193024
193024
193023
193024
193026
193027
193028
193029
193031
193034
193036
193035
193032
193036
193039
193038
193037
193037
193040
193042
193044
193045
193044
193045
193049
193050
193049
193048
193047
193050
193049
193046
193045
193046
193047
193048
193047
193046
193048
193050
193050
193049
193048
193049
193052
193053
193050
193049
193049
193049
193049
193048
193047
193046
193049
193049
193047
193047
193049
193051
193050
193049
193047
193045
193044
193042
193040
193038
193035
193036
193036
193034
193033
193032
193030
193032
193030
193028
193029
193030
193031
193029
193026
193026
193024
193023
193023
193021
193023
193025
193024
193024
193024
193026
193027
193026
193024
193019
193018
193018
193017
193014
193011
193011
193012
193009
193007
193007
193008
193011
193012
193009
193007
193006
193006
193001
192995
192992
192990
192989
192985
192982
192979
192978
192979
192976
192973
192971
192970
192970
192970
192967
192964
192965
192966
192966
192963
192962
192963
192966
192966
192966
192968
192971
192974
192975
192976
192976
192980
192985
192989
192991
192992
192996
192999
192998
192998
192999
192998
193000
193000
192999
192998
193001
193002
193002
193001
192999
192999
192997
192996
192995
192994
192995
192997
192998
192999
192999
193000
193003
192999
192996
192995
192994
192997
192996
192993
192992
192993
192996
192997
192995
192994
192995
192998
192999
192998
192999
193002
193005
193001
192999
193000
193003
193005
193003
192999
192996
192995
192997
192995
192993
192993
192995
192998
192998
192995
192995
192996
192998
192998
192995
192992
192992
192993
192993
192992
192990
192988
192987
192984
192979
192977
192978
192978
192977
192975
192975
192977
192980
192980
192977
192975
192977
192979
192980
192980
192979
192981
192984
192986
192983
192984
192987
192991
192991
192991
192990
192990
192994
192995
192994
192993
192994
192996
192994
192991
192991
192992
192992
192990
192988
192989
192989
192990
192989
192988
192988
192989
192991
192990
192988
192987
192989
192993
192993
192992
192992
192995
192999
192999
192999
193001
193005
193007
193007
193005
193005
193008
193010
193009
193008
193007
193009
193011
193009
193007
193006
193009
193014
193017
193017
193018
193023
193028
193030
193030
193033
193035
193037
193037
193037
193038
193040
193041
193041
193040
193040
193041
193043
193043
193044
193046
193049
193052
193052
193052
193052
193053
193054
193051
193046
193042
193041
193040
193038
193035
193034
193037
193038
193036
193034
193032
193034
193034
193033
193033
193034
193035
193038
193037
193036
193037
193039
193039
193039
193037
193034
193035
193039
193037
193037
193037
193040
193041
193040
193040
193039
193041
193041
193039
193036
193035
193035
193034
193029
193023
193020
193019
193015
193012
193007
193005
193007
193008
193009
193010
193011
193014
193016
193015
193015
193012
193014
193017
193016
193013
193011
193012
193013
193011
193009
193008
193009
193007
193007
193005
193005
193008
193009
193008
193007
193007
193006
193008
193007
193003
193002
193003
193004
193003
193000
192998
192999
193000
192998
192995
192992
192992
192994
192992
192990
192989
192989
192989
192982
192974
192968
192964
192961
192956
192950
192948
192948
192947
192944
192940
192938
192938
192937
192936
192934
192931
192931
192932
192929
192926
192926
192928
192930
192929
192928
192930
192931
192933
192933
192933
192935
192938
192944
192947
192949
192950
192954
192958
192959
192959
192961
192964
192965
192966
192967
192969
192973
192975
192976
192974
192972
192973
192974
192974
192974
192974
192976
192979
192979
192977
192978
192978
192981
192982
192982
192983
192986
192988
192989
192988
192988
192991
192993
192994
192994
192994
192995
192997
192997
192995
192995
192998
193002
193001
192999
192999
193000
192999
192997
192996
192995
192996
192999
193000
192999
193000
193002
193003
193004
193001
193000
193003
193005
193005
193002
193000
192999
193000
192999
192997
192996
192999
193001
192999
192999
193000
193002
193005
193006
193005
193004
193006
193005
193001
192997
192994
192993
192994
192993
192990
192991
192994
192996
192993
192990
192989
192991
192993
192992
192991
192990
192992
192995
192994
192995
192994
192995
192998
192996
192993
192994
192997
193000
192998
192997
192999
193003
193002
193002
193001
193003
193006
193008
193008
193007
193006
193005
193005
193004
193001
192998
193000
193003
193002
193001
193001
193001
193002
193002
193001
192999
192999
192998
192995
192990
192986
192985
192984
192981
192978
192975
192975
192977
192976
192976
192974
192974
192976
192977
192975
192975
192978
192977
192975
192974
192973
192974
192973
192971
192970
192967
192966
192964
192961
192958
192957
192954
192954
192951
192945
192946
192946
192945
192944
192944
192946
192947
192947
192946
192946
192947
192951
192955
192956
192956
192956
192959
192962
192962
192960
192960
192964
192969
192969
192967
192968
192973
192978
192978
192977
192977
192982
192983
192981
192983
192986
192987
192988
192988
192987
192988
192990
192993
192994
192993
192994
192997
193002
193002
192999
193000
193003
193004
193002
193001
193002
193004
193003
193000
192999
192999
193001
193002
193001
192999
192999
193000
193001
193001
193001
193003
193005
193005
193004
193002
193000
193002
193002
192999
192997
192997
192998
192999
192999
192996
192994
192995
192995
192993
192988
192987
192987
192987
192985
192981
192980
192980
192980
192980
192978
192977
192977
192976
192974
192973
192974
192971
192971
192969
192968
192965
192965
192965
192962
192959
192957
192955
192954
192953
192951
192953
192955
192957
192958
192955
192958
192963
192966
192965
192965
192967
192970
192973
192974
192972
192976
192983
192987
192988
192989
192993
192997
193001
193000
192999
193001
193000
192998
192994
192993
192993
192995
192996
192993
192990
192989
192989
192989
192986
192981
192981
192982
192982
192978
192974
192974
192976
192978
192979
192976
192979
192980
192979
192976
192974
192974
192976
192976
192974
192970
192969
192970
192970
192967
192964
192963
192966
192969
192969
192966
192964
192967
192969
192969
192967
192969
192971
192973
192973
192968
192970
192972
192974
192974
192974
192976
192979
192980
192979
192976
192978
192979
192981
192982
192981
192982
192984
192985
192984
192982
192980
192980
192979
192976
192972
192969
192967
192963
192958
192955
192953
192952
192951
192948
192945
192943
192945
192944
192942
192942
192942
192944
192946
192945
192944
192946
192950
192955
192958
192961
192965
192972
192977
192980
192982
192986
192989
192993
192993
192993
192994
192995
192996
192996
192996
192998
193002
193003
193004
193005
193005
193006
193009
193010
193008
193007
193008
193009
193008
193004
193003
193003
193003
193000
193000
193000
193002
193000
192997
192995
192995
192998
192998
192996
192995
192995
192996
192996
192995
192993
192993
192994
192997
192997
192993
192993
192995
192995
192993
192989
192989
192991
192993
192994
192994
192995
192997
192997
192995
192992
192988
192985
192982
192979
192975
192974
192974
192973
192972
192975
192977
192978
192978
192977
192977
192980
192978
192977
192974
192970
192970
192969
192969
192966
192962
192962
192964
192963
192960
192958
192956
192958
192958
192955
192951
192951
192951
192951
192946
192942
192941
192941
192939
192934
192933
192935
192939
192942
192942
192943
192945
192950
192955
192956
192957
192961
192964
192965
192963
192962
192962
192962
192961
192962
192962
192963
192967
192971
192974
192977
192982
192987
192992
192994
192994
192995
192997
192996
192990
192984
192981
192977
192971
192966
192961
192960
192957
192956
192958
192959
192961
192969
192973
192974
192975
192977
192980
192981
192978
192976
192975
192973
192970
192966
192961
192961
192963
192965
192965
192965
192968
192972
192977
192981
192981
192982
192986
192988
192988
192986
192986
192988
192986
192982
192978
192977
192978
192976
192972
192967
192967
192969
192970
192971
192969
192970
192975
192978
192978
192979
192979
192979
192978
192974
192968
192962
192959
192957
192954
192948
192945
192947
192950
192947
192945
192948
192951
192952
192952
192952
192955
192958
192958
192957
192954
192954
192954
192955
192950
192946
192944
192943
192940
192933
192927
192926
192927
192925
192922
192916
192914
192915
192917
192914
192910
192911
192914
192915
192914
192914
192915
192916
192918
192915
192912
192910
192909
192908
192907
192907
192910
192915
192918
192918
192919
192922
192928
192933
192931
192930
192932
192933
192934
192934
192934
192934
192934
192934
192933
192932
192933
192936
192938
192938
192938
192943
192946
192947
192949
192950
192950
192952
192953
192953
192952
192953
192951
192949
192947
192946
192946
192946
192945
192942
192939
192939
192940
192941
192939
192937
192935
192937
192936
192935
192933
192934
192938
192942
192942
192944
192945
192948
192952
192951
192949
192951
192952
192951
192951
192951
192952
192954
192956
192955
192953
192955
192957
192953
192951
192949
192949
192948
192947
192944
192943
192943
192946
192945
192942
192942
192943
192944
192943
192942
192941
192942
192945
192946
192943
192939
192940
192942
192943
192942
192940
192940
192942
192942
192940
192938
192938
192936
192935
192933
192931
192932
192934
192933
192932
192933
192935
192937
192939
192939
192941
192944
192946
192946
192946
192944
192945
192944
192945
192945
192943
192945
192948
192949
192947
192946
192946
192946
192945
192944
192944
192943
192941
192939
192936
192935
192937
192939
192940
192939
192939
192941
192943
192945
192946
192946
192948
192946
192946
192942
192941
192942
192943
192944
192942
192941
192942
192940
192940
192938
192936
192935
192936
192934
192932
192931
192930
192931
192932
192932
192933
192934
192935
192936
192934
192932
192933
192936
192938
192937
192935
192935
192938
192939
192940
192938
192940
192943
192944
192943
192941
192942
192944
192945
192942
192939
192939
192940
192939
192935
192931
192930
192933
192929
192925
192925
192929
192932
192928
192926
192926
192927
192928
192927
192929
192931
192933
192934
192933
192930
192930
192932
192931
192931
192930
192931
192933
192934
192935
192934
192934
192934
192938
192939
192939
192938
192938
192940
192940
192937
192932
192933
192936
192937
192938
192939
192942
192946
192948
192947
192947
192948
192951
192954
192950
192948
192948
192950
192949
192946
192944
192946
192947
192947
192944
192942
192944
192945
192944
192942
192941
192942
192945
192945
192941
192938
192940
192942
192942
192938
192935
192934
192936
192936
192933
192930
192933
192935
192936
192935
192936
192939
192941
192940
192940
192939
192939
192940
192938
192934
192932
192931
192930
192929
192928
192926
192927
192928
192927
192925
192925
192926
192926
192925
192921
192918
192917
192918
192913
192906
192901
192897
192893
192891
192888
192886
192886
192885
192884
192883
192881
192884
192888
192888
192885
192882
192883
192882
192879
192876
192874
192875
192874
192872
192871
192871
192873
192874
192873
192872
192872
192872
192876
192877
192874
192873
192874
192874
192872
192871
192872
192876
192878
192880
192881
192883
192884
192888
192890
192892
192894
192894
192898
192901
192903
192905
192910
192916
192917
192916
192913
192912
192911
192909
192906
192903
192904
192906
192905
192902
192902
192906
192909
192911
192910
192911
192914
192917
192917
192918
192919
192920
192924
192923
192920
192921
192922
192924
192925
192924
192923
192926
192930
192930
192931
192931
192934
192940
192942
192940
192939
192940
192940
192937
192935
192935
192937
192939
192939
192938
192937
192940
192944
192942
192941
192942
192945
192948
192946
192945
192945
192947
192948
192945
192945
192946
192950
192952
192952
192952
192952
192954
192955
192957
192957
192958
192958
192960
192961
192961
192961
192959
192960
192961
192960
192961
192962
192963
192963
192964
192963
192961
192962
192962
192960
192959
192958
192960
192959
192957
192955
192957
192960
192958
192956
192957
192958
192961
192962
192961
192959
192959
192961
192961
192959
192959
192961
192962
192963
192961
192961
192962
192966
192967
192967
192967
192970
192972
192972
192971
192970
192971
192974
192975
192975
192976
192975
192976
192977
192975
192972
192973
192975
192973
192969
192968
192967
192967
192966
192964
192960
192959
192959
192955
192952
192949
192946
192946
192944
192941
192939
192937
192938
192937
192934
192933
192932
192933
192933
192933
192931
192932
192932
192930
192926
192926
192926
192926
192927
192927
192928
192930
192933
192933
192933
192932
192933
192932
192930
192930
192930
192930
192930
192925
192922
192921
192922
192923
192924
192923
192923
192926
192928
192926
192925
192923
192922
192923
192922
192919
192918
192920
192915
192912
192911
192909
192910
192912
192909
192907
192907
192905
192904
192901
192898
192895
192894
192893
192891
192890
192889
192887
192886
192886
192883
192882
192882
192884
192882
192880
192880
192880
192883
192882
192883
192883
192885
192887
192888
192888
192887
192886
192890
192890
192890
192887
192888
192890
192891
192892
192890
192892
192895
192895
192895
192895
192896
192899
192900
192898
192899
192902
192904
192906
192905
192906
192908
192910
192911
192908
192907
192910
192912
192910
192907
192904
192904
192905
192902
192895
192890
192885
192883
192879
192874
192871
192872
192874
192871
192866
192864
192867
192870
192868
192865
192864
192867
192871
192871
192871
192875
192883
192888
192890
192892
192898
192904
192910
192913
192916
192921
192925
192930
192932
192934
192937
192944
192949
192949
192949
192949
192951
192955
192957
192959
192962
192965
192967
192966
192964
192963
192963
192964
192963
192960
192960
192960
192962
192961
192959
192960
192964
192965
192964
192963
192962
192962
192963
192961
192959
192961
192962
192964
192963
192963
192963
192964
192965
192965
192962
192962
192966
192968
192968
192967
192965
192968
192968
192963
192959
192957
192957
192957
192955
192950
192947
192949
192949
192948
192947
192948
192951
192951
192949
192946
192945
192946
192948
192946
192944
192943
192941
192940
192938
192935
192935
192935
192934
192933
192933
192933
192936
192937
192934
192930
192928
192927
192929
192927
192923
192922
192924
192925
192921
192916
192915
192916
192918
192919
192920
192923
192928
192932
192933
192934
192936
192941
192945
192945
192944
192943
192944
192944
192939
192934
192932
192932
192932
192930
192928
192928
192928
192928
192925
192922
192923
192925
192927
192927
192924
192923
192923
192919
192913
192906
192902
192898
192896
192895
192891
192888
192889
192892
192894
192896
192900
192904
192910
192912
192909
192908
192909
192910
192906
192901
192899
192897
192894
192891
192889
192887
192889
192890
192887
192884
192882
192883
192883
192881
192879
192878
192879
192880
192879
192877
192877
192878
192878
192875
192874
192875
192876
192878
192877
192875
192878
192882
192884
192884
192884
192886
192887
192888
192885
192881
192880
192878
192878
192875
192870
192868
192864
192862
192861
192858
192858
192860
192861
192861
192859
192861
192863
192865
192862
192860
192860
192861
192862
192860
192856
192857
192856
192857
192855
192852
192852
192853
192853
192852
192847
192846
192849
192849
192847
192845
192847
192849
192851
192850
192847
192849
192852
192850
192849
192850
192853
192857
192859
192859
192859
192863
192868
192872
192871
192872
192874
192879
192884
192885
192886
192889
192891
192891
192890
192889
192892
192898
192903
192905
192907
192911
192915
192915
192917
192919
192922
192926
192926
192926
192926
192924
192924
192924
192922
192920
192921
192925
192927
192927
192925
192925
192926
192925
192920
192919
192920
192924
192925
192925
192924
192925
192927
192929
192926
192923
192924
192925
192926
192924
192922
192922
192924
192924
192922
192919
192918
192919
192920
192917
192914
192914
192916
192920
192918
192916
192918
192922
192925
192926
192926
192928
192931
192933
192933
192931
192933
192937
192938
192939
192939
192939
192943
192944
192943
192942
192940
192941
192942
192940
192938
192937
192937
192934
192931
192928
192925
192924
192923
192918
192916
192915
192916
192913
192909
192906
192902
192903
192904
192901
192898
192897
192898
192897
192896
192892
192891
192891
192889
192886
192885
192885
192885
192886
192885
192883
192884
192885
192887
192887
192886
192886
192887
192885
192883
192880
192877
192878
192879
192878
192875
192876
192878
192879
192878
192876
192875
192876
192877
192874
192870
192869
192871
192872
192870
192866
192867
192868
192869
192867
192862
192862
192864
192865
192861
192858
192856
192858
192857
192853
192851
192853
192852
192853
192852
192850
192849
192849
192850
192849
192845
192844
192844
192844
192842
192838
192837
192839
192840
192837
192834
192832
192833
192835
192834
192833
192837
192842
192844
192842
192842
192846
192848
192847
192845
192844
192843
192844
192845
192843
192842
192841
192841
192841
192841
192842
192844
192848
192850
192849
192849
192852
192853
192856
192859
192859
192863
192867
192869
192872
192876
192878
192884
192888
192888
192888
192893
192896
192897
192899
192899
192902
192904
192905
192903
192901
192903
192902
192902
192902
192899
192897
192900
192903
192902
192902
192902
192903
192903
192901
192899
192900
192902
192902
192901
192899
192897
192900
192900
192899
192897
192900
192902
192901
192900
192898
192897
192899
192898
192896
192895
192894
192897
192896
192896
192896
192897
192899
192899
192898
192896
192897
192899
192901
192901
192900
192900
192903
192904
192905
192906
192908
192910
192910
192907
192903
192902
192903
192903
192902
192900
192900
192903
192907
192903
192902
192903
192905
192905
192902
192899
192899
192901
192899
192894
192890
192892
192894
192895
192895
192895
192898
192902
192902
192899
192897
192897
192895
192894
192891
192888
192886
192885
192884
192883
192880
192881
192883
192882
192880
192878
192878
192881
192881
192879
192875
192875
192876
192875
192873
192869
192868
192868
192867
192864
192861
192861
192862
192862
192862
192860
192862
192864
192864
192861
192860
192862
192865
192866
192864
192862
192864
192864
192864
192862
192860
192860
192862
192862
192859
192857
192857
192858
192860
192859
192858
192859
192862
192861
192858
192854
192851
192852
192853
192850
192847
192847
192847
192847
192847
192845
192844
192845
192844
192844
192844
192845
192845
192845
192845
192842
192841
192844
192848
192847
192848
192851
192851
192852
192854
192854
192855
192857
192859
192859
192857
192856
192858
192860
192858
192854
192856
192858
192860
192861
192862
192864
192866
192871
192870
192868
192871
192876
192879
192877
192876
192879
192882
192882
192881
192879
192882
192886
192886
192886
192886
192886
192888
192890
192890
192888
192890
192893
192894
192892
192890
192893
192896
192897
192895
192893
192897
192900
192898
192894
192894
192896
192898
192899
192896
192895
192896
192897
192896
192896
192896
192896
192898
192897
192894
192895
192896
192897
192897
192896
192894
192894
192894
192891
192889
192890
192890
192889
192887
192887
192887
192888
192890
192888
192886
192884
192885
192889
192890
192888
192887
192887
192887
192887
192883
192883
192885
192888
192888
192885
192882
192882
192879
192877
192876
192874
192876
192878
192878
192878
192875
192874
192876
192876
192874
192872
192874
192877
192877
192873
192869
192869
192868
192865
192864
192864
192868
192870
192870
192866
192864
192866
192867
192865
192862
192859
192860
192860
192859
192857
192857
192860
192861
192862
192862
192860
192860
192862
192861
192860
192860
192861
192864
192866
192864
192862
192864
192865
192863
192861
192860
192860
192861
192862
192859
192857
192856
192857
192858
192856
192852
192849
192850
192850
192848
192849
192851
192854
192855
192856
192856
192858
192860
192862
192863
192863
192863
192864
192864
192860
192857
192856
192855
192853
192851
192847
192848
192849
192850
192848
192847
192846
192849
192850
192849
192848
192850
192853
192851
192849
192848
192848
192849
192850
192846
192843
192843
192843
192842
192838
192836
192837
192838
192837
192833
192832
192835
192836
192835
192833
192832
192831
192830
192828
192824
192823
192822
192822
192822
192822
192819
192819
192822
192821
192818
192815
192815
192818
192819
192816
192816
192819
192822
192823
192821
192819
192822
192825
192826
192828
192828
192832
192837
192838
192834
192832
192834
192836
192836
192833
192832
192835
192839
192837
192832
192833
192834
192835
192836
192836
192836
192839
192844
192841
192840
192840
192843
192846
192849
192850
192850
192855
192858
192860
192863
192864
192869
192873
192875
192876
192879
192881
192882
192883
192885
192886
192888
192891
192892
192892
192890
192892
192896
192896
192895
192895
192894
192894
192894
192893
192893
192894
192898
192897
192895
192894
192895
192895
192893
192892
192890
192889
192891
192892
192892
192890
192891
192893
192892
192889
192886
192889
192892
192892
192890
192888
192889
192891
192891
192889
192888
192890
192890
192888
192883
192881
192882
192886
192885
192882
192884
192887
192889
192889
192887
192887
192887
192888
192886
192881
192879
192878
192877
192876
192875
192874
192875
192876
192875
192874
192873
192875
192877
192877
192878
192876
192876
192877
192876
192875
192873
192872
192872
192871
192869
192867
192865
192865
192865
192862
192860
192860
192862
192862
192861
192857
192857
192859
192860
192859
192858
192859
192861
192861
192858
192857
192859
192862
192864
192861
192859
192861
192864
192864
192861
192860
192861
192863
192865
192863
192864
192868
192871
192871
192868
192869
192872
192872
192871
192869
192868
192869
192872
192869
192868
192867
192868
192870
192866
192861
192859
192860
192860
192856
192851
192850
192851
192850
192845
192841
192838
192838
192834
192830
192826
192822
192821
192820
192816
192812
192808
192807
192805
192801
192799
192798
192796
192797
192798
192797
192798
192800
192801
192802
192801
192801
192802
192805
192806
192806
192806
192808
192812
192814
192814
192815
192815
192817
192819
192819
192820
192821
192823
192824
192823
192822
192824
192826
192825
192824
192823
192825
192827
192828
192828
192827
192830
192835
192838
192836
192838
192842
192847
192849
192849
192849
192852
192855
192857
192854
192853
192855
192856
192855
192853
192851
192853
192857
192855
192854
192854
192856
192861
192861
192859
192860
192861
192864
192863
192861
192860
192863
192864
192866
192865
192865
192871
192875
192872
192871
192873
192876
192880
192879
192879
192880
192882
192885
192885
192886
192889
192891
192893
192894
192892
192890
192892
192895
192894
192890
192888
192889
192888
192885
192883
192880
192881
192883
192885
192884
192884
192885
192884
192883
192880
192879
192880
192882
192880
192879
192880
192879
192879
192879
192878
192876
192878
192877
192876
192874
192870
192868
192869
192866
192863
192862
192863
192861
192859
192857
192853
192851
192851
192850
192847
192843
192842
192841
192842
192842
192840
192842
192843
192842
192842
192842
192843
192844
192846
192843
192842
192844
192847
192846
192845
192844
192841
192843
192842
192838
192837
192838
192840
192839
192838
192839
192840
192843
192843
192840
192840
192842
192844
192844
192842
192840
192842
192842
192841
192840
192839
192842
192843
192841
192840
192840
192841
192843
192843
192841
192839
192841
192842
192844
192842
192841
192844
192847
192847
192846
192844
192846
192847
192846
192841
192841
192842
192844
192843
192839
192837
192836
192837
192832
192830
192830
192833
192835
192837
192837
192836
192837
192836
192834
192830
192829
192833
192836
192835
192834
192836
192837
192838
192838
192838
192838
192840
192840
192840
192838
192836
192835
192835
192834
192830
192829
192831
192832
192830
192828
192828
192831
192834
192834
192835
192836
192839
192843
192841
192841
192840
192839
192842
192841
192839
192839
192841
192842
192840
192837
192835
192835
192836
192834
192833
192833
192833
192834
192834
192835
192837
192841
192845
192845
192843
192844
192844
192846
192847
192848
192847
192850
192850
192849
192849
192849
192852
192854
192855
192856
192855
192858
192861
192864
192864
192867
192873
192879
192880
192880
192882
192883
192884
192881
192876
192871
192868
192866
192860
192855
192851
192850
192850
192848
192844
192842
192845
192851
192851
192850
192852
192856
192859
192858
192855
192852
192853
192852
192849
192844
192844
192846
192849
192846
192843
192842
192841
192839
192836
192834
192832
192832
192830
192827
192825
192823
192823
192820
192816
192812
192809
192808
192806
192802
192798
192796
192797
192799
192796
192796
192797
192798
192801
192801
192799
192799
192800
192801
192801
192799
192799
192798
192798
192798
192796
192795
192798
192798
192798
192800
192800
192804
192808
192809
192807
192809
192820
192829
192830
192828
192829
192832
192836
192834
192833
192834
192835
192837
192836
192836
192838
192842
192844
192844
192843
192841
192840
192840
192838
192836
192835
192834
192832
192829
192826
192826
192825
192824
192823
192824
192826
192831
192836
192839
192839
192840
192843
192845
192843
192841
192840
192841
192844
192847
192848
192850
192855
192860
192865
192867
192868
192872
192876
192878
192872
192870
192872
192872
192868
192865
192864
192866
192870
192868
192864
192865
192866
192866
192865
192864
192865
192865
192863
192858
192855
192853
192850
192849
192848
192845
192844
192846
192845
192844
192844
192843
192847
192851
192853
192854
192853
192853
192854
192853
192850
192851
192853
192855
192855
192853
192852
192854
192856
192856
192857
192858
192861
192865
192868
192868
192871
192876
192879
192878
192878
192879
192881
192881
192880
192877
192877
192880
192877
192875
192874
192872
192872
192873
192870
192867
192866
192867
192867
192866
192866
192865
192869
192869
192866
192865
192866
192865
192864
192863
192861
192860
192859
192858
192856
192854
192855
192854
192855
192852
192850
192850
192853
192856
192859
192862
192864
192863
192863
192862
192859
192857
192859
192861
192860
192859
192856
192855
192855
192852
192850
192850
192852
192854
192852
192852
192854
192854
192859
192861
192861
192861
192860
192861
192861
192859
192854
192854
192856
192855
192850
192849
192852
192855
192855
192854
192852
192854
192854
192850
192848
192847
192848
192848
192843
192839
192836
192838
192839
192837
192834
192835
192837
192839
192838
192836
192835
192837
192837
192836
192835
192836
192838
192837
192838
192836
192834
192836
192838
192836
192835
192835
192835
192833
192831
192829
192827
192825
192825
192822
192820
192821
192824
192826
192827
192827
192830
192832
192831
192830
192829
192831
192834
192833
192832
192833
192833
192830
192831
192829
192824
192823
192823
192822
192820
192818
192818
192817
192818
192816
192815
192815
192816
192813
192810
192808
192806
192804
192803
192799
192796
192794
192793
192791
192788
192785
192784
192784
192786
192786
192785
192786
192786
192785
192784
192783
192786
192787
192785
192783
192782
192782
192780
192779
192775
192774
192775
192775
192776
192778
192776
192776
192778
192780
192778
192776
192777
192776
192776
192776
192774
192771
192773
192775
192775
192773
192773
192778
192778
192780
192784
192785
192787
192792
192794
192794
192798
192804
192809
192814
192815
192815
192819
192824
192824
192823
192825
192827
192830
192830
192827
192827
192827
192830
192829
192828
192830
192831
192833
192833
192834
192836
192838
192840
192840
192841
192842
192841
192843
192843
192840
192841
192842
192841
192838
192834
192833
192833
192831
192830
192826
192827
192830
192830
192828
192827
192829
192833
192834
192836
192836
192835
192838
192838
192837
192835
192836
192837
192836
192834
192831
192829
192830
192830
192829
192829
192828
192829
192829
192827
192825
192824
192826
192828
192824
192820
192818
192818
192817
192813
192809
192808
192809
192807
192802
192796
192793
192790
192786
192784
192783
192782
192784
192786
192785
192787
192790
192793
192794
192795
192796
192797
192799
192800
192801
192799
192797
192799
192798
192794
192792
192790
192788
192789
192788
192785
192787
192790
192794
192795
192795
192796
192798
192800
192801
192801
192804
192810
192813
192812
192811
192812
192814
192815
192810
192809
192810
192812
192810
192808
192805
192807
192809
192810
192811
192813
192816
192820
192821
192818
192818
192818
192820
192821
192821
192819
192820
192823
192825
192823
192822
192822
192825
192828
192830
192831
192834
192839
192842
192841
192840
192842
192844
192845
192843
192841
192839
192840
192840
192838
192834
192833
192835
192837
192841
192841
192845
192852
192854
192850
192850
192852
192856
192860
192861
192863
192866
192872
192872
192869
192870
192872
192873
192874
192873
192872
192875
192876
192875
192872
192869
192869
192869
192868
192863
192859
192858
192857
192854
192852
192850
192849
192851
192852
192850
192849
192850
192851
192851
192850
192849
192851
192856
192857
192859
192857
192854
192856
192859
192856
192853
192852
192852
192851
192845
192842
192839
192840
192839
192837
192836
192837
192838
192838
192838
192836
192833
192837
192839
192840
192841
192842
192843
192842
192839
192836
192833
192831
192832
192831
192827
192824
192825
192824
192823
192821
192818
192821
192823
192821
192819
192820
192823
192825
192823
192823
192823
192825
192825
192821
192819
192820
192820
192820
192819
192816
192816
192817
192816
192816
192815
192815
192817
192819
192816
192811
192810
192810
192812
192812
192812
192813
192815
192817
192816
192815
192816
192818
192822
192824
192824
192826
192830
192835
192836
192835
192837
192842
192846
192846
192846
192849
192852
192855
192853
192850
192852
192854
192855
192851
192846
192846
192848
192849
192846
192842
192844
192849
192850
192849
192848
192847
192847
192844
192837
192834
192832
192832
192831
192829
192826
192825
192823
192823
192820
192819
192821
192823
192824
192821
192818
192816
192815
192815
192812
192808
192806
192807
192808
192804
192800
192799
192800
192801
192797
192796
192797
192798
192799
192798
192797
192799
192802
192802
192802
192802
192802
192806
192810
192810
192810
192811
192814
192815
192815
192816
192818
192820
192821
192820
192821
192824
192825
192827
192827
192823
192823
192822
192822
192821
192821
192822
192823
192825
192825
192822
192822
192824
192825
192824
192825
192826
192829
192830
192828
192824
192823
192822
192821
192820
192818
192817
192820
192825
192825
192823
192825
192828
192830
192829
192827
192827
192831
192834
192833
192829
192828
192830
192829
192828
192827
192826
192826
192828
192829
192828
192827
192827
192829
192829
192826
192823
192822
192820
192816
192811
192807
192807
192808
192808
192808
192807
192810
192813
192813
192813
192816
192820
192822
192822
192819
192817
192818
192817
192815
192810
192807
192806
192806
192804
192801
192802
192805
192806
192804
192805
192806
192808
192811
192810
192808
192808
192809
192809
192806
192801
192799
192799
192798
192796
192796
192798
192802
192806
192807
192808
192811
192814
192815
192813
192812
192810
192811
192811
192807
192804
192805
192805
192807
192804
192801
192802
192806
192809
192809
192810
192812
192814
192817
192818
192814
192815
192818
192816
192812
192808
192808
192807
192805
192800
192797
192796
192796
192795
192794
192792
192790
192793
192796
192796
192794
192793
192795
192796
192795
192793
192792
192794
192794
192790
192786
192785
192786
192786
192784
192779
192779
192779
192778
192775
192770
192770
192770
192770
192765
192762
