191573
191572
191572
191571
191568
191568
191566
191564
191562
191559
191557
191559
191562
191558
191558
191560
191560
191559
191558
191555
191553
191556
191556
191553
191550
191547
191546
191548
191547
191545
191545
191548
191552
191553
191553
191554
191555
191559
191561
191558
191559
191561
191563
191562
191558
191559
191560
191560
191558
191556
191556
191557
191558
191554
191549
191546
191546
191546
191547
191547
191547
191550
191554
191556
191558
191559
191563
191567
191568
191568
191569
191570
191572
191573
191573
191575
191581
191585
191583
191582
191586
191591
191596
191599
191602
191606
191611
191617
191621
191622
191624
191626
191626
191625
191623
191622
191623
191623
191621
191618
191614
191613
191613
191611
191607
191603
191601
191599
191597
191595
191592
191589
191587
191584
191581
191581
191581
191578
191573
191570
191567
191566
191566
191564
191559
191555
191553
191553
191550
191548
191548
191549
191548
191545
191542
191539
191539
191540
191537
191535
191535
191535
191535
191535
191535
191534
191535
191538
191538
191539
191539
191542
191546
191548
191546
191545
191546
191548
191549
191549
191549
191548
191547
191546
191544
191540
191537
191536
191534
191533
191532
191532
191534
191532
191530
191529
191529
191528
191525
191521
191520
191522
191526
191529
191529
191531
191536
191542
191540
191537
191538
191539
191541
191540
191536
191536
191538
191537
191531
191527
191525
191527
191530
191531
191531
191533
191536
191539
191539
191538
191536
191537
191539
191538
191537
191536
191535
191534
191529
191522
191517
191515
191513
191508
191503
191501
191501
191501
191499
191498
191499
191500
191499
191497
191495
191494
191493
191491
191487
191481
191477
191473
191469
191466
191462
191461
191461
191462
191462
191462
191462
191463
191464
191464
191463
191463
191465
191467
191470
191471
191475
191478
191480
191483
191486
191491
191497
191505
191506
191509
191516
191524
191531
191537
191540
191546
191553
191558
191560
191560
191563
191568
191571
191574
191577
191582
191586
191591
191595
191596
191600
191604
191609
191610
191609
191609
191614
191617
191618
191620
191623
191626
191630
191631
191629
191631
191634
191638
191639
191637
191638
191640
191644
191643
191640
191639
191640
191643
191643
191643
191642
191640
191642
191639
191635
191635
191636
191634
191632
191632
191628
191627
191629
191626
191622
191620
191620
191622
191621
191618
191617
191614
191612
191609
191606
191605
191607
191608
191607
191606
191604
191600
191600
191598
191594
191593
191593
191594
191592
191590
191590
191589
191591
191589
191583
191581
191582
191582
191578
191575
191574
191573
191573
191572
191571
191571
191569
191569
191567
191566
191563
191563
191564
191562
191558
191555
191555
191555
191553
191551
191547
191546
191545
191542
191538
191539
191539
191540
191541
191539
191536
191537
191538
191538
191538
191539
191540
191543
191544
191542
191541
191539
191537
191535
191533
191530
191531
191531
191529
191526
191523
191522
191521
191520
191518
191519
191519
191518
191518
191517
191519
191521
191524
191527
191529
191534
191537
191539
191541
191541
191542
191547
191549
191549
191547
191549
191553
191554
191552
191551
191553
191556
191557
191555
191556
191560
191565
191568
191568
191566
191568
191572
191576
191576
191574
191576
191580
191581
191580
191578
191577
191580
191580
191579
191576
191574
191577
191578
191576
191575
191576
191577
191578
191579
191580
191578
191580
191580
191578
191575
191576
191578
191578
191575
191573
191574
191577
191578
191573
191571
191573
191577
191578
191578
191578
191579
191580
191580
191579
191577
191576
191577
191576
191573
191571
191570
191571
191572
191569
191566
191565
191565
191567
191566
191562
191561
191562
191561
191560
191556
191554
191555
191555
191552
191547
191546
191549
191548
191548
191547
191548
191549
191551
191550
191547
191546
191547
191546
191544
191543
191542
191540
191539
191536
191532
191531
191531
191529
191524
191519
191517
191512
191510
191505
191500
191500
191503
191505
191504
191503
191504
191506
191504
191503
191503
191504
191506
191508
191504
191502
191505
191507
191506
191505
191504
191506
191509
191510
191508
191506
191507
191510
191507
191504
191504
191505
191506
191507
191506
191503
191503
191503
191502
191500
191498
191499
191501
191504
191503
191502
191505
191509
191506
191503
191504
191506
191509
191513
191515
191517
191522
191527
191528
191528
191527
191528
191532
191537
191537
191535
191536
191540
191539
191533
191533
191534
191537
191540
191541
191542
191546
191550
191555
191553
191551
191554
191558
191558
191559
191560
191562
191564
191566
191567
191565
191566
191569
191571
191571
191572
191573
191577
191580
191579
191576
191575
191577
191578
191577
191575
191574
191575
191578
191578
191579
191579
191581
191584
191582
191581
191583
191584
191584
191581
191578
191577
191576
191574
191569
191566
191566
191568
191567
191566
191566
191564
191563
191565
191564
191562
191564
191569
191572
191572
191571
191574
191576
191578
191578
191577
191578
191580
191583
191581
191578
191580
191580
191581
191582
191583
191586
191587
191589
191590
191587
191588
191594
191596
191595
191596
191597
191599
191599
191599
191597
191595
191596
191596
191595
191593
191593
191595
191596
191598
191596
191596
191598
191599
191597
191594
191596
191601
191603
191603
191602
191604
191607
191608
191606
191605
191606
191608
191609
191610
191610
191613
191618
191620
191620
191618
191618
191618
191619
191618
191617
191618
191619
191618
191613
191610
191610
191606
191603
191601
191597
191595
191595
191594
191590
191587
191587
191588
191586
191582
191580
191578
191579
191578
191573
191570
191570
191571
191570
191563
191559
191556
191553
191551
191545
191542
191543
191542
191539
191537
191534
191533
191532
191530
191525
191522
191521
191520
191518
191515
191513
191511
191509
191506
191500
191496
191495
191494
191494
191493
191492
191495
191497
191498
191493
191492
191495
191498
191500
191500
191502
191507
191508
191508
191508
191504
191503
191506
191508
191508
191508
191508
191507
191508
191509
191505
191505
191506
191506
191505
191504
191509
191511
191512
191514
191514
191515
191519
191520
191518
191519
191520
191522
191521
191518
191518
191517
191517
191518
191517
191518
191520
191524
191525
191524
191524
191527
191528
191530
191532
191533
191534
191537
191539
191536
191535
191538
191544
191547
191549
191551
191553
191558
191560
191560
191562
191563
191568
191570
191567
191569
191571
191574
191578
191577
191578
191579
191581
191583
191581
191580
191584
191589
191592
191592
191591
191591
191593
191595
191593
191590
191591
191594
191596
191595
191590
191589
191590
191588
191585
191583
191583
191586
191585
191583
191580
191583
191585
191584
191585
191586
191589
191591
191590
191590
191585
191586
191585
191583
191580
191576
191576
191576
191573
191567
191561
191558
191553
191548
191545
191542
191540
191540
191537
191534
191531
191527
191524
191522
191520
191519
191522
191525
191523
191521
191517
191514
191511
191509
191508
191507
191505
191504
191503
191503
191503
191500
191500
191501
191500
191498
191499
191502
191502
191501
191502
191503
191504
191505
191505
191505
191509
191514
191516
191516
191517
191518
191517
191518
191516
191515
191516
191519
191518
191517
191518
191517
191515
191515
191515
191516
191517
191521
191525
191526
191525
191527
191527
191528
191530
191530
191534
191537
191536
191534
191533
191535
191537
191536
191535
191534
191534
191533
191533
191531
191530
191531
191531
191531
191531
191531
191535
191541
191541
191542
191544
191547
191549
191549
191548
191547
191549
191549
191549
191549
191545
191545
191548
191547
191546
191547
191551
191555
191555
191552
191552
191554
191554
191556
191553
191550
191550
191550
191548
191547
191548
191549
191549
191550
191547
191547
191551
191556
191558
191559
191560
191563
191564
191564
191563
191562
191566
191568
191567
191567
191568
191567
191568
191568
191566
191563
191564
191569
191570
191569
191570
191574
191576
191578
191581
191582
191581
191585
191584
191581
191578
191578
191578
191575
191571
191569
191569
191567
191567
191565
191564
191568
191567
191564
191562
191562
191564
191565
191565
191564
191565
191569
191569
191568
191567
191566
191568
191570
191567
191565
191564
191567
191569
191567
191565
191565
191568
191574
191573
191568
191566
191568
191570
191568
191566
191566
191569
191570
191568
191561
191557
191557
191557
191555
191550
191545
191543
191543
191540
191539
191533
191531
191533
191531
191528
191525
191525
191524
191524
191526
191526
191526
191529
191529
191525
191521
191522
191523
191522
191518
191517
191520
191520
191517
191514
191514
191515
191519
191520
191521
191520
191523
191528
191527
191527
191527
191531
191538
191542
191543
191547
191551
191556
191555
191555
191556
191558
191562
191563
191564
191563
191565
191568
191567
191563
191560
191562
191564
191565
191567
191568
191571
191575
191576
191575
191574
191577
191582
191584
191583
191583
191583
191584
191583
191583
191579
191575
191575
191574
191571
191570
191571
191572
191573
191571
191573
191574
191575
191574
191572
191571
191570
191571
191572
191571
191569
191568
191568
191566
191562
191561
191563
191564
191564
191561
191559
191559
191560
191560
191558
191556
191557
191556
191553
191549
191547
191547
191545
191543
191541
191540
191541
191541
191543
191540
191539
191542
191542
191544
191546
191547
191549
191552
191554
191553
191552
191556
191559
191558
191557
191560
191565
191566
191566
191566
191566
191568
191571
191568
191564
191564
191564
191563
191561
191558
191557
191556
191559
191561
191562
191558
191557
191559
191556
191554
191553
191553
191554
191551
191548
191548
191550
191549
191546
191543
191543
191544
191546
191544
191542
191543
191547
191548
191546
191544
191544
191547
191550
191550
191550
191548
191549
191551
191550
191544
191542
191543
191545
191546
191544
191544
191546
191549
191549
191547
191544
191547
191549
191549
191546
191546
191550
191553
191553
191554
191555
191556
191559
191559
191560
191560
191560
191560
191561
191562
191563
191562
191563
191563
191562
191559
191559
191561
191560
191558
191557
191560
191559
191555
191552
191551
191550
191550
191548
191546
191545
191549
191554
191551
191549
191550
191554
191557
191559
191559
191563
191565
191568
191566
191564
191565
191566
191568
191567
191566
191565
191564
191563
191562
191561
191559
191560
191562
191562
191560
191560
191559
191560
191560
191557
191557
191560
191558
191556
191554
191554
191557
191559
191558
191553
191552
191556
191556
191552
191549
191550
191552
191554
191554
191552
191550
191552
191552
191547
191543
191545
191547
191548
191549
191551
191553
191554
191556
191555
191551
191549
191547
191547
191544
191541
191540
191538
191537
191536
191535
191532
191530
191532
191530
191527
191525
191525
191525
191522
191520
191519
191518
191517
191517
191515
191515
191516
191517
191516
191514
191513
191513
191514
191513
191512
191511
191513
191517
191514
191511
191510
191510
191513
191515
191511
191510
191513
191515
191515
191515
191515
191518
191519
191518
191519
191519
191518
191519
191518
191517
191517
191518
191519
191515
191512
191512
191514
191515
191516
191515
191515
191516
191519
191518
191516
191517
191520
191521
191519
191517
191518
191520
191522
191524
191524
191525
191529
191533
191532
191532
191534
191534
191536
191537
191535
191536
191539
191542
191539
191538
191542
191546
191551
191549
191549
191550
191553
191558
191559
191559
191561
191564
191568
191568
191565
191564
191566
191568
191572
191572
191573
191577
191579
191579
191577
191578
191582
191583
191583
191583
191583
191587
191589
191586
191583
191581
191582
191584
191583
191581
191578
191579
191581
191580
191580
191583
191586
191589
191590
191591
191592
191595
191600
191600
191600
191602
191605
191607
191605
191603
191603
191606
191610
191609
191606
191605
191606
191605
191600
191598
191596
191595
191595
191592
191588
191587
191588
191588
191586
191581
191577
191579
191579
191578
191575
191571
191572
191573
191571
191571
191569
191568
191568
191566
191564
191562
191562
191563
191562
191560
191557
191552
191551
191549
191544
191541
191540
191539
191536
191531
191531
191533
191530
191527
191526
191525
191526
191525
191522
191521
191521
191524
191527
191525
191523
191525
191525
191524
191523
191521
191521
191523
191527
191526
191526
191527
191530
191533
191534
191535
191537
191540
191544
191541
191539
191539
191538
191539
191539
191538
191541
191545
191545
191543
191537
191533
191532
191530
191527
191524
191523
191522
191522
191523
191523
191523
191528
191531
191532
191531
191531
191530
191528
191525
191520
191519
191518
191518
191517
191515
191515
191516
191517
191514
191512
191514
191514
191514
191514
191510
191508
191504
191500
191494
191489
191487
191486
191485
191484
191481
191480
191481
191482
191483
191483
191486
191490
191492
191492
191492
191491
191493
191495
191492
191489
191488
191488
191488
191488
191486
191490
191495
191498
191497
191497
191501
191503
191501
191499
191498
191497
191497
191495
191493
191489
191486
191484
191483
191478
191476
191475
191477
191479
191479
191480
191481
191487
191491
191487
191483
191483
191485
191485
191482
191481
191482
191484
191487
191488
191488
191493
191499
191507
191512
191516
191524
191532
191537
191544
191550
191555
191563
191566
191566
191568
191572
191574
191575
191576
191576
191578
191581
191585
191584
191583
191586
191588
191590
191586
191582
191581
191582
191579
191577
191577
191578
191580
191582
191584
191584
191584
191586
191586
191583
191580
191578
191577
191576
191575
191574
191572
191573
191574
191572
191570
191570
191572
191575
191574
191570
191568
191568
191567
191564
191559
191553
191554
191552
191549
191547
191547
191548
191551
191553
191552
191553
191553
191553
191553
191552
191553
191555
191556
191555
191556
191556
191558
191557
191555
191554
191554
191556
191557
191559
191559
191561
191563
191564
191562
191558
191557
191558
191560
191559
191559
191560
191563
191561
191557
191555
191554
191554
191554
191553
191551
191550
191550
191550
191547
191546
191546
191549
191553
191554
191553
191555
191558
191563
191562
191560
191560
191560
191559
191556
191553
191553
191553
191554
191554
191550
191549
191552
191552
191551
191550
191551
191554
191556
191556
191557
191557
191557
191558
191555
191553
191556
191558
191559
191559
191557
191559
191560
191558
191557
191556
191554
191555
191557
191556
191554
191555
191557
191557
191553
191551
191552
191551
191550
191547
191542
191542
191543
191543
191539
191534
191534
191536
191536
191533
191531
191532
191533
191532
191531
191527
191528
191531
191533
191532
191530
191530
191531
191530
191530
191524
191522
191522
191521
191517
191514
191513
191513
191513
191512
191510
191505
191505
191505
191503
191502
191502
191503
191502
191498
191496
191497
191495
191494
191495
191496
191497
191499
191499
191498
191499
191503
191505
191505
191505
191503
191503
191505
191506
191507
191506
191508
191510
191509
191511
191511
191513
191518
191521
191521
191521
191523
191527
191527
191527
191526
191528
191531
191532
191534
191534
191536
191539
191539
191539
191539
191540
191542
191544
191544
191542
191544
191547
191548
191548
191546
191547
191551
191554
191553
191551
191554
191558
191558
191555
191555
191557
191558
191559
191558
191557
191559
191562
191562
191561
191561
191562
191566
191568
191569
191571
191575
191579
191580
191581
191582
191584
191587
191588
191586
191584
191586
191590
191589
191587
191587
191588
191587
191586
191584
191583
191586
191586
191588
191588
191588
191590
191591
191594
191594
191592
191594
191598
191600
191598
191597
191599
191602
191600
191598
191598
191601
191607
191608
191606
191606
191609
191609
191609
191605
191600
191597
191596
191595
191594
191592
191592
191593
191595
191593
191589
191590
191593
191593
191586
191578
191575
191572
191570
191567
191561
191558
191557
191554
191548
191544
191545
191548
191549
191547
191545
191545
191545
191544
191540
191535
191534
191534
191534
191530
191528
191528
191527
191526
191520
191519
191521
191523
191524
191522
191520
191522
191526
191530
191530
191529
191529
191530
191532
191531
191529
191527
191528
191530
191528
191522
191521
191521
191519
191516
191513
191510
191509
191508
191503
191496
191493
191492
191491
191489
191486
191483
191482
191481
191481
191480
191478
191481
191484
191484
191484
191483
191484
191483
191478
191473
191474
191475
191473
191471
191468
191471
191474
191476
191477
191477
191479
191481
191484
191486
191487
191488
191492
191494
191495
191492
191492
191494
191495
191494
191491
191489
191490
191492
191494
191495
191497
191503
191504
191504
191503
191506
191513
191516
191518
191518
191520
191522
191523
191522
191524
191527
191530
191530
191530
191529
191530
191533
191536
191536
191535
191536
191540
191542
191542
191541
191545
191548
191545
191544
191543
191543
191546
191547
191543
191542
191544
191549
191550
191548
191547
191550
191554
191555
191554
191554
191556
191561
191561
191558
191557
191558
191559
191561
191561
191558
191556
191559
191558
191554
191553
191556
191560
191563
191564
191565
191569
191577
191578
191577
191575
191577
191577
191577
191575
191574
191574
191571
191564
191560
191557
191555
191555
191556
191554
191556
191559
191560
191561
191563
191564
191567
191569
191570
191569
191570
191573
191572
191572
191572
191571
191573
191575
191575
191572
191571
191571
191570
191568
191566
191564
191563
191563
191563
191562
191560
191562
191564
191562
191558
191553
191554
191554
191551
191548
191546
191545
191545
191541
191536
191534
191534
191533
191534
191532
191530
191531
191534
191535
191532
191529
191530
191534
191535
191535
191537
191542
191544
191540
191537
191536
191539
191543
191545
191544
191544
191549
191552
191549
191549
191551
191552
191557
191559
191560
191561
191567
191570
191569
191569
191568
191570
191573
191574
191571
191570
191572
191571
191568
191566
191565
191565
191565
191565
191563
191561
191561
191558
191555
191550
191547
191546
191547
191544
191541
191538
191537
191537
191535
191532
191532
191533
191534
191535
191535
191536
191536
191537
191536
191535
191534
191537
191542
191546
191546
191545
191547
191552
191552
191553
191557
191562
191565
191568
191571
191572
191575
191580
191581
191582
191581
191585
191591
191592
191590
191591
191593
191593
191592
191592
191592
191593
191595
191594
191594
191591
191591
191594
191593
191592
191591
191592
191593
191593
191590
191587
191588
191589
191588
191586
191586
191587
191587
191586
191585
191585
191586
191588
191586
191584
191583
191585
191587
191587
191582
191578
191579
191582
191580
191577
191575
191574
191573
191571
191567
191563
191564
191563
191559
191557
191553
191551
191551
191549
191547
191545
191545
191547
191547
191543
191541
191541
191539
191537
191537
191535
191537
191539
191536
191535
191534
191534
191535
191537
191536
191532
191531
191532
191531
191526
191524
191524
191525
191526
191526
191525
191526
191528
191530
191528
191527
191529
191530
191529
191528
191527
191526
191527
191527
191527
191525
191524
191525
191523
191522
191523
191524
191522
191520
191519
191516
191517
191519
191517
191516
191518
191519
191519
191520
191521
191521
191524
191530
191531
191527
191527
191529
191530
191530
191529
191525
191523
191525
191523
191519
191517
191519
191520
191521
191522
191522
191522
191527
191528
191527
191527
191530
191532
191532
191531
191530
191528
191530
191531
191528
191527
191530
191536
191537
191538
191542
191544
191548
191550
191550
191550
191551
191553
191552
191552
191552
191552
191555
191555
191553
191552
191552
191554
191554
191554
191553
191552
191555
191556
191556
191557
191561
191562
191563
191562
191559
191557
191560
191562
191564
191566
191571
191575
191577
191578
191580
191580
191582
191584
191584
191586
191591
191595
191596
191596
191597
191598
191596
191595
191593
191593
191594
191594
191593
191591
191591
191592
191591
191590
191590
191591
191592
191595
191595
191592
191590
191590
191591
191588
191583
191580
191580
191581
191579
191579
191577
191576
191578
191574
191572
191570
191570
191571
191570
191567
191564
191566
191564
191563
191564
191561
191561
191565
191566
191564
191563
191567
191569
191568
191566
191564
191567
191570
191573
191576
191575
191578
191579
191579
191576
191576
191580
191583
191583
191585
191586
191585
191586
191587
191586
191587
191589
191592
191593
191593
191594
191595
191596
191595
191591
191589
191590
191591
191589
191586
191585
191583
191583
191583
191580
191578
191582
191586
191588
191590
191594
191597
191599
191601
191602
191604
191605
191606
191605
191602
191601
191600
191597
191596
191593
191590
191590
191589
191586
191584
191584
191584
191583
191581
191577
191574
191573
191573
191573
191571
191568
191567
191564
191559
191556
191554
191553
191554
191552
191547
191545
191545
191543
191540
191535
191533
191536
191539
191538
191538
191538
191541
191542
191540
191539
191539
191540
191542
191541
191539
191539
191540
191542
191542
191539
191537
191536
191539
191538
191535
191533
191535
191538
191534
191532
191533
191535
191539
191539
191539
191539
191542
191546
191546
191545
191548
191552
191554
191554
191552
191553
191554
191556
191555
191555
191558
191561
191561
191561
191558
191558
191562
191565
191566
191566
191567
191570
191571
191570
191566
191565
191569
191569
191565
191560
191559
191562
191565
191563
191562
191563
191566
191569
191569
191569
191570
191573
191573
191572
191572
191571
191573
191575
191576
191576
191578
191581
191583
191585
191586
191588
191591
191595
191597
191598
191598
191600
191602
191601
191597
191597
191598
191597
191593
191590
191588
191585
191584
191581
191578
191576
191575
191570
191565
191560
191556
191553
191550
191548
191545
191543
191541
191541
191538
191532
191531
191531
191531
191531
191529
191528
191530
191531
191531
191527
191524
191525
191524
191522
191519
191520
191520
191521
191521
191519
191519
191518
191518
191517
191516
191515
191514
191516
191516
191515
191514
191516
191515
191514
191512
191511
191512
191512
191511
191510
191510
191513
191515
191511
191509
191509
191512
191514
191514
191512
191512
191513
191514
191509
191504
191502
191501
191501
191500
191497
191494
191493
191493
191494
191490
191488
191491
191493
191493
191492
191493
191496
191498
191500
191499
191497
191498
191499
191498
191495
191494
191497
191503
191508
191511
191514
191519
191525
191525
191526
191528
191530
191531
191529
191524
191521
191520
191520
191516
191514
191513
191515
191518
191517
191514
191513
191513
191512
191512
191511
191511
191513
191516
191517
191513
191512
191514
191515
191515
191514
191515
191516
191519
191517
191515
191518
191521
191524
191523
191522
191524
191527
191530
191530
191531
191532
191535
191536
191536
191535
191535
191537
191541
191539
191536
191537
191541
191541
191540
191540
191542
191547
191548
191548
191550
191554
191557
191558
191560
191561
191562
191567
191570
191571
191572
191575
191581
191586
191585
191587
191588
191589
191589
191588
191586
191586
191588
191588
191583
191583
191582
191582
191583
191580
191578
191578
191580
191584
191585
191582
191580
191581
191584
191585
191584
191582
191583
191583
191581
191576
191571
191569
191569
191567
191563
191563
191563
191563
191562
191560
191556
191556
191556
191554
191552
191552
191553
191555
191551
191548
191544
191543
191545
191543
191540
191537
191538
191541
191537
191534
191532
191532
191533
191535
191534
191535
191539
191541
191539
191537
191536
191534
191533
191530
191527
191526
191527
191530
191529
191525
191528
191531
191533
191537
191537
191539
191543
191547
191544
191542
191543
191545
191546
191543
191541
191542
191545
191547
191547
191548
191551
191556
191559
191557
191557
191559
191561
191561
191558
191554
191553
191553
191552
191550
191548
191549
191550
191550
191550
191550
191549
191551
191553
191553
191553
191555
191558
191560
191558
191556
191556
191559
191562
191560
191559
191561
191562
191563
191561
191560
191561
191560
191560
191557
191553
191551
191551
191551
191549
191547
191548
191551
191555
191553
191551
191552
191555
191558
191560
191561
191564
191564
191566
191564
191563
191564
191568
191571
191572
191573
191573
191574
191577
191577
191576
191578
191582
191587
191587
191587
191590
191594
191595
191593
191592
191593
191593
191591
191590
191588
191586
191586
191587
191584
191582
191583
191585
191588
191589
191591
191592
191595
191598
191596
191594
191596
191598
191599
191599
191598
191598
191597
191597
191592
191587
191588
191590
191592
191592
191589
191587
191589
191589
191585
191583
191583
191585
191588
191588
191583
191580
191578
191577
191572
191566
191565
191568
191569
191567
191564
191563
191564
191566
191562
191557
191555
191556
191558
191556
191552
191552
191555
191560
191560
191557
191556
191559
191563
191562
191560
191561
191561
191563
191562
191558
191555
191552
191550
191549
191545
191543
191543
191543
191542
191538
191534
191532
191535
191535
191530
191527
191526
191527
191526
191524
191522
191520
191522
191524
191523
191525
191529
191532
191532
191532
191532
191533
191536
191537
191535
191535
191537
191537
191533
191532
191534
191532
191534
191533
191533
191536
191538
191539
191541
191542
191545
191547
191547
191547
191544
191543
191543
191544
191543
191539
191539
191543
191545
191541
191541
191545
191550
191554
191557
191557
191557
191560
191562
191555
191550
191547
191546
191547
191544
191539
191537
191538
191537
191533
191527
191527
191529
191531
191532
191533
191535
191537
191538
191537
191535
191534
191536
191539
191540
191538
191538
191542
191544
191545
191544
191543
191545
191548
191548
191546
191549
191548
191547
191546
191544
191543
191546
191548
191548
191550
191554
191559
191563
191566
191570
191576
191580
191585
191586
191589
191593
191596
191600
191601
191603
191603
191602
191604
191604
191602
191602
191604
191609
191609
191609
191614
191619
191621
191623
191625
191626
191628
191628
191624
191622
191621
191618
191618
191620
191617
191615
191615
191615
191613
191611
191611
191612
191610
191605
191601
191597
191597
191595
191591
191588
191587
191584
191580
191574
191568
191564
191560
191557
191551
191542
191536
191532
191528
191525
191522
191523
191523
191523
191522
191520
191520
191524
191523
191520
191517
191517
191518
191518
191515
191513
191514
191516
191517
191514
191512
191513
191513
191514
191512
191510
191508
191505
191503
191500
191496
191494
191494
191495
191493
191490
191490
191489
191488
191487
191482
191480
191481
191480
191478
191477
191475
191476
191476
191475
191477
191478
191480
191481
191480
191478
191481
191480
191476
191473
191473
191471
191470
191470
191469
191467
191469
191472
191473
191474
191473
191475
191475
191478
191480
191479
191481
191485
191483
191479
191476
191477
191476
191474
191471
191469
191470
191473
191474
191474
191477
191483
191489
191493
191497
191500
191506
191510
191512
191511
191511
191511
191515
191516
191515
191515
191516
191518
191519
191520
191521
191522
191523
191526
191529
191530
191534
191540
191542
191543
191540
191538
191539
191535
191529
191523
191519
191517
191515
191512
191508
191507
191508
191507
191504
191505
191505
191506
191509
191509
191508
191509
191514
191520
191521
191522
191527
191532
191534
191539
191543
191549
191556
191560
191561
191566
191572
191576
191579
191581
191582
191585
191587
191587
191587
191587
191588
191590
191589
191590
191589
191588
191590
191592
191588
191585
191587
191589
191587
191583
191579
191578
191581
191579
191575
191573
191576
191576
191572
191571
191570
191571
191573
191573
191570
191568
191571
191573
191571
191567
191565
191565
191566
191565
191563
191560
191559
191558
191557
191553
191550
191551
191554
191555
191554
191552
191552
191554
191555
191552
191548
191548
191550
191550
191546
191542
191542
191542
191543
191544
191539
191538
191539
191538
191536
191533
191532
191534
191534
191531
191527
191526
191524
191523
191521
191516
191516
191515
191515
191510
191506
191506
191506
191506
191502
191500
191501
191503
191504
191501
191498
191501
191503
191504
191502
191498
191497
191499
191502
191500
191498
191498
191499
191500
191496
191493
191494
191496
191498
191499
191497
191498
191501
191503
191500
191497
191498
191499
191499
191497
191492
191492
191496
191499
191498
191497
191499
191503
191506
191505
191502
191503
191508
191509
191509
191507
191509
191513
191514
191515
191517
191520
191525
191528
191528
191526
191525
191527
191529
191528
191526
191525
191530
191534
191532
191532
191534
191538
191541
191545
191548
191551
191558
191563
191567
191570
191575
191582
191588
191591
191591
191594
191600
191604
191603
191602
191606
191611
191613
191612
191609
191609
191609
191607
191603
191600
191599
191599
191599
191595
191591
191591
191593
191592
191587
191582
191582
191582
191581
191580
191577
191577
191578
191576
191573
191572
191575
191579
191579
191577
191574
191575
191574
191571
191568
191565
191563
191563
191562
191557
191553
191551
191549
191545
191538
191533
191534
191537
191536
191532
191533
191538
191539
191540
191541
191541
191545
191546
191547
191545
191544
191545
191546
191545
191543
191540
191539
191542
191540
191535
191532
191532
191533
191531
191528
191526
191525
191524
191520
191514
191512
191509
191509
191510
191508
191507
191509
191511
191511
191508
191507
191508
191508
191508
191507
191507
191508
191509
191511
191507
191503
191503
191502
191501
191500
191498
191500
191503
191505
191504
191504
191506
191510
191513
191514
191515
191518
191521
191524
191526
191526
191530
191536
191540
191541
191542
191544
191548
191552
191554
191551
191550
191553
191554
191553
191554
191557
191560
191559
191558
191560
191558
191558
191558
191558
191557
191559
191562
191564
191564
191565
191565
191564
191567
191566
191566
191569
191571
191572
191571
191566
191566
191567
191565
191562
191560
191561
191563
191564
191562
191561
191564
191566
191566
191562
191559
191558
191557
191556
191554
191550
191548
191547
191541
191537
191535
191535
191535
191534
191533
191532
191534
191535
191535
191531
191529
191529
191527
191525
191522
191520
191520
191522
191521
191517
191515
191517
191521
191522
191523
191526
191531
191535
191536
191535
191535
191540
191546
191548
191546
191546
191549
191549
191549
191548
191547
191548
191549
191550
191548
191543
191543
191544
191544
191543
191541
191543
191547
191547
191546
191545
191548
191550
191550
191550
191550
191552
191555
191555
191555
191555
191560
191562
191561
191560
191560
191558
191559
191559
191556
191553
191554
191553
191551
191547
191544
191542
191543
191541
191538
191537
191539
191539
191538
191537
191536
191539
191543
191545
191545
191548
191550
191552
191553
191554
191554
191556
191558
191560
191561
191560
191562
191566
191567
191568
191568
191568
191572
191573
191572
191570
191571
191574
191574
191571
191572
191574
191576
191578
191580
191583
191586
191588
191587
191583
191581
191582
191584
191582
191575
191571
191569
191568
191566
191564
191564
191565
191565
191566
191566
191564
191563
191565
191566
191563
191563
191565
191568
191566
191563
191562
191564
191566
191565
191565
191565
191568
191569
191567
191566
191564
191561
191559
191552
191548
191545
191544
191543
191543
191541
191542
191545
191546
191549
191548
191548
191549
191551
191551
191548
191546
191547
191546
191544
191540
191535
191534
191535
191534
191531
191530
191533
191537
191538
191538
191538
191538
191539
191537
191535
191532
191530
191528
191526
191524
191523
191523
191523
191524
191524
191523
191526
191529
191529
191530
191532
191539
191546
191547
191546
191544
191544
191543
191539
191533
191529
191528
191527
191521
191517
191516
191518
191522
191525
191525
191527
191533
191539
191541
191540
191543
191545
191548
191550
191546
191540
191540
191540
191536
191534
191531
191532
191534
191538
191540
191542
191548
191555
191559
191561
191563
191567
191568
191566
191563
191560
191556
191553
191546
191539
191533
191531
191528
191523
191519
191518
191520
191521
191520
191520
191523
191527
191530
191532
191530
191530
191534
191537
191536
191535
191534
191535
191536
191536
191536
191533
191535
191540
191542
191543
191544
191547
191551
191551
191550
191548
191547
191542
191538
191529
191522
191519
191518
191514
191509
191508
191511
191512
191511
191508
191508
191513
191519
191522
191525
191526
191529
191531
191529
191530
191528
191524
191523
191522
191521
191519
191523
191529
191532
191532
191535
191540
191542
191542
191538
191536
191536
191536
191537
191536
191535
191536
191539
191539
191539
191542
191546
191550
191551
191551
191548
191546
191545
191543
191537
191532
191531
191531
191530
191528
191528
191533
191539
191543
191547
191552
191555
191559
191561
191560
191559
191560
191560
191556
191554
191552
191552
191552
191547
191542
191542
191544
191547
191546
191543
191543
191547
191551
191551
191546
191546
191550
191551
191550
191548
191550
191555
191557
191557
191556
191554
191557
191561
191559
191557
191557
191558
191557
191557
191554
191553
191554
191557
191557
191552
191548
191548
191551
191551
191548
191548
191549
191549
191548
191545
191545
191549
191552
191552
191551
191552
191557
191557
191554
191550
191549
191549
191549
191546
191543
191543
191546
191545
191540
191537
191536
191537
191539
191539
191537
191535
191535
191534
191532
191527
191524
191525
191526
191526
191524
191524
191524
191526
191524
191522
191521
191521
191522
191523
191520
191517
191517
191518
191515
191510
191506
191504
191505
191503
191498
191498
191500
191501
191500
191498
191496
191496
191497
191495
191491
191490
191490
191491
191492
191491
191491
191489
191488
191489
191490
191490
191492
191495
191495
191496
191497
191501
191505
191507
191508
191509
191512
191516
191515
191514
191513
191513
191516
191516
191513
191512
191516
191520
191518
191516
191516
191516
191518
191518
191515
191514
191515
191517
191517
191514
191514
191516
191515
191513
191511
191509
191510
191510
191508
191507
191507
191510
191512
191511
191509
191509
191514
191519
191523
191523
191524
191528
191534
191535
191533
191533
191534
191535
191534
191533
191530
191532
191534
191533
191534
191532
191532
191533
191531
191530
191528
191529
191530
191531
191530
191530
191530
191530
191527
191526
191528
191528
191528
191527
191526
191526
191525
191527
191529
191528
191530
191531
191534
191535
191534
191534
191535
191532
191530
191530
191530
191529
191530
191530
191529
191529
191531
191535
191534
191533
191532
191534
191535
191533
191531
191531
191534
191535
191533
191528
191525
191524
191524
191522
191519
191519
191522
191522
191520
191518
191514
191512
191509
191506
191504
191502
191504
191506
191506
191506
191505
191505
191505
191504
191504
191504
191505
191508
191507
191507
191509
191511
191511
191513
191514
191514
191514
191514
191515
191513
191513
191516
191519
191519
191518
191521
191523
191527
191525
191525
191527
191531
191534
191533
191531
191530
191531
191532
191532
191528
191527
191527
191528
191529
191530
191529
191530
191531
191531
191530
191531
191533
191536
191535
191534
191536
191536
191536
191537
191538
191539
191542
191545
191546
191544
191543
191545
191547
191547
191547
191548
191552
191555
191553
191553
191555
191558
191559
191555
191554
191556
191558
191558
191558
191557
191559
191561
191563
191563
191558
191556
191557
191557
191556
191553
191553
191556
191559
191558
191555
191554
191555
191556
191556
191554
191554
191555
191556
191552
191547
191545
191546
191545
191543
191540
191539
191538
191536
191533
191530
191530
191530
191532
191533
191533
191531
191532
191533
191531
191529
191527
191528
191525
191523
191520
191518
191517
191516
191513
191512
191510
191510
191508
191504
191501
191500
191500
191500
191496
191492
191491
191492
191494
191489
191486
191485
191486
191487
191487
191488
191488
191489
191492
191494
191494
191495
191496
191497
191498
191498
191499
191502
191504
191504
191504
191507
191510
191511
191512
191511
191514
191516
191516
191514
191511
191511
191514
191516
191516
191515
191514
191516
191517
191515
191511
191510
191510
191511
191509
191505
191504
191508
191511
191513
191512
191513
191518
191521
191522
191519
191518
191521
191520
191517
191515
191514
191513
191514
191512
191508
191507
191505
191502
191497
191495
191493
191494
191494
191489
191486
191486
191488
191489
191488
191490
191494
191497
191500
191502
191503
191507
191512
191516
191517
191517
191520
191523
191525
191521
191516
191517
191519
191521
191522
191521
191523
191525
191529
191531
191530
191527
191528
191531
191532
191529
191528
191529
191529
191528
191526
191527
191527
191528
191527
191526
191526
191528
191531
191530
191529
191531
191532
191532
191531
191528
191529
191532
191532
191529
191526
191526
191527
191527
191525
191524
191525
191528
191528
191525
191524
191524
191525
191527
191522
191518
191519
191519
191518
191515
191513
191513
191517
191520
191519
191518
191521
191525
191527
191526
191526
191528
191531
191534
191533
191530
191531
191532
191533
191531
191527
191527
191528
191530
191531
191528
191528
191533
191535
191534
191531
191530
191531
191533
191532
191529
191529
191532
191532
191532
191529
191528
191529
191530
191528
191524
191522
191525
191526
191526
191525
191525
191527
191531
191532
191531
191531
191533
191534
191536
191536
191534
191538
191542
191543
191544
191546
191550
191553
191556
191557
191559
191562
191566
191567
191566
191566
191567
191572
191572
191570
191572
191577
191578
191576
191573
191576
191577
191580
191581
191581
191584
191589
191591
191590
191590
191591
191595
191596
191597
191598
191598
191601
191606
191604
191602
191604
191603
191601
191597
191594
191593
191597
191595
191591
191589
191590
191590
191588
191588
191587
191586
191586
191585
191582
191578
191577
191577
191576
191574
191571
191569
191568
191569
191565
191562
191563
191567
191569
191566
191562
191562
191563
191562
191558
191551
191549
191550
191549
191546
191543
191541
191541
191541
191538
191536
191537
191537
191536
191535
191533
191532
191534
191535
191532
191529
191528
191526
191524
191520
191517
191515
191513
191512
191509
191507
191507
191510
191511
191511
191509
191508
191509
191507
191506
191505
191506
191507
191507
191505
191503
191505
191507
191509
191507
191506
191508
191510
191513
191512
191511
191512
191515
191518
191515
191508
191506
191504
191505
191504
191503
191505
191509
191512
191513
191513
191513
191513
191514
191512
191511
191511
191512
191511
191509
191508
191509
191510
191511
191508
191504
191505
191507
191508
191508
191509
191512
191515
191513
191511
191510
191506
191505
191504
191502
191500
191500
191502
191503
191500
191498
191497
191501
191503
191501
191500
191500
191503
191505
191500
191496
191494
191493
191492
191489
191486
191484
191482
191481
191477
191473
191473
191475
191476
191476
191476
191477
191478
191478
191477
191479
191483
191483
191483
191483
191481
191480
191483
191485
191484
191480
191480
191482
191483
191480
191479
191481
191486
191488
191486
191485
191487
191488
191489
191489
191490
191489
191493
191496
191494
191494
191499
191503
191504
191505
191507
191512
191515
191518
191521
191522
191525
191529
191533
191535
191538
191543
191546
191549
191552
191554
191556
191559
191561
191560
191560
191562
191564
191564
191558
191555
191555
191556
191556
191554
191551
191552
191556
191557
191557
191555
191555
191556
191556
191555
191553
191552
191552
191553
191552
191549
191548
191549
191552
191550
191551
191555
191560
191564
191566
191569
191573
191576
191578
191580
191584
191585
191585
191587
191586
191585
191585
191585
191583
191580
191580
191581
191582
191583
191583
191583
191585
191589
191590
191588
191588
191592
191596
191597
191597
191598
191599
191601
191600
191597
191594
191593
191594
191596
191596
191596
191596
191599
191598
191595
191593
191591
191589
191587
191582
191576
191572
191569
191564
191559
191555
191554
191552
191548
191546
191542
191539
191536
191533
191527
191522
191522
191522
191520
191518
191518
191518
191516
191516
191515
191514
191513
191514
191514
191513
191513
191510
191507
191508
191505
191503
191504
191507
191507
191507
191507
191509
191510
191509
191508
191507
191509
191511
191510
191507
191504
191503
191505
191505
191503
191502
191503
191505
191508
191506
191506
191508
191507
191508
191510
191512
191513
191514
191512
191509
191508
191506
191506
191505
191503
191502
191505
191507
191507
191503
191502
191504
191504
191502
191501
191500
191501
191502
191504
191504
191504
191505
191508
191514
191515
191515
191514
191516
191519
191520
191520
191523
191527
191527
191527
191526
191527
191530
191529
191526
191525
191526
191528
191528
191528
191527
191528
191528
191528
191528
191526
191527
191528
191528
191528
191527
191526
191528
191529
191527
191527
191527
191528
191529
191529
191529
191528
191528
191529
191530
191528
191529
191532
191532
191529
191529
191532
191533
191533
191533
191534
191535
191538
191537
191536
191537
191537
191539
191539
191536
191532
191533
191534
191534
191531
191528
191528
191528
191526
191522
191519
191518
191520
191521
191518
191515
191516
191519
191520
191516
191513
191514
191515
191513
191510
191505
191502
191501
191500
191497
191492
191491
191491
191489
191486
191483
191481
191480
191479
191478
191477
191475
191476
191478
191477
191478
191481
191484
191487
191488
191486
191488
191490
191490
191489
191490
191494
191498
191501
191502
191503
191506
191510
191509
191506
191505
191507
191509
191507
191505
191504
191505
191508
191507
191502
191502
191505
191506
191508
191510
191511
191515
191519
191523
191525
191524
191527
191531
191534
191535
191533
191534
191535
191535
191532
191528
191529
191529
191527
191523
191522
191523
191524
191525
191524
191525
191527
191529
191531
191529
191527
191529
191529
191525
191524
191523
191524
191525
191525
191524
191523
191525
191524
191523
191522
191520
191521
191524
191525
191524
191524
191526
191528
191529
191529
191527
191527
191525
191522
191514
191508
191507
191507
191506
191504
191500
191501
191503
191504
191505
191507
191507
191511
191513
191512
191510
191511
191513
191512
191508
191505
191505
191505
191501
191498
191493
191489
191487
191488
191484
191482
191483
191484
191482
191482
191481
191481
191482
191478
191475
191474
191475
191477
191479
191480
191481
191485
191491
191493
191491
191492
191494
191496
191498
191496
191493
191494
191497
191498
191495
191493
191493
191493
191493
191492
191491
191492
191495
191496
191497
191496
191493
191495
191494
191491
191490
191489
191489
191489
191488
191486
191486
191487
191486
191488
191490
191491
191496
191499
191500
191503
191507
191509
191509
191509
191510
191512
191513
191512
191510
191509
191512
191515
191514
191513
191514
191518
191523
191523
191520
191518
191516
191517
191516
191513
191506
191503
191504
191505
191504
191503
191505
191509
191512
191514
191514
191518
191522
191521
191520
191519
191522
191524
191525
191525
191523
191526
191530
191531
191530
191528
191530
191535
191539
191542
191547
191553
191557
191560
191560
191560
191562
191560
191557
191555
191553
191551
191550
191548
191546
191543
191545
191549
191548
191547
191548
191550
191551
191552
191550
191547
191548
191551
191551
191548
191542
191541
191541
191539
191537
191537
191538
191541
191545
191544
191542
191545
191547
191547
191547
191547
191549
191553
191552
191549
191546
191546
191546
191544
191541
191539
191539
191540
191540
191539
191539
191539
191541
191538
191537
191537
191537
191538
191538
191535
191534
191534
191534
191531
191526
191521
191516
191514
191511
191507
191504
191503
191506
191508
191508
191507
191507
191508
191507
191504
191502
191499
191494
191490
191483
191477
191475
191473
191469
191467
191465
191467
191468
191467
191467
191467
191472
191478
191478
191477
191479
191483
191489
191488
191485
191485
191487
191488
191486
191483
191482
191482
191484
191484
191479
191475
191476
191478
191477
191476
191476
191478
191482
191480
191478
191478
191478
191480
191481
191481
191482
191484
191487
191488
191487
191486
191487
191491
191495
191495
191495
191498
191498
191496
191498
191500
191502
191505
191507
191508
191509
191510
191510
191509
191507
191504
191503
191502
191497
191493
191491
191493
191494
191494
191495
191494
191495
191499
191502
191503
191503
191506
191509
191511
191511
191509
191511
191511
191510
191509
191506
191506
191508
191506
191503
191504
191504
191507
191506
191504
191505
191508
191510
191510
191512
191513
191515
191518
191519
191520
191520
191519
191518
191515
191512
191512
191511
191510
191508
191505
191504
191504
191505
191506
191507
191509
191511
191513
191514
191513
191514
191519
191521
191523
191522
191523
191524
191523
191522
191522
191524
191526
191527
191526
191525
191525
191526
191524
191524
191525
191525
191525
191527
191529
191527
191527
191529
191527
191526
191523
191520
191521
191521
191519
191515
191514
191511
191507
191504
191503
191503
191505
191505
191503
191501
191500
191501
191499
191498
191498
191498
191499
191502
191503
191500
191498
191499
191500
191499
191497
191494
191493
191494
191494
191492
191489
191488
191490
191487
191482
191480
191477
191477
191476
191471
191468
191470
191470
191465
191459
191454
191454
191453
191449
191446
191444
191441
191441
191440
191438
191437
191438
191441
191443
191441
191442
191443
191442
191443
191445
191447
191450
191452
191452
191450
191448
191450
191453
191455
191455
191454
191456
191456
191453
191449
191448
191451
191449
191447
191444
191445
191448
191450
191451
191450
191448
191448
191454
191456
191455
191458
191462
191464
191465
191467
191468
191472
191476
191478
191479
191480
191482
191486
191490
191492
191495
191499
191504
191506
191507
191510
191514
191515
191514
191514
191517
191522
191526
191527
191531
191535
191539
191543
191544
191544
191548
191553
191560
191562
191561
191564
191566
191568
191568
191564
191559
191558
191559
191557
191553
191550
191550
191553
191551
191549
191548
191548
191549
191548
191543
191542
191545
191548
191546
191545
191543
191545
191546
191543
191538
191534
191532
191531
191529
191526
191524
191522
191522
191520
191517
191516
191517
191519
191517
191513
191510
191511
191510
191508
191506
191504
191504
191506
191506
191501
191498
191499
191501
191499
191495
191492
191495
191495
191492
191491
191492
191490
191491
191489
191486
191486
191487
191487
191486
191484
191484
191485
191485
191481
191476
191474
191472
191474
191473
191471
191470
191473
191478
191480
191478
191479
191482
191482
191480
191478
191479
191479
191480
191478
191477
191477
191480
191482
191481
191480
191481
191482
191485
191486
191489
191491
191489
191489
191489
191487
191486
191488
191489
191487
191485
191484
191487
191489
191486
191484
191485
191488
191491
191490
191488
191488
191488
191489
191485
191478
191474
191473
191475
191476
191475
191478
191484
191489
191494
191496
191501
191509
191516
191519
191520
191523
191524
191527
191527
191524
191520
191521
191523
191522
191517
191515
191517
191520
191522
191523
191524
191526
191531
191532
191529
191527
191526
191526
191523
191517
191516
191515
191514
191513
191510
191508
191509
191510
191511
191513
191515
191518
191521
191520
191518
191518
191519
191520
191519
191518
191517
191517
191518
191516
191515
191518
191521
191524
191528
191527
191528
191532
191535
191534
191533
191532
191529
191528
191525
191519
191516
191516
191517
191516
191515
191515
191515
191517
191518
191515
191516
191520
191521
191520
191518
191519
191521
191522
191521
191518
191516
191518
191521
191517
191513
191513
191514
191514
191514
191512
191511
191513
191516
191515
191512
191510
191509
191510
191509
191506
191505
191506
191509
191508
191504
191502
191503
191504
191502
191499
191496
191497
191498
191497
191493
191491
191494
191497
191498
191497
191494
191494
191495
191493
191489
191488
191488
191490
191491
191489
191489
191490
191491
191490
191488
191487
191489
191492
191493
191494
191496
191499
191500
191500
191502
191501
191503
191506
191506
191504
191503
191506
191508
191508
191506
191507
191509
191511
191510
191509
191508
191510
191512
191511
191511
191512
191516
191517
191516
191513
191514
191514
191516
191516
191515
191516
191520
191525
191526
191524
191524
191528
191533
191534
191533
191532
191535
191538
191533
191532
191531
191531
191532
191530
191528
191528
191531
191531
191529
191528
191526
191525
191526
191526
191526
191529
191531
191533
191533
191531
191530
191532
191534
191533
191529
191526
191526
191526
191524
191523
191523
191525
191522
191518
191512
191510
191509
191505
191498
191492
191490
191489
191487
191485
191483
191480
191484
191483
191478
191474
191471
191470
191469
191468
191468
191469
191470
191472
191474
191476
191481
191488
191495
191498
191500
191504
191510
191517
191519
191518
191520
191525
191531
191533
191533
191535
191536
191538
191538
191534
191533
191534
191536
191535
191534
191535
191537
191540
191538
191538
191540
191542
191545
191543
191542
191542
191543
191544
191540
191536
191536
191538
191540
191539
191536
191533
191534
191538
191538
191537
191538
191539
191540
191540
191538
191539
191541
191540
191538
191537
191536
191539
191541
191541
191538
191537
191536
191540
191540
191535
191535
191535
191538
191537
191533
191532
191532
191534
191534
191531
191528
191525
191523
191520
191516
191514
191513
191512
191510
191509
191507
191509
191512
191508
191506
191508
191512
191515
191518
191519
191519
191524
191528
191527
191528
191526
191523
191522
191520
191517
191514
191515
191514
191512
191510
191510
191512
191512
191511
191509
191506
191505
191501
191495
191491
191489
191489
191488
191483
191479
191474
191472
191471
191468
191465
191463
191464
191466
191466
191466
191465
191468
191470
191469
191469
191468
191469
191471
191470
191469
191469
191470
191471
191472
191469
191467
191469
191470
191466
191463
191462
191462
191463
191460
191458
191460
191462
191464
191462
191461
191463
191463
191463
191462
191459
191455
191453
191452
191448
191445
191446
191448
191449
191450
191451
191453
191456
191460
191462
191460
191459
191460
191463
191462
191460
191460
191463
191467
191467
191466
191469
191474
191478
191479
191477
191477
191480
191484
191484
191485
191487
191488
191487
191486
191485
191485
191485
191485
191484
191482
191485
191489
191492
191492
191494
191499
191504
191507
191508
191507
191506
191507
191508
191506
191503
191503
191504
191507
191506
191506
191509
191516
191518
191519
191521
191524
191528
191531
191532
191531
191533
191536
191537
191534
191531
191531
191531
191533
191531
191528
191528
191529
191530
191528
191527
191526
191527
191531
191532
191532
191534
191536
191538
191539
191539
191540
191541
191543
191542
191540
191541
191543
191543
191539
191531
191530
191529
191527
191525
191523
191523
191523
191523
191521
191517
191515
191517
191518
191516
191515
191514
191516
191517
191514
191511
191510
191510
191510
191507
191504
191504
191505
191507
191506
191501
191499
191501
191501
191500
191497
191497
191498
191496
191492
191488
191486
191486
191486
191484
191484
191484
191484
191486
191485
191485
191487
191490
191493
191492
191490
191490
191491
191492
191490
191487
191486
191486
191487
191486
191485
191486
191487
191488
191488
191487
191485
191488
191490
191489
191489
191492
191496
191497
191494
191492
191496
191498
191500
191498
191497
191498
191500
191502
191503
191502
191504
191506
191509
191509
191507
191509
191511
191511
191510
191508
191508
191507
191507
191505
191503
191500
191500
191501
191497
191492
191492
191493
191491
191489
191485
191485
191485
191483
191480
191477
191474
191471
191472
191467
191465
191465
191467
191470
191470
191470
191472
191478
191482
191483
191483
191488
191496
191500
191499
191499
191501
191503
191507
191506
191505
191506
191506
191508
191508
191507
191506
191508
191511
191511
191507
191505
191505
191508
191510
191507
191509
191513
191516
191514
191510
191510
191511
191513
191512
191510
191513
191516
191514
191512
191508
191508
191508
191507
191503
191499
191497
191497
191498
191497
191493
191492
191494
191494
191491
191489
191487
191487
191487
191486
191485
191487
191486
191488
191488
191488
191489
191489
191488
191486
191483
191482
191484
191485
191483
191482
191482
191484
191486
191487
191487
191486
191485
191485
191482
191479
191475
191476
191476
191473
191470
191470
191471
191471
191472
191473
191475
191478
191479
191478
191475
191475
191475
191476
191476
191475
191473
191472
191473
191470
191468
191469
191472
191474
191476
191479
191481
191484
191486
191484
191483
191485
191486
191485
191484
191481
191480
191484
191487
191488
191487
191489
191493
191493
191490
191485
191482
191481
191477
191471
191467
191464
191462
191462
191460
191454
191452
191453
191455
191455
191453
191453
191455
191454
191450
191446
191444
191442
191442
191441
191439
191438
191440
191440
191438
191434
191432
191432
191431
191431
191432
191436
191442
191447
191447
191447
191449
191453
191457
191456
191454
191453
191454
191454
191451
191449
191450
191452
191453
191451
191450
191453
191458
191462
191464
191467
191471
191475
191477
191477
