189498
189493
189486
189485
189488
189490
189487
189483
189485
189491
189495
189494
189491
189493
189499
189503
189499
189494
189492
189493
189493
189489
189485
189485
189489
189491
189489
189486
189486
189488
189490
189486
189482
189483
189488
189493
189491
189487
189488
189492
189494
189488
189480
189479
189483
189485
189482
189477
189478
189484
189489
189488
189487
189488
189492
189496
189494
189492
189494
189499
189501
189496
189490
189489
189491
189493
189488
189483
189482
189486
189489
189485
189482
189483
189488
189491
189488
189484
189484
189489
189493
189490
189486
189485
189486
189487
189483
189478
189478
189481
189483
189479
189476
189479
189486
189488
189485
189482
189483
189488
189492
189490
189487
189488
189491
189492
189488
189483
189482
189484
189486
189482
189478
189478
189482
189487
189485
189481
189484
189490
189494
189491
189486
189486
189490
189493
189491
189487
189488
189491
189493
189488
189483
189482
189486
189489
189486
189483
189485
189490
189492
189488
189484
189483
189486
189488
189486
189484
189486
189492
189496
189494
189492
189492
189496
189498
189495
189492
189494
189498
189500
189498
189494
189495
189499
189502
189499
189496
189498
189502
189505
189502
189497
189498
189502
189505
189501
189497
189498
189502
189505
189503
189499
189499
189501
189503
189499
189494
189493
189497
189499
189495
189492
189494
189497
189499
189496
189489
189488
189490
189492
189488
189483
189483
189489
189493
189492
189489
189489
189491
189494
189491
189487
189486
189489
189491
189487
189483
189483
189487
189489
189484
189480
189482
189487
189490
189486
189482
189483
189487
189491
189490
189489
189492
189496
189498
189495
189493
189494
189498
189500
189495
189490
189491
189495
189496
189493
189488
189487
189491
189495
189494
189490
189491
189495
189499
189497
189494
189494
189497
189498
189493
189489
189489
189493
189495
189493
189489
189489
189491
189491
189487
189484
189487
189493
189496
189493
189490
189492
189496
189498
189493
189490
189491
189493
189496
189492
189488
189488
189491
189492
189489
189486
189488
189491
189494
189491
189487
189488
189493
189495
189491
189488
189488
189492
189493
189490
189485
189485
189488
189491
189489
189486
189487
189490
189494
189492
189490
189490
189495
189498
189496
189493
189495
189500
189504
189501
189498
189498
189501
189503
189500
189496
189496
189500
189501
189496
189490
189489
189491
189491
189486
189482
189484
189490
189493
189490
189485
189486
189490
189492
189489
189485
189486
189489
189491
189487
189484
189484
189486
189487
189485
189483
189485
189490
189494
189493
189491
189494
189497
189500
189498
189497
189499
189505
189507
189505
189501
189502
189505
189507
189504
189501
189503
189508
189511
189509
189505
189506
189509
189510
189507
189505
189507
189512
189513
189509
189505
189508
189512
189516
189512
189508
189507
189510
189511
189507
189503
189504
189509
189512
189508
189505
189507
189512
189516
189514
189510
189509
189512
189513
189507
189501
189501
189504
189507
189505
189503
189507
189514
189516
189512
189507
189506
189508
189509
189504
189501
189504
189509
189513
189510
189505
189506
189509
189512
189510
189508
189512
189518
189521
189516
189510
189512
189515
189518
189514
189512
189515
189519
189522
189519
189515
189516
189520
189522
189519
189514
189514
189519
189522
189519
189515
189515
189517
189518
189514
189510
189511
189517
189520
189517
189514
189515
189519
189522
189519
189515
189516
189520
189521
189517
189513
189515
189519
189520
189517
189513
189515
189519
189522
189518
189514
189515
189520
189521
189516
189511
189512
189515
189515
189508
189503
189505
189511
189516
189515
189512
189514
189518
189521
189518
189515
189517
189520
189522
189518
189513
189512
189513
189514
189510
189505
189506
189512
189516
189515
189513
189516
189521
189525
189523
189520
189522
189526
189528
189525
189521
189521
189523
189524
189519
189515
189516
189521
189523
189520
189515
189517
189521
189522
189517
189512
189514
189519
189521
189520
189517
189518
189521
189522
189518
189513
189512
189516
189518
189513
189508
189508
189511
189513
189509
189506
189509
189512
189516
189513
189509
189509
189513
189515
189513
189509
189510
189513
189516
189514
189512
189514
189517
189519
189516
189512
189514
189518
189519
189515
189512
189513
189516
189517
189512
189507
189508
189510
189510
189505
189501
189503
189509
189512
189511
189507
189510
189517
189519
189515
189511
189512
189515
189515
189509
189502
189502
189505
189505
189500
189496
189498
189502
189506
189503
189500
189502
189507
189507
189503
189500
189502
189506
189507
189503
189499
189499
189500
189500
189496
189492
189495
189501
189504
189503
189502
189505
189510
189513
189508
189503
189505
189510
189511
189508
189504
189507
189512
189513
189508
189503
189505
189510
189513
189510
189506
189510
189515
189518
189513
189509
189511
189517
189521
189519
189516
189518
189521
189522
189517
189512
189512
189513
189512
189508
189504
189506
189512
189515
189513
189509
189512
189516
189518
189515
189512
189513
189517
189518
189515
189511
189514
189517
189518
189514
189508
189509
189514
189516
189512
189508
189511
189518
189522
189522
189523
189526
189530
189531
189526
189520
189519
189521
189519
189512
189507
189507
189508
189507
189503
189499
189502
189508
189513
189515
189517
189523
189529
189533
189531
189528
189530
189533
189533
189526
189519
189518
189519
189518
189515
189511
189512
189517
189519
189518
189517
189521
189527
189531
189528
189524
189526
189529
189530
189525
189518
189517
189518
189515
189508
189504
189506
189511
189513
189510
189507
189510
189514
189517
189515
189513
189517
189522
189523
189516
189511
189512
189517
189521
189519
189519
189524
189531
189536
189536
189536
189540
189546
189549
189546
189543
189545
189548
189548
189542
189535
189535
189537
189537
189533
189528
189529
189533
189533
189527
189520
189519
189521
189520
189514
189507
189506
189510
189511
189504
189498
189497
189499
189499
189495
189493
189498
189505
189511
189511
189511
189517
189524
189527
189522
189517
189517
189518
189515
189507
189498
189496
189498
189498
189492
189485
189483
189484
189482
189475
189469
189469
189472
189473
189469
189465
189467
189470
189471
189468
189465
189467
189472
189474
189471
189467
189469
189473
189474
189469
189465
189466
189469
189471
189468
189463
189465
189470
189474
189472
189469
189472
189477
189481
189479
189477
189480
189485
189488
189485
189483
189486
189491
189491
189487
189482
189483
189486
189488
189487
189487
189492
189496
189498
189495
189494
189498
189502
189503
189499
189495
189497
189502
189504
189500
189498
189503
189508
189510
189507
189506
189510
189516
189517
189513
189509
189511
189517
189520
189518
189516
189518
189521
189522
189518
189515
189518
189521
189522
189519
189516
189519
189524
189526
189524
189521
189523
189527
189529
189526
189523
189525
189528
189529
189524
189520
189522
189526
189528
189524
189522
189525
189530
189533
189530
189526
189529
189533
189534
189531
189528
189532
189537
189539
189535
189532
189534
189538
189539
189535
189530
189534
189542
189545
189544
189544
189546
189549
189549
189545
189540
189541
189544
189546
189542
189538
189539
189543
189543
189539
189534
189536
189540
189541
189538
189536
189539
189545
189548
189547
189545
189545
189548
189547
189542
189539
189543
189546
189547
189543
189538
189539
189542
189541
189534
189530
189532
189536
189537
189533
189530
189533
189538
189541
189537
189534
189536
189538
189540
189538
189535
189538
189543
189545
189541
189534
189535
189537
189537
189534
189530
189532
189536
189536
189532
189528
189530
189535
189539
189537
189535
189539
189544
189545
189540
189535
189535
189537
189537
189531
189525
189525
189527
189528
189524
189521
189523
189525
189525
189522
189519
189522
189527
189529
189526
189523
189524
189528
189530
189526
189522
189524
189528
189530
189526
189522
189525
189527
189527
189522
189518
189521
189525
189525
189521
189518
189521
189524
189525
189520
189517
189520
189524
189526
189523
189519
189520
189523
189523
189519
189516
189517
189518
189517
189510
189502
189500
189500
189498
189491
189485
189485
189487
189486
189482
189478
189479
189481
189480
189475
189470
189471
189475
189476
189472
189468
189469
189470
189469
189465
189461
189464
189467
189466
189462
189458
189460
189463
189464
189459
189454
189456
189460
189462
189458
189456
189458
189464
189465
189462
189459
189461
189465
189466
189463
189459
189462
189467
189469
189468
189466
189470
189476
189478
189474
189471
189474
189478
189479
189476
189473
189476
189481
189484
189483
189481
189486
189491
189495
189493
189492
189495
189499
189503
189502
189501
189505
189510
189510
189506
189504
189507
189513
189515
189510
189506
189508
189511
189512
189507
189501
189503
189505
189507
189504
189501
189505
189512
189517
189515
189513
189517
189524
189527
189523
189521
189525
189530
189531
189527
189524
189527
189532
189533
189529
189526
189530
189534
189536
189533
189531
189535
189540
189541
189537
189533
189534
189537
189538
189533
189528
189530
189534
189536
189532
189529
189532
189536
189538
189535
189531
189532
189534
189534
189527
189522
189523
189526
189526
189522
189520
189523
189527
189528
189526
189522
189524
189528
189528
189524
189522
189524
189528
189528
189523
189520
189524
189530
189532
189528
189526
189529
189532
189530
189525
189521
189522
189526
189527
189524
189521
189522
189526
189529
189528
189525
189528
189531
189531
189526
189520
189523
189527
189526
189521
189517
189518
189522
189523
189518
189514
189518
189522
189523
189519
189516
189519
189524
189525
189522
189519
189521
189523
189523
189520
189517
189519
189523
189524
189519
189514
189515
189520
189521
189520
189519
189526
189534
189539
189537
189536
189540
189545
189547
189544
189541
189543
189544
189543
189538
189534
189536
189540
189540
189535
189532
189534
189537
189538
189537
189534
189535
189539
189541
189538
189534
189536
189539
189539
189533
189528
189528
189530
189527
189522
189518
189520
189523
189523
189519
189515
189517
189522
189523
189519
189516
189517
189521
189523
189520
189518
189521
189525
189526
189521
189515
189516
189518
189517
189513
189508
189509
189513
189514
189511
189509
189513
189518
189520
189516
189511
189512
189515
189516
189511
189508
189512
189518
189520
189517
189515
189519
189525
189527
189524
189521
189524
189526
189526
189521
189517
189519
189523
189523
189519
189513
189515
189518
189518
189513
189507
189507
189509
189509
189505
189503
189506
189512
189514
189513
189511
189514
189518
189519
189515
189511
189514
189518
189519
189515
189512
189515
189517
189516
189509
189503
189504
189509
189509
189505
189503
189505
189507
189506
189502
189498
189502
189506
189508
189504
189500
189501
189506
189508
189506
189504
189507
189512
189514
189512
189508
189511
189514
189514
189511
189508
189511
189514
189514
189509
189505
189507
189512
189512
189508
189504
189507
189511
189509
189503
189498
189500
189503
189505
189502
189500
189503
189506
189506
189502
189498
189500
189505
189507
189503
189499
189501
189506
189507
189502
189499
189503
189509
189513
189512
189511
189513
189516
189517
189511
189505
189506
189509
189509
189505
189503
189506
189511
189513
189510
189507
189510
189515
189516
189512
189508
189509
189514
189515
189511
189506
189509
189512
189512
189505
189500
189501
189506
189510
189509
189507
189512
189517
189516
189511
189507
189511
189515
189516
189513
189510
189512
189515
189515
189509
189504
189505
189508
189508
189502
189499
189504
189510
189514
189512
189509
189511
189516
189518
189515
189512
189513
189516
189517
189515
189512
189516
189519
189518
189513
189508
189511
189517
189518
189514
189511
189515
189521
189524
189523
189521
189525
189529
189530
189528
189526
189529
189533
189535
189531
189528
189531
189535
189536
189533
189529
189531
189536
189538
189536
189535
189539
189542
189543
189540
189537
189539
189543
189545
189543
189541
189544
189548
189548
189544
189540
189541
189545
189544
189541
189539
189543
189547
189549
189546
189542
189544
189546
189544
189536
189529
189528
189528
189526
189520
189514
189513
189515
189513
189509
189504
189505
189508
189509
189506
189504
189507
189512
189514
189513
189511
189515
189518
189517
189511
189506
189506
189506
189504
189499
189496
189499
189501
189501
189498
189496
189499
189503
189504
189501
189500
189504
189509
189510
189507
189503
189505
189508
189506
189499
189493
189493
189495
189493
189489
189488
189492
189498
189500
189500
189501
189509
189516
189518
189515
189512
189512
189513
189510
189504
189498
189498
189501
189501
189497
189494
189496
189499
189501
189499
189498
189504
189510
189513
189509
189506
189507
189509
189507
189500
189495
189496
189497
189495
189490
189485
189488
189493
189494
189491
189489
189492
189495
189496
189493
189492
189497
189504
189508
189506
189504
189507
189510
189510
189504
189499
189500
189502
189500
189494
189489
189490
189492
189494
189495
189496
189503
189511
189517
189517
189517
189520
189522
189521
189516
189512
189513
189516
189515
189510
189505
189507
189509
189509
189506
189505
189513
189522
189528
189528
189527
189530
189534
189534
189530
189526
189528
189532
189532
189527
189523
189523
189525
189526
189525
189524
189529
189536
189539
189536
189533
189537
189541
189539
189534
189528
189529
189530
189528
189524
189518
189518
189520
189518
189514
189512
189516
189521
189522
189520
189518
189523
189529
189531
189528
189526
189529
189533
189534
189530
189524
189526
189529
189528
189523
189519
189522
189528
189531
189531
189530
189535
189540
189540
189534
189528
189529
189532
189530
189523
189519
189522
189526
189527
189524
189523
189526
189530
189532
189530
189528
189532
189538
189540
189537
189533
189535
189541
189544
189541
189538
189541
189545
189543
189537
189532
189531
189531
189527
189521
189516
189518
189521
189521
189518
189518
189525
189531
189533
189533
189532
189536
189540
189542
189539
189535
189536
189538
189537
189531
189526
189527
189532
189532
189529
189525
189527
189532
189533
189530
189529
189532
189535
189533
189526
189517
189514
189512
189505
189496
189489
189490
189492
189490
189483
189477
189479
189483
189484
189481
189479
189483
189488
189489
189485
189480
189480
189482
189480
189474
189469
189471
189475
189475
189472
189469
189473
189478
189479
189476
189474
189477
189479
189480
189478
189475
189480
189485
189487
189484
189482
189487
189493
189494
189490
189488
189490
189492
189492
189488
189484
189485
189486
189485
189480
189476
189480
189485
189484
189482
189480
189486
189491
189492
189489
189487
189490
189495
189496
189492
189487
189487
189489
189489
189486
189483
189486
189491
189492
189488
189485
189488
189492
189493
189488
189485
189489
189494
189494
189489
189486
189488
189491
189490
189486
189483
189488
189494
189496
189494
189492
189496
189500
189500
189495
189491
189493
189497
189496
189492
189490
189494
189498
189500
189497
189495
189498
189501
189500
189496
189491
189492
189495
189495
189491
189488
189490
189494
189494
189489
189485
189488
189493
189493
189489
189486
189489
189492
189493
189488
189484
189487
189491
189490
189486
189483
189487
189491
189492
189491
189491
189496
189504
189505
189502
189499
189502
189505
189505
189502
189500
189504
189509
189510
189506
189502
189503
189507
189507
189504
189500
189501
189504
189504
189499
189494
189496
189498
189498
189495
189492
189495
189500
189501
189498
189495
189499
189502
189501
189497
189494
189496
189499
189498
189493
189486
189486
189488
189488
189483
189479
189481
189484
189484
189482
189480
189483
189485
189482
189477
189474
189476
189478
189477
189474
189470
189470
189473
189473
189468
189464
189465
189468
189467
189462
189460
189465
189470
189473
189470
189467
189471
189475
189475
189473
189469
189472
189476
189475
189471
189468
189470
189475
189475
189470
189467
189467
189468
189467
189463
189460
189464
189469
189469
189464
189460
189461
189463
189461
189457
189454
189456
189459
189460
189457
189454
189457
189463
189466
189462
189460
189462
189466
189466
189461
189459
189462
189467
189467
189463
189461
189464
189467
189466
189460
189456
189458
189462
189462
189457
189454
189457
189462
189462
189459
189457
189461
189464
189463
189458
189454
189455
189458
189458
189455
189451
189455
189460
189461
189458
189458
189462
189468
189468
189464
189460
189464
189468
189469
189466
189462
189464
189468
189468
189465
189463
189467
189471
189472
189468
189466
189469
189474
189473
189469
189466
189467
189471
189469
189464
189460
189461
189464
189464
189461
189460
189464
189468
189469
189466
189464
189468
189473
189473
189470
189468
189471
189476
189478
189476
189474
189479
189485
189487
189482
189479
189482
189487
189487
189485
189482
189485
189490
189490
189487
189483
189484
189487
189484
189478
189472
189474
189477
189477
189472
189467
189468
189470
189470
189465
189461
189463
189463
189460
189452
189445
189446
189449
189448
189443
189440
189443
189448
189449
189445
189442
189444
189447
189446
189442
189439
189443
189448
189450
189448
189447
189452
189458
189459
189456
189453
189455
189458
189458
189453
189449
189451
189452
189450
189444
189439
189442
189446
189447
189444
189443
189447
189452
189452
189448
189447
189450
189454
189454
189450
189448
189452
189456
189456
189452
189448
189450
189454
189454
189450
189446
189449
189454
189454
189450
189446
189450
189454
189453
189450
189448
189453
189460
189464
189462
189460
189462
189465
189465
189461
189457
189458
189460
189458
189454
189451
189454
189458
189457
189453
189452
189456
189459
189457
189452
189447
189449
189452
189450
189446
189443
189446
189450
189450
189446
189443
189444
189446
189446
189442
189440
189443
189446
189445
189441
189440
189444
189450
189451
189447
189443
189444
189447
189447
189445
189443
189446
189452
189452
189448
189446
189448
189452
189451
189447
189444
189447
189452
189453
189450
189446
189449
189452
189451
189446
189443
189447
189453
189454
189451
189449
189452
189456
189455
189451
189448
189451
189454
189452
189446
189442
189444
189448
189447
189443
189439
189443
189448
189448
189445
189444
189448
189451
189449
189443
189439
189441
189445
189446
189443
189441
189445
189450
189450
189446
189443
189444
189447
189447
189444
189443
189448
189453
189453
189450
189447
189450
189453
189453
189448
189442
189445
189448
189448
189443
189442
189446
189450
189450
189446
189443
189445
189449
189448
189444
189441
189443
189446
189444
189439
189434
189435
189439
189438
189435
189432
189435
189440
189441
189438
189436
189438
189442
189440
189434
189431
189433
189435
189434
189430
189427
189430
189436
189438
189436
189435
189441
189448
189449
189444
189440
189442
189446
189446
189442
189438
189439
189443
189441
189436
189433
189435
189439
189440
189436
189434
189437
189442
189443
189440
189438
189441
189445
189443
189439
189435
189436
189439
189438
189433
189429
189433
189438
189439
189436
189435
189440
189445
189446
189444
189442
189444
189447
189446
189439
189434
189434
189436
189435
189431
189430
189435
189440
189438
189433
189429
189432
189437
189439
189437
189435
189437
189438
189436
189431
189428
189432
189437
189437
189432
189430
189434
189439
189439
189436
189435
189439
189444
189444
189441
189438
189441
189446
189446
189441
189437
189439
189442
189440
189435
189434
189438
189443
189443
189439
189435
189438
189442
189442
189437
189433
189435
189437
189435
189430
189427
189432
189434
189433
189430
189426
189429
189434
189435
189431
189428
189432
189437
189437
189434
189432
189435
189439
189440
189436
189432
189435
189438
189437
189433
189428
189430
189433
189433
189431
189430
189436
189443
189444
189441
189440
189444
189448
189445
189441
189439
189443
189447
189448
189446
189444
189447
189450
189452
189451
189450
189454
189460
189462
189458
189456
189459
189462
189459
189452
189447
189448
189450
189450
189447
189444
189448
189452
189452
189449
189449
189453
189458
189460
189458
189457
189462
189467
189467
189462
189459
189461
189464
189463
189458
189453
189454
189455
189451
189446
189441
189443
189447
189447
189445
189444
189449
189454
189452
189446
189442
189445
189449
189448
189443
189440
189443
189448
189449
189445
189441
189443
189444
189443
189439
189435
189434
189434
189431
189425
189421
189424
189427
189427
189422
189419
189419
189421
189421
189419
189418
189420
189423
189422
189417
189415
189418
189421
189420
189416
189412
189414
189417
189417
189413
189412
189415
189420
189420
189417
189415
189420
189425
189424
189420
189416
189418
189421
189419
189413
189408
189409
189411
189409
189405
189402
189405
189407
189406
189402
189398
189399
189402
189401
189398
189396
189401
189407
189410
189409
189406
189411
189415
189416
189412
189409
189411
189414
189413
189409
189406
189409
189412
189412
189408
189404
189405
189408
189408
189405
189402
189406
189410
189412
189410
189408
189412
189417
189418
189416
189414
189418
189421
189420
189414
189409
189410
189411
189409
189403
189398
189399
189402
189401
189398
189396
189398
189399
189398
189395
189392
189396
189401
189402
189399
189397
189402
189407
189407
189404
189402
189406
189411
189410
189405
189403
189406
189409
189408
189404
189402
189404
189407
189406
189401
189398
189401
189406
189407
189404
189401
189406
189412
189415
189414
189411
189412
189412
189410
189404
189401
189404
189408
189408
189405
189404
189408
189412
189413
189409
189406
189411
189415
189413
189407
189402
189402
189404
189401
189396
189391
189393
189396
189395
189390
189389
189393
189399
189401
189400
189400
189404
189408
189407
189402
189398
189400
189402
189401
189397
189394
189396
189398
189397
189392
189389
189392
189397
189397
189396
189395
189400
189405
189407
189403
189400
189402
189403
189401
189395
189390
189391
189395
189394
189389
189386
189389
189394
189394
189391
189391
189399
189407
189412
189413
189414
189419
189424
189422
189417
189413
189413
189414
189411
189405
189399
189400
189401
189398
189393
189390
189392
189396
189398
189398
189398
189401
189406
189407
189404
189401
189403
189406
189406
189402
189398
189401
189404
189403
189399
189396
189399
189404
189404
189400
189398
189401
189405
189407
189405
189402
189404
189407
189406
189402
189398
189400
189402
189401
189400
189400
189406
189413
189415
189412
189410
189413
189415
189413
189408
189403
189403
189406
189405
189400
189397
189400
189403
189402
189398
189393
189395
189399
189399
189397
189396
189401
189405
189406
189405
189404
189407
189409
189407
189401
189395
189395
189398
189397
189392
189388
189393
189398
189398
189395
189394
189400
189405
189404
189401
189398
189401
189402
189400
189394
189388
189389
189391
189389
189384
189381
189385
189390
189390
189388
189388
189392
189397
189397
189393
189391
189394
189396
189395
189389
189383
189383
189385
189384
189380
189377
189380
189386
189386
189383
189381
189385
189389
189389
189387
189385
189389
189393
189391
189387
189383
189384
189388
189386
189381
189376
189378
189380
189379
189376
189373
189376
189381
189383
189379
189377
189381
189386
189386
189381
189377
189381
189386
189386
189381
189378
189380
189381
189380
189376
189372
189374
189378
189378
189374
189370
189373
189376
189376
189372
189369
189373
189375
189374
189370
189368
189373
189377
189378
189374
189372
189377
189382
189382
189378
189376
189380
189385
189385
189382
189378
189379
189383
189384
189383
189382
189387
189392
189393
189389
189385
189388
189392
189391
189388
189387
189392
189397
189396
189393
189390
189393
189395
189393
189388
189385
189388
189392
189392
189389
189386
189389
189393
189393
189389
189385
189389
189393
189393
189389
189386
189389
189394
189393
189389
189387
189391
189396
189396
189393
189390
189394
189399
189399
189394
189389
189391
189394
189393
189389
189385
189387
189391
189390
189387
189386
189390
189393
189391
189386
189383
189387
189392
189392
189388
189383
189384
189387
189385
189381
189378
189381
189384
189384
189381
189378
189382
189384
189382
189377
189373
189375
189378
189377
189372
189369
189372
189377
189377
189373
189371
189376
189381
189382
189379
189377
189381
189385
189383
189376
189372
189374
189376
189373
189367
189363
189365
189368
189368
189364
189361
189364
189369
189371
189370
189368
189372
189377
189379
189376
189374
189380
189385
189384
189380
189378
189382
189387
189387
189384
189383
189387
189393
189396
189395
189393
189397
189400
189398
189393
189388
189390
189394
189392
189386
189383
189387
189391
189390
189386
189384
189389
189393
189394
189391
189389
189393
189399
189401
189398
189396
189398
189402
189402
189399
189396
189400
189404
189402
189398
189395
189397
189402
189403
189400
189397
189400
189405
189404
189399
189396
189401
189406
189405
189401
189398
189401
189406
189405
189402
189399
189401
189405
189405
189402
189397
189400
189405
189405
189402
189399
189400
189402
189401
189396
189393
189395
189400
189400
189398
189396
189400
189405
189407
189405
189402
189404
189407
189406
189401
189398
189399
189401
189399
189393
189388
189387
189389
189388
189384
189381
189384
189389
189389
189385
189381
189382
189383
189381
189377
189374
189376
189379
189377
189372
189370
189374
189379
189379
189377
189376
189380
189385
189385
189382
189379
189382
189385
189384
189381
189379
189384
189390
189391
189388
189387
189391
189395
189395
189391
189389
189393
189398
189398
189393
189389
189391
189393
189390
189383
189378
189379
189379
189377
189373
189371
189375
189380
189381
189378
189376
189380
189385
189385
189381
189380
189385
189393
189397
189397
189398
189403
189409
189410
189407
189406
189412
189419
189421
189419
189418
189422
189428
189429
189425
189423
189427
189431
189432
189429
189426
189430
189432
189431
189426
189421
189422
189424
189424
189419
189415
189418
189421
189420
189416
189413
189417
189421
189419
189414
189411
189413
189415
189414
189409
189405
189409
189415
189416
189415
189413
189416
189419
189419
189415
189412
189417
189422
189424
189424
189425
189431
189438
189440
189437
189434
189437
189439
189437
189433
189429
189430
189430
189426
189420
189415
189416
189419
189418
189413
189411
189414
189419
189419
189416
189414
189420
189427
189431
189432
189436
189445
189453
189455
189452
189448
189450
189452
189450
189444
189437
189436
189438
189436
189432
189428
189429
189430
189427
189419
189412
189412
189410
189404
189395
189389
189391
189396
189398
189397
189399
189406
189411
189413
189411
189410
189413
189417
189417
189413
189407
189406
189406
189402
189394
189386
189384
189382
189380
189374
189372
189376
189381
189382
189379
189376
189378
189382
189381
189376
189372
189374
189378
189377
189371
189366
189368
189371
189370
189365
189361
189363
189366
189366
189362
189359
189364
189368
189368
189365
189362
189363
189365
189363
189359
189355
189358
189362
189361
189358
189356
189362
189367
189368
189366
189364
189368
189372
189373
189368
189364
189366
189370
189369
189365
189362
189366
189370
189371
189369
189365
189367
189370
189369
189365
189361
189365
189369
189371
189369
189367
189371
189376
189375
189370
189364
189364
189365
189364
189361
189357
189359
189360
189358
189354
189351
189355
189361
189363
189361
189360
189365
189372
189374
189372
189370
189374
189378
189379
189375
189371
189372
189374
189373
189370
189368
189372
189377
189378
189376
189374
189378
189383
189384
189380
189379
189383
189388
189389
189387
189386
189390
189395
189396
189392
189389
189392
189395
189394
189387
189381
189381
189382
189379
189372
189367
189368
189371
189368
189362
189355
189353
189353
189350
189343
189338
189339
189341
189338
189332
189326
189327
189328
189324
189318
189312
189314
189317
189314
189308
189303
189306
189309
189310
189307
189306
189310
189315
189316
189312
189311
189315
189321
189321
189318
189315
189318
189321
189321
189316
189311
189313
189317
189318
189314
189312
189318
189323
189325
189323
189320
189323
189328
189328
189325
189325
189332
189340
189344
189344
189343
189348
189353
189354
189350
189348
189352
189357
189358
189355
189353
189355
189359
189359
189355
189354
189358
189364
189366
189364
189364
189369
189376
189378
189376
189373
189377
189381
189380
189375
189370
189372
189377
189380
189380
189380
189385
189392
189393
189388
189383
189385
189387
189386
189382
189381
189385
189391
189396
189395
189394
189399
189405
189407
189404
189403
189408
189413
189413
189408
189404
189407
189411
189410
189404
189400
189402
189407
189409
189409
189411
189419
189426
189428
189426
189424
189427
189430
189430
189427
189425
189428
189431
189427
189419
189416
189418
189417
189414
189409
189408
189412
189415
189415
189410
189408
189409
189411
189409
189403
189396
189398
189401
189400
189395
189391
189393
189395
189394
189389
189384
189385
189386
189386
189383
189380
189384
189387
189384
189379
189376
189378
189380
189379
189376
189372
189373
189376
189376
189374
189372
189376
189379
189376
189372
189370
189373
189377
189377
189371
189366
189365
189368
189366
189360
189354
189356
189359
189360
189358
189356
189360
189364
189366
189364
189363
189369
189374
189377
189375
189373
189377
189381
189382
189378
189378
189380
189383
189385
189381
189377
189380
189385
189385
189382
189379
189383
189389
189391
189389
189386
189390
189395
189396
189392
189389
189392
189395
189396
189392
189388
189391
189393
189392
189388
189384
189386
189388
189387
189382
189379
189381
189384
189387
189383
189378
189378
189382
189382
189378
189375
189378
189382
189383
189380
189378
189381
189385
189385
189382
189379
189381
189384
189383
189379
189376
189378
189380
189379
189374
189369
189370
189373
189372
189367
189363
189366
189370
189371
189370
189367
189368
189371
189370
189365
189361
189362
189365
189365
189362
189359
189361
189365
189366
189363
189359
189362
189364
189364
189363
189362
189366
189372
189372
189367
189363
189363
189365
189364
189360
189356
189357
189358
189358
189352
189349
189351
189355
189353
189348
189344
189348
189353
189352
189348
189346
189348
189351
189350
189343
189338
189338
189341
189341
189338
189333
189336
189340
189341
189338
189337
189342
189347
189349
189347
189346
189351
189356
189357
189354
189352
189354
189356
189355
189350
189347
189349
189351
189348
189340
189335
189335
189336
189336
189333
189330
189332
189336
189337
189334
189331
189334
189338
189341
189340
189337
189340
189343
189343
189338
189334
189336
189338
189337
189332
189328
189331
189334
189335
189334
189333
189336
189341
189343
189340
189339
189342
189345
189346
189343
189341
189345
189350
189352
189349
189345
189347
189351
189351
189348
189346
189350
189353
189353
189349
189345
189348
189353
189356
189355
189354
189360
189365
189369
189367
189364
189368
189374
189376
189373
189371
189373
189375
189373
189365
189358
189358
189361
189360
189354
189349
189351
189356
189357
189354
189352
189358
189364
189366
189362
189358
189359
189362
189361
189356
189352
189351
189351
189350
189344
189341
189343
189346
189347
189344
189341
189343
189346
189347
189345
189345
189349
189355
189356
189354
189352
189355
189358
189357
189351
189346
189348
189351
189350
189346
189342
189344
189348
189349
189346
189344
189348
189353
189354
189350
189347
189351
189356
189358
189355
189351
189352
189355
189353
189346
189340
189341
189344
189344
189339
189335
189337
189342
189344
189342
189341
189345
189352
189353
189350
189347
189347
189349
189348
189343
189337
189338
189342
189343
189340
189338
189342
189347
189347
189343
189341
189343
189346
189347
189343
189338
189338
189342
189341
189337
189332
189333
189336
189334
189328
189325
189328
189333
189335
189333
189331
189335
189340
189343
189340
189337
189341
189346
189347
189344
189342
189346
189352
189354
189351
189348
189350
189353
189353
189348
189344
189345
189347
189347
189342
189338
189339
189341
189339
189332
189326
189325
189326
189323
189315
189308
189306
189304
189298
189287
189279
189275
189275
189273
189266
189261
189263
189266
189266
189263
189261
189264
189267
189268
189266
189263
189262
189263
189262
189255
189249
189247
189248
189247
189242
189238
189238
189240
189241
189235
189228
189228
189230
189231
189228
189225
189228
189232
189233
189230
189226
189227
189229
189228
189223
189222
189226
189234
189237
189235
189235
189239
189244
189246
189241
189239
189244
189250
189254
189252
189252
189257
189262
189264
189261
189258
189261
189266
189269
189267
189264
189268
189273
189275
189272
189269
189275
189280
189281
189277
189276
189280
189286
189290
189289
189287
189288
189291
189292
189288
189285
189288
189293
189295
189294
189292
189296
189303
189307
189308
189309
189314
189320
189324
189322
189320
189323
189325
189324
189317
189310
189309
189311
189311
189308
189303
189303
189308
189308
189303
189299
189301
189305
189305
189301
189299
189301
189307
189310
189307
189305
189308
189311
189311
189307
189303
189306
189314
189315
189311
189308
189312
189316
189316
189311
189308
189311
189312
189314
189310
189305
189309
189311
189314
189312
189308
189310
189314
189313
189306
189301
189300
189302
189301
189297
189293
189297
189301
189301
189296
189294
189297
189302
189306
189306
189307
189311
189318
189321
189317
189316
189322
189330
189331
189328
189324
189326
189328
189327
189321
189316
189315
189314
189314
189307
189298
189296
189295
189290
189281
189273
189271
189270
189267
189260
189255
189256
189259
189257
189252
189247
189248
189251
189252
189248
189246
189249
189255
189258
189256
189257
189261
189267
189271
189271
189272
189277
189284
189288
189285
189284
189288
189292
189293
189286
189280
189280
189281
189282
189276
189270
189270
189274
189275
189270
189267
189268
189272
189272
189269
189265
189268
189274
189278
189276
189276
189279
189284
189285
189283
189281
189283
189289
189292
189289
189286
189290
189296
189298
189296
189294
189296
189301
189303
189300
189298
189301
189305
189309
189308
189305
189308
189311
189312
189306
189298
189298
189301
189302
189296
189292
189293
189296
189298
189293
189288
189290
189294
189296
189292
189291
189294
189298
189299
189296
189292
189295
189299
189302
189300
189299
189304
189308
189309
189308
189304
189308
189314
189316
189312
189308
189309
189312
189314
189313
189311
189315
189321
189323
189320
189314
189313
189313
189312
189306
189299
189298
189298
189296
189291
189286
189287
189290
189293
189290
189289
189292
189300
189305
189302
189301
189305
189309
189311
189305
189297
189298
189301
189300
189294
189288
189288
189290
189290
189286
189284
189285
189290
189291
189288
189286
189289
189295
189298
189296
189294
189300
189304
189304
189298
189293
189294
189296
189294
189288
189283
189283
189285
189285
189280
189276
189279
189284
189286
189284
189282
189286
189290
189293
189290
189287
189290
189295
189299
189297
189295
189299
189303
189304
189300
189296
189297
189301
189300
189294
189288
189290
189293
189294
189290
189286
189287
189290
189292
189291
189291
189295
189299
189303
189301
189299
189301
189306
189308
189304
189300
189300
189302
189304
189299
189295
189297
189301
189304
189299
189295
189296
189301
189303
189300
189296
189297
189300
189301
189297
189293
189296
189302
189306
189304
189302
189305
189309
189313
189310
189306
189307
189312
189314
189309
189305
189307
189312
189313
189309
189306
189308
189311
189311
189306
189302
189302
189304
189305
189301
189297
189297
189298
189299
189295
189292
189294
189298
189300
189296
189292
189292
189296
189298
189296
189293
189296
189301
189304
189300
189298
189300
189304
189307
189305
189302
189302
189305
189306
189299
189294
189291
189292
189292
189286
189282
189284
189289
189293
189290
189286
189289
189293
189293
189289
189284
189283
189284
189284
189279
189272
189270
189270
189271
189267
189263
189265
189270
189275
189275
189274
189278
189282
189284
189281
189277
189279
189281
189281
189274
189268
189269
189272
189274
189270
189266
189266
189270
189272
189269
189266
189268
189273
189274
189271
189268
189269
189272
189274
189269
189263
189264
189268
189270
189267
189264
189264
189267
189270
189266
189262
189263
189266
189268
189264
189262
189265
189270
189272
189268
189266
189268
189272
189274
189270
189266
189270
189276
189279
189276
189271
189271
189276
189276
189272
189269
189272
189276
189279
189276
189271
189273
189275
189275
189272
189270
189272
189276
189278
189275
189273
189275
189279
189284
189283
189281
189284
189289
189292
189290
189288
189291
189296
189298
189293
189289
189290
189294
189297
189292
189288
189289
189292
189295
189292
189289
189292
189298
189301
189299
189296
189297
189301
189304
189301
189297
189299
189302
189303
189300
189297
189300
189305
189308
189305
189302
189303
189307
189309
189306
189302
189302
189305
189306
189302
189299
189300
189304
189307
189304
189298
189298
189302
189305
189302
189298
189299
189301
189302
189297
189292
189293
189296
189297
189294
189290
189290
189293
189294
189291
189288
189289
189293
189295
189291
189286
189287
189290
189290
189286
189283
189286
189291
189295
189293
189290
189291
189294
189295
189290
189284
189285
189288
189290
189288
189285
189286
189289
189290
189286
189283
189284
189287
189289
189284
189279
189281
189285
189287
189283
189281
189283
189286
189288
189286
189285
189287
189291
189293
189291
189288
189290
189297
189301
189298
189294
189296
189299
189302
189298
189294
189295
189297
189300
189296
189292
189294
189300
189304
189301
189297
189298
189300
189299
189294
189288
189288
189291
189293
189290
189287
189287
189290
189293
189290
189287
189289
189292
189294
189290
189287
189289
189294
189296
189292
189287
189287
189290
189293
189290
189286
189288
189292
189293
189290
189285
189285
189289
189291
189289
189287
189288
189292
189295
189292
189289
189290
189295
189299
189296
189292
189292
189294
189294
189290
189285
189285
189288
189290
189287
189284
189285
189289
189293
189291
189288
189290
189296
189300
189298
189294
189297
189301
189304
189301
189298
189299
189302
189303
189300
189297
189299
189303
189306
189303
189297
189296
189298
189299
189293
189289
189291
189296
189299
189296
189294
189296
189302
189304
189300
189295
189293
189296
189298
189293
189289
189289
189293
189295
189289
189284
189284
189289
189293
189290
189288
189289
189293
189295
189292
189289
189289
189293
189298
189296
189292
189293
189297
189298
189295
189291
189290
189294
189296
189291
189286
189285
189288
189290
189285
189280
189282
189287
189291
189289
189285
189285
189287
189287
189284
189280
189281
189284
189287
189284
189280
189282
189287
189289
189286
189282
189282
189285
189288
189283
189280
189281
189286
189289
189287
189283
189283
189286
189288
189285
189283
189285
189290
189293
189289
189286
189287
189292
189296
189292
189288
189289
189293
189295
189292
189289
189289
189293
189295
189292
189288
189288
189292
189294
189291
189287
189289
189293
189297
189293
189288
189289
189294
189297
189294
189290
189292
189297
189300
189298
189294
189295
189297
189300
189298
189293
189293
189297
189300
189297
189294
189295
189299
189301
189296
189292
189290
189293
189296
189291
189284
189282
189283
189284
189278
189271
189268
189271
189272
189268
189264
189265
189270
189274
189273
189269
189270
189275
189277
189273
189268
189268
189271
189271
189265
189260
189261
189266
189270
189266
189262
189263
189267
189271
189269
189267
189269
189272
189274
189271
189267
189267
189271
189273
189269
189264
189262
189265
189267
189263
189260
189260
189265
189267
189264
189262
189264
189269
189272
189270
189266
189267
189271
189274
189271
189267
189266
189269
189272
189268
189264
189264
189268
189270
189267
189263
189264
189267
189270
189268
189265
189267
189273
189278
189276
189273
189273
189277
189279
189273
189269
189269
189272
189274
189271
189266
189266
189270
189271
189268
189264
189265
189270
189272
189269
189264
189264
189268
189272
189269
189266
189264
189267
189267
189263
189260
189260
189263
189267
189264
189260
189259
189262
189264
189261
189259
189260
189264
189267
189264
189260
189260
189265
189268
189266
189262
189263
189265
189267
189264
189261
189262
189268
189272
189268
189264
189263
189267
189270
189267
189263
189262
189265
189267
189263
189258
189258
189262
189266
189263
189261
189262
189265
189268
189265
189259
189256
189257
189255
189249
189243
189242
189244
189246
189242
189238
189238
189244
189249
189247
189244
189244
189249
189254
189250
189246
189244
189247
189250
189248
189243
189244
189247
189248
189245
189238
189237
189240
189242
189238
189234
189234
189239
189243
189240
189236
189237
189242
189245
189241
189237
189236
189240
189244
189241
189239
189240
189244
189250
189250
189247
189249
189254
189258
189255
189251
189250
189253
189255
189251
189246
189245
189249
189252
189249
189245
189244
189248
189251
189249
189245
189246
189251
189255
189252
189249
189251
189254
189258
189255
189252
189252
189256
189259
189255
189249
189250
189253
189255
189251
189248
189249
189254
189257
189252
189246
189245
189246
189249
189247
189244
189246
189251
189255
189252
189247
189247
189250
189253
189251
189248
189247
189250
189252
189248
189244
189243
189245
189248
189247
189244
189244
189249
189253
189250
189245
189245
189249
189251
189248
189244
189244
189248
189252
189250
189244
189242
189245
189249
189246
189243
189243
189247
189250
189246
189241
189238
189241
189244
189241
189237
189237
189239
189241
189238
189233
189232
189236
189240
189238
189235
189234
189239
189242
189238
189232
189230
189234
189239
189239
189236
189236
189239
189242
189240
189236
189233
189236
189240
189236
189231
189228
189230
189232
189230
189226
189225
189229
189233
189231
189227
189227
189232
189236
189233
189229
189228
189232
189236
189233
189228
189228
189232
189237
189235
189232
189232
189234
189235
189231
189224
189221
189223
189226
189223
189220
189221
189225
189229
189227
189223
189223
189227
189232
189231
189227
189227
189231
189235
189232
189227
189226
189230
189234
189233
189230
189229
189231
189233
189230
189226
189224
189225
189226
189219
189213
189211
189216
189221
189220
189219
189220
189223
189226
189224
189221
189222
189226
189230
189228
189224
189222
189226
189229
189227
189223
189222
189226
189228
189226
189222
189221
189225
189227
189224
189219
189217
189220
189221
189218
189215
189213
189217
189222
189221
189218
189219
189224
189227
189223
189218
189217
189222
189225
189221
189216
189215
189220
189225
189224
189221
189220
189223
189224
189223
189218
189217
189220
189224
189220
189215
189212
189215
189216
189213
189209
189209
189213
189217
189216
189214
189214
189218
189220
189218
189213
189211
189216
189220
189220
189217
189218
189223
189228
189225
189219
189216
189220
189224
189222
189220
189220
189225
189228
189226
189220
189215
189216
189217
189212
189206
189203
189206
189208
189204
189200
189199
189203
189205
189201
189195
189192
189194
189197
189193
189188
189185
189189
189192
189190
189185
189185
189188
189190
189187
189182
189181
189186
189189
189187
189183
189182
189185
189189
189188
189186
189187
189193
189198
189196
189193
189192
189195
189197
189194
189190
189189
189192
189195
189191
189186
189185
189187
189190
189188
189184
189183
189186
189190
189188
189182
189180
189185
189190
189189
189186
189188
189192
189195
189191
189188
189188
189191
189196
189194
189191
189191
189195
189199
189199
189197
189197
189202
189206
189206
189203
189203
189208
189211
189209
189205
189204
189207
189212
189212
189210
189210
189213
189218
189215
189209
189206
189209
189213
189213
189209
189207
189211
189215
189214
189210
189210
189214
189219
189220
189217
189216
189223
189228
189228
189225
189224
189228
189232
189231
189228
189228
189232
189238
189238
189236
189234
189237
189241
189238
189232
189230
189235
189239
189238
189236
189236
189240
189244
189242
189238
189237
189239
189243
189242
189239
189236
189239
189243
189240
189236
189233
189237
189241
189238
189232
189230
189236
189241
189240
189237
189236
189240
189244
189242
189239
189238
189242
189247
189246
189242
189240
189244
189248
189245
189241
189239
189244
189248
189245
189240
189237
189241
189245
189243
189240
189240
189244
189246
189241
189236
189234
189237
189241
189241
189237
189235
189239
189243
189241
189236
189232
189235
189239
189240
189239
189239
189243
189246
189244
189239
189238
189240
189242
189239
189234
189232
189235
189239
189238
189234
189232
189235
189239
189237
189233
189231
189234
189238
189236
189234
189233
189238
189242
189242
189239
189237
189241
189245
189244
189240
189238
189239
189243
189242
189238
189238
189242
189245
189243
189239
189237
189240
189244
189243
189238
189236
189241
189245
189245
189242
189239
189242
189244
189241
189236
189234
189237
189240
189238
189236
189236
189241
189246
189246
189243
189242
189246
189250
189248
189245
189243
189245
189247
189245
189241
189238
189241
189246
189245
189242
189239
189242
189244
189242
189238
189237
189242
189246
189244
189239
189238
189240
189242
189240
189236
189233
189236
189241
189239
189235
189232
189236
189240
189240
189237
189235
189238
189242
189239
189235
189233
189238
189242
189242
189238
189235
189238
189242
189240
189235
189232
189234
189238
189237
189232
189230
189235
189239
189237
189232
189229
189232
189235
189233
189228
189225
189228
189232
189231
189228
189225
189227
189230
189228
189223
189220
189221
189224
189222
189217
189214
189216
189219
189217
189213
189210
189213
189215
189212
189206
189204
189208
189211
189211
189206
189203
189206
189209
189207
189203
189200
189202
189204
189203
189197
189193
189195
189197
189197
189193
189191
189195
189201
189200
189197
189195
189200
189205
189205
189202
189201
189203
189206
189206
189202
189200
189205
189210
189209
189206
189207
189213
189219
189221
189219
189218
189222
189226
189225
189221
189218
189220
189226
189226
189222
189221
189225
189230
189231
189228
189226
189229
189232
189231
189228
189226
189230
189233
189233
189232
189231
189235
189238
189237
189234
189234
189238
189242
189242
189239
189235
189236
189238
189238
189235
189234
189237
189239
189236
189233
189231
189235
189239
189238
189233
189229
189231
189232
189230
189225
189221
189224
189229
189229
189225
189224
189227
189230
189229
189226
189226
189231
189237
189236
189233
189230
189233
189236
189233
189228
189225
189228
189232
189229
189226
189225
189228
189230
189227
189219
189214
189217
189223
189222
189218
189215
189218
189222
189222
189219
189217
189221
189226
189226
189222
189220
189222
189226
189224
189220
189218
189221
189225
189223
189219
189216
189220
189225
189226
189222
189220
189222
189226
189224
189221
189218
189223
189227
189226
189221
189217
189219
189223
189223
189221
189219
189222
189225
189225
189221
189218
189222
189225
189224
189219
189216
189219
189223
189222
189219
189215
189218
189223
189225
189222
189220
189222
189225
189223
189218
189215
189218
189220
189219
189214
189210
189212
189216
189215
189211
189208
189211
189216
189216
189212
189210
189212
189216
189216
189212
189208
189212
189216
189215
189211
189210
189212
189216
189214
189209
189205
189207
189210
189210
189206
189203
189207
189211
189211
189207
189205
189207
189211
189210
189207
189205
189209
189213
189214
189211
189210
189214
189219
189219
189215
189212
189215
189219
189219
189215
189212
189214
189218
189218
189214
189211
189215
189219
189217
189212
189208
189211
189214
189213
189208
189204
189207
189211
189211
189207
189203
189206
189210
189210
189206
189203
189207
189212
189213
189210
189207
189211
189215
189215
189212
189209
189213
189219
189221
189218
189218
189221
189224
189223
189218
189215
189219
189224
189225
189222
189220
189223
189227
189227
189224
189222
189225
189228
189226
189221
189218
189221
189223
189222
189219
189217
189220
189223
189222
189219
189214
189215
189215
189212
189207
189203
189204
189206
189207
189204
189202
189206
189209
189207
189202
189197
189201
189207
189209
189207
189205
189210
189215
189216
189213
189210
189214
189218
189220
189216
189213
189215
189221
189220
189215
189211
189212
189215
189215
189211
189209
189212
189215
189215
189210
189207
189208
189213
189214
189211
189207
189208
189210
189210
189208
189207
189210
189213
189214
189211
189208
189211
189213
189212
189207
189203
189204
189207
189207
189203
189200
189204
189207
189207
189204
189201
189206
189211
189210
189206
189201
189203
189206
189205
189200
189195
189197
189201
189202
189198
189194
189198
189202
189203
189201
189198
189201
189203
189200
189193
189186
189185
189187
189185
189180
189176
189180
189185
189187
189186
189187
189195
189204
189209
189211
189212
189218
189224
189225
189223
189222
189226
189230
189229
189222
189216
189216
189218
189217
189215
189215
189221
189228
189234
189235
189237
189244
189253
189256
189255
189253
189257
189261
189259
189254
189249
189251
189255
189255
189251
189248
189251
189254
189255
189251
189250
189254
189260
189261
189258
189257
189260
189263
189262
189255
189248
189247
189249
189247
189242
189238
189241
189246
189248
189247
189245
189248
189253
189254
189251
189249
189252
189256
189257
189252
189248
189248
189249
189246
189240
189233
189234
189237
189236
189232
189230
189234
189239
189239
189235
189235
189239
189245
189248
189247
189246
189250
189256
189257
189252
189247
189249
189252
189251
189247
189244
189247
189248
189247
189242
189239
189242
189245
189246
189242
189239
189241
189242
189241
189235
189229
189228
189228
189225
189219
189215
189218
189223
189225
189223
189221
189226
189231
189232
189227
189222
189222
189224
189222
189215
189208
189207
189207
189205
189198
189193
189195
189199
189201
189200
189199
189206
189214
189216
189214
189212
189215
189217
189214
189205
189195
189193
189194
189192
189186
189181
189184
189189
189189
189187
189184
189188
189194
189196
189194
189192
189195
189197
189196
189191
189187
189188
189190
189189
189183
189178
189181
189186
189187
189185
189185
189190
189194
189197
189196
189194
189199
189204
189206
189202
189197
189198
189198
189196
189189
189184
189184
189186
189187
189183
189181
189186
189191
189194
189193
189192
189196
189201
189202
189198
189194
189197
189200
189199
189194
189191
189193
189198
189199
189196
189195
189199
189204
189208
189206
189202
189205
189209
189208
189202
189196
189196
189198
189196
189191
189186
189188
189192
189194
189190
189188
189191
189195
189196
189193
189191
189195
189200
189202
189200
189197
189199
189201
189201
189196
189192
189193
189195
189195
189189
189184
189185
189186
189185
189178
189173
189174
189175
189175
189172
189168
189170
189175
189177
189173
189171
189176
189184
189190
189190
189192
189199
189208
189212
189208
189203
189204
189206
189203
189197
189193
189197
189202
189205
189205
189206
189210
189216
189218
189215
189213
189216
189221
189223
189222
189221
189225
189230
189233
189231
189229
189231
189236
189237
189234
189231
189234
189238
189239
189235
189233
189236
189241
189244
189242
189238
189242
189249
189253
189252
189251
189256
189263
189267
189265
189265
189270
189276
189277
189273
189268
189271
189277
189281
189280
189278
189282
189288
189291
189288
189285
189288
189291
189291
189286
189281
189283
189285
189285
189280
189274
189273
189275
189276
189271
189265
189266
189269
189269
189266
189262
189262
189263
189262
189258
189253
189253
189256
189257
189256
189254
189255
189259
189260
189255
189251
189252
189256
189257
189252
189249
189250
189252
189253
189250
189245
189244
189246
189246
189242
189238
189239
189242
189241
189235
189231
189233
189238
189240
189239
189238
189240
189244
189245
189241
189238
189241
189244
189242
189236
189229
189228
189229
189227
189222
189218
189219
189223
189225
189220
189217
189219
189222
189223
189219
189216
189219
189224
189224
189220
189217
189217
189219
189218
189211
189206
189210
189217
189221
189220
189217
189219
189222
189223
189220
189216
189217
189219
189219
189214
189209
189208
189209
189207
189199
189193
189194
189198
189199
189196
189195
189201
189208
189212
189211
189209
189213
189217
189218
189213
189208
189210
189215
189217
189214
189212
189214
189219
189222
189220
189218
189221
189225
189226
189222
189219
189221
189225
189225
189220
189214
189214
189216
189217
189212
189205
189206
189208
189209
189206
189204
189208
189213
189215
189213
189211
189214
189220
189223
189221
189218
189221
189224
189225
189219
189216
189219
189222
189224
189221
189216
189217
189221
189221
189217
189214
189217
189222
189222
189217
189211
189212
189215
189216
189212
189208
189208
189210
189212
189208
189204
189205
189210
189211
189207
189205
189208
189212
189215
189209
189205
189207
189211
189212
189207
189204
189204
189207
189207
189204
189201
189203
189206
189207
189203
189198
189197
189198
189198
189193
189188
189189
189193
189194
189190
189187
189189
189193
189195
189193
189192
189196
189200
189204
189203
189202
189205
189210
189215
189214
189211
189213
189217
189220
189218
189216
189219
189225
189228
189224
189221
189224
189228
189228
189224
189218
189218
189221
189220
189215
189211
189211
189214
189214
189207
189202
189202
189205
189206
189201
189197
189199
