189202
189203
189200
189197
189198
189202
189205
189202
189198
189199
189202
189203
189199
189195
189197
189200
189201
189196
189190
189189
189191
189192
189187
189184
189185
189188
189188
189182
189175
189174
189176
189176
189172
189168
189169
189172
189172
189165
189159
189158
189161
189163
189159
189156
189158
189161
189163
189161
189159
189162
189167
189171
189170
189168
189172
189178
189182
189179
189177
189180
189184
189186
189183
189180
189182
189188
189191
189187
189184
189186
189190
189192
189189
189186
189187
189191
189193
189191
189188
189190
189193
189195
189193
189189
189191
189196
189200
189197
189193
189194
189198
189200
189196
189191
189193
189198
189200
189198
189194
189195
189198
189200
189195
189189
189188
189191
189194
189192
189188
189190
189194
189197
189193
189189
189190
189194
189196
189193
189190
189191
189196
189200
189198
189196
189199
189203
189204
189200
189196
189197
189200
189201
189197
189192
189194
189199
189203
189199
189197
189200
189205
189209
189207
189204
189206
189211
189213
189211
189207
189206
189208
189208
189203
189198
189198
189201
189203
189199
189196
189198
189202
189204
189200
189198
189201
189206
189208
189205
189200
189201
189205
189207
189205
189202
189205
189210
189214
189211
189207
189207
189210
189211
189206
189199
189198
189202
189204
189200
189196
189196
189200
189203
189201
189201
189204
189208
189210
189206
189202
189203
189205
189205
189200
189195
189195
189198
189200
189196
189192
189194
189196
189198
189195
189192
189193
189195
189197
189193
189189
189191
189195
189196
189192
189189
189190
189195
189198
189195
189190
189191
189196
189198
189195
189192
189194
189198
189201
189198
189194
189196
189201
189201
189196
189192
189194
189199
189201
189197
189195
189195
189197
189198
189194
189191
189191
189196
189199
189196
189190
189190
189191
189192
189188
189184
189186
189191
189194
189190
189187
189188
189192
189196
189193
189190
189191
189194
189197
189193
189189
189191
189195
189198
189195
189192
189192
189197
189199
189196
189190
189191
189195
189197
189192
189187
189187
189190
189192
189188
189183
189184
189188
189191
189188
189185
189187
189192
189200
189199
189196
189197
189201
189203
189199
189194
189193
189197
189198
189196
189193
189194
189199
189203
189200
189195
189195
189198
189200
189196
189193
189195
189199
189203
189201
189199
189202
189206
189208
189204
189198
189197
189199
189200
189195
189189
189189
189193
189196
189196
189194
189197
189203
189208
189207
189204
189205
189209
189211
189209
189208
189210
189216
189220
189218
189217
189218
189222
189224
189220
189216
189218
189222
189224
189221
189219
189219
189222
189223
189218
189214
189214
189218
189221
189218
189213
189213
189216
189216
189210
189203
189200
189202
189203
189197
189193
189193
189196
189199
189195
189192
189193
189197
189201
189199
189197
189197
189199
189200
189196
189192
189192
189195
189197
189193
189189
189189
189192
189194
189189
189185
189185
189186
189187
189182
189179
189179
189183
189188
189186
189183
189186
189192
189195
189191
189186
189187
189189
189191
189187
189184
189185
189189
189191
189187
189183
189183
189186
189188
189185
189183
189183
189188
189192
189191
189188
189189
189191
189193
189188
189182
189181
189184
189187
189183
189180
189181
189183
189185
189182
189178
189180
189184
189187
189185
189182
189184
189188
189192
189189
189185
189186
189189
189190
189186
189182
189182
189185
189188
189183
189179
189179
189184
189187
189184
189181
189183
189189
189193
189190
189186
189187
189191
189194
189191
189187
189187
189189
189190
189186
189183
189184
189186
189186
189181
189175
189174
189176
189178
189175
189172
189172
189177
189181
189179
189175
189174
189178
189182
189180
189176
189177
189180
189181
189176
189171
189170
189172
189172
189167
189161
189159
189162
189163
189160
189156
189156
189161
189164
189162
189160
189163
189169
189174
189173
189171
189173
189178
189181
189179
189176
189177
189181
189183
189179
189173
189170
189173
189175
189170
189164
189164
189167
189168
189164
189159
189158
189161
189162
189159
189155
189156
189161
189164
189161
189158
189160
189164
189167
189166
189162
189162
189166
189170
189169
189167
189167
189170
189172
189169
189165
189164
189166
189166
189163
189161
189162
189165
189168
189167
189165
189167
189174
189178
189174
189170
189170
189174
189178
189176
189173
189172
189176
189178
189173
189167
189166
189169
189169
189167
189164
189165
189168
189170
189168
189162
189161
189165
189167
189163
189159
189161
189167
189171
189168
189163
189165
189169
189173
189172
189169
189170
189173
189175
189173
189168
189169
189172
189176
189173
189168
189167
189171
189173
189169
189165
189163
189165
189166
189163
189161
189162
189167
189170
189167
189163
189164
189169
189172
189170
189167
189167
189171
189173
189170
189167
189170
189175
189178
189176
189174
189175
189180
189183
189179
189174
189174
189177
189177
189174
189171
189173
189179
189185
189185
189182
189183
189189
189194
189192
189189
189190
189196
189199
189194
189190
189190
189195
189199
189197
189193
189194
189198
189202
189198
189195
189196
189200
189203
189200
189196
189197
189199
189199
189195
189189
189187
189187
189187
189183
189180
189180
189183
189187
189184
189180
189180
189184
189187
189184
189178
189175
189176
189177
189173
189169
189168
189172
189174
189171
189169
189170
189176
189181
189180
189176
189176
189179
189183
189183
189180
189180
189183
189186
189182
189180
189181
189185
189188
189186
189183
189183
189186
189189
189184
189179
189177
189179
189179
189175
189168
189167
189170
189173
189171
189168
189169
189174
189177
189177
189177
189178
189183
189189
189188
189184
189183
189184
189185
189180
189174
189170
189172
189174
189171
189166
189166
189170
189175
189176
189176
189179
189186
189190
189186
189182
189181
189182
189181
189175
189168
189165
189167
189170
189168
189166
189169
189177
189184
189185
189182
189179
189180
189182
189178
189172
189170
189172
189175
189173
189170
189171
189176
189182
189183
189184
189186
189192
189195
189190
189183
189179
189179
189179
189173
189167
189170
189177
189182
189182
189180
189181
189186
189193
189195
189194
189194
189196
189196
189188
189178
189171
189168
189167
189162
189156
189153
189156
189161
189161
189162
189170
189181
189190
189192
189189
189187
189189
189187
189180
189173
189169
189170
189172
189170
189169
189173
189181
189191
189195
189195
189198
189204
189207
189202
189194
189187
189182
189175
189162
189150
189143
189142
189144
189141
189138
189140
189147
189155
189157
189159
189165
189176
189186
189187
189185
189186
189190
189194
189193
189190
189188
189189
189189
189184
189180
189180
189184
189189
189189
189189
189193
189198
189202
189197
189188
189181
189180
189178
189172
189165
189162
189164
189166
189163
189160
189162
189169
189175
189177
189179
189186
189194
189201
189200
189196
189194
189194
189193
189185
189177
189172
189174
189177
189174
189170
189170
189175
189180
189179
189176
189179
189187
189194
189194
189193
189194
189198
189202
189198
189193
189190
189192
189194
189191
189186
189183
189185
189187
189185
189183
189185
189194
189202
189204
189204
189207
189213
189215
189211
189204
189200
189202
189204
189199
189195
189194
189198
189201
189199
189196
189197
189203
189210
189211
189210
189211
189217
189222
189218
189211
189206
189204
189202
189194
189185
189179
189179
189182
189179
189177
189179
189186
189193
189193
189190
189192
189198
189201
189199
189194
189193
189197
189200
189195
189188
189184
189183
189183
189178
189171
189167
189169
189169
189164
189159
189156
189158
189160
189157
189153
189154
189159
189164
189163
189160
189161
189166
189170
189168
189164
189165
189169
189172
189168
189163
189162
189165
189168
189165
189162
189161
189165
189169
189166
189162
189161
189166
189171
189168
189164
189164
189168
189172
189170
189166
189166
189169
189170
189165
189159
189155
189156
189158
189155
189148
189144
189146
189150
189147
189143
189142
189146
189151
189150
189146
189145
189148
189150
189147
189143
189141
189143
189145
189142
189138
189138
189144
189150
189150
189148
189150
189155
189163
189166
189165
189166
189172
189178
189177
189174
189172
189176
189180
189178
189175
189175
189180
189183
189183
189180
189179
189183
189185
189182
189179
189177
189180
189183
189181
189177
189176
189180
189182
189180
189177
189176
189180
189184
189181
189176
189174
189179
189182
189180
189175
189174
189180
189185
189182
189178
189177
189181
189184
189180
189176
189177
189181
189184
189180
189176
189175
189179
189182
189179
189175
189176
189179
189184
189183
189179
189179
189183
189186
189183
189177
189174
189177
189179
189175
189171
189171
189174
189179
189177
189175
189176
189181
189185
189183
189178
189176
189181
189186
189186
189183
189180
189183
189185
189183
189178
189174
189176
189178
189174
189170
189169
189172
189173
189168
189163
189161
189165
189170
189168
189165
189164
189169
189175
189174
189172
189170
189173
189177
189175
189171
189170
189172
189174
189171
189167
189165
189168
189171
189170
189166
189163
189166
189169
189165
189161
189160
189166
189171
189171
189169
189169
189174
189178
189175
189168
189164
189165
189166
189162
189157
189154
189156
189158
189156
189152
189151
189157
189162
189161
189159
189160
189166
189173
189174
189174
189176
189182
189186
189184
189180
189178
189181
189184
189181
189176
189172
189174
189175
189172
189167
189165
189168
189173
189172
189168
189168
189173
189177
189177
189174
189175
189180
189185
189184
189181
189181
189185
189190
189189
189186
189184
189185
189188
189186
189182
189180
189184
189188
189187
189184
189183
189186
189188
189186
189183
189182
189185
189187
189185
189181
189180
189182
189185
189183
189179
189177
189180
189181
189178
189173
189169
189170
189173
189170
189165
189163
189168
189173
189172
189169
189167
189168
189169
189166
189160
189158
189162
189165
189163
189158
189157
189160
189160
189157
189152
189150
189152
189155
189150
189144
189142
189146
189150
189149
189145
189143
189146
189148
189145
189141
189138
189142
189146
189145
189140
189137
189141
189146
189143
189138
189137
189141
189144
189142
189137
189135
189139
189142
189140
189138
189137
189141
189146
189144
189140
189138
189141
189146
189146
189144
189145
189150
189153
189150
189145
189142
189143
189145
189142
189138
189136
189139
189142
189139
189134
189132
189134
189137
189136
189132
189130
189135
189138
189137
189134
189133
189136
189138
189136
189133
189132
189137
189141
189140
189137
189136
189142
189145
189144
189141
189140
189146
189152
189151
189149
189150
189156
189162
189162
189160
189160
189167
189173
189174
189171
189172
189177
189180
189179
189177
189176
189180
189185
189184
189181
189179
189184
189189
189187
189182
189181
189183
189186
189183
189179
189179
189181
189182
189177
189170
189167
189169
189171
189169
189165
189163
189167
189169
189165
189158
189156
189161
189167
189167
189164
189162
189166
189170
189168
189165
189164
189167
189171
189169
189165
189162
189164
189166
189162
189158
189155
189157
189161
189159
189154
189152
189155
189156
189152
189147
189146
189150
189154
189154
189149
189145
189148
189151
189148
189144
189143
189148
189153
189152
189148
189147
189151
189155
189153
189148
189146
189149
189152
189151
189146
189143
189147
189151
189151
189148
189146
189150
189153
189151
189146
189144
189148
189150
189148
189143
189140
189143
189147
189147
189144
189143
189148
189152
189150
189146
189144
189147
189150
189148
189143
189142
189146
189150
189148
189145
189144
189148
189152
189150
189146
189143
189145
189148
189145
189140
189138
189142
189148
189147
189143
189142
189147
189151
189151
189147
189145
189148
189151
189149
189146
189144
189148
189154
189155
189153
189154
189159
189164
189163
189159
189157
189161
189165
189162
189155
189152
189156
189160
189159
189156
189154
189157
189160
189157
189153
189153
189160
189164
189164
189162
189160
189163
189166
189166
189164
189164
189167
189171
189170
189167
189165
189169
189173
189171
189167
189164
189168
189171
189169
189165
189164
189169
189172
189171
189168
189166
189169
189173
189172
189170
189168
189173
189179
189179
189175
189171
189173
189177
189176
189173
189171
189172
189174
189173
189169
189167
189169
189171
189167
189162
189160
189164
189169
189169
189165
189164
189169
189173
189173
189172
189171
189174
189177
189174
189168
189163
189164
189166
189164
189159
189155
189159
189162
189160
189156
189153
189156
189160
189158
189154
189151
189154
189157
189157
189155
189153
189156
189160
189159
189154
189151
189155
189159
189156
189151
189148
189151
189154
189155
189153
189153
189157
189161
189160
189156
189153
189156
189158
189156
189150
189146
189148
189152
189152
189148
189147
189151
189154
189153
189148
189145
189149
189153
189153
189151
189150
189157
189162
189161
189158
189157
189160
189163
189162
189158
189155
189158
189161
189158
189153
189150
189152
189155
189152
189148
189145
189150
189154
189155
189152
189150
189153
189156
189156
189152
189149
189152
189152
189151
189147
189144
189146
189149
189149
189147
189146
189149
189153
189153
189150
189148
189152
189155
189152
189146
189144
189148
189153
189153
189149
189147
189151
189154
189151
189148
189145
189148
189150
189148
189144
189141
189145
189149
189148
189146
189144
189149
189153
189153
189149
189147
189150
189152
189150
189146
189144
189147
189151
189150
189145
189142
189144
189147
189145
189143
189144
189150
189156
189155
189151
189148
189151
189153
189149
189143
189139
189142
189146
189144
189141
189140
189145
189149
189147
189141
189138
189142
189147
189146
189142
189139
189143
189147
189147
189145
189143
189146
189150
189149
189145
189144
189149
189152
189150
189147
189143
189145
189146
189143
189139
189137
189141
189146
189146
189143
189140
189143
189148
189148
189144
189142
189146
189149
189147
189143
189140
189143
189144
189142
189136
189134
189137
189142
189142
189140
189138
189141
189145
189145
189141
189138
189141
189146
189144
189140
189137
189139
189140
189139
189134
189131
189134
189138
189140
189139
189140
189145
189149
189149
189144
189141
189145
189150
189149
189146
189143
189146
189149
189147
189144
189141
189144
189148
189146
189142
189139
189143
189146
189146
189142
189138
189143
189147
189146
189142
189140
189145
189151
189151
189148
189146
189149
189153
189152
189148
189144
189146
189149
189150
189148
189146
189149
189153
189153
189150
189148
189152
189155
189153
189149
189145
189148
189153
189152
189148
189146
189148
189149
189145
189142
189139
189141
189143
189141
189138
189136
189138
189142
189140
189136
189134
189139
189143
189144
189142
189138
189142
189146
189144
189139
189136
189141
189146
189146
189142
189139
189142
189144
189141
189136
189135
189139
189145
189145
189140
189136
189139
189144
189144
189141
189139
189143
189150
189152
189151
189149
189152
189154
189150
189143
189139
189143
189145
189143
189140
189137
189140
189143
189140
189133
189130
189134
189137
189134
189129
189128
189132
189135
189134
189131
189130
189134
189137
189135
189130
189127
189130
189134
189132
189129
189127
189130
189134
189134
189131
189132
189137
189141
189140
189136
189133
189136
189139
189138
189135
189134
189139
189143
189143
189140
189139
189143
189147
189145
189142
189140
189144
189148
189145
189138
189136
189140
189144
189144
189141
189139
189142
189146
189145
189141
189138
189141
189145
189144
189139
189137
189141
189145
189144
189140
189138
189141
189145
189145
189143
189142
189147
189152
189152
189148
189145
189149
189153
189153
189150
189148
189152
189155
189154
189152
189152
189156
189160
189159
189154
189151
189155
189160
189160
189156
189153
189154
189155
189153
189148
189145
189147
189151
189151
189147
189143
189146
189151
189151
189147
189143
189146
189150
189150
189147
189145
189148
189152
189152
189147
189144
189148
189152
189149
189144
189142
189144
189146
189145
189142
189139
189142
189144
189141
189135
189131
189133
189137
189137
189133
189129
189132
189135
189135
189131
189128
189131
189136
189135
189131
189129
189132
189134
189131
189125
189122
189124
189127
189127
189124
189122
189126
189131
189131
189128
189126
189130
189134
189133
189131
189129
189134
189138
189138
189134
189131
189135
189140
189141
189139
189136
189136
189138
189136
189132
189129
189132
189136
189136
189132
189129
189133
189137
189137
189134
189131
189133
189135
189134
189129
189125
189128
189131
189130
189127
189126
189130
189133
189134
189130
189126
189131
189137
189139
189135
189133
189134
189135
189131
189126
189124
189127
189131
189130
189126
189122
189126
189133
189133
189131
189131
189137
189142
189140
189135
189131
189134
189137
189135
189129
189124
189126
189128
189128
189125
189126
189132
189138
189139
189137
189135
189139
189143
189142
189140
189138
189141
189142
189138
189131
189124
189124
189126
189125
189123
189123
189128
189135
189138
189136
189134
189137
189141
189141
189138
189137
189140
189141
189137
189129
189122
189120
189121
189120
189118
189119
189125
189130
189131
189130
189129
189135
189141
189143
189140
189136
189139
189141
189136
189129
189124
189123
189123
189122
189119
189117
189121
189128
189129
189125
189122
189126
189129
189129
189128
189127
189133
189138
189136
189130
189124
189124
189126
189123
189117
189115
189121
189127
189130
189130
189130
189135
189141
189143
189141
189139
189143
189147
189145
189141
189137
189139
189142
189138
189132
189127
189129
189134
189136
189133
189133
189140
189147
189150
189149
189149
189154
189159
189159
189155
189152
189154
189156
189152
189144
189137
189136
189138
189137
189133
189130
189133
189138
189138
189137
189136
189140
189145
189144
189140
189135
189138
189141
189141
189137
189135
189137
189141
189139
189134
189131
189134
189139
189138
189136
189136
189140
189145
189147
189147
189147
189151
189155
189152
189147
189143
189143
189144
189140
189133
189129
189131
189134
189133
189129
189125
189127
189131
189128
189124
189124
189128
189133
189134
189132
189129
189132
189134
189133
189128
189124
189125
189126
189123
189117
189112
189114
189118
189117
189115
189112
189115
189119
189119
189116
189115
189120
189126
189128
189127
189126
189130
189133
189133
189128
189124
189125
189127
189123
189116
189110
189109
189110
189106
189100
189095
189096
189099
189097
189092
189090
189096
189099
189100
189100
189100
189107
189114
189115
189110
189107
189110
189114
189112
189108
189105
189107
189111
189110
189107
189107
189112
189119
189121
189121
189122
189129
189136
189139
189136
189133
189136
189138
189135
189129
189125
189126
189130
189130
189127
189126
189130
189133
189133
189129
189128
189131
189136
189137
189133
189131
189134
189137
189135
189130
189128
189131
189137
189138
189134
189131
189134
189139
189139
189136
189133
189136
189139
189140
189137
189134
189137
189143
189143
189140
189139
189144
189149
189150
189147
189144
189146
189149
189147
189142
189138
189139
189143
189143
189138
189134
189136
189139
189138
189134
189133
189137
189142
189143
189141
189140
189144
189148
189147
189144
189142
189144
189147
189144
189140
189136
189138
189143
189142
189136
189132
189136
189141
189143
189140
189138
189141
189148
189150
189147
189145
189149
189153
189151
189145
189142
189145
189147
189146
189143
189140
189142
189143
189142
189136
189132
189134
189137
189135
189129
189124
189127
189130
189130
189126
189123
189126
189130
189130
189128
189126
189128
189131
189130
189126
189123
189125
189128
189127
189123
189118
189120
189126
189127
189124
189119
189121
189123
189121
189118
189115
189117
189120
189120
189115
189110
189112
189114
189111
189106
189104
189106
189109
189109
189106
189104
189107
189110
189109
189104
189100
189103
189107
189107
189101
189099
189105
189111
189111
189107
189105
189108
189112
189112
189108
189105
189108
189112
189113
189110
189107
189110
189114
189115
189110
189107
189111
189115
189116
189113
189112
189116
189121
189120
189116
189112
189114
189117
189116
189111
189108
189111
189114
189114
189110
189106
189108
189112
189111
189108
189106
189109
189112
189112
189110
189108
189111
189114
189115
189111
189109
189113
189118
189120
189118
189116
189120
189126
189127
189123
189120
189123
189125
189124
189120
189118
189123
189128
189127
189124
189122
189125
189128
189126
189120
189116
189119
189123
189123
189120
189117
189120
189123
189121
189116
189113
189116
189121
189121
189119
189118
189122
189127
189129
189127
189126
189132
189138
189141
189141
189142
189147
189152
189152
189148
189146
189149
189152
189150
189144
189139
189141
189144
189143
189138
189132
189133
189136
189135
189132
189129
189133
189138
189140
189138
189136
189140
189143
189145
189142
189140
189145
189151
189152
189147
189146
189150
189154
189155
189152
189150
189154
189157
189155
189151
189147
189149
189154
189155
189154
189153
189157
189161
189161
189157
189154
189157
189161
189160
189156
189152
189154
189158
189160
189158
189156
189159
189165
189166
189162
189159
189161
189165
189165
189162
189160
189164
189167
189166
189162
189159
189162
189166
189166
189162
189159
189161
189164
189164
189162
189160
189162
189163
189163
189157
189152
189151
189152
189149
189143
189139
189142
189146
189145
189142
189138
189140
189142
189141
189137
189134
189137
189138
189136
189131
189128
189130
189134
189135
189131
189129
189132
189137
189138
189134
189132
189133
189134
189132
189128
189126
189130
189133
189132
189128
189126
189129
189133
189134
189130
189126
189127
189127
189125
189121
189119
189123
189126
189124
189120
189116
189118
189121
189119
189114
189109
189110
189112
189112
189108
189105
189108
189111
189111
189106
189102
189104
189107
189107
189105
189103
189106
189111
189111
189107
189103
189106
189109
189110
189105
189099
189099
189101
189101
189097
189094
189097
189102
189103
189101
189099
189103
189107
189108
189104
189100
189102
189105
189105
189102
189100
189105
189110
189109
189105
189103
189107
189110
189108
189104
189100
189103
189108
189110
189108
189106
189109
189113
189114
189113
189111
189113
189115
189114
189107
189102
189104
189108
189106
189101
189098
189101
189105
189106
189103
189100
189104
189108
189110
189109
189108
189113
189120
189123
189120
189117
189120
189122
189119
189113
189109
189111
189114
189114
189109
189106
189110
189115
189115
189111
189109
189113
189117
189117
189113
189108
189108
189111
189111
189108
189105
189106
189108
189106
189102
189100
189102
189106
189108
189105
189103
189106
189110
189110
189106
189103
189107
189112
189113
189109
189107
189111
189116
189116
189114
189113
189117
189122
189121
189117
189114
189115
189118
189116
189110
189106
189109
189114
189113
189110
189108
189111
189115
189115
189112
189109
189111
189113
189112
189108
189103
189105
189110
189111
189107
189103
189105
189108
189107
189103
189099
189102
189106
189107
189104
189100
189101
189104
189103
189100
189097
189098
189101
189100
189096
189092
189094
189098
189098
189095
189093
189097
189101
189103
189101
189100
189104
189109
189109
189105
189102
189106
189110
189111
189107
189105
189110
189115
189117
189113
189110
189112
189116
189114
189108
189105
189108
189111
189112
189108
189106
189109
189114
189114
189110
189107
189110
189113
189113
189109
189107
189109
189114
189115
189112
189110
189115
189120
189119
189115
189111
189111
189114
189112
189107
189102
189104
189108
189106
189102
189099
189101
189103
189103
189100
189098
189100
189104
189106
189105
189103
189107
189112
189112
189109
189106
189109
189115
189117
189115
189113
189117
189120
189119
189114
189111
189113
189117
189117
189113
189110
189112
189115
189115
189110
189108
189112
189118
189117
189114
189111
189113
189117
189117
189113
189111
189114
189118
189117
189111
189106
189105
189106
189104
189100
189097
189099
189102
189101
189097
189094
189097
189100
189101
189097
189095
189099
189102
189102
189098
189096
189099
189104
189104
189100
189097
189100
189104
189104
189100
189098
189100
189102
189101
189096
189091
189092
189094
189091
189087
189084
189086
189089
189089
189085
189080
189082
189087
189088
189085
189082
189086
189090
189090
189087
189085
189088
189092
189094
189092
189091
189095
189101
189104
189102
189100
189103
189107
189107
189103
189100
189104
189108
189107
189103
189100
189102
189105
189105
189102
189101
189106
189109
189109
189107
189105
189107
189109
189106
189100
189095
189095
189097
189096
189092
189089
189092
189096
189098
189095
189092
189095
189100
189101
189098
189097
189102
189105
189105
189101
189098
189101
189103
189102
189098
189093
189095
189097
189095
189090
189085
189084
189086
189084
189079
189073
189073
189077
189078
189076
189077
189085
189093
189096
189096
189094
189097
189101
189100
189094
189090
189092
189094
189093
189088
189083
189085
189089
189088
189083
189077
189079
189081
189079
189075
189070
189071
189076
189079
189076
189074
189079
189086
189088
189086
189084
189088
189093
189094
189092
189090
189094
189100
189100
189096
189093
189094
189095
189092
189087
189083
189084
189086
189084
189077
189071
189072
189075
189074
189070
189068
189072
189078
189079
189076
189074
189078
189082
189082
189078
189075
189078
189082
189084
189079
189075
189078
189082
189082
189077
189075
189078
189082
189082
189079
189077
189081
189083
189083
189080
189079
189083
189088
189090
189087
189085
189090
189093
189093
189089
189085
189089
189093
189093
189090
189087
189091
189096
189094
189087
189082
189085
189088
189088
189084
189081
189085
189089
189090
189088
189088
189092
189097
189098
189094
189093
189097
189099
189099
189094
189090
189092
189097
189098
189094
189091
189093
189096
189094
189089
189085
189087
189091
189092
189088
189084
189086
189088
189086
189081
189076
189077
189079
189079
189077
189075
189079
189084
189085
189082
189078
189080
189084
189083
189078
189075
189078
189081
189080
189077
189073
189076
189080
189079
189075
189073
189076
189082
189084
189081
189079
189082
189086
189086
189081
189077
189079
189083
189084
189080
189076
189079
189086
189091
189090
189088
189091
189095
189096
189093
189091
189092
189095
189093
189090
189087
189090
189093
189093
189091
189088
189090
189093
189091
189088
189085
189087
189089
189088
189083
189080
189082
189086
189086
189081
189077
189080
189083
189082
189077
189076
189081
189087
189088
189085
189084
189087
189090
189089
189084
189079
189080
189084
189084
189079
189076
189078
189081
189082
189078
189076
189079
189083
189084
189080
189077
189078
189081
189082
189079
189075
189077
189080
189080
189076
189072
189073
189075
189075
189070
189068
189072
189077
189077
189074
189071
189074
189079
189080
189076
189072
189072
189074
189074
189071
189069
189072
189076
189076
189074
189073
189076
189081
189084
189083
189083
189088
189093
189092
189088
189085
189087
189090
189088
189083
189079
189080
189083
189084
189080
189077
189080
189086
189088
189086
189086
189092
189101
189105
189104
189102
189104
189106
189103
189095
189088
189088
189091
189089
189085
189083
189087
189092
189095
189095
189096
189103
189110
189113
189110
189106
189107
189107
189101
189091
189082
189081
189081
189078
189072
189070
189076
189085
189091
189094
189098
189108
189117
189121
189121
189119
189122
189123
189121
189114
189106
189103
189100
189095
189085
189074
189070
189068
189063
189054
189048
189047
189047
189046
189042
189040
189046
189053
189056
189055
189054
189056
189057
189055
189051
189048
189052
189059
189063
189065
189067
189075
189082
189085
189083
189081
189082
189083
189079
189069
189059
189055
189051
189046
189038
189034
189036
189040
189042
189041
189043
189053
189064
189072
189076
189080
189090
189098
189101
189099
189095
189096
189097
189093
189084
189075
189075
189077
189077
189073
189073
189078
189086
189088
189084
189082
189087
189091
189092
189089
189086
189089
189093
189092
189090
189087
189090
189095
189095
189094
189093
189098
189105
189108
189107
189104
189107
189109
189106
189098
189092
189092
189092
189088
189082
189076
189077
189079
189078
189074
189072
189074
189077
189077
189072
189070
189074
189078
189080
189078
189077
189084
189090
189092
189089
189086
189089
189091
189091
189086
189081
189081
189081
189077
189070
189064
189064
189065
189063
189058
189054
189058
189064
189066
189065
189065
189071
189078
189081
189080
189080
189085
189089
189088
189082
189076
189076
189077
189074
189067
189062
189066
189071
189072
189072
189073
189080
189086
189089
189087
189084
189088
189093
189094
189090
189086
189088
189091
189090
189084
189081
189083
189088
189089
189086
189083
189088
189093
189093
189091
189090
189095
189099
189100
189096
189093
189096
189100
189098
189093
189089
189091
189094
189092
189088
189085
189089
189092
189092
189089
189088
189094
189101
189104
189101
189099
189103
189107
189107
189104
189100
189100
189102
189101
189097
189094
189095
189096
189093
189089
189086
189088
189091
189091
189089
189089
189094
189101
189102
189098
189095
189099
189102
189101
189097
189094
189095
189098
189097
189092
189089
189092
189095
189093
189088
189086
189090
189094
189095
189093
189091
189095
189097
189096
189091
189088
189090
189093
189094
189089
189087
189089
189092
189091
189087
189086
189089
189092
189091
189087
189085
189088
189091
189090
189085
189082
189085
189089
189089
189086
189084
189087
189091
189091
189087
189084
189088
189092
189093
189090
189088
189090
189094
189093
189087
189083
189086
189089
189088
189084
189082
189085
189089
189091
189088
189086
189089
189093
189093
189088
189085
189087
189092
189093
189089
189089
189095
189100
189100
189096
189093
189099
189105
189105
189100
189098
189102
189108
189109
189105
189104
189107
189111
189112
189110
189107
189110
189113
189113
189110
189109
189113
189118
189118
189114
189113
189118
189122
189121
189117
189113
189117
189120
189120
189116
189113
189116
189120
189120
189115
189110
189112
189115
189114
189110
189107
189109
189112
189112
189109
189107
189111
189116
189115
189111
189106
189107
189109
189108
189103
189099
189101
189103
189102
189098
189094
189097
189101
189103
189099
189096
189100
189105
189105
189102
189100
189104
189107
189106
189102
189099
189103
189106
189106
189102
189099
189101
189103
189100
189096
189093
189095
189097
189094
189090
189086
189089
189092
189092
189088
189085
189087
189091
189091
189087
189083
189086
189089
189088
189083
189079
189081
189085
189083
189078
189074
189077
189081
189082
189079
189076
189078
189081
189081
189077
189075
189080
189084
189082
189076
189072
189075
189078
189076
189070
189066
189068
189071
189069
189064
189061
189065
189068
189067
189063
189059
189061
189064
189064
189060
189057
189061
189066
189066
189063
189061
189065
189070
189070
189068
189066
189068
189072
189072
189065
189059
189059
189059
189056
189049
189044
189046
189049
189049
189047
189046
189051
189055
189056
189054
189053
189057
189062
189063
189060
189058
189062
189067
189068
189065
189062
189064
189066
189065
189060
189058
189062
189066
189068
189067
189066
189069
189072
189073
189070
189069
189075
189081
189082
189078
189076
189079
189083
189082
189078
189075
189079
189084
189084
189080
189075
189078
189082
189081
189077
189075
189078
189083
189083
189080
189078
189083
189086
189086
189080
189077
189081
189084
189084
189081
189080
189085
189090
189089
189086
189084
189088
189093
189093
189089
189087
189089
189091
189090
189085
189082
189086
189091
189090
189086
189083
189086
189090
189090
189086
189082
189084
189085
189084
189079
189074
189078
189084
189086
189083
189081
189084
189087
189086
189083
189080
189082
189086
189083
189079
189076
189080
189084
189082
189078
189077
189081
189087
189089
189086
189083
189087
189092
189092
189089
189086
189089
189093
189092
189086
189081
189084
189085
189083
189078
189074
189077
189083
189084
189082
189081
189084
189089
189089
189085
189083
189087
189091
189090
189083
189079
189082
189085
189084
189079
189078
189082
189088
189088
189084
189081
189084
189087
189086
189082
189078
189081
189084
189083
189078
189074
189076
189080
189080
189077
189076
189079
189082
189080
189078
189076
189080
189085
189086
189082
189078
189078
189079
189077
189072
189070
189075
189078
189077
189073
189071
189074
189078
189078
189075
189072
189077
189081
189078
189074
189071
189073
189076
189074
189069
189067
189071
189075
189074
189069
189065
189067
189072
189073
189070
189067
189072
189077
189077
189076
189075
189078
189082
189082
189078
189075
189079
189084
189084
189079
189075
189078
189082
189083
189079
189076
189078
189081
189080
189075
189072
189075
189077
189075
189070
189065
189067
189069
189068
189065
189064
189069
189075
189075
189074
189074
189078
189082
189082
189076
189072
189075
189079
189077
189071
189067
189070
189076
189077
189074
189074
189080
189086
189086
189082
189079
189081
189083
189081
189076
189073
189074
189075
189072
189068
189066
189070
189077
189080
189080
189081
189087
189092
189092
189088
189084
189087
189087
189084
189077
189071
189073
189077
189076
189073
189071
189076
189083
189084
189082
189079
189082
189085
189084
189080
189077
189079
189082
189080
189075
189072
189077
189083
189083
189078
189076
189080
189084
189084
189079
189074
189076
189079
189077
189071
189067
189068
189070
189069
189066
189062
189066
189070
189070
189068
189066
189069
189074
189075
189072
189069
189071
189074
189072
189067
189063
189065
189068
189067
189064
189062
189067
189073
189074
189072
189071
189076
189081
189081
189079
189079
189084
189087
189087
189084
189080
189081
189083
189080
189074
189069
189070
189072
189068
189062
189058
189060
189063
189064
189064
189066
189071
189077
189077
189073
189071
189074
189078
189076
189071
189066
189068
189073
189072
189068
189066
189070
189076
189077
189074
189072
189078
189086
189088
189086
189085
189088
189090
189088
189080
189073
189073
189072
189068
189063
189059
189062
189064
189064
189060
189059
189063
189068
189069
189068
189068
189074
189078
189076
189069
189063
189063
189063
189057
189049
189044
189045
189045
189044
189040
189038
189044
189052
189055
189055
189057
189064
189069
189069
189066
189063
189067
189070
189067
189060
189057
189060
189064
189061
189056
189053
189056
189060
189061
189059
189060
189066
189071
189072
189068
189064
189065
189064
189058
189051
189047
189049
189051
189048
189043
189040
189045
189050
189050
189047
189044
189048
189052
189052
189048
189047
189050
189053
189050
189045
189042
189046
189051
189050
189047
189047
189051
189055
189057
189056
189055
189061
189066
189066
189060
189056
189059
189063
189062
189058
189057
189061
189065
189065
189062
189062
189068
189074
189074
189071
189069
189074
189078
189076
189071
189069
189071
189073
189071
189067
189063
189067
189071
189070
189067
189064
189067
189069
189067
189064
189062
189066
189069
189067
189064
189063
189068
189072
189070
189066
189063
189066
189069
189067
189064
189063
189067
189071
189070
189067
189066
189070
189074
189075
189072
189070
189074
189078
189076
189071
189068
189071
189075
189074
189070
189066
189067
189068
189066
189062
189060
189062
189065
189063
189059
189057
189061
189066
189065
189060
189058
189063
189067
189067
189063
189061
189066
189070
189069
189066
189066
189072
189077
189078
189075
189072
189075
189079
189078
189074
189071
189073
189075
189072
189067
189066
189071
189075
189075
189073
189071
189076
189081
189080
189076
189075
189080
189085
189084
189082
189080
189085
189090
189088
189084
189082
189086
189089
189088
189086
189086
189090
189095
189094
189091
189088
189092
189096
189094
189089
189087
189089
189091
189088
189083
189079
189080
189083
189082
189078
189076
189080
189084
189081
189075
189072
189076
189079
189077
189073
189072
189077
189082
189083
189081
189079
189084
189090
189090
189086
189085
189089
189092
189089
189086
189084
189089
189094
189094
189092
189091
189096
189102
189100
189095
189092
189095
189098
189097
189093
189091
189092
189092
189089
189083
189079
189081
189086
189085
189082
189079
189084
189088
189087
189084
189082
189085
189087
189083
189077
189073
189073
189074
189071
189067
189066
189071
189075
189073
189069
189069
189075
189078
189076
189073
189072
189075
189078
189077
189074
189071
189074
189078
189079
189076
189075
189077
189079
189077
189072
189069
189071
189074
189073
189068
189065
189066
189068
189066
189062
189060
189063
189066
189065
189061
189059
189063
189067
189065
189061
189058
189061
189064
189061
189057
189056
189061
189064
189063
189060
189060
189066
189072
189071
189068
189066
189068
189070
189069
189065
189061
189063
189066
189065
189060
189059
189064
189069
189069
189067
189065
189069
189073
189073
189070
189068
189071
189074
189072
189068
189066
189070
189075
189073
189069
189067
189071
189076
189076
189073
189073
189077
189082
189081
189080
189081
189087
189091
189090
189086
189085
189088
189090
189086
189079
189076
189076
189077
189073
189068
189066
189068
189071
189071
189068
189068
189073
189079
189078
189076
189075
189080
189084
189082
189077
189074
189078
189082
189081
189075
189072
189075
189079
189075
189070
189067
189070
189075
189072
189066
189063
189065
189067
189064
189059
189057
189060
189062
189059
189053
189050
189052
189054
189050
189045
189043
189045
189048
189046
189044
189043
189049
189054
189054
189052
189050
189055
189058
189056
189052
189049
189051
189053
189050
189044
189040
189044
189046
189043
189036
189031
189033
189037
189034
189029
189027
189032
189037
189039
189038
189039
189045
189051
189052
189049
189047
189051
189054
189053
189048
189046
189049
189050
189046
189039
189035
189038
189040
189038
189035
189034
189040
189046
189047
189046
189048
189057
189063
189063
189062
189062
189067
189072
189070
189066
189062
189064
189065
189059
189051
189047
189051
189054
189050
189044
189040
189043
189046
189044
189041
189040
189045
189048
189048
189044
189042
189046
189051
189050
189046
189045
189050
189053
189052
189048
189046
189049
189051
189050
189047
189046
189049
189051
189049
189045
189044
189049
189053
189053
189052
189052
189057
189063
189065
189063
189064
189070
189075
189074
189072
189072
189076
189080
189078
189072
189069
189071
189072
189070
189065
189062
189066
189070
189067
189063
189062
189067
189071
189069
189066
189065
189069
189074
189074
189073
189074
189079
189085
189086
189083
189084
189088
189091
189087
189081
189078
189080
189081
189076
189068
189064
189066
189070
189068
189065
189066
189073
189079
189079
189078
189079
189084
189088
189087
189084
189085
189090
189097
189098
189096
189095
189099
189101
189097
189090
189086
189088
189087
189081
189075
189072
189073
189076
189072
189067
189066
189069
189073
189072
189069
189068
189074
189079
189079
189078
189080
189085
189090
189089
189083
189080
189081
189082
189077
189069
189065
189067
189070
189070
189068
189069
189075
189080
189081
189081
189082
189087
189092
189091
189087
189085
189086
189087
189083
189077
189073
189075
189077
189073
189066
189062
189064
189067
189065
189061
189061
189066
189070
189069
189067
189068
189073
189077
189075
189070
189068
189071
189073
189067
189062
189059
189061
189062
189057
189049
189044
189044
189045
189041
189035
189031
189033
189036
189035
189032
189032
189037
189041
189039
189036
189033
189036
189039
189038
189033
189030
189031
189032
189028
189022
189020
189023
189026
189022
189016
189013
189016
189019
189017
189015
189016
189023
189029
189029
189028
189029
189033
189038
189037
189034
189033
189037
189041
189040
189038
189036
189040
189043
189038
189033
189031
189035
189039
189037
189033
189033
189038
189042
189041
189037
189035
189038
189042
189040
189036
189034
189037
189042
189040
189037
189036
189041
189045
189043
189039
189038
189043
189046
189045
189041
189040
189044
189047
189045
189042
189041
189043
189046
189043
189038
189036
189038
189040
189035
189029
189027
189031
189034
189030
189024
189022
189025
189028
189025
189022
189024
189028
189031
189031
189029
189031
189036
189041
189041
189040
189040
189044
189046
189043
189038
189035
189037
189038
189036
189032
189031
189036
189041
189040
189036
189035
189038
189042
189040
189037
189036
189041
189046
189043
189038
189037
189038
189039
189036
189032
189030
189033
189034
189028
189021
189016
189015
189016
189013
189008
189006
189009
189012
189008
189003
189001
189003
189005
189001
188997
188994
188996
189000
188998
188994
188993
188997
189001
188999
188996
188997
189003
189010
189010
189010
189013
189019
189025
189027
189024
189024
189027
189029
189026
189022
189021
189022
189022
189019
189015
189013
189016
189019
189015
189010
189007
189010
189014
189013
189011
189011
189016
189020
189018
189015
189015
189021
189025
189023
189020
189018
189020
189023
189020
189017
189016
189021
189024
189023
189020
189020
189025
189028
189024
189019
189017
189021
189023
189021
189017
189016
189021
189025
189025
189023
189024
189028
189033
189030
189025
189021
189022
189023
189018
189011
189007
189008
189011
189008
189003
189000
189004
189006
189003
189000
189000
189003
189005
189003
189001
189001
189006
189010
189007
189003
189002
189005
189007
189004
189001
189001
189006
189010
189007
189004
189005
189010
189015
189016
189014
189014
189020
189027
189026
189022
189022
189030
189035
189035
189033
189033
189038
189042
189038
189034
189033
189036
189040
189036
189032
189032
189037
189042
189041
189039
189039
189043
189048
189044
189038
189037
189040
189043
189038
189033
189031
189033
189035
189030
189025
189023
189027
189031
189030
189027
189026
189030
189032
189029
189026
189025
189029
189031
189028
189024
189023
189025
189027
189024
189020
189020
189025
189029
189027
189024
189025
189028
189033
189032
189030
189030
189033
189034
189031
189027
189024
189026
189028
189024
189017
189015
189017
189020
189016
189012
189009
189012
189013
189008
189002
188998
189001
189005
189003
189000
189000
189005
189008
189004
189000
188998
189000
189002
188999
188994
188995
188999
189004
189004
189004
189008
189016
189023
189025
189025
189028
189034
189038
189036
189031
189028
189031
189033
189029
189021
189017
189017
189018
189015
189011
189011
189016
189021
189022
189022
189026
189034
189041
189041
189039
189040
189043
189046
189042
189038
189037
189039
189041
189037
189032
189032
189036
189039
189037
189032
189032
189036
189040
189038
189033
189031
189033
189034
189031
189028
189028
189032
189036
189033
189032
189033
189038
189042
189041
189037
189037
189040
189042
189038
189034
189034
189037
189040
189036
189032
189032
189035
189037
189033
189028
189026
189028
189030
189025
189019
189018
189022
189024
189020
189016
189014
189017
189020
189018
189014
189013
189017
189020
189016
189011
189010
189012
189013
189009
189005
189006
189009
189013
189011
189006
189007
189011
189014
189012
189007
189007
189013
189018
189016
189014
189017
189023
189028
189027
189025
189026
189031
189035
189032
189026
189026
189030
189033
189031
189027
189027
189030
189034
189032
189028
189027
189030
189032
189029
189024
189024
189027
189029
189024
189018
189015
189018
189020
189017
189013
189013
189017
189021
189020
189017
189016
189020
189024
189022
189020
189020
189024
189026
189024
189021
189021
189023
189024
189021
189016
189016
189020
189023
189021
189018
189019
189023
189026
189023
189020
189022
189026
189029
189025
189021
189019
189021
189022
189019
189016
189014
189016
189018
189015
189012
189014
189019
189022
189020
189018
189020
189024
189027
189022
189015
189013
189015
189015
189009
189002
188999
189002
189005
189005
189005
189010
189019
189027
189028
189027
189029
189033
189035
189030
189023
189019
189018
189015
189007
188999
188997
188998
189000
188997
188994
188998
189005
189011
189011
189011
189014
189020
189023
189022
189019
189021
189026
189028
189022
189014
189011
189011
189010
189005
188999
188997
189001
189003
188999
188996
188999
189007
189013
189014
189014
189018
189025
189031
189029
189025
189025
189029
189029
189022
189013
189010
189011
189010
189005
189000
188999
189003
189006
189004
189001
189004
189012
189018
189020
189019
189021
189026
189028
189026
189021
189020
189023
189023
189014
189006
189003
189005
189006
189002
188998
188998
189003
189009
189007
189006
189008
189013
189016
189012
189009
189009
189013
189014
189008
189002
189000
189000
189001
188997
188992
188992
188996
188999
188997
188994
188994
188999
189002
189001
188998
188998
189003
189005
189001
188996
188994
188994
188993
188987
188982
188983
188987
188988
188986
188985
188988
188994
189000
188999
188997
189001
189006
189010
189006
189001
189002
189005
189008
189004
189001
189002
189007
189010
189006
189001
189000
189002
189003
188998
188994
188993
188997
189000
188997
188992
188994
188999
189002
188999
188993
188992
188996
189001
188998
188995
188996
189000
189003
189000
188997
188998
189001
189003
189000
188996
188995
188998
189000
188997
188993
188995
188998
188999
188996
188993
188995
189002
189007
189005
189001
189000
189002
189005
189002
188997
188996
189000
189002
188998
188994
188996
189002
189007
189005
189002
189004
189007
189010
189006
189001
189001
189003
189003
188998
188993
188994
188998
189001
188999
188995
188997
189001
189004
189001
188996
188995
188997
188999
188995
188988
188986
188987
188987
188981
188975
188975
188978
188980
188978
188976
188978
188983
188988
188985
188983
188986
188992
188998
188997
188993
188992
188995
188997
188990
188983
188981
188984
188986
188982
188978
188979
188985
188991
188993
188995
189003
189011
189017
189016
189013
189014
189018
189019
189014
189008
189006
189005
189003
188997
188992
188992
188994
188996
188992
188988
188989
188993
188996
188996
188994
188998
189004
189007
189001
188996
188997
189001
189004
189000
188997
188999
189003
189005
189001
188996
188995
188997
188997
188993
188990
188991
188995
188998
188996
188994
188996
189000
189001
188996
188991
188993
188999
189005
189005
189004
189007
189012
189015
189012
189009
189010
189013
189014
189009
189003
189002
189005
189006
189001
188994
188991
188992
188993
188989
188983
188982
188985
188986
188979
188971
188969
188972
188974
188971
188967
188969
188974
188977
188974
188971
188973
188977
188980
188977
188973
188972
188976
188979
188976
188974
188976
188982
188988
188989
188987
188990
188995
188999
188997
188994
188995
188998
189001
188999
188996
188997
189000
189002
188997
188993
188993
188995
188996
188991
188986
188985
188988
188989
188985
188982
188983
188986
188990
188989
188988
188991
188995
188997
188993
188988
188990
188995
188995
188990
188984
188983
188986
188987
188983
188980
188981
188986
188989
188987
188984
188987
188992
188996
188994
188991
188994
188999
189001
188997
188993
188994
188996
188997
188992
188987
188987
188991
188993
188988
188984
188986
188990
188993
188990
188987
188990
188995
188998
188995
188992
188994
188998
188999
188995
188990
188990
188993
188994
188989
188984
188985
188988
188989
188984
188981
188982
188984
188984
188980
188977
188980
188984
188986
188982
188979
188979
188983
188985
188981
188980
188983
188989
188991
188988
188986
188988
188992
188994
188989
188984
188986
188990
188991
188987
188983
188984
188987
188990
188988
188986
188989
188992
188994
188992
188990
188991
188994
188995
188992
188989
188991
188996
188999
188996
188993
188994
188998
188999
188996
188992
188994
189000
189003
189000
188997
189001
189006
189008
189004
188999
189000
189004
189006
189000
188994
188994
188997
188998
188995
188991
188993
188997
188998
188993
188989
188992
188998
189002
189000
188997
188998
189000
189001
188997
188992
188991
188992
188993
188989
188986
188990
188994
188996
188993
188990
188991
188994
188994
188990
188987
188987
188989
188989
188983
188978
188978
188981
188981
188976
188972
188975
188979
188982
188981
188980
188985
188992
188995
188991
188989
188993
188998
188998
188991
188986
188986
188988
188987
188983
188979
188980
188985
188988
188985
188982
188986
188992
188996
188994
188991
188994
188998
189000
188996
188992
188992
188995
188995
188990
188986
188986
188990
188991
188988
188983
188984
188987
188988
188983
188978
188977
188978
188978
188973
188970
188972
188976
188979
188978
188976
188979
188985
188989
188986
188983
188985
188989
188990
188986
188982
188983
188986
188986
188980
188974
188975
188980
188983
188982
188979
188982
188986
188989
188985
188982
188984
188988
188990
188986
188981
188981
188983
188983
188977
188971
188972
188977
188979
188977
188976
188982
188989
188992
188991
188991
188996
189000
189001
188995
188989
188990
188994
188996
188993
188991
188994
189000
189004
189002
188999
189003
189009
189012
189009
189007
189011
189017
189020
189018
189013
189014
189016
189015
189010
189004
189004
189006
189006
189000
188994
188995
188999
189001
189000
188999
189003
189011
189014
189012
189009
189010
189012
189011
189005
188998
188997
188996
188993
188985
188975
188971
188970
188967
188960
188956
188959
188964
188967
188965
188964
188968
188974
188977
188973
188968
188969
188973
188974
188969
188965
188967
188970
188970
188965
188961
188961
188963
188964
188960
188957
188960
188966
188967
188965
188963
188968
188973
188974
188972
188971
188977
188985
188989
188987
188985
188988
188991
188992
188990
188985
188988
188991
188990
188987
188984
188986
188990
188991
188987
188983
188984
188987
188988
188985
188980
188980
188984
188986
188985
188984
188988
188993
188995
188991
188987
188989
188992
188992
188988
188984
188985
188989
188990
188987
188985
188989
188995
188999
188998
188996
189001
189007
189007
189004
189001
189003
189006
189006
189000
188995
188996
189000
189000
188998
188995
188997
189000
188999
188994
188990
188992
188997
188997
188993
188988
188989
188992
188992
188989
188985
188987
188991
188993
188990
188987
188991
188996
188996
188992
188989
188992
188997
188998
188994
188991
188995
188999
189000
188995
188991
188993
188996
188997
188993
188991
188994
188996
188994
188988
188982
188983
188985
188984
188980
188977
188978
188981
188979
188974
188968
188969
188972
188973
188971
188968
188971
188975
188977
188974
188972
188974
188978
188979
188976
188971
188970
188973
188973
188969
188964
188967
188971
188972
188968
188967
188971
188977
188980
188978
188975
188977
188980
188979
188974
188967
188966
188967
188965
188959
188955
188958
188961
188962
188959
188957
188961
188967
188969
188967
188965
188970
188975
188977
188974
188969
188970
188972
188971
188966
188962
188964
188969
188972
188971
188970
188974
188979
188979
188976
188971
188973
188975
188975
188972
188969
188969
188972
188971
188966
188963
188967
188972
188975
188973
188972
188976
188982
188984
188981
188977
188977
188979
188978
188972
188968
188970
188973
188973
188970
188968
188971
188977
188979
188976
188973
188976
188982
188984
188979
188977
188979
188983
188983
188979
188975
188978
188981
188981
188976
188973
188976
188981
188982
188977
188974
188979
188986
188988
188986
188984
188987
188992
188991
188986
188981
188984
188988
188991
188989
188987
188990
188993
188991
188985
188981
188983
188987
188987
188984
188982
188987
188992
188992
188988
188985
188988
188992
188993
188989
188986
188990
188995
188998
188996
188996
189001
189006
189007
189005
189004
189007
189012
189011
189006
189001
189005
189009
189009
189004
189000
189001
189002
189000
188994
188990
188992
188995
188993
188987
188984
188986
188989
188988
188984
188980
188983
188986
188986
188982
188978
188980
188985
188985
188983
188980
188982
188986
188985
188981
188978
188980
188983
188982
188979
188976
188979
188983
188983
188980
188976
188978
188982
188979
188972
188967
188971
188976
188976
188973
188969
188971
188973
188973
188969
188967
188971
188975
188973
188968
188964
188965
188967
188965
188959
188958
188963
188967
188967
188964
188962
188965
188969
188969
188966
188963
188966
188970
188971
188967
188964
188967
188969
188966
188962
188960
188964
188968
188968
188964
188961
188964
188970
188970
188965
188961
188963
188966
188964
188961
188958
188961
188968
188971
188969
188968
188971
188976
188975
188973
188971
188973
188976
188974
188970
188967
188969
188973
188974
188970
188968
188973
188978
188978
188976
188974
188976
188980
188982
188980
188977
188980
188983
188982
188977
188973
188974
188978
188977
188974
188973
188976
188979
188981
188979
188979
188985
188989
188989
188985
188982
188981
188982
188979
188972
188968
188970
188973
188973
188969
188966
188970
188976
188977
188977
188978
188985
188991
188991
188986
188981
188982
188983
188979
188973
188970
188973
188977
188977
188974
188973
188978
188982
188982
188979
188975
188978
188981
188977
188971
188967
188969
188972
188970
188967
188965
188968
188970
188969
188966
188965
188970
188974
188974
188971
188969
188972
188976
188974
188969
188967
188970
188972
188970
188966
188963
188967
188973
188976
188973
188971
188975
188978
188976
188971
188969
188972
188974
188973
188970
188968
188971
188974
188973
188967
188965
188969
188975
188975
188973
188972
188976
188981
188980
188975
188972
188974
188976
188974
188970
188968
188971
