188375
188377
188376
188372
188369
188370
188376
188381
188380
188377
188379
188386
188392
188393
188392
188393
188398
188402
188400
188396
188394
188395
188395
188390
188384
188381
188382
188384
188380
188376
188375
188380
188383
188380
188377
188379
188385
188390
188390
188390
188394
188401
188404
188399
188394
188392
188392
188393
188388
188382
188380
188382
188383
188380
188378
188380
188387
188393
188392
188390
188392
188395
188396
188391
188386
188383
188385
188386
188382
188378
188377
188381
188383
188380
188377
188378
188385
188389
188388
188386
188387
188391
188395
188393
188388
188387
188389
188390
188385
188379
188377
188381
188385
188383
188380
188380
188384
188388
188385
188383
188385
188389
188392
188389
188386
188385
188386
188388
188384
188378
188375
188377
188381
188380
188377
188378
188383
188387
188384
188381
188380
188383
188387
188385
188380
188379
188382
188384
188381
188375
188371
188375
188379
188375
188369
188368
188372
188376
188375
188373
188374
188379
188382
188381
188380
188380
188384
188385
188381
188378
188378
188382
188386
188385
188382
188383
188387
188388
188384
188378
188375
188377
188380
188379
188376
188377
188381
188385
188384
188383
188383
188389
188395
188393
188389
188387
188389
188390
188386
188380
188379
188382
188386
188384
188380
188381
188384
188387
188383
188379
188379
188385
188390
188390
188388
188389
188395
188398
188394
188390
188389
188391
188393
188389
188384
188382
188383
188384
188380
188377
188376
188380
188384
188382
188379
188380
188385
188388
188386
188383
188383
188386
188389
188386
188382
188381
188384
188386
188384
188380
188379
188381
188382
188377
188371
188370
188372
188374
188371
188368
188368
188372
188375
188373
188371
188373
188379
188383
188381
188377
188376
188379
188382
188378
188372
188370
188374
188375
188371
188365
188364
188368
188371
188368
188363
188363
188366
188367
188362
188356
188355
188359
188363
188360
188357
188357
188361
188363
188358
188351
188348
188350
188351
188348
188343
188341
188343
188345
188340
188335
188333
188336
188338
188333
188328
188326
188329
188332
188330
188327
188327
188331
188334
188330
188327
188326
188329
188331
188327
188321
188320
188323
188327
188325
188321
188320
188324
188328
188328
188327
188330
188337
188341
188338
188335
188337
188342
188345
188342
188337
188336
188339
188341
188338
188335
188335
188340
188343
188340
188334
188333
188336
188338
188334
188331
188331
188335
188340
188338
188335
188336
188342
188346
188344
188341
188341
188345
188348
188346
188341
188340
188344
188346
188344
188341
188342
188347
188350
188348
188343
188341
188346
188348
188343
188338
188338
188342
188346
188343
188338
188337
188340
188340
188335
188330
188330
188335
188340
188340
188337
188338
188343
188347
188346
188343
188345
188350
188355
188356
188355
188356
188361
188363
188358
188353
188352
188357
188361
188358
188355
188357
188363
188369
188368
188366
188368
188373
188378
188377
188374
188373
188378
188381
188379
188376
188377
188382
188386
188385
188382
188381
188384
188386
188382
188379
188378
188382
188385
188381
188377
188378
188382
188383
188379
188374
188374
188378
188379
188376
188373
188373
188377
188380
188379
188376
188375
188379
188382
188379
188375
188374
188378
188381
188378
188376
188377
188382
188385
188382
188378
188376
188378
188379
188375
188369
188367
188371
188374
188370
188364
188363
188366
188370
188368
188366
188368
188374
188380
188380
188378
188377
188379
188382
188379
188375
188375
188379
188383
188381
188377
188376
188380
188384
188381
188377
188377
188381
188384
188381
188377
188376
188380
188384
188382
188378
188377
188380
188383
188379
188375
188373
188375
188377
188373
188370
188371
188376
188379
188377
188373
188374
188379
188383
188380
188377
188377
188382
188386
188385
188382
188381
188385
188388
188385
188381
188381
188385
188389
188388
188387
188389
188394
188400
188400
188399
188400
188404
188405
188400
188396
188395
188399
188401
188399
188395
188394
188396
188398
188395
188391
188390
188393
188395
188392
188387
188386
188389
188392
188389
188388
188389
188392
188396
188393
188389
188390
188395
188399
188397
188392
188390
188395
188399
188397
188394
188394
188398
188399
188394
188389
188391
188396
188398
188395
188390
188388
188391
188393
188389
188384
188383
188386
188389
188387
188383
188383
188386
188389
188386
188382
188381
188384
188386
188383
188381
188384
188390
188394
188392
188389
188389
188393
188394
188392
188388
188387
188391
188395
188393
188391
188391
188394
188397
188395
188393
188392
188395
188398
188396
188392
188392
188396
188398
188394
188391
188390
188393
188395
188391
188386
188385
188388
188390
188388
188385
188385
188387
188389
188387
188383
188382
188384
188386
188383
188379
188378
188381
188384
188382
188378
188377
188380
188383
188380
188376
188375
188378
188382
188380
188376
188375
188378
188381
188377
188373
188373
188376
188379
188378
188374
188374
188378
188381
188378
188373
188372
188375
188376
188373
188368
188368
188374
188378
188374
188369
188369
188373
188376
188372
188368
188368
188372
188376
188372
188369
188369
188374
188376
188371
188365
188364
188368
188372
188371
188367
188367
188371
188376
188374
188371
188371
188374
188377
188374
188370
188368
188370
188372
188369
188366
188365
188369
188373
188370
188367
188367
188372
188376
188375
188374
188376
188380
188382
188379
188376
188377
188381
188384
188380
188376
188376
188382
188387
188384
188379
188379
188383
188387
188384
188380
188379
188382
188386
188384
188380
188380
188385
188387
188385
188381
188383
188387
188391
188389
188384
188383
188386
188390
188388
188384
188382
188384
188384
188380
188375
188375
188379
188382
188378
188374
188374
188379
188383
188381
188378
188378
188380
188383
188381
188376
188375
188378
188381
188378
188374
188374
188377
188382
188380
188375
188374
188377
188380
188379
188377
188378
188384
188388
188387
188385
188385
188389
188392
188388
188383
188382
188383
188383
188379
188373
188372
188377
188380
188377
188373
188373
188377
188382
188379
188376
188378
188382
188385
188380
188375
188374
188379
188382
188379
188375
188375
188378
188381
188378
188374
188374
188378
188381
188377
188372
188370
188373
188376
188372
188367
188365
188368
188370
188367
188364
188363
188367
188370
188368
188365
188365
188368
188371
188367
188364
188363
188365
188369
188366
188363
188361
188364
188366
188363
188358
188359
188363
188365
188363
188361
188360
188364
188368
188364
188360
188359
188362
188364
188361
188356
188357
188361
188365
188362
188358
188357
188360
188363
188362
188359
188359
188363
188366
188363
188359
188359
188363
188366
188364
188361
188359
188361
188365
188364
188362
188363
188368
188372
188369
188365
188363
188366
188368
188364
188360
188360
188363
188367
188364
188361
188361
188365
188367
188363
188358
188356
188359
188362
188358
188355
188354
188358
188362
188362
188361
188361
188364
188367
188364
188358
188358
188363
188366
188364
188361
188362
188366
188368
188363
188357
188357
188361
188363
188359
188355
188355
188358
188361
188359
188358
188360
188365
188367
188363
188359
188359
188363
188366
188363
188360
188361
188366
188369
188367
188363
188362
188366
188370
188367
188363
188363
188366
188367
188364
188363
188364
188368
188372
188369
188365
188365
188370
188372
188368
188362
188362
188367
188369
188366
188363
188363
188368
188372
188369
188364
188364
188367
188370
188367
188362
188361
188363
188366
188361
188356
188355
188360
188362
188358
188352
188351
188355
188359
188357
188354
188354
188357
188360
188357
188355
188355
188360
188366
188364
188360
188359
188362
188365
188361
188357
188358
188363
188365
188361
188358
188359
188365
188371
188369
188365
188365
188369
188371
188368
188366
188367
188371
188375
188371
188365
188364
188367
188369
188364
188360
188360
188363
188367
188366
188364
188366
188370
188373
188368
188361
188359
188362
188366
188363
188361
188362
188366
188369
188365
188360
188359
188363
188365
188362
188357
188357
188361
188363
188360
188357
188357
188360
188363
188360
188357
188356
188360
188361
188357
188352
188351
188354
188357
188355
188351
188352
188354
188355
188349
188344
188345
188349
188353
188350
188347
188348
188351
188354
188352
188346
188344
188347
188349
188346
188341
188341
188344
188345
188340
188336
188336
188340
188344
188341
188337
188336
188339
188343
188339
188335
188335
188339
188343
188341
188338
188339
188344
188345
188341
188337
188337
188342
188343
188339
188336
188338
188343
188346
188343
188339
188338
188341
188344
188341
188337
188338
188345
188349
188348
188345
188345
188348
188351
188348
188345
188346
188349
188351
188349
188346
188347
188353
188356
188353
188350
188350
188354
188357
188353
188349
188352
188357
188360
188356
188351
188350
188354
188360
188359
188357
188359
188365
188368
188364
188359
188359
188363
188367
188366
188364
188365
188368
188368
188363
188357
188358
188363
188366
188363
188359
188359
188362
188363
188359
188356
188356
188360
188362
188358
188353
188354
188359
188361
188357
188353
188356
188361
188365
188362
188358
188359
188365
188370
188369
188368
188371
188376
188378
188374
188370
188368
188370
188373
188370
188368
188369
188371
188372
188369
188366
188367
188370
188372
188368
188363
188364
188368
188371
188369
188366
188366
188370
188373
188371
188366
188366
188371
188374
188370
188364
188363
188367
188369
188366
188362
188363
188367
188370
188366
188362
188364
188370
188375
188373
188369
188370
188374
188376
188372
188368
188369
188374
188377
188374
188368
188366
188367
188367
188363
188359
188360
188364
188367
188364
188361
188361
188363
188365
188362
188359
188360
188365
188368
188365
188360
188361
188364
188367
188362
188358
188358
188363
188366
188363
188360
188360
188364
188367
188365
188362
188362
188365
188367
188363
188358
188359
188362
188364
188361
188357
188358
188362
188364
188361
188355
188353
188357
188360
188357
188353
188355
188361
188366
188363
188359
188360
188364
188366
188362
188358
188358
188362
188363
188360
188355
188354
188358
188361
188360
188359
188360
188363
188366
188363
188359
188358
188363
188367
188364
188359
188357
188358
188359
188354
188350
188351
188357
188360
188356
188352
188353
188357
188361
188359
188355
188355
188358
188361
188357
188352
188353
188356
188359
188356
188354
188356
188361
188364
188362
188358
188358
188363
188364
188361
188359
188360
188363
188365
188363
188360
188360
188364
188368
188365
188362
188364
188371
188376
188376
188376
188379
188385
188391
188391
188389
188392
188398
188404
188403
188402
188403
188408
188413
188412
188409
188410
188414
188417
188414
188411
188413
188419
188424
188421
188418
188419
188422
188423
188415
188406
188402
188401
188400
188393
188386
188382
188382
188382
188377
188372
188372
188376
188378
188375
188371
188371
188374
188375
188370
188365
188361
188361
188359
188351
188341
188337
188337
188336
188330
188323
188321
188321
188320
188315
188309
188307
188310
188310
188306
188304
188307
188314
188321
188323
188325
188332
188342
188350
188353
188354
188359
188366
188371
188370
188369
188373
188379
188385
188384
188382
188385
188390
188393
188390
188385
188385
188388
188388
188383
188380
188380
188382
188383
188380
188377
188377
188380
188381
188376
188370
188369
188371
188373
188367
188360
188358
188358
188355
188347
188337
188333
188334
188332
188326
188321
188321
188326
188330
188329
188328
188333
188340
188346
188346
188345
188347
188351
188353
188349
188345
188346
188352
188355
188350
188345
188345
188347
188346
188341
188335
188334
188336
188337
188333
188329
188332
188339
188345
188347
188347
188350
188356
188359
188356
188352
188353
188356
188357
188353
188348
188347
188349
188350
188347
188344
188347
188352
188353
188351
188348
188349
188353
188356
188355
188353
188355
188359
188361
188357
188354
188357
188360
188362
188359
188356
188357
188361
188364
188362
188360
188365
188371
188375
188375
188373
188376
188384
188390
188389
188386
188384
188385
188384
188376
188368
188367
188367
188367
188362
188358
188361
188367
188372
188370
188369
188375
188382
188389
188390
188392
188399
188410
188416
188418
188420
188424
188430
188433
188427
188423
188423
188425
188424
188418
188412
188410
188411
188410
188404
188398
188397
188399
188399
188394
188391
188393
188396
188397
188393
188388
188387
188389
188389
188383
188375
188373
188374
188375
188369
188365
188367
188373
188376
188373
188368
188369
188372
188373
188368
188363
188363
188367
188367
188361
188356
188357
188359
188360
188354
188347
188346
188348
188348
188344
188338
188335
188335
188332
188323
188316
188315
188315
188314
188306
188298
188296
188298
188299
188293
188288
188290
188294
188295
188291
188287
188289
188293
188295
188291
188286
188286
188288
188288
188283
188279
188280
188285
188287
188286
188285
188289
188297
188302
188302
188302
188307
188314
188316
188314
188311
188311
188313
188312
188306
188300
188301
188304
188306
188304
188302
188305
188310
188314
188312
188308
188312
188320
188324
188323
188321
188325
188333
188338
188337
188336
188340
188346
188350
188349
188348
188353
188360
188364
188363
188361
188362
188367
188369
188363
188358
188357
188359
188361
188356
188352
188355
188361
188363
188361
188357
188360
188366
188370
188368
188367
188371
188374
188375
188369
188362
188359
188359
188356
188350
188346
188349
188353
188356
188355
188352
188354
188359
188363
188361
188358
188360
188365
188367
188363
188360
188362
188366
188367
188362
188358
188360
188365
188370
188368
188365
188367
188369
188368
188363
188358
188359
188364
188366
188362
188359
188360
188362
188361
188355
188350
188350
188353
188354
188349
188345
188347
188353
188357
188357
188355
188359
188365
188367
188361
188353
188350
188351
188350
188344
188339
188339
188342
188343
188340
188338
188343
188351
188359
188361
188362
188368
188376
188381
188379
188377
188378
188381
188380
188374
188370
188370
188371
188371
188367
188363
188364
188368
188368
188363
188357
188355
188353
188348
188339
188333
188332
188333
188334
188331
188329
188334
188340
188344
188343
188341
188344
188352
188354
188349
188344
188345
188348
188349
188345
188339
188341
188342
188341
188334
188329
188328
188331
188333
188330
188326
188330
188335
188340
188337
188334
188336
188341
188342
188336
188329
188327
188326
188324
188318
188312
188313
188317
188320
188320
188318
188322
188327
188331
188330
188328
188333
188341
188343
188340
188338
188342
188346
188348
188345
188344
188349
188355
188359
188356
188354
188356
188361
188362
188358
188353
188353
188353
188350
188343
188337
188339
188343
188345
188343
188342
188346
188351
188352
188349
188346
188346
188347
188346
188340
188335
188338
188342
188344
188342
188339
188344
188351
188354
188354
188354
188356
188356
188355
188348
188340
188338
188338
188337
188330
188325
188327
188333
188336
188335
188335
188342
188349
188353
188352
188349
188349
188353
188354
188348
188342
188342
188344
188344
188341
188340
188346
188353
188358
188359
188358
188360
188363
188364
188358
188353
188354
188354
188351
188343
188336
188336
188339
188340
188337
188335
188340
188346
188349
188346
188343
188345
188349
188349
188344
188339
188341
188344
188344
188339
188338
188340
188342
188342
188337
188333
188332
188336
188338
188332
188329
188331
188335
188336
188333
188331
188334
188339
188341
188339
188338
188341
188346
188346
188342
188339
188341
188344
188343
188339
188335
188337
188342
188343
188341
188338
188343
188349
188352
188350
188347
188349
188355
188357
188354
188352
188353
188354
188354
188348
188341
188340
188339
188333
188324
188318
188318
188320
188321
188316
188314
188319
188323
188325
188322
188320
188324
188329
188330
188326
188325
188330
188335
188334
188329
188324
188326
188329
188330
188326
188321
188323
188328
188328
188324
188321
188324
188327
188327
188324
188321
188324
188328
188330
188327
188322
188322
188324
188323
188317
188310
188309
188311
188315
188311
188308
188312
188319
188322
188321
188321
188327
188334
188338
188335
188334
188337
188342
188342
188338
188334
188336
188339
188339
188335
188333
188338
188340
188340
188335
188330
188329
188333
188333
188329
188325
188327
188331
188331
188327
188325
188328
188333
188333
188328
188325
188327
188328
188327
188323
188319
188320
188321
188317
188309
188304
188306
188307
188304
188298
188294
188298
188303
188304
188301
188299
188304
188310
188313
188312
188312
188318
188325
188326
188323
188320
188322
188325
188327
188324
188324
188328
188333
188334
188333
188332
188337
188343
188344
188342
188338
188339
188341
188340
188337
188335
188339
188345
188346
188341
188340
188347
188354
188357
188357
188356
188361
188367
188367
188365
188361
188363
188365
188363
188357
188352
188352
188354
188352
188346
188341
188343
188347
188347
188343
188339
188343
188348
188349
188347
188346
188352
188356
188355
188351
188349
188351
188354
188352
188347
188343
188345
188349
188350
188347
188346
188350
188353
188350
188345
188342
188344
188346
188346
188343
188340
188342
188345
188346
188342
188338
188339
188342
188342
188339
188336
188338
188340
188338
188334
188331
188334
188338
188337
188333
188332
188336
188340
188341
188337
188336
188339
188343
188343
188340
188337
188339
188342
188342
188337
188334
188336
188339
188337
188332
188329
188333
188337
188337
188333
188331
188333
188337
188336
188333
188331
188335
188337
188335
188330
188326
188331
188336
188335
188332
188329
188332
188335
188333
188329
188326
188328
188331
188328
188323
188320
188325
188329
188327
188322
188318
188320
188321
188319
188315
188310
188311
188315
188315
188310
188306
188308
188312
188312
188308
188305
188310
188316
188316
188313
188309
188314
188318
188317
188313
188309
188312
188317
188316
188312
188311
188316
188319
188319
188316
188313
188315
188318
188316
188310
188306
188308
188310
188308
188305
188304
188308
188312
188310
188306
188304
188307
188309
188307
188302
188298
188301
188304
188300
188295
188294
188298
188302
188301
188300
188299
188304
188308
188307
188304
188302
188305
188308
188307
188305
188304
188308
188312
188310
188306
188304
188309
188315
188314
188311
188309
188312
188315
188314
188309
188306
188309
188311
188308
188303
188301
188305
188309
188309
188307
188307
188312
188314
188312
188310
188310
188314
188317
188315
188311
188309
188312
188314
188312
188308
188306
188309
188314
188312
188309
188308
188311
188315
188313
188308
188306
188310
188313
188310
188307
188306
188310
188314
188311
188306
188302
188305
188308
188307
188306
188306
188311
188316
188314
188309
188309
188313
188317
188315
188311
188308
188311
188315
188313
188307
188305
188307
188308
188307
188304
188301
188305
188308
188306
188303
188302
188306
188310
188309
188306
188305
188309
188314
188312
188307
188304
188307
188310
188308
188306
188306
188309
188313
188312
188309
188308
188313
188319
188318
188316
188316
188320
188323
188320
188317
188316
188318
188322
188319
188312
188309
188310
188313
188309
188304
188301
188306
188310
188310
188306
188304
188308
188311
188308
188303
188301
188304
188306
188305
188302
188302
188305
188308
188306
188305
188307
188312
188316
188316
188313
188312
188318
188321
188320
188317
188316
188318
188321
188319
188314
188312
188316
188319
188316
188313
188313
188316
188321
188317
188311
188310
188313
188317
188314
188309
188305
188307
188308
188303
188298
188296
188298
188301
188299
188296
188295
188296
188298
188295
188290
188288
188291
188294
188291
188287
188285
188288
188292
188289
188285
188283
188286
188291
188290
188286
188285
188288
188292
188289
188283
188282
188286
188290
188287
188284
188283
188289
188292
188289
188283
188282
188285
188288
188285
188282
188281
188285
188286
188283
188279
188278
188282
188286
188283
188279
188278
188284
188288
188287
188284
188285
188288
188291
188287
188282
188281
188284
188286
188283
188278
188277
188281
188285
188283
188280
188279
188282
188285
188281
188277
188278
188281
188283
188281
188276
188276
188280
188282
188279
188273
188271
188275
188278
188276
188273
188273
188278
188282
188281
188278
188278
188281
188285
188281
188277
188275
188278
188280
188277
188274
188273
188276
188279
188277
188273
188273
188278
188283
188281
188276
188277
188284
188288
188284
188280
188279
188280
188281
188276
188270
188268
188271
188274
188271
188267
188266
188269
188272
188270
188267
188268
188273
188278
188276
188274
188275
188279
188283
188280
188275
188274
188278
188281
188279
188274
188273
188276
188280
188277
188273
188272
188276
188280
188277
188274
188273
188276
188278
188274
188270
188270
188274
188277
188276
188274
188275
188278
188280
188276
188272
188271
188276
188280
188276
188270
188269
188272
188275
188271
188267
188268
188273
188278
188275
188271
188272
188276
188279
188276
188271
188271
188275
188277
188274
188269
188268
188270
188272
188269
188266
188267
188271
188274
188269
188264
188264
188267
188270
188267
188263
188265
188270
188274
188272
188267
188268
188272
188275
188274
188271
188272
188276
188280
188278
188275
188276
188280
188282
188278
188274
188274
188278
188280
188277
188273
188272
188275
188276
188271
188266
188266
188268
188269
188266
188263
188265
188269
188272
188270
188267
188269
188274
188278
188277
188275
188276
188280
188283
188280
188276
188276
188279
188281
188279
188275
188276
188280
188281
188276
188271
188270
188271
188274
188271
188268
188269
188274
188277
188271
188266
188266
188269
188270
188266
188262
188263
188267
188269
188264
188259
188260
188263
188265
188261
188256
188258
188263
188266
188263
188261
188262
188267
188270
188267
188264
188265
188269
188272
188268
188262
188262
188265
188268
188265
188260
188262
188266
188267
188261
188254
188254
188257
188259
188256
188253
188254
188259
188262
188258
188253
188253
188255
188256
188254
188253
188256
188260
188261
188259
188256
188259
188263
188266
188263
188259
188260
188263
188266
188263
188259
188260
188264
188265
188262
188258
188259
188261
188261
188258
188256
188258
188265
188268
188264
188260
188262
188265
188268
188265
188261
188262
188265
188265
188259
188254
188253
188255
188256
188254
188252
188255
188260
188262
188260
188258
188260
188264
188265
188260
188256
188255
188255
188253
188247
188241
188240
188241
188242
188237
188233
188235
188240
188244
188243
188242
188245
188252
188256
188253
188250
188253
188258
188259
188255
188251
188253
188257
188259
188255
188251
188253
188258
188261
188257
188255
188259
188264
188266
188262
188258
188260
188264
188267
188264
188260
188260
188262
188263
188261
188257
188259
188264
188266
188263
188261
188266
188272
188275
188272
188269
188272
188276
188278
188274
188271
188273
188277
188277
188273
188269
188272
188275
188276
188272
188269
188274
188280
188282
188279
188276
188278
188282
188283
188278
188271
188269
188269
188267
188262
188258
188259
188263
188263
188260
188257
188261
188266
188268
188266
188265
188270
188274
188275
188270
188266
188268
188270
188270
188265
188261
188263
188268
188271
188269
188268
188273
188278
188282
188280
188278
188282
188285
188287
188283
188278
188280
188281
188279
188273
188269
188272
188275
188274
188268
188264
188268
188272
188273
188270
188267
188269
188272
188272
188266
188260
188261
188262
188261
188254
188249
188251
188257
188258
188254
188252
188256
188261
188261
188256
188252
188255
188260
188260
188257
188255
188256
188261
188261
188256
188253
188254
188258
188258
188252
188248
188250
188253
188253
188251
188249
188255
188263
188266
188262
188258
188260
188262
188261
188257
188252
188252
188254
188252
188246
188243
188245
188249
188251
188249
188247
188249
188253
188253
188247
188243
188243
188245
188245
188242
188242
188247
188252
188254
188252
188250
188254
188259
188260
188257
188254
188257
188260
188257
188252
188249
188250
188253
188253
188248
188245
188247
188251
188250
188246
188243
188246
188250
188252
188250
188247
188250
188254
188253
188249
188244
188246
188250
188251
188248
188246
188249
188252
188252
188247
188244
188247
188252
188254
188251
188250
188253
188256
188257
188255
188253
188258
188263
188263
188258
188254
188256
188257
188255
188250
188247
188251
188256
188257
188255
188254
188258
188262
188262
188259
188256
188259
188264
188266
188263
188260
188263
188267
188266
188262
188258
188261
188264
188264
188261
188258
188261
188265
188266
188262
188261
188266
188272
188274
188270
188267
188270
188276
188276
188272
188268
188271
188275
188274
188270
188267
188269
188272
188272
188268
188264
188266
188270
188269
188265
188261
188263
188266
188266
188262
188258
188260
188263
188262
188258
188254
188258
188263
188262
188259
188257
188258
188262
188261
188256
188254
188256
188257
188255
188249
188244
188246
188249
188247
188244
188242
188246
188250
188248
188244
188242
188248
188254
188252
188248
188244
188245
188247
188244
188238
188233
188234
188237
188236
188230
188225
188229
188234
188233
188229
188227
188231
188236
188235
188231
188228
188230
188232
188230
188224
188222
188226
188230
188228
188225
188226
188232
188237
188237
188233
188231
188234
188237
188236
188232
188229
188232
188235
188234
188229
188227
188232
188236
188236
188233
188231
188234
188238
188240
188238
188237
188242
188248
188248
188246
188245
188248
188252
188250
188245
188243
188248
188252
188251
188247
188246
188251
188255
188254
188251
188249
188253
188257
188256
188253
188252
188258
188264
188264
188261
188260
188264
188269
188268
188265
188264
188267
188270
188268
188264
188263
188266
188271
188269
188265
188263
188266
188268
188265
188259
188255
188258
188262
188260
188255
188252
188255
188258
188256
188251
188249
188253
188257
188255
188251
188248
188249
188252
188249
188244
188242
188245
188248
188246
188243
188241
188244
188247
188247
188245
188244
188248
188250
188248
188244
188242
188245
188249
188245
188240
188238
188241
188244
188242
188237
188237
188242
188247
188246
188242
188241
188244
188247
188245
188242
188241
188245
188249
188248
188244
188243
188246
188250
188249
188247
188247
188251
188254
188251
188246
188244
188249
188253
188252
188248
188248
188252
188256
188254
188250
188249
188253
188257
188257
188254
188255
188259
188264
188263
188258
188257
188261
188263
188260
188255
188253
188258
188262
188260
188255
188253
188257
188259
188255
188250
188248
188250
188254
188251
188247
188246
188249
188252
188250
188248
188248
188252
188255
188252
188247
188246
188249
188252
188249
188244
188243
188247
188250
188248
188246
188247
188252
188256
188253
188247
188245
188248
188252
188250
188248
188248
188252
188255
188251
188247
188245
188247
188249
188245
188242
188241
188245
188249
188247
188243
188243
188246
188249
188247
188243
188242
188246
188249
188245
188240
188241
188245
188249
188247
188246
188246
188251
188255
188253
188250
188251
188257
188261
188260
188256
188253
188256
188260
188257
188252
188251
188253
188256
188253
188250
188251
188256
188259
188256
188254
188254
188258
188262
188257
188253
188254
188256
188258
188256
188254
188254
188260
188265
188263
188258
188258
188259
188262
188260
188257
188258
188262
188264
188259
188255
188256
188260
188263
188260
188256
188257
188260
188261
188259
188257
188258
188262
188266
188263
188260
188260
188263
188265
188263
188259
188260
188264
188266
188262
188258
188258
188261
188264
188262
188259
188260
188264
188268
188266
188263
188263
188267
188269
188264
188259
188256
188257
188260
188258
188255
188258
188265
188270
188267
188263
188263
188266
188269
188267
188262
188262
188266
188269
188265
188258
188258
188261
188263
188260
188257
188259
188263
188267
188265
188261
188262
188265
188268
188265
188262
188263
188267
188270
188265
188259
188257
188261
188263
188258
188253
188252
188255
188257
188255
188252
188253
188255
188256
188252
188248
188248
188253
188258
188255
188252
188255
188260
188264
188261
188256
188258
188263
188265
188259
188253
188252
188254
188255
188251
188247
188246
188249
188250
188245
188241
188242
188246
188249
188247
188244
188248
188253
188257
188254
188251
188252
188253
188253
188249
188245
188247
188251
188253
188250
188247
188249
188254
188258
188255
188251
188251
188254
188255
188251
188247
188246
188249
188252
188249
188244
188244
188248
188250
188247
188244
188243
188246
188248
188245
188242
188244
188249
188252
188250
188247
188248
188250
188253
188249
188244
188244
188247
188248
188244
188241
188244
188249
188252
188249
188246
188247
188249
188250
188245
188240
188241
188246
188250
188247
188244
188246
188251
188255
188253
188251
188254
188257
188258
188253
188248
188248
188251
188252
188248
188246
188248
188252
188253
188250
188245
188247
188251
188252
188248
188245
188246
188249
188250
188247
188243
188244
188249
188250
188246
188242
188245
188251
188256
188254
188252
188256
188261
188264
188261
188257
188259
188262
188262
188256
188252
188252
188254
188253
188249
188245
188246
188251
188253
188252
188251
188255
188260
188264
188260
188256
188256
188258
188259
188254
188247
188245
188245
188243
188237
188232
188233
188236
188238
188237
188237
188242
188249
188253
188254
188252
188255
188261
188263
188258
188254
188255
188258
188257
188250
188246
188246
188248
188246
188239
188230
188228
188229
188229
188223
188217
188216
188217
188217
188212
188209
188211
188216
188220
188219
188221
188231
188242
188249
188252
188255
188263
188272
188277
188276
188274
188278
188281
188281
188275
188269
188269
188270
188268
188261
188254
188252
188253
188250
188243
188237
188237
188238
188235
188228
188221
188221
188224
188224
188219
188215
188215
188218
188219
188214
188211
188217
188225
188231
188232
188230
188236
188242
188245
188243
188241
188244
188247
188249
188246
188242
188244
188248
188248
188245
188242
188246
188252
188255
188255
188255
188261
188269
188274
188276
188278
188285
188292
188296
188295
188293
188299
188305
188309
188308
188305
188307
188310
188307
188300
188294
188295
188298
188297
188290
188285
188289
188292
188291
188286
188284
188286
188292
188293
188288
188284
188287
188289
188287
188280
188276
188278
188281
188279
188272
188267
188269
188272
188272
188268
188267
188272
188276
188275
188271
188267
188270
188274
188276
188273
188270
188274
188280
188282
188280
188279
188285
188293
188294
188290
188286
188287
188289
188285
188278
188275
188276
188278
188277
188272
188268
188270
188272
188271
188266
188263
188266
188269
188268
188264
188263
188266
188269
188267
188263
188259
188261
188264
188264
188259
188255
188256
188259
188259
188253
188248
188250
188253
188251
188247
188244
188244
188246
188244
188238
188234
188235
188236
188233
188227
188223
188225
188227
188225
188221
188219
188222
188229
188230
188225
188220
188221
188224
188223
188219
188217
188219
188223
188222
188217
188214
188217
188220
188218
188213
188208
188209
188212
188212
188207
188205
188210
188215
188215
188212
188209
188213
188217
188218
188216
188215
188217
188221
188220
188216
188213
188216
188221
188221
188218
188215
188219
188223
188222
188217
188214
188216
188219
188217
188212
188209
188212
188216
188215
188210
188207
188210
188215
188216
188215
188214
188219
188225
188226
188223
188222
188226
188229
188228
188224
188220
188223
188226
188225
188222
188220
188224
188229
188229
188225
188223
188227
188231
188231
188228
188223
188224
188226
188224
188219
188216
188219
188223
188221
188218
188215
188219
188224
188224
188222
188221
188225
188228
188228
188225
188223
188226
188228
188225
188220
188216
188218
188223
188222
188217
188216
188220
188224
188223
188219
188218
188223
188227
188226
188222
188220
188224
188228
188226
188222
188218
188220
188223
188222
188218
188216
188219
188223
188222
188218
188217
188221
188224
188222
188218
188213
188215
188217
188216
188211
188208
188212
188217
188217
188215
188215
188220
188225
188224
188219
188217
188221
188224
188220
188212
188208
188209
188212
188211
188209
188209
188216
188222
188223
188221
188222
188226
188229
188227
188222
188218
188221
188224
188222
188216
188214
188218
188221
188218
188214
188214
188219
188223
188221
188217
188215
188217
188220
188216
188210
188207
188209
188212
188210
188207
188206
188212
188218
188218
188216
188215
188220
188223
188220
188216
188213
188215
188218
188215
188211
188210
188215
188220
188219
188217
188217
188221
188226
188226
188224
188223
188226
188228
188225
188220
188215
188215
188217
188213
188209
188207
188211
188215
188214
188210
188208
188213
188218
188217
188213
188212
188215
188219
188218
188214
188212
188215
188218
188215
188210
188208
188213
188217
188214
188209
188207
188211
188214
188212
188211
188213
188218
188222
188220
188216
188215
188218
188223
188222
188218
188216
188221
188226
188223
188218
188215
188218
188221
188219
188215
188213
188216
188219
188216
188210
188209
188212
188216
188214
188208
188207
188210
188210
188207
188203
188204
188209
188214
188212
188207
188203
188205
188208
188206
188203
188205
188209
188212
188209
188205
188203
188206
188209
188207
188204
188204
188208
188212
188210
188206
188204
188207
188208
188204
188200
188198
188202
188206
188204
188201
188201
188205
188207
188204
188201
188201
188205
188208
188205
188200
188199
188203
188205
188201
188198
188199
188204
188209
188207
188204
188205
188209
188211
188206
188202
188202
188207
188210
188206
188201
188201
188204
188206
188202
188196
188195
188200
188203
188202
188199
188197
188200
188203
188200
188196
188196
188199
188202
188201
188199
188201
188206
188210
188208
188205
188203
188206
188209
188205
188200
188201
188205
188210
188208
188204
188205
188210
188212
188208
188204
188203
188204
188207
188205
188202
188202
188206
188208
188205
188202
188200
188202
188204
188201
188197
188197
188200
188202
188199
188193
188192
188196
188200
188201
188200
188200
188204
188208
188207
188204
188205
188210
188214
188212
188209
188210
188214
188216
188213
188209
188210
188215
188219
188217
188214
188216
188219
188222
188218
188214
188215
188219
188221
188219
188216
188217
188220
188221
188216
188211
188210
188213
188214
188210
188205
188206
188211
188214
188212
188208
188209
188214
188218
188217
188216
188218
188222
188224
188220
188216
188215
188219
188222
188219
188216
188217
188221
188222
188219
188214
188213
188216
188217
188214
188208
188208
188211
188215
188211
188207
188207
188209
188210
188206
188202
188202
188207
188208
188204
188201
188203
188209
188212
188210
188206
188206
188211
188215
188212
188207
188208
188213
188216
188212
188208
188209
188214
188217
188214
188211
188212
188216
188218
188215
188212
188212
188214
188216
188212
188208
188210
188214
188218
188215
188211
188211
188216
188219
188216
188213
188215
188219
188220
188215
188210
188210
188215
188217
188215
188212
188213
188216
188217
188211
188206
188206
188210
188211
188207
188203
188205
188209
188212
188209
188207
188210
188215
188218
188215
188210
188211
188215
188218
188215
188211
188214
188218
188221
188219
188216
188218
188220
188221
188215
188210
188210
188215
188217
188213
188208
188209
188212
188215
188212
188208
188209
188211
188212
188208
188204
188207
188212
188213
188209
188205
188205
188206
188206
188200
188196
188196
188199
188201
188198
188193
188195
188198
188201
188199
188196
188199
188202
188203
188200
188196
188198
188202
188203
188198
188194
188197
188202
188204
188201
188197
188199
188203
188204
188200
188196
188197
188198
188198
188193
188188
188189
188191
188191
188187
188182
188184
188188
188188
188184
188181
188184
188189
188191
188188
188185
188186
188190
188191
188188
188185
188188
188193
188195
188192
188187
188188
188192
188192
188188
188186
188188
188191
188193
188190
188186
188187
188191
188192
188189
188187
188191
188197
188199
188194
188189
188190
188194
188194
188189
188185
188187
188192
188196
188195
188193
188196
188201
188201
188197
188194
188197
188201
188203
188199
188195
188196
188198
188197
188191
188186
188187
188190
188191
188187
188183
188184
188188
188191
188190
188188
188191
188194
188195
188191
188186
188188
188192
188193
188191
188187
188190
188195
188196
188193
188189
188189
188191
188191
188186
188182
188185
188190
188192
188189
188186
188187
188191
188191
188187
188183
188186
188188
188188
188184
188181
188183
188187
188187
188185
188183
188187
188192
188193
188188
188184
188187
188192
188193
188189
188186
188189
188192
188192
188190
188188
188192
188196
188196
188192
188188
188191
188194
188194
188189
188184
188185
188188
188189
188186
188183
188185
188189
188190
188187
188183
188184
188186
188184
188178
188174
188176
188179
188178
188176
188174
188178
188184
188186
188183
188181
188185
188190
188190
188186
188182
188185
188189
188191
188188
188188
188193
188200
188203
188202
188201
188206
188210
188211
188205
188202
188203
188207
188206
188202
188198
188200
188203
188201
188197
188195
188198
188201
188200
188197
188193
188196
188198
188195
188190
188186
188190
188195
188197
188195
188193
188197
188201
188202
188200
188198
188201
188204
188203
188197
188192
188193
188196
188197
188194
188193
188197
188200
188201
188198
188196
188199
188202
188202
188200
188197
188199
188202
188200
188196
188193
188196
188201
188200
188194
188189
188191
188196
188196
188191
188188
188191
188196
188195
188190
188187
188188
188191
188190
188186
188183
188187
188192
188192
188191
188189
188191
188196
188195
188190
188186
188187
188188
188186
188181
188177
188180
188184
188184
188182
188181
188184
188186
188185
188181
188178
188181
188184
188183
188178
188175
188178
188182
188180
188177
188175
188179
188184
188185
188182
188180
188183
188187
188186
188182
188179
188181
188186
188185
188180
188178
188183
188186
188186
188183
188180
188183
188187
188187
188185
188184
188188
188191
188191
188188
188189
188194
188199
188198
188194
188190
188194
188199
188198
188195
188194
188198
188203
188200
188195
188194
188198
188203
188202
188198
188195
188197
188202
188201
188196
188193
188196
188200
188200
188196
188194
188197
188198
188196
188193
188192
188196
188199
188198
188194
188192
188195
188197
188194
188188
188185
188188
188192
188192
188189
188188
188191
188194
188192
188185
188182
188184
188190
188191
188189
188187
188190
188194
188192
188187
188184
188186
188189
188188
188184
188183
188186
188190
188189
188186
188184
188187
188192
188191
188187
188186
188190
188193
188189
188184
188182
188185
188188
188187
188184
188182
188186
188189
188189
188185
188184
188189
188192
188189
188185
188183
188186
188190
188189
188184
188181
188183
188186
188183
188179
188177
188180
188184
188183
188180
188181
188186
188191
188189
188186
188184
188188
188191
188188
188184
188181
188185
188189
188187
188183
188182
188186
188190
188188
188183
188180
188183
188185
188182
188177
188176
188182
188188
188186
188184
188184
188188
188192
188189
188184
188183
188187
188191
188189
188185
188183
188186
188189
188188
188184
188181
188184
188187
188186
188183
188182
188185
188190
188187
188182
188180
188184
188188
188184
188179
188178
188180
188182
188178
188174
188172
188177
188182
188181
188178
188178
188182
188185
188183
188179
188177
188181
188185
188184
188182
188182
188187
188191
188189
188185
188183
188187
188190
188187
188183
188182
188185
188188
188185
188182
188181
188185
188188
188186
188182
188179
188182
188187
188185
188180
188179
188182
188184
188182
188179
188178
188181
188183
188180
188177
188176
188179
188181
188177
188173
188171
188176
188180
188179
188176
188175
188178
188182
188180
188177
188176
188179
188183
188182
188180
188181
188186
188190
188187
188182
188181
188187
188191
188188
188184
188184
188186
188188
188185
188180
188180
188185
188188
188185
188181
188179
188181
188184
188182
188177
188175
188177
188180
188178
188175
188175
188178
188182
188179
188175
188174
188178
188182
188179
188176
188176
188180
188184
188179
188173
188171
188175
188180
188179
188175
188173
188177
188180
188176
188173
188175
188179
188182
188179
188173
188171
188175
188177
188174
188170
188170
188172
188175
188173
188171
188172
188176
188177
188174
188170
188171
188175
188179
188175
188172
188172
188177
188180
188177
188171
188171
188176
188180
188177
188173
188172
188175
188177
188174
188171
188171
188175
188180
188179
188179
188181
188185
188185
188180
188174
188175
188179
188182
188180
188177
188177
188181
188185
188182
188179
188181
188188
188190
188188
188184
188184
188189
188193
188189
188183
188182
188185
188187
188183
188178
188179
188182
188185
188181
188176
188174
188176
188179
188176
188173
188176
188183
188188
188185
188182
188182
188185
188186
188181
188176
188176
188181
188185
188180
188175
188175
188177
188177
188171
188167
188169
188174
188177
188174
188169
188170
188173
188175
188172
188168
188169
188173
188176
188173
188170
188171
188174
188177
188174
188170
188171
188175
188177
188173
188169
188169
188173
188176
188172
188165
188163
188168
188170
188168
188167
188169
188173
188175
188171
188168
188169
188174
188177
188174
188170
188171
188176
188178
188174
188171
188173
188178
188180
188177
188172
188173
188178
188182
188180
188178
188180
188183
188185
188180
188174
188173
188176
188177
188174
188171
188172
188175
188177
188175
188171
188173
188177
188180
188176
188171
188172
188174
188176
188172
188167
188169
188173
188174
188169
188164
188164
188168
188169
188165
188160
188160
188162
188164
188160
188155
188155
188157
188157
188152
188148
188149
188153
188156
188154
188154
188159
188166
188170
188168
188164
188165
188166
188166
188160
188154
188152
188153
188153
188148
188143
188146
188152
188158
188157
188156
188158
188161
188162
188158
188155
188156
188160
188163
188160
188157
188159
188163
188165
188162
188159
188159
188161
188162
188158
188155
188157
188162
188164
188162
188159
188162
188166
188168
188163
188158
188159
188161
188159
188153
188147
188147
188150
188151
188146
188141
188143
188147
188150
188146
188144
188149
188154
188156
188153
188151
188154
188158
188157
188151
188144
188144
188146
188146
188143
188140
188143
188148
188152
188151
188148
188150
188154
188157
188154
188150
188152
188155
188156
188153
188150
188152
188157
188158
188155
188153
188156
188160
188161
188159
188158
188162
188168
188172
188172
188172
188175
188179
188179
188175
188170
188170
188171
188169
188162
188155
188155
188157
188158
188154
188151
188155
188162
188167
188165
188164
188167
188172
188176
188173
188171
188174
188179
188181
188177
188173
188175
188178
188178
188173
188167
188168
188171
188171
188166
188162
188166
188170
188171
188169
188167
188172
188176
188176
188172
188167
188169
188173
188173
188169
188164
188166
188170
188171
188168
188165
188169
188172
188172
188166
188161
188162
188165
188163
188158
188154
188156
188159
188159
188154
188150
188151
188154
188154
188151
188147
188147
188149
188148
188143
188141
188144
188147
188149
188148
188147
188153
188157
188156
188152
188149
188150
188153
188153
188147
188140
188140
188144
188144
188139
188136
188140
188145
188146
188144
188140
188141
188145
188144
188140
188137
188139
188143
188142
188138
188136
188139
188143
188144
188142
188140
188145
188149
188150
188146
188144
188147
188150
188150
188146
188143
188145
188149
188148
188144
188141
188144
188148
188148
188144
188141
188145
188151
188153
188150
188148
188152
188155
188155
188149
188143
188143
188144
188142
188137
188133
188135
188140
188141
188137
188133
188138
188145
188147
188142
188138
188139
188140
188137
188132
188128
188131
188133
188133
188129
188128
188132
188136
188136
188132
188131
188134
188137
188134
188128
188123
188125
188129
188130
188128
188125
188129
188134
188135
188132
188129
188132
188137
188139
188137
188135
188137
188138
188137
188132
188127
188129
188131
188130
188126
188124
188129
188135
188137
188135
188133
188136
188139
188138
188133
188129
188131
188134
188133
188129
188124
188125
188127
188127
188121
188118
188123
188127
188128
188128
188128
188134
188138
188137
188131
188126
188129
188131
188131
188128
188127
188133
188138
188140
188138
188137
188142
188148
188149
188144
188139
188141
188143
188141
188137
188132
188133
188137
188136
188130
188126
188130
188134
188135
188134
188132
188136
188140
188138
188133
188130
188132
188134
188132
188127
188124
188128
188132
188130
188127
188127
188131
188134
188132
188127
188124
188126
188130
188129
188126
188125
188131
188136
188135
188130
188127
188129
188132
188132
188128
188127
188131
188136
188135
188131
188129
188133
188139
188137
188130
188126
188127
188130
188128
188123
188120
188123
188127
188124
188119
188116
188118
188122
188122
188119
188117
188122
188125
188123
188117
188113
188115
188118
188116
188112
188110
188114
188119
188119
188116
188115
188118
188121
188121
188117
188115
188120
188124
188124
188122
188120
188122
188125
188124
188121
188120
188125
188129
188126
188121
188117
188120
188122
188120
188116
188115
188119
188123
188122
188118
188116
188121
188125
188124
188119
188117
188120
188124
188123
188120
188118
188123
188128
188125
188120
188118
188122
188126
188125
188123
188121
188124
188128
188126
188123
188123
188127
188132
188132
188130
188129
188133
188134
188131
188126
188123
188126
188131
188131
188129
188127
188131
188133
188130
188126
188125
188129
188134
188133
188128
188124
188127
188129
188125
188119
188117
188122
188126
188123
188121
188122
188130
188136
188135
188131
188128
188132
188134
188132
188129
188128
188131
188135
188133
188131
188132
188138
188142
188137
188131
188130
188132
188136
188134
188129
188126
188128
188130
188126
188122
188121
188126
188131
188129
188126
188125
188129
188132
188128
188123
188121
188124
188127
188124
188120
188119
188123
188127
188128
188127
188127
188132
188136
188132
188129
188129
188134
188138
188136
188132
188131
188136
188138
188137
188133
188130
188133
188136
188134
188131
188131
188134
188135
188131
188127
188126
188129
188133
188131
188128
188129
188132
188135
188132
188127
188128
188133
188135
188133
188130
188131
188136
188141
188139
188134
188134
188136
188139
188134
188130
188130
188135
188139
188136
188131
188130
188135
188141
188139
188136
188135
188140
188143
188139
188134
188132
188134
188138
188135
188129
188127
188128
188130
188126
188121
188121
188126
188130
188126
188122
188123
188129
188134
188133
188129
188129
188132
188135
188132
188127
188127
188130
188133
188130
188127
188126
188129
188131
188128
188124
188123
188127
188129
188125
188121
188119
188122
188123
188119
188113
188109
188109
188109
188105
188100
188099
188102
188103
188098
188092
188089
188091
188092
188086
188081
188082
188089
188094
188092
188089
188091
188096
188099
188096
188092
188091
188093
188097
188094
188091
188092
188096
188100
188097
188093
188094
188099
188102
188099
188098
188100
188104
188107
188105
188102
188103
188107
188110
188107
188104
188105
188110
188114
188112
188110
188112
188116
188119
188116
188111
188110
188112
188115
188111
188106
188108
188114
188117
188113
188110
188110
188112
188115
188112
188107
188109
188115
188121
188120
188120
188124
188129
188134
188131
188127
188127
188130
188133
188132
188128
188128
188132
188135
188132
188128
188127
188128
188129
188126
188122
188121
188123
188124
188118
188113
188114
188118
188122
188121
188120
188124
188128
188131
188128
188124
188125
188129
188132
188127
188120
188117
188119
188119
188113
188107
188105
188105
188102
188095
188087
188086
188090
188094
188091
188088
188089
188093
188099
188099
188097
188102
188110
188116
188117
188117
188122
188129
188133
188130
188126
188125
188125
188124
188118
188110
188107
188110
188110
188106
188103
188106
188111
188115
188115
188115
188119
188124
188129
188127
188124
188125
188128
188128
188122
188118
188119
188123
188122
188116
188110
188109
188112
188112
188105
188100
188100
188104
188107
188104
188102
188105
188108
188110
188107
188102
188100
188100
188100
188096
188092
188094
188099
188103
188104
188105
188110
188118
188124
188124
188123
188124
188128
188130
188124
188119
188118
188119
188119
188111
188105
188102
188104
188105
188101
188099
188101
188105
188108
188105
188101
188103
188107
188109
188106
188101
188103
188108
188111
188109
188107
188111
188116
188119
188116
188115
188120
188126
188129
188126
188123
188126
188130
188132
188128
188124
188126
188130
188132
188129
188126
188129
188135
188139
188137
188135
188138
188143
188146
188142
188138
188140
188143
188145
188141
188136
188135
188138
188137
188130
188124
188125
188125
188123
188118
188114
188116
188122
188125
188123
188122
188125
188129
188128
188121
188115
188116
188117
188117
188112
188108
188111
188119
188125
188125
188125
188129
188134
188138
188136
188134
188136
188141
188143
188139
188134
188135
188138
188140
188136
188133
188137
188142
188143
188139
188135
188136
188139
188140
188137
188133
188135
188139
188139
188132
188127
188127
188129
188128
188123
188118
188120
188125
188129
188128
188129
188134
188140
188142
188138
188133
188132
188132
188129
188122
188116
188117
188120
188121
188118
188116
188121
188127
188130
188128
188125
188126
188130
188131
188126
188122
188125
188130
188131
188128
188125
188128
188131
188131
188127
188125
188128
188133
188135
188133
188132
188137
188144
188146
188142
188140
188142
188145
188145
188140
188136
188136
188137
188135
188129
188126
188128
188131
188129
188123
188116
188117
188120
188121
188118
188118
188124
188131
188135
188133
188128
188129
188132
188132
188128
188126
188129
188133
188133
188131
188130
188135
188140
188142
188138
188134
188136
188141
188140
188137
188133
188136
188139
188140
188136
188132
188134
188137
188138
188133
188129
188130
188131
188129
188124
188119
188121
188124
188124
188123
188123
188130
188138
188141
188138
188135
188136
188140
188141
188136
188131
188135
188139
188140
188138
188137
188140
188144
188144
188141
188137
188139
188142
188142
188138
188133
188135
188136
188135
188129
188126
188128
188131
188131
188127
188124
188126
188129
188130
188127
188125
188127
188130
188129
188123
188119
188122
188126
188128
188127
188126
188129
188134
188135
188130
188126
188128
188131
188131
188127
188124
188127
188132
188133
188129
188125
188126
188129
188128
188123
188120
188123
188126
188126
188122
188119
188122
188126
188126
188121
188118
188121
188125
188124
188120
188118
188119
188121
188120
188116
188113
188116
188121
188123
188121
188120
188126
188132
188133
188130
188128
188130
188133
188132
188129
188126
188128
188130
188129
188125
188122
188125
188130
188131
188128
188126
188129
188133
188132
188127
188122
188123
188126
188127
188124
188120
188122
188125
188125
188122
188120
188124
188127
188125
188121
188119
188123
188129
188129
188126
188123
188126
188130
188129
188125
188121
188125
188127
188125
188120
188117
188121
188123
188122
188116
188113
188116
188119
188119
188115
188111
188114
188119
188119
188116
188115
188117
188121
188120
188116
188115
188119
188123
188122
188117
188113
188115
188119
188120
188118
188116
188120
188124
188124
188123
188121
188126
188131
188132
188129
188126
188130
188133
188132
188127
188124
188128
188133
188131
188127
188124
188127
188131
188130
188126
188123
188125
188128
188128
188125
188122
188125
188130
188130
188128
188126
188129
188132
188130
188125
188121
188123
188124
188124
188123
188121
188126
188132
188132
188130
188128
188130
188132
188130
188126
188124
188129
188135
188134
188130
188126
188128
188131
188129
188125
188122
188124
188128
188127
188122
188120
188125
188130
188129
188126
188127
188132
188136
188135
188132
188131
188135
188140
188139
188135
188132
188135
188138
188135
188131
188128
188131
188133
188130
188125
188122
188125
188129
188127
188124
188123
188125
188129
188127
188124
188123
188128
188132
188131
188126
188122
188123
188125
188121
188115
188112
188115
188119
188119
188116
188116
188121
188126
188127
188124
188123
188126
188130
188127
188123
188120
188123
188125
188124
188119
188116
188119
188122
188120
188116
188115
188120
188124
188121
188116
188114
188117
188120
188119
188115
188112
188113
188115
188113
188111
188112
188116
188120
188118
188114
188112
188116
188120
188118
188114
188112
188116
188121
188120
188116
188114
188117
188120
188119
188116
188115
188121
188124
188121
188117
188117
188122
188126
188124
188121
188119
188124
188127
188126
188124
188124
188127
188131
188128
188124
188122
188123
188124
188121
188117
188115
188118
188122
188120
188117
188118
188124
188128
188126
188122
188120
188124
188128
188125
188119
188116
188117
188120
188117
188113
188113
188117
188121
188119
188117
188116
188120
188124
188121
188117
188116
188119
188121
188118
188114
188111
188112
188113
188109
188105
188105
188110
188115
188114
188111
188110
188113
188116
188113
188109
188108
188110
188113
188112
188109
188110
188115
188117
188115
188110
188109
188113
188116
188112
188107
188106
188111
188116
188113
188110
188108
188111
188114
188109
188105
188105
188110
188114
188112
188110
188110
188115
188121
188120
188117
188117
188119
188122
188120
188116
188114
188115
188116
188109
188099
188091
