187208
187211
187208
187203
187202
187207
187210
187208
187205
187204
187206
187208
187205
187201
187200
187205
187209
187208
187205
187204
187209
187213
187211
187207
187206
187209
187211
187209
187208
187210
187214
187218
187215
187211
187211
187214
187216
187214
187211
187211
187215
187218
187215
187212
187212
187215
187220
187220
187216
187214
187216
187217
187212
187208
187207
187212
187216
187215
187212
187212
187217
187219
187215
187211
187209
187212
187214
187212
187209
187210
187215
187219
187217
187213
187211
187213
187216
187214
187209
187208
187212
187216
187213
187209
187210
187214
187219
187217
187214
187213
187216
187219
187216
187212
187210
187214
187219
187218
187215
187215
187217
187219
187217
187213
187211
187213
187215
187211
187207
187207
187212
187216
187215
187212
187214
187221
187225
187223
187219
187218
187220
187222
187219
187216
187217
187222
187224
187219
187214
187212
187214
187216
187213
187209
187210
187214
187218
187214
187210
187210
187214
187217
187214
187212
187212
187216
187219
187216
187212
187211
187214
187216
187213
187207
187206
187209
187210
187206
187202
187203
187208
187213
187213
187211
187213
187216
187218
187212
187207
187207
187209
187211
187205
187199
187198
187199
187202
187200
187196
187197
187201
187204
187200
187197
187198
187201
187204
187202
187197
187196
187198
187200
187198
187196
187196
187202
187207
187206
187204
187205
187209
187212
187208
187204
187203
187208
187213
187209
187207
187209
187214
187217
187215
187212
187212
187216
187219
187216
187214
187217
187221
187223
187219
187215
187214
187216
187218
187214
187210
187211
187217
187222
187222
187220
187221
187226
187229
187224
187220
187220
187224
187226
187223
187219
187220
187224
187226
187223
187218
187218
187220
187222
187218
187215
187215
187219
187224
187223
187222
187224
187227
187230
187227
187224
187224
187227
187229
187225
187219
187220
187224
187228
187225
187222
187224
187229
187231
187227
187222
187219
187221
187223
187220
187215
187217
187223
187226
187223
187221
187224
187228
187229
187225
187222
187223
187225
187228
187225
187221
187222
187225
187227
187224
187220
187218
187219
187219
187215
187211
187213
187217
187220
187219
187217
187220
187225
187228
187222
187218
187218
187221
187224
187220
187217
187219
187225
187229
187226
187223
187223
187227
187228
187224
187222
187224
187228
187229
187227
187224
187225
187229
187231
187225
187218
187218
187221
187222
187219
187214
187214
187219
187222
187219
187215
187217
187222
187223
187220
187218
187219
187223
187226
187223
187219
187220
187222
187222
187217
187212
187212
187216
187220
187216
187211
187213
187217
187220
187216
187211
187211
187214
187217
187213
187209
187211
187215
187217
187215
187214
187217
187221
187222
187217
187212
187213
187215
187216
187210
187205
187206
187212
187216
187213
187210
187212
187218
187222
187220
187215
187214
187219
187221
187217
187212
187212
187214
187217
187213
187210
187211
187215
187218
187214
187210
187211
187215
187217
187212
187209
187208
187211
187215
187213
187210
187210
187213
187215
187212
187209
187209
187212
187215
187213
187210
187211
187213
187214
187209
187205
187207
187212
187214
187212
187208
187210
187216
187220
187217
187214
187218
187223
187226
187223
187219
187217
187217
187216
187211
187206
187206
187210
187214
187213
187210
187211
187214
187214
187208
187204
187206
187209
187209
187205
187203
187206
187209
187211
187207
187203
187206
187211
187214
187211
187208
187211
187216
187221
187219
187218
187220
187224
187226
187223
187220
187220
187221
187220
187216
187212
187213
187215
187215
187211
187207
187209
187212
187214
187209
187206
187208
187213
187214
187209
187204
187207
187212
187215
187212
187206
187207
187211
187215
187213
187211
187215
187222
187223
187218
187214
187215
187219
187221
187216
187211
187210
187213
187213
187209
187205
187209
187213
187216
187213
187208
187210
187214
187216
187210
187204
187203
187205
187206
187202
187198
187199
187203
187205
187202
187200
187204
187209
187209
187205
187200
187200
187202
187204
187201
187199
187203
187209
187212
187208
187204
187207
187211
187213
187210
187206
187207
187210
187211
187209
187206
187207
187211
187212
187206
187201
187204
187207
187208
187206
187203
187206
187211
187212
187210
187206
187206
187208
187208
187201
187195
187194
187196
187194
187191
187190
187195
187203
187206
187204
187203
187207
187211
187211
187205
187201
187202
187204
187203
187198
187194
187196
187201
187201
187198
187196
187200
187206
187209
187207
187205
187207
187209
187209
187204
187201
187204
187207
187209
187205
187202
187204
187208
187209
187206
187204
187207
187211
187212
187209
187205
187207
187213
187215
187212
187209
187213
187217
187217
187213
187208
187212
187216
187217
187212
187208
187209
187213
187214
187210
187205
187206
187209
187208
187203
187199
187199
187203
187203
187197
187193
187194
187196
187196
187192
187189
187193
187197
187200
187198
187197
187201
187206
187207
187204
187200
187201
187204
187204
187201
187199
187204
187210
187212
187209
187206
187210
187215
187216
187212
187209
187211
187212
187209
187202
187196
187197
187201
187202
187199
187196
187199
187204
187206
187204
187203
187207
187211
187212
187209
187206
187210
187213
187214
187211
187207
187208
187212
187213
187211
187208
187209
187211
187210
187206
187202
187206
187210
187211
187208
187205
187207
187210
187209
187205
187199
187199
187201
187199
187197
187197
187201
187208
187210
187208
187206
187209
187213
187213
187209
187205
187207
187210
187210
187205
187202
187203
187207
187207
187203
187200
187204
187208
187208
187205
187203
187204
187206
187206
187203
187202
187207
187211
187213
187211
187209
187214
187218
187218
187213
187209
187211
187214
187213
187210
187209
187215
187220
187220
187215
187209
187210
187213
187211
187205
187200
187202
187204
187206
187204
187203
187209
187215
187216
187213
187209
187211
187215
187215
187210
187206
187208
187212
187213
187211
187211
187217
187222
187221
187215
187212
187213
187214
187212
187207
187204
187208
187213
187215
187213
187213
187219
187224
187223
187219
187216
187218
187219
187218
187213
187209
187211
187214
187213
187211
187209
187214
187219
187221
187218
187215
187217
187219
187218
187215
187212
187217
187222
187223
187221
187220
187224
187227
187226
187222
187219
187223
187226
187225
187220
187216
187219
187222
187220
187215
187211
187213
187217
187218
187215
187213
187217
187222
187223
187218
187215
187218
187220
187217
187210
187204
187205
187207
187206
187203
187200
187204
187209
187209
187207
187205
187208
187211
187209
187204
187202
187206
187208
187206
187201
187197
187199
187203
187203
187201
187200
187203
187206
187205
187200
187198
187200
187203
187201
187198
187196
187199
187202
187200
187194
187189
187191
187194
187193
187188
187186
187190
187194
187193
187189
187186
187189
187193
187194
187191
187189
187193
187196
187194
187190
187188
187192
187197
187196
187192
187193
187198
187203
187204
187201
187199
187204
187209
187207
187203
187202
187204
187207
187204
187198
187192
187193
187195
187194
187190
187187
187190
187194
187195
187192
187190
187194
187197
187195
187189
187186
187187
187189
187189
187185
187184
187189
187195
187196
187191
187187
187189
187193
187194
187191
187189
187192
187197
187196
187194
187194
187199
187202
187200
187195
187192
187194
187197
187195
187190
187188
187192
187196
187197
187196
187194
187198
187200
187198
187195
187193
187197
187201
187201
187200
187199
187203
187206
187204
187200
187198
187200
187202
187200
187196
187194
187198
187202
187199
187194
187191
187196
187200
187200
187198
187197
187200
187204
187202
187198
187195
187197
187201
187200
187196
187194
187198
187202
187200
187196
187193
187198
187205
187206
187205
187203
187207
187210
187207
187202
187199
187200
187204
187202
187198
187196
187201
187207
187207
187205
187203
187205
187207
187204
187200
187197
187199
187201
187199
187196
187194
187200
187206
187206
187204
187203
187206
187208
187204
187198
187196
187199
187202
187199
187194
187192
187196
187201
187201
187198
187196
187200
187202
187199
187194
187190
187193
187196
187195
187191
187188
187191
187194
187191
187185
187184
187188
187193
187192
187188
187186
187190
187195
187196
187194
187193
187197
187199
187195
187188
187183
187186
187189
187188
187186
187185
187188
187193
187194
187191
187190
187193
187196
187194
187191
187190
187196
187201
187201
187196
187193
187192
187195
187193
187190
187191
187195
187198
187194
187189
187188
187191
187193
187191
187189
187187
187190
187193
187191
187187
187184
187186
187187
187183
187179
187176
187180
187186
187184
187181
187179
187182
187185
187181
187176
187173
187178
187183
187184
187182
187183
187188
187194
187194
187193
187192
187195
187196
187193
187188
187184
187186
187188
187185
187180
187179
187184
187189
187188
187185
187185
187188
187193
187191
187188
187187
187190
187193
187191
187188
187187
187192
187197
187194
187189
187186
187189
187190
187187
187182
187180
187184
187186
187182
187177
187176
187180
187186
187185
187180
187178
187182
187185
187182
187176
187173
187176
187180
187180
187179
187179
187183
187186
187184
187181
187179
187181
187183
187180
187176
187174
187176
187178
187175
187173
187174
187177
187179
187177
187174
187173
187175
187177
187173
187171
187171
187175
187180
187179
187175
187174
187177
187180
187177
187173
187171
187175
187178
187176
187173
187172
187176
187179
187176
187172
187171
187175
187177
187174
187172
187172
187177
187183
187184
187183
187182
187185
187187
187182
187174
187170
187171
187173
187170
187168
187171
187177
187183
187183
187180
187179
187182
187185
187181
187177
187174
187176
187177
187173
187168
187166
187170
187173
187170
187165
187166
187172
187177
187175
187171
187170
187174
187178
187176
187173
187172
187176
187181
187180
187177
187177
187181
187183
187178
187174
187173
187175
187178
187176
187172
187170
187172
187173
187169
187166
187165
187170
187174
187173
187171
187171
187175
187177
187174
187169
187165
187167
187170
187168
187164
187165
187170
187175
187173
187169
187168
187171
187175
187172
187168
187164
187167
187169
187166
187163
187163
187167
187170
187168
187166
187166
187170
187173
187170
187165
187163
187165
187167
187163
187158
187157
187163
187169
187168
187166
187168
187175
187182
187180
187178
187180
187183
187185
187180
187176
187176
187178
187180
187177
187173
187172
187177
187181
187180
187176
187174
187176
187176
187173
187171
187172
187177
187180
187178
187176
187175
187179
187181
187177
187173
187172
187175
187179
187177
187173
187173
187176
187178
187172
187167
187166
187169
187173
187170
187167
187167
187173
187177
187175
187170
187171
187176
187181
187180
187176
187175
187178
187180
187175
187170
187169
187172
187175
187171
187168
187169
187174
187177
187174
187169
187167
187168
187172
187168
187162
187161
187163
187165
187161
187158
187158
187163
187169
187167
187165
187166
187169
187170
187166
187161
187160
187162
187164
187160
187156
187156
187162
187167
187165
187162
187163
187168
187172
187169
187165
187166
187171
187174
187170
187165
187163
187167
187170
187166
187164
187167
187172
187175
187172
187168
187167
187169
187170
187167
187161
187159
187162
187165
187160
187157
187158
187163
187165
187162
187159
187159
187162
187165
187163
187160
187160
187164
187168
187165
187162
187162
187166
187168
187163
187159
187159
187163
187166
187163
187159
187161
187165
187167
187164
187159
187158
187161
187164
187162
187159
187159
187163
187166
187162
187158
187160
187165
187168
187165
187162
187162
187165
187167
187163
187157
187156
187159
187161
187157
187152
187153
187157
187159
187156
187152
187153
187157
187160
187156
187154
187155
187159
187160
187155
187151
187152
187158
187163
187162
187159
187160
187164
187168
187165
187160
187159
187161
187164
187160
187156
187154
187156
187157
187153
187149
187149
187155
187160
187159
187155
187154
187155
187156
187151
187146
187146
187150
187151
187149
187147
187150
187154
187158
187155
187152
187153
187158
187161
187158
187155
187155
187159
187160
187155
187150
187150
187154
187156
187153
187149
187151
187154
187156
187152
187147
187147
187149
187150
187147
187143
187145
187150
187154
187152
187148
187150
187153
187156
187152
187148
187148
187152
187155
187152
187147
187146
187149
187150
187145
187141
187142
187145
187147
187143
187139
187138
187140
187142
187138
187133
187133
187135
187137
187135
187133
187134
187137
187140
187138
187134
187135
187140
187143
187140
187137
187139
187144
187146
187142
187138
187140
187144
187144
187140
187136
187137
187141
187145
187144
187143
187144
187147
187148
187144
187139
187138
187141
187143
187140
187136
187137
187140
187141
187136
187131
187132
187136
187139
187137
187135
187136
187140
187144
187141
187138
187139
187142
187143
187139
187134
187135
187138
187139
187135
187132
187134
187138
187143
187140
187137
187138
187141
187144
187140
187136
187137
187139
187139
187134
187132
187135
187140
187143
187141
187140
187141
187144
187145
187140
187135
187136
187141
187144
187140
187137
187139
187143
187144
187141
187139
187141
187146
187149
187144
187139
187139
187141
187143
187140
187137
187140
187145
187147
187142
187136
187136
187138
187140
187136
187132
187135
187139
187140
187137
187134
187136
187139
187140
187137
187132
187134
187138
187139
187134
187128
187129
187133
187133
187128
187125
187128
187133
187135
187132
187128
187131
187136
187138
187136
187132
187134
187138
187140
187137
187135
187137
187139
187139
187135
187131
187132
187135
187136
187131
187128
187130
187135
187138
187134
187129
187129
187132
187134
187129
187125
187128
187133
187136
187133
187130
187131
187136
187138
187134
187131
187134
187137
187136
187130
187125
187127
187129
187131
187128
187124
187125
187130
187132
187128
187125
187129
187134
187134
187130
187127
187128
187132
187133
187129
187124
187125
187127
187129
187127
187123
187127
187132
187133
187128
187124
187125
187129
187131
187128
187124
187125
187130
187133
187131
187128
187130
187133
187135
187131
187128
187130
187134
187137
187134
187130
187132
187135
187135
187131
187127
187128
187130
187131
187126
187124
187128
187134
187136
187133
187130
187132
187136
187137
187134
187130
187132
187135
187137
187133
187128
187130
187132
187133
187129
187124
187126
187130
187131
187127
187122
187123
187128
187129
187126
187123
187125
187129
187129
187124
187121
187122
187126
187127
187122
187118
187120
187122
187123
187119
187115
187118
187122
187124
187120
187115
187116
187118
187117
187112
187107
187108
187112
187113
187109
187106
187108
187110
187110
187106
187103
187106
187109
187110
187107
187104
187108
187112
187113
187110
187106
187110
187114
187115
187110
187107
187110
187115
187115
187110
187106
187107
187111
187113
187110
187108
187111
187113
187115
187111
187108
187110
187114
187115
187110
187106
187108
187111
187114
187112
187109
187113
187117
187119
187116
187112
187114
187119
187121
187118
187115
187118
187122
187122
187117
187113
187114
187116
187115
187110
187106
187107
187110
187110
187107
187105
187107
187111
187113
187111
187109
187112
187116
187118
187113
187108
187110
187112
187112
187108
187104
187106
187108
187108
187104
187101
187103
187107
187110
187110
187109
187113
187118
187120
187118
187116
187116
187118
187117
187113
187110
187112
187115
187114
187109
187106
187110
187115
187118
187117
187116
187117
187120
187120
187115
187112
187114
187118
187118
187114
187110
187112
187116
187117
187113
187111
187115
187120
187122
187119
187118
187122
187125
187124
187120
187116
187119
187122
187122
187118
187115
187117
187121
187121
187117
187114
187118
187121
187122
187118
187116
187119
187123
187122
187116
187113
187116
187118
187118
187114
187110
187114
187119
187121
187118
187115
187119
187122
187123
187120
187118
187122
187128
187129
187126
187123
187126
187130
187129
187122
187118
187123
187129
187130
187128
187127
187132
187136
187137
187132
187128
187130
187132
187130
187126
187124
187127
187130
187129
187125
187123
187125
187127
187124
187118
187115
187117
187121
187122
187118
187117
187121
187123
187122
187117
187113
187115
187119
187120
187119
187116
187118
187123
187122
187117
187113
187117
187121
187121
187117
187114
187117
187121
187121
187116
187114
187118
187122
187121
187118
187116
187120
187124
187125
187121
187116
187117
187120
187119
187115
187112
187116
187120
187119
187114
187110
187113
187116
187116
187113
187112
187116
187119
187119
187114
187111
187114
187119
187119
187116
187114
187118
187124
187124
187120
187117
187120
187122
187120
187115
187111
187114
187120
187120
187116
187113
187117
187120
187117
187111
187108
187112
187117
187118
187113
187110
187112
187114
187114
187111
187109
187112
187115
187114
187109
187105
187108
187113
187113
187109
187108
187112
187116
187115
187111
187108
187111
187115
187116
187113
187112
187115
187120
187121
187118
187116
187120
187124
187125
187123
187120
187123
187126
187124
187120
187118
187121
187124
187123
187118
187114
187117
187120
187118
187114
187111
187114
187118
187116
187112
187108
187110
187112
187111
187108
187105
187109
187113
187112
187108
187106
187111
187115
187114
187109
187106
187109
187111
187110
187106
187104
187110
187116
187116
187113
187111
187114
187117
187116
187111
187107
187111
187116
187117
187114
187114
187118
187121
187120
187113
187107
187109
187113
187113
187109
187104
187105
187108
187108
187105
187104
187109
187114
187113
187109
187108
187112
187115
187113
187108
187106
187109
187113
187114
187111
187107
187109
187114
187114
187110
187110
187115
187119
187118
187114
187112
187116
187120
187120
187116
187112
187114
187116
187114
187109
187105
187109
187114
187113
187111
187110
187115
187120
187120
187116
187112
187113
187115
187113
187108
187106
187109
187112
187111
187108
187106
187109
187112
187110
187106
187104
187109
187114
187115
187114
187112
187116
187120
187119
187115
187113
187117
187120
187118
187113
187110
187112
187116
187116
187113
187112
187116
187121
187119
187114
187111
187113
187115
187113
187109
187105
187107
187110
187109
187105
187104
187108
187111
187109
187104
187101
187107
187112
187111
187107
187104
187107
187111
187109
187105
187104
187108
187113
187113
187111
187110
187113
187116
187116
187113
187110
187113
187116
187115
187112
187110
187111
187115
187115
187112
187112
187116
187121
187120
187117
187116
187119
187122
187119
187114
187110
187113
187116
187113
187108
187106
187111
187117
187116
187113
187111
187114
187117
187115
187111
187109
187112
187115
187113
187110
187108
187110
187113
187112
187107
187106
187111
187117
187118
187117
187119
187124
187128
187127
187123
187120
187121
187122
187118
187113
187110
187115
187119
187119
187117
187116
187119
187122
187120
187117
187115
187117
187120
187119
187114
187112
187116
187120
187118
187114
187112
187114
187118
187116
187112
187109
187113
187118
187117
187114
187112
187115
187119
187119
187115
187112
187114
187117
187114
187110
187108
187112
187118
187119
187117
187117
187121
187123
187120
187114
187113
187116
187118
187115
187111
187111
187116
187122
187123
187119
187117
187119
187123
187120
187115
187113
187116
187118
187116
187113
187112
187117
187120
187119
187115
187112
187115
187118
187116
187111
187109
187112
187116
187115
187110
187108
187112
187115
187114
187110
187108
187111
187114
187112
187106
187102
187104
187106
187104
187101
187100
187104
187107
187106
187103
187102
187106
187110
187110
187108
187107
187110
187113
187111
187108
187108
187112
187114
187113
187110
187110
187113
187115
187112
187107
187106
187110
187114
187114
187111
187112
187119
187123
187122
187118
187115
187117
187118
187115
187111
187108
187111
187115
187112
187109
187108
187113
187117
187114
187109
187107
187111
187114
187110
187106
187103
187105
187108
187107
187104
187103
187107
187113
187111
187107
187105
187108
187111
187108
187102
187101
187105
187109
187107
187103
187102
187106
187109
187108
187104
187102
187105
187108
187106
187103
187101
187104
187109
187107
187103
187102
187105
187108
187106
187103
187103
187107
187111
187111
187109
187109
187113
187116
187112
187107
187104
187107
187111
187110
187107
187106
187110
187115
187114
187111
187109
187113
187116
187112
187108
187105
187107
187111
187107
187103
187104
187109
187112
187109
187105
187103
187107
187111
187108
187104
187103
187104
187106
187105
187102
187101
187104
187109
187107
187103
187101
187105
187108
187106
187102
187103
187110
187114
187111
187106
187105
187108
187111
187110
187107
187106
187111
187116
187115
187112
187112
187116
187118
187114
187111
187111
187117
187123
187122
187117
187115
187119
187123
187119
187112
187110
187113
187114
187109
187104
187104
187111
187115
187112
187108
187105
187107
187108
187105
187100
187100
187104
187109
187107
187102
187101
187104
187107
187103
187098
187096
187100
187104
187102
187097
187095
187098
187102
187100
187098
187098
187103
187107
187106
187103
187103
187108
187112
187112
187109
187110
187114
187116
187113
187108
187107
187112
187115
187114
187110
187108
187113
187118
187117
187115
187114
187117
187119
187116
187112
187110
187113
187115
187109
187104
187103
187106
187108
187104
187099
187096
187100
187104
187101
187096
187095
187099
187103
187100
187097
187097
187101
187105
187103
187100
187100
187106
187110
187107
187102
187101
187104
187106
187103
187098
187098
187103
187109
187106
187101
187100
187103
187107
187104
187099
187097
187099
187101
187098
187095
187095
187099
187103
187101
187098
187097
187100
187101
187094
187087
187085
187088
187092
187089
187086
187087
187092
187097
187094
187090
187091
187095
187098
187095
187090
187088
187090
187093
187090
187085
187082
187084
187087
187084
187080
187080
187083
187087
187085
187082
187084
187088
187093
187091
187086
187085
187089
187094
187093
187090
187090
187092
187094
187089
187084
187082
187086
187089
187087
187085
187086
187091
187096
187094
187091
187092
187095
187099
187098
187095
187094
187097
187099
187097
187094
187094
187097
187101
187099
187097
187098
187102
187107
187103
187098
187097
187099
187103
187099
187093
187093
187098
187101
187100
187099
187100
187103
187105
187101
187096
187096
187100
187103
187101
187098
187100
187106
187110
187106
187100
187098
187100
187104
187102
187099
187101
187107
187112
187110
187108
187108
187112
187115
187111
187107
187106
187110
187113
187110
187106
187106
187107
187107
187103
187099
187099
187102
187105
187101
187097
187097
187100
187104
187101
187097
187096
187100
187103
187100
187095
187094
187098
187101
187099
187095
187095
187099
187102
187099
187095
187096
187100
187103
187100
187097
187098
187102
187105
187101
187097
187097
187101
187104
187102
187099
187100
187105
187108
187105
187101
187101
187106
187108
187104
187099
187098
187100
187102
187098
187093
187093
187098
187102
187101
187097
187097
187102
187104
187099
187095
187096
187101
187104
187101
187098
187099
187104
187108
187104
187099
187099
187102
187104
187101
187098
187100
187106
187110
187108
187104
187102
187105
187107
187103
187099
187098
187101
187103
187100
187098
187102
187108
187111
187106
187102
187100
187103
187105
187101
187095
187094
187097
187100
187098
187096
187098
187102
187106
187105
187103
187106
187109
187109
187105
187102
187104
187109
187111
187107
187103
187103
187106
187107
187102
187097
187097
187100
187104
187101
187097
187097
187100
187101
187097
187093
187094
187096
187099
187097
187093
187094
187098
187101
187099
187095
187098
187103
187106
187102
187099
187101
187106
187109
187106
187102
187102
187105
187106
187103
187099
187098
187102
187105
187103
187100
187100
187105
187108
187105
187101
187102
187105
187106
187103
187098
187099
187104
187108
187105
187103
187105
187111
187114
187111
187108
187108
187111
187111
187106
187101
187102
187108
187111
187108
187103
187103
187105
187107
187103
187099
187101
187106
187110
187107
187102
187102
187105
187106
187103
187099
187099
187103
187105
187101
187097
187099
187102
187105
187100
187095
187096
187098
187098
187093
187088
187088
187092
187093
187088
187084
187087
187091
187093
187091
187090
187094
187099
187101
187098
187094
187097
187101
187103
187099
187094
187094
187097
187100
187097
187095
187097
187101
187104
187099
187094
187094
187096
187095
187091
187086
187087
187091
187093
187089
187088
187090
187095
187097
187093
187089
187090
187091
187092
187089
187084
187086
187091
187095
187093
187091
187092
187096
187098
187094
187089
187088
187093
187096
187093
187089
187090
187093
187096
187093
187089
187091
187094
187096
187094
187090
187090
187093
187094
187091
187087
187089
187094
187099
187097
187096
187098
187100
187100
187098
187095
187095
187098
187099
187096
187093
187095
187099
187100
187096
187091
187091
187095
187097
187094
187091
187091
187094
187098
187094
187091
187094
187099
187101
187096
187092
187092
187095
187096
187094
187090
187090
187095
187100
187098
187092
187093
187098
187100
187096
187092
187093
187095
187096
187092
187088
187089
187092
187094
187090
187085
187086
187090
187094
187093
187090
187091
187095
187095
187089
187084
187085
187089
187090
187087
187084
187086
187089
187090
187085
187080
187082
187087
187090
187087
187085
187087
187092
187092
187086
187082
187084
187089
187090
187086
187083
187085
187089
187090
187089
187087
187090
187095
187098
187093
187088
187089
187091
187091
187086
187081
187083
187088
187091
187090
187090
187095
187102
187104
187099
187094
187095
187098
187097
187091
187085
187085
187090
187094
187089
187084
187085
187088
187088
187083
187078
187079
187081
187082
187078
187076
187079
187084
187086
187083
187080
187080
187083
187084
187080
187078
187081
187085
187087
187084
187080
187081
187084
187085
187081
187077
187081
187084
187085
187084
187082
187086
187092
187093
187089
187086
187087
187089
187089
187085
187083
187086
187089
187091
187086
187081
187083
187085
187085
187081
187078
187081
187085
187088
187085
187082
187084
187090
187092
187089
187086
187087
187092
187095
187092
187089
187092
187096
187097
187092
187085
187085
187087
187088
187085
187083
187086
187090
187091
187086
187081
187082
187083
187082
187077
187071
187072
187075
187075
187072
187069
187072
187078
187080
187076
187073
187076
187081
187081
187076
187071
187073
187078
187079
187075
187072
187076
187079
187078
187072
187068
187071
187076
187077
187073
187070
187072
187075
187074
187068
187063
187064
187068
187068
187062
187057
187060
187065
187068
187066
187064
187068
187072
187075
187071
187067
187068
187070
187068
187063
187060
187062
187065
187066
187064
187062
187065
187069
187070
187066
187062
187064
187066
187065
187061
187058
187062
187066
187070
187067
187064
187066
187070
187072
187068
187064
187065
187068
187067
187062
187059
187062
187067
187067
187062
187059
187061
187064
187065
187062
187059
187061
187064
187065
187059
187055
187056
187059
187059
187055
187053
187057
187061
187063
187061
187059
187064
187070
187071
187067
187064
187065
187067
187068
187063
187059
187059
187064
187066
187063
187061
187064
187068
187069
187066
187062
187063
187064
187063
187056
187049
187051
187054
187053
187048
187042
187042
187044
187043
187038
187034
187036
187041
187042
187039
187036
187039
187044
187045
187043
187042
187046
187050
187051
187048
187046
187049
187050
187049
187043
187039
187041
187045
187045
187040
187037
187040
187044
187045
187041
187037
187039
187042
187042
187039
187035
187037
187040
187040
187038
187037
187041
187046
187048
187047
187046
187050
187055
187056
187051
187047
187048
187050
187048
187041
187034
187035
187037
187035
187030
187025
187029
187034
187033
187029
187028
187032
187035
187037
187033
187030
187034
187041
187045
187042
187039
187041
187044
187043
187038
187035
187038
187041
187042
187039
187037
187041
187046
187048
187045
187042
187044
187048
187047
187042
187040
187045
187050
187050
187046
187044
187048
187052
187052
187049
187047
187052
187055
187055
187053
187050
187052
187054
187053
187048
187042
187045
187049
187050
187045
187043
187046
187050
187050
187046
187043
187045
187047
187046
187042
187039
187042
187048
187048
187044
187044
187049
187053
187054
187051
187048
187050
187052
187051
187048
187046
187049
187054
187054
187051
187048
187051
187056
187055
187051
187047
187049
187052
187050
187045
187041
187043
187046
187047
187044
187041
187046
187050
187051
187049
187048
187053
187058
187058
187054
187053
187057
187060
187057
187053
187051
187055
187058
187057
187053
187048
187050
187053
187050
187044
187042
187045
187048
187047
187042
187039
187043
187048
187049
187047
187045
187050
187055
187056
187053
187052
187055
187058
187056
187052
187049
187054
187058
187055
187047
187043
187045
187048
187048
187044
187041
187044
187048
187049
187045
187041
187042
187046
187047
187044
187041
187043
187046
187045
187041
187038
187042
187047
187048
187046
187044
187048
187053
187055
187052
187049
187052
187056
187055
187051
187046
187049
187053
187053
187049
187047
187051
187056
187057
187053
187050
187052
187054
187052
187047
187042
187045
187050
187050
187045
187043
187047
187051
187052
187050
187047
187051
187055
187054
187051
187049
187053
187056
187055
187049
187045
187045
187048
187048
187044
187042
187046
187052
187053
187050
187047
187050
187054
187053
187050
187046
187049
187052
187051
187048
187046
187049
187051
187047
187042
187038
187042
187047
187047
187045
187044
187048
187052
187051
187048
187046
187049
187052
187049
187044
187041
187045
187049
187049
187047
187046
187049
187053
187052
187048
187046
187049
187052
187052
187050
187048
187051
187052
187049
187045
187042
187047
187051
187051
187049
187047
187050
187052
187051
187046
187045
187048
187051
187049
187046
187046
187051
187056
187054
187049
187046
187049
187052
187050
187045
187043
187046
187050
187052
187048
187044
187047
187050
187048
187044
187042
187046
187050
187049
187046
187043
187048
187054
187055
187051
187047
187047
187049
187047
187044
187044
187047
187052
187052
187049
187046
187048
187051
187049
187044
187041
187046
187050
187050
187048
187048
187051
187055
187054
187049
187045
187047
187050
187048
187043
187039
187042
187047
187046
187044
187043
187045
187047
187045
187042
187040
187044
187047
187045
187042
187041
187046
187050
187049
187046
187043
187045
187048
187048
187046
187045
187049
187054
187053
187049
187046
187048
187051
187049
187047
187047
187051
187056
187054
187049
187045
187046
187048
187046
187043
187042
187047
187051
187051
187049
187048
187051
187054
187052
187047
187043
187045
187049
187049
187044
187042
187045
187048
187046
187043
187042
187045
187048
187046
187043
187040
187042
187046
187045
187041
187038
187042
187047
187046
187041
187038
187040
187044
187042
187040
187040
187044
187048
187047
187044
187043
187047
187050
187048
187044
187043
187047
187052
187051
187047
187045
187049
187054
187054
187050
187046
187050
187054
187051
187045
187042
187047
187049
187048
187045
187044
187049
187053
187051
187047
187044
187047
187049
187047
187044
187041
187043
187046
187044
187040
187039
187044
187049
187048
187046
187045
187049
187051
187050
187046
187045
187049
187053
187051
187046
187044
187047
187051
187050
187046
187045
187048
187051
187049
187046
187044
187047
187050
187048
187046
187047
187053
187056
187055
187050
187046
187048
187049
187047
187043
187042
187045
187049
187047
187043
187041
187044
187047
187045
187041
187038
187041
187046
187045
187041
187040
187044
187047
187045
187040
187038
187042
187045
187044
187041
187039
187043
187046
187045
187043
187042
187045
187048
187047
187044
187042
187045
187050
187050
187047
187045
187049
187052
187050
187046
187044
187048
187053
187053
187051
187051
187055
187057
187054
187049
187046
187050
187053
187051
187048
187047
187051
187056
187055
187052
187051
187055
187059
187058
187054
187052
187054
187054
187051
187046
187044
187048
187052
187051
187048
187048
187052
187056
187053
187047
187044
187046
187049
187047
187044
187042
187045
187047
187044
187039
187038
187043
187046
187044
187041
187041
187045
187050
187049
187048
187048
187052
187054
187051
187046
187045
187049
187053
187052
187049
187050
187054
187058
187056
187052
187050
187053
187056
187053
187050
187049
187052
187055
187053
187048
187045
187045
187046
187043
187038
187037
187042
187047
187046
187041
187039
187042
187044
187042
187038
187037
187043
187048
187047
187046
187048
187053
187056
187052
187047
187045
187046
187048
187044
187042
187043
187047
187051
187049
187045
187044
187046
187047
187042
187037
187036
187040
187043
187040
187036
187035
187038
187042
187041
187037
187038
187044
187050
187048
187043
187041
187044
187048
187046
187042
187042
187048
187053
187052
187050
187052
187057
187060
187056
187051
187050
187054
187057
187054
187050
187050
187053
187054
187050
187046
187045
187049
187053
187051
187048
187048
187053
187055
187052
187048
187047
187051
187054
187051
187047
187048
187052
187056
187054
187051
187049
187051
187052
187050
187046
187047
187053
187058
187057
187055
187054
187057
187059
187056
187052
187051
187055
187059
187056
187052
187051
187055
187058
187055
187051
187051
187054
187057
187054
187050
187050
187056
187060
187057
187053
187052
187054
187056
187052
187047
187046
187051
187055
187054
187050
187051
187056
187060
187060
187058
187058
187061
187063
187059
187054
187053
187056
187059
187055
187051
187050
187053
187055
187053
187050
187051
187055
187058
187056
187051
187050
187053
187055
187053
187050
187050
187055
187059
187057
187053
187053
187060
187065
187062
187058
187058
187062
187066
187063
187059
187058
187061
187063
187060
187056
187057
187062
187066
187064
187059
187058
187060
187062
187059
187056
187055
187057
187060
187057
187055
187055
187059
187062
187059
187056
187055
187058
187060
187056
187052
187051
187055
187057
187056
187054
187056
187062
187066
187061
187056
187056
187060
187063
187058
187054
187053
187056
187058
187055
187051
187052
187056
187060
187057
187053
187052
187057
187060
187056
187053
187054
187059
187062
187059
187054
187052
187054
187056
187053
187051
187053
187058
187060
187057
187054
187054
187058
187061
187058
187055
187053
187056
187057
187054
187050
187051
187055
187058
187055
187050
187050
187055
187060
187059
187056
187056
187059
187062
187059
187055
187057
187060
187061
187057
187053
187052
187055
187058
187056
187050
187049
187053
187055
187052
187049
187050
187054
187056
187054
187051
187052
187056
187060
187056
187051
187051
187055
187058
187055
187052
187053
187057
187059
187056
187054
187057
187063
187066
187063
187059
187060
187065
187068
187063
187057
187056
187059
187062
187057
187052
187051
187055
187058
187056
187052
187054
187059
187062
187060
187057
187057
187061
187063
187060
187056
187056
187059
187062
187059
187053
187053
187057
187059
187055
187052
187053
187058
187062
187059
187055
187054
187057
187059
187056
187053
187055
187060
187063
187059
187056
187057
187061
187064
187061
187058
187059
187062
187063
187060
187055
187055
187059
187060
187056
187053
187052
187054
187057
187053
187050
187053
187057
187060
187056
187053
187054
187059
187060
187055
187050
187051
187055
187060
187057
187053
187055
187057
187058
187053
187049
187050
187055
187059
187058
187055
187057
187062
187066
187064
187060
187058
187060
187061
187058
187054
187056
187058
187059
187056
187052
187052
187054
187054
187049
187046
187048
187052
187055
187051
187047
187049
187053
187057
187054
187051
187052
187057
187059
187054
187050
187052
187057
187059
187057
187054
187057
187062
187065
187060
187056
187057
187060
187062
187059
187056
187057
187060
187062
187060
187057
187058
187060
187060
187055
187051
187052
187055
187056
187054
187051
187050
187051
187051
187048
187045
187049
187054
187058
187056
187052
187055
187059
187061
187060
187056
187058
187062
187062
187057
187052
187054
187056
187056
187051
187048
187049
187052
187054
187051
187048
187049
187052
187053
187048
187045
187046
187050
187052
187049
187047
187050
187054
187056
187050
187045
187046
187051
187053
187052
187050
187053
187057
187058
187053
187048
187049
187054
187056
187053
187050
187051
187055
187056
187050
187045
187046
187050
187052
187048
187044
187046
187051
187054
187051
187046
187046
187048
187048
187043
187040
187043
187047
187050
187045
187040
187042
187047
187049
187047
187044
187047
187053
187057
187053
187049
187049
187050
187051
187047
187042
187043
187048
187052
187049
187044
187045
187049
187051
187048
187046
187049
187055
187057
187054
187050
187051
187054
187054
187050
187046
187046
187048
187047
187044
187040
187044
187048
187051
187048
187045
187046
187049
187050
187046
187043
187045
187048
187051
187047
187044
187045
187048
187051
187047
187044
187044
187048
187048
187042
187039
187042
187046
187048
187045
187043
187044
187047
187048
187044
187040
187042
187045
187046
187043
187041
187043
187047
187047
187044
187040
187042
187045
187046
187042
187038
187039
187042
187043
187038
187035
187036
187039
187040
187036
187032
187034
187037
187037
187033
187030
187032
187038
187041
187040
187038
187041
187046
187047
187043
187039
187040
187042
187043
187041
187039
187042
187046
187047
187045
187041
187043
187046
187046
187042
187039
187042
187047
187050
187049
187047
187049
187051
187050
187046
187043
187045
187049
187051
187048
187044
187045
187048
187048
187044
187041
187043
187046
187049
187047
187045
187047
187051
187053
187048
187043
187044
187048
187050
187046
187041
187042
187047
187048
187045
187043
187045
187049
187050
187045
187041
187043
187046
187047
187044
187042
187046
187051
187052
187047
187044
187044
187045
187043
187039
187037
187042
187048
187051
187048
187045
187044
187046
187046
187043
187040
187044
187050
187052
187047
187043
187046
187049
187049
187044
187039
187040
187044
187045
187041
187040
187043
187047
187047
187043
187040
187041
187044
187043
187039
187035
187039
187042
187043
187038
187034
187036
187039
187039
187036
187032
187034
187038
187039
187035
187033
187035
187039
187039
187035
187032
187036
187040
187042
187040
187039
187045
187049
187049
187044
187041
187043
187047
187045
187040
187037
187041
187047
187048
187046
187042
187043
187045
187044
187038
187034
187036
187040
187041
187037
187034
187037
187039
187038
187033
187028
187031
187035
187036
187034
187032
187035
187039
187040
187037
187033
187036
187041
187042
187041
187038
187040
187043
187043
187039
187036
187038
187040
187039
187035
187031
187033
187036
187036
187031
187027
187030
187033
187032
187028
187027
187031
187035
187036
187032
187027
187027
187030
187030
187026
187024
187030
187035
187037
187033
187029
187032
187036
187035
187030
187027
187029
187032
187031
187027
187025
187030
187036
187037
187034
187031
187033
187035
187034
187031
187030
187034
187038
187039
187035
187033
187037
187040
187037
187030
187025
187028
187032
187034
187033
187033
187037
187041
187041
187035
187028
187030
187035
187036
187034
187032
187037
187043
187044
187040
187035
187037
187039
187037
187031
187027
187030
187035
187037
187034
187032
187036
187041
187041
187038
187037
187040
187043
187042
187037
187034
187037
187041
187041
187037
187034
187035
187038
187037
187033
187031
187035
187039
187039
187035
187032
187034
187036
187036
187033
187033
187035
187038
187037
187033
187030
187033
187036
187035
187031
187029
187033
187037
187035
187031
187028
187032
187036
187036
187032
187029
187032
187037
187039
187036
187034
187037
187040
187037
187032
187030
187035
187041
187041
187039
187036
187038
187041
187038
187032
187029
187032
187037
187036
187031
187028
187031
187035
187036
187032
187029
187030
187034
187035
187032
187031
187035
187040
187040
187036
187031
187032
187034
187033
187028
187026
187030
187034
187035
187032
187031
187035
187038
187036
187031
187028
187032
187036
187034
187029
187028
187033
187037
187035
187031
187026
187029
187032
187031
187027
187026
187031
187038
187039
187035
187032
187035
187037
187036
187031
187027
187029
187031
187030
187027
187023
187027
187031
187031
187028
187027
187032
187036
187034
187029
187024
187026
187031
187032
187030
187030
187035
187037
187034
187029
187026
187029
187032
187030
187025
187023
187027
187032
187032
187028
187026
187028
187031
187030
187026
187025
187030
187035
187035
187031
187030
187031
187033
187031
187027
187025
187029
187033
187033
187030
187030
187035
187039
187037
187032
187028
187030
187033
187031
187026
187022
187024
187028
187028
187025
187024
187028
187033
187032
187029
187028
187031
187033
187031
187026
187022
187025
187028
187027
187024
187023
187027
187031
187031
187028
187026
187028
187030
187026
187021
187017
187021
187027
187027
187025
187023
187026
187029
187026
187020
187016
187019
187022
187020
187017
187016
187020
187025
187025
187022
187019
187023
187026
187023
187018
187017
187022
187026
187024
187020
187017
187019
187023
187022
187018
187016
187019
187024
187024
187021
187018
187021
187024
187020
187015
187012
187015
187020
187021
187019
187019
187023
187027
187025
187021
187019
187023
187027
187026
187022
187019
187022
187025
187023
187020
187019
187023
187027
187026
187022
187020
187023
187026
187024
187020
187019
187022
187028
187028
187026
187024
187026
187028
187025
187020
187017
187021
187026
187025
187023
187023
187026
187030
187027
187022
187019
187023
187026
187024
187020
187019
187021
187024
187020
187015
187014
187019
187023
187021
187017
187015
187019
187022
187021
187019
187018
187020
187022
187018
187013
187012
187016
187020
187019
187015
187013
187016
187019
187018
187014
187014
187018
187022
187021
187019
187017
187020
187022
187021
187019
187017
187020
187024
187022
187019
187017
187022
187026
187024
187020
187019
187023
187027
187024
187019
187016
187018
187019
187017
187014
187013
187017
187022
187020
187018
187017
187020
187023
187020
187017
187014
187017
187019
187017
187014
187013
187018
187021
187017
187013
187010
187013
187015
187013
187012
187013
187017
187019
187017
187012
187011
187015
187019
187018
187015
187014
187018
187021
187018
187015
187014
187019
187023
187021
187018
187016
187018
187020
187016
187011
187011
187014
187018
187017
187014
187013
187018
187021
187013
187005
187002
187005
187008
187008
187005
187006
187011
187015
187013
187008
187007
187011
187014
187011
187008
187007
187011
187014
187012
187007
187006
187009
187012
187010
187005
187004
187010
187015
187014
187011
187009
187012
187015
187011
187008
187009
187012
187014
187012
187009
187009
187014
187017
187013
187006
187003
187007
187011
187010
187006
187007
187012
187016
187014
187010
187008
187011
187014
187013
187009
187007
187010
187015
187013
187013
187014
187019
187023
187021
187017
187016
187020
187023
187020
187016
187015
187018
187021
187019
187014
187010
187013
187017
187014
187011
187009
187012
187015
187012
187009
187009
187013
187017
187014
187011
187011
187017
187022
187020
187018
187018
187022
187025
187022
187018
187017
187021
187023
187020
187016
187017
187022
187025
187022
187019
187021
187025
187027
187026
187024
187025
187029
187030
187024
187019
187020
187024
187029
187026
187021
187019
187022
187025
187023
187019
187019
187023
187027
187025
187021
187019
187024
187028
187025
187019
187017
187020
187022
187019
187016
187017
187021
187025
187024
187021
187022
187026
187028
187024
187019
187018
187021
187023
187021
187018
187021
187026
187030
187027
187024
187024
187028
187030
187027
187023
187023
187026
187029
187026
187022
187020
187024
187026
187022
187018
187019
187023
187024
187020
187018
187019
187023
187026
187022
187018
187019
187022
187025
187022
187016
187015
187019
187021
187017
187013
187015
187020
187024
187021
187018
187018
187022
187027
187026
187024
187024
187026
187028
187024
187021
187020
187025
187028
187025
187022
187021
187025
187028
187024
187019
187018
187021
187025
187023
187019
187018
187024
187028
187025
187021
187021
187024
187026
187021
187016
187015
187019
187024
187025
187024
187027
187032
187035
187032
187028
187028
187031
187033
187028
187023
187023
187027
187031
187028
187025
187026
187032
187037
187036
187031
187030
187032
187034
187030
187027
187027
187032
187035
187033
187030
187031
187034
187037
187033
187029
187029
187030
187032
187029
187024
187022
187025
187027
187024
187020
187021
187024
187025
187023
187020
187021
187023
187025
187022
187018
187020
187026
187030
187028
187026
187030
187036
187037
187033
187028
187028
187031
187035
187034
187031
187032
187036
187039
187034
187030
187030
187034
187037
187035
187032
187033
187038
187042
187040
187036
187036
187039
187041
187036
187030
187029
187033
187036
187033
187030
187031
187033
187036
187032
187030
187032
187035
187038
187036
187034
187034
187037
187040
187036
187033
187033
187036
187037
187033
187027
187026
187029
187031
187027
187024
187026
187030
187033
187030
187027
187028
187031
187032
187028
187024
187025
187029
187031
187027
187024
187023
187027
187030
187026
187022
187023
187028
187031
187028
187025
187026
187031
187035
187033
187030
187034
187038
187038
187035
187031
187030
187031
187031
187028
187025
187025
187028
187032
187032
187030
187031
187035
187038
187035
187031
187031
187033
187037
187036
187033
187035
187038
187038
187031
187024
187023
187026
187027
187023
187020
187022
187027
187029
187027
187025
187027
187031
187034
187031
187028
187030
187035
187038
187035
187031
187031
187033
187035
187032
187030
187032
187036
187039
187036
187031
187030
187031
187033
187029
187024
187024
187027
187029
187026
187023
187027
187031
187031
187027
187023
187023
187026
187029
187026
187023
187026
187030
187034
187031
187028
187030
187033
187033
187028
187024
187026
187031
187036
187033
187031
187033
187037
187039
187036
187033
187036
187041
187044
187040
187035
187033
187034
187033
187027
187022
187024
187028
187031
187026
187021
187021
187023
187023
187017
187015
187019
187026
187030
187028
187024
187025
187028
187028
187024
187019
187018
187020
187020
187013
187004
187000
186999
186994
186984
186975
186970
186969
186965
186956
186947
186944
186942
186939
186933
186929
186929
186931
186932
186927
186924
186927
186932
186934
186932
186933
186938
186943
186946
186946
186946
186952
186961
186967
186968
186969
186976
186986
186993
186994
186995
187002
187011
187018
187017
187017
187024
187034
187040
187041
187043
187049
187055
187058
187056
187053
187057
187062
187064
187061
187057
187057
187059
187057
187050
187043
187040
187039
187035
187025
187016
187014
187012
187008
187000
186993
186991
186991
186988
186980
186974
186973
186975
186977
186974
186972
186975
186979
186980
186974
186967
186967
186968
186968
186964
186961
186964
186968
186969
186964
186959
186961
186964
186966
186962
186960
186965
186970
186971
186968
186966
186969
186972
186974
186972
186970
186974
186980
186983
186983
186984
186991
186998
187003
187000
186996
186997
186999
186999
186995
186990
186991
186995
186998
186995
186994
186998
187003
187006
187005
187004
187009
187015
187019
187017
187014
187015
187016
187014
187009
187006
187009
187015
187018
187016
187015
187020
187027
187031
187030
187028
187029
187030
187029
187021
187012
187010
187012
187012
187007
187003
187004
187008
187013
187014
187016
187022
187027
187029
187025
187020
187020
187023
187022
187015
187008
187008
187011
187012
187010
187008
187013
187020
187025
187024
187025
187029
187034
187033
187025
187015
187013
187012
187009
187003
187000
187003
187007
187011
187010
187010
187014
187019
187021
187017
187014
187017
187022
187023
187018
187014
187015
187015
187012
187006
187001
187003
187010
187012
187011
187012
187017
187023
187026
187025
187024
187027
187032
187032
187027
187022
187021
187022
187021
187016
187012
187016
187021
187023
187019
187016
187020
187025
187026
187022
187021
187026
187032
187033
187029
187026
187027
187029
187027
187022
187018
187020
187025
187027
187023
187022
187026
187031
187033
187028
187025
187028
187034
187035
187031
187027
187028
187032
187030
187023
187017
187019
187024
187026
187023
187022
187025
187029
187029
187025
187023
187026
187030
187031
187028
187025
187029
187033
187031
187026
187022
187023
187026
187026
187022
187017
187019
187022
187023
187019
187017
187021
187026
187028
187026
187023
187026
187029
187028
187023
187019
187021
187025
187027
187024
187022
187025
187029
187029
187024
187021
187025
187031
187033
187031
187029
187031
187034
187034
187029
187024
187026
187030
187029
187023
187020
187023
187026
187027
187025
187023
187026
187030
187029
187025
187022
187025
187030
187032
187028
187024
187027
187031
187034
187030
187026
187027
187031
187032
187029
187025
187029
187033
187033
187029
187028
187032
187037
187037
187032
187029
187031
187034
187034
187030
187025
187027
187029
187029
187027
187025
187029
187034
187032
187027
187024
187026
187029
187029
187025
187023
187027
187030
187030
187027
187025
187027
187031
187031
187028
187026
187029
187033
187033
187029
187028
187032
187038
187041
187039
187037
187041
187045
187043
187037
187033
187034
187039
187039
187034
187031
187034
187037
187034
187029
187024
187025
187028
187028
187024
187022
187026
187030
187032
187029
187027
187032
187037
187035
187029
187025
187029
187033
187033
187030
187028
187034
187039
187040
187037
187033
187036
187040
187039
187033
187030
187033
187036
187035
187029
187023
187025
187028
187028
187026
187026
187032
187036
187036
187030
187025
187027
187029
187027
187022
187018
187021
187025
187025
187021
187019
187025
187031
187032
187028
187025
187027
187030
187030
187025
187022
187026
187030
187032
187030
187028
187030
187033
187030
187024
187022
187024
187025
187024
187021
187018
187022
187026
187026
187022
187020
187022
187026
187026
187022
187019
187021
187024
187024
187020
187019
187023
187030
187032
187028
187023
187023
187026
187024
187020
187017
187021
187028
187029
187026
187024
187026
187028
187024
187019
187015
187018
187022
187022
187017
187015
187020
187024
187023
187019
187017
187020
187025
187024
187017
187012
187014
187017
187018
187015
187015
187020
187026
187025
187022
187022
187028
187034
187033
187028
187026
187028
187031
187030
187026
187023
187025
187029
187028
187025
187022
187026
187029
187026
187021
187020
187024
187028
187027
187023
187020
187023
187026
187025
187021
187018
187020
187023
187021
187016
187012
187015
187018
187016
187012
187008
187011
187013
187010
187004
186999
187000
187002
186999
186995
186993
187000
187008
187010
187006
187003
187007
187013
187014
187011
187009
187014
187017
187015
187011
187009
187011
187014
187011
187004
186999
187001
187004
187003
186998
186996
186999
187005
187005
187002
187000
187004
187008
187007
187002
186999
187002
187005
187004
187000
186998
187000
187004
187003
186999
186996
186998
187000
186998
186994
186991
186994
186998
186997
186993
186991
186995
187000
187000
186997
186996
187001
187006
187006
187004
187003
187005
187007
187006
187002
186999
187001
187003
187000
186994
186992
186995
187000
186999
186994
186992
186994
186998
186998
186995
186993
186996
186998
186996
186992
186990
186994
186999
186998
186995
186995
187000
187005
187005
187001
187000
187004
187008
187007
187004
187000
187002
187002
187001
186998
186998
187003
187009
187007
187001
186997
186999
187001
186999
186996
186996
187001
187004
187002
186997
186993
186996
186999
186996
186992
186990
186994
186998
186998
186995
186992
186993
186995
186992
186987
186985
186989
186993
186992
186987
186985
186988
186992
186991
186988
186988
186993
186996
186993
186988
186986
186990
186994
186993
186990
186990
186994
186998
186996
186992
186989
186993
186998
186999
186997
186995
186999
187003
187001
186996
186993
186996
187000
186997
186995
186994
186999
187003
187001
186996
186992
186994
186998
186997
186991
186987
186990
186993
186993
186990
186989
186992
186995
186994
186990
186987
186990
186994
186993
186988
186987
186992
186996
186995
186995
186995
187000
187005
187003
186997
186993
186995
186997
186995
186992
186990
186993
186997
186996
186994
186992
186996
186998
186995
186990
186987
186990
186995
186993
186988
186986
186989
186992
186989
186985
186982
186985
186989
186988
186985
186985
186989
186992
186990
186985
186982
186985
186988
186987
186984
186983
186989
186993
186991
186985
186981
186984
186987
186984
186980
186979
186985
186989
186985
186980
186978
186982
186984
186982
186980
186980
186984
186987
186984
186980
186978
186982
186985
186981
186976
186974
186977
186980
186979
186974
186972
186977
186979
186976
186971
186969
186971
186973
186972
186969
186967
186971
186974
186972
186968
186966
186971
186975
186975
186973
186973
186977
186981
186979
186974
186970
186971
186971
186967
186964
186964
186970
186975
186975
186972
186972
186975
186979
186977
186971
186968
186971
186974
186972
186968
186968
186971
186973
186969
186965
186962
186964
186964
186960
186955
186955
