186960
186966
186967
186965
186964
186968
186971
186969
186963
186961
186964
186967
186966
186963
186963
186968
186973
186971
186967
186966
186970
186975
186974
186970
186969
186974
186978
186976
186972
186972
186978
186981
186977
186972
186969
186970
186971
186966
186960
186959
186962
186965
186962
186959
186958
186963
186967
186964
186961
186961
186964
186967
186964
186960
186959
186962
186966
186965
186962
186963
186965
186969
186967
186964
186962
186965
186968
186966
186961
186960
186962
186964
186961
186957
186955
186958
186961
186958
186954
186953
186956
186961
186960
186957
186956
186961
186966
186964
186960
186958
186963
186968
186965
186960
186958
186962
186965
186962
186958
186956
186959
186962
186960
186957
186956
186961
186964
186963
186960
186958
186961
186964
186961
186956
186955
186958
186962
186960
186956
186954
186958
186963
186961
186956
186952
186954
186955
186950
186945
186943
186947
186952
186952
186951
186949
186953
186957
186955
186952
186952
186956
186960
186958
186954
186951
186954
186957
186955
186950
186949
186953
186955
186953
186949
186947
186949
186952
186950
186947
186946
186950
186954
186953
186949
186948
186950
186952
186949
186944
186942
186945
186949
186947
186944
186945
186952
186955
186952
186949
186949
186953
186957
186954
186950
186949
186953
186955
186951
186947
186947
186950
186953
186950
186947
186948
186952
186954
186950
186944
186942
186945
186950
186949
186946
186945
186948
186952
186949
186945
186944
186946
186948
186946
186943
186944
186948
186951
186949
186947
186947
186950
186950
186946
186942
186940
186943
186946
186944
186942
186943
186949
186952
186950
186946
186944
186947
186952
186951
186948
186945
186948
186951
186947
186942
186939
186939
186941
186939
186935
186935
186939
186944
186944
186940
186941
186945
186947
186943
186938
186936
186940
186943
186941
186938
186937
186941
186944
186942
186939
186939
186946
186951
186948
186944
186944
186949
186952
186948
186944
186945
186950
186954
186951
186946
186945
186949
186952
186950
186948
186949
186951
186952
186950
186947
186947
186950
186952
186947
186943
186942
186946
186948
186945
186941
186940
186945
186950
186949
186945
186943
186946
186948
186944
186940
186942
186946
186948
186944
186939
186938
186941
186944
186940
186936
186934
186938
186942
186940
186937
186936
186939
186941
186937
186934
186937
186942
186945
186942
186939
186939
186943
186946
186943
186939
186939
186942
186943
186939
186934
186935
186940
186944
186940
186936
186936
186940
186942
186938
186934
186934
186939
186943
186942
186939
186939
186941
186942
186937
186932
186932
186935
186939
186938
186935
186936
186940
186943
186937
186932
186931
186935
186939
186937
186934
186934
186938
186943
186941
186939
186939
186942
186945
186942
186938
186939
186944
186948
186944
186940
186938
186941
186944
186940
186936
186935
186939
186943
186943
186941
186941
186946
186949
186945
186940
186939
186942
186945
186942
186939
186938
186942
186946
186943
186938
186936
186938
186940
186936
186932
186931
186935
186939
186936
186930
186930
186932
186934
186931
186928
186929
186934
186938
186936
186933
186934
186938
186942
186937
186933
186933
186938
186941
186938
186935
186935
186937
186939
186935
186931
186931
186934
186938
186936
186932
186933
186936
186938
186936
186933
186935
186939
186941
186938
186935
186934
186938
186941
186938
186936
186937
186941
186944
186941
186938
186937
186940
186941
186937
186934
186934
186938
186941
186937
186933
186933
186937
186941
186939
186935
186935
186938
186940
186936
186932
186934
186939
186943
186941
186938
186937
186938
186938
186933
186929
186929
186933
186937
186934
186930
186929
186933
186935
186930
186925
186925
186929
186932
186930
186927
186928
186933
186935
186931
186928
186928
186934
186936
186935
186935
186937
186941
186945
186941
186937
186935
186940
186942
186939
186936
186937
186943
186947
186945
186941
186941
186945
186948
186943
186935
186931
186932
186934
186930
186926
186927
186932
186934
186931
186928
186931
186936
186940
186937
186934
186935
186939
186943
186940
186935
186935
186938
186940
186936
186932
186934
186939
186942
186938
186934
186934
186939
186941
186938
186934
186933
186935
186936
186933
186930
186931
186935
186937
186934
186930
186931
186934
186935
186929
186924
186923
186926
186928
186926
186922
186924
186930
186934
186932
186930
186932
186936
186939
186935
186930
186930
186934
186937
186934
186931
186933
186937
186940
186937
186934
186935
186937
186939
186935
186933
186934
186938
186940
186936
186933
186934
186938
186940
186936
186934
186936
186940
186943
186940
186935
186934
186937
186940
186938
186938
186941
186947
186950
186945
186941
186942
186946
186949
186945
186941
186942
186946
186948
186944
186939
186939
186944
186948
186944
186940
186940
186943
186945
186942
186938
186938
186943
186946
186942
186939
186940
186944
186946
186943
186938
186936
186938
186939
186934
186929
186929
186933
186936
186932
186927
186927
186931
186934
186930
186926
186928
186933
186937
186935
186933
186935
186940
186943
186940
186934
186934
186937
186939
186936
186933
186933
186937
186941
186939
186937
186939
186942
186943
186938
186933
186933
186936
186938
186933
186928
186927
186930
186931
186927
186924
186926
186930
186934
186933
186933
186935
186937
186938
186933
186929
186929
186934
186936
186933
186930
186931
186935
186937
186932
186927
186928
186932
186934
186932
186928
186928
186930
186932
186929
186924
186924
186927
186929
186927
186923
186924
186928
186931
186930
186928
186930
186936
186939
186938
186936
186938
186942
186944
186939
186935
186936
186938
186939
186936
186931
186932
186937
186941
186937
186934
186937
186943
186945
186942
186938
186939
186942
186944
186942
186940
186942
186945
186947
186944
186939
186938
186942
186943
186938
186933
186933
186936
186938
186934
186932
186933
186936
186938
186934
186930
186930
186933
186933
186928
186925
186926
186932
186934
186929
186926
186927
186932
186936
186933
186929
186929
186934
186938
186934
186931
186934
186938
186940
186935
186930
186929
186931
186930
186925
186923
186925
186931
186935
186932
186927
186928
186932
186933
186929
186926
186929
186934
186937
186934
186931
186933
186937
186940
186937
186934
186934
186937
186937
186934
186930
186930
186935
186939
186936
186932
186932
186935
186936
186931
186928
186929
186933
186937
186935
186932
186934
186940
186943
186941
186936
186936
186938
186940
186936
186930
186931
186935
186939
186936
186934
186938
186943
186946
186942
186938
186936
186938
186939
186934
186930
186931
186934
186936
186934
186930
186932
186937
186938
186936
186933
186933
186935
186934
186928
186921
186922
186927
186930
186929
186927
186929
186934
186938
186935
186931
186931
186933
186934
186929
186924
186927
186932
186935
186933
186930
186933
186939
186943
186942
186940
186942
186945
186947
186944
186942
186943
186947
186949
186945
186939
186938
186940
186938
186931
186925
186925
186928
186930
186926
186922
186925
186930
186933
186930
186927
186930
186933
186935
186932
186929
186930
186933
186935
186934
186931
186934
186938
186940
186936
186932
186933
186937
186939
186936
186933
186936
186940
186942
186939
186935
186936
186938
186940
186936
186931
186934
186940
186943
186940
186936
186938
186942
186944
186940
186937
186938
186942
186944
186940
186937
186942
186949
186952
186948
186945
186946
186949
186950
186945
186940
186942
186946
186947
186943
186940
186942
186946
186948
186945
186940
186942
186944
186945
186941
186939
186942
186945
186947
186942
186937
186938
186942
186944
186941
186941
186945
186952
186955
186952
186947
186947
186950
186951
186947
186944
186947
186953
186956
186953
186949
186950
186952
186952
186948
186943
186946
186950
186952
186949
186945
186947
186950
186951
186946
186940
186941
186943
186944
186941
186938
186941
186946
186948
186945
186942
186943
186945
186945
186942
186939
186942
186946
186949
186946
186943
186944
186945
186946
186942
186939
186940
186944
186946
186941
186937
186938
186941
186942
186938
186935
186938
186942
186945
186943
186940
186943
186945
186946
186942
186939
186942
186945
186944
186938
186934
186936
186940
186940
186936
186932
186934
186937
186938
186936
186934
186938
186943
186945
186941
186937
186937
186938
186939
186935
186932
186935
186939
186941
186935
186931
186932
186935
186936
186933
186932
186936
186941
186943
186938
186934
186937
186941
186940
186936
186934
186936
186939
186938
186934
186929
186930
186934
186934
186931
186929
186933
186938
186941
186938
186935
186938
186942
186942
186936
186930
186930
186934
186936
186933
186931
186933
186937
186938
186935
186932
186935
186938
186939
186934
186930
186930
186933
186934
186928
186923
186924
186928
186930
186927
186922
186923
186926
186926
186921
186918
186920
186923
186923
186920
186916
186920
186925
186927
186925
186921
186926
186930
186931
186926
186921
186921
186924
186926
186922
186917
186918
186922
186925
186922
186920
186923
186928
186930
186928
186924
186926
186930
186930
186927
186925
186928
186931
186931
186927
186922
186924
186928
186928
186925
186922
186924
186928
186929
186924
186920
186923
186928
186928
186924
186921
186924
186929
186930
186926
186922
186924
186928
186930
186926
186921
186923
186928
186930
186928
186925
186927
186932
186933
186928
186924
186925
186928
186930
186928
186926
186930
186935
186935
186931
186926
186926
186929
186931
186928
186925
186927
186931
186932
186929
186926
186929
186933
186934
186930
186928
186930
186932
186932
186926
186922
186926
186931
186933
186930
186925
186927
186930
186930
186927
186924
186926
186930
186931
186928
186925
186928
186933
186934
186929
186925
186927
186932
186934
186930
186927
186931
186937
186939
186935
186932
186934
186937
186937
186933
186931
186934
186937
186938
186933
186929
186930
186934
186934
186930
186926
186929
186932
186933
186929
186926
186928
186932
186933
186930
186927
186929
186931
186931
186927
186925
186930
186935
186936
186932
186927
186928
186931
186931
186927
186924
186926
186931
186932
186928
186923
186924
186927
186928
186923
186920
186922
186925
186928
186924
186920
186923
186927
186928
186923
186920
186922
186925
186925
186921
186918
186919
186923
186924
186921
186918
186921
186925
186926
186921
186918
186921
186926
186927
186921
186916
186918
186924
186928
186927
186925
186927
186931
186931
186927
186924
186925
186927
186927
186923
186921
186923
186926
186927
186923
186918
186917
186918
186917
186911
186907
186910
186914
186916
186912
186908
186909
186912
186911
186904
186899
186901
186907
186909
186907
186904
186908
186912
186914
186911
186907
186908
186912
186913
186910
186908
186910
186913
186913
186910
186907
186910
186913
186913
186909
186906
186909
186913
186913
186910
186909
186912
186917
186918
186915
186913
186915
186918
186918
186915
186910
186911
186916
186917
186914
186912
186916
186920
186922
186919
186916
186920
186924
186925
186921
186918
186922
186925
186924
186920
186917
186920
186925
186927
186924
186920
186920
186924
186924
186919
186916
186920
186924
186924
186923
186919
186920
186922
186921
186917
186913
186915
186918
186918
186915
186912
186915
186919
186921
186920
186918
186921
186927
186928
186924
186922
186926
186931
186934
186931
186928
186930
186933
186933
186929
186925
186927
186930
186929
186925
186921
186924
186928
186927
186923
186920
186923
186927
186928
186923
186919
186920
186923
186923
186919
186916
186920
186926
186928
186927
186927
186931
186935
186936
186932
186929
186930
186933
186932
186929
186926
186929
186933
186933
186928
186922
186925
186930
186930
186926
186924
186926
186929
186928
186923
186919
186922
186926
186926
186920
186915
186918
186923
186924
186921
186920
186924
186927
186926
186920
186916
186918
186923
186924
186921
186918
186921
186926
186927
186924
186921
186924
186927
186927
186922
186918
186922
186928
186929
186926
186922
186924
186927
186926
186920
186916
186918
186922
186923
186919
186916
186916
186919
186919
186914
186910
186911
186915
186915
186912
186910
186913
186917
186917
186915
186914
186918
186923
186925
186920
186916
186919
186923
186923
186920
186916
186920
186925
186926
186921
186917
186920
186923
186923
186918
186913
186915
186919
186919
186916
186912
186914
186918
186918
186914
186913
186917
186921
186924
186922
186921
186926
186931
186931
186927
186924
186926
186929
186929
186925
186922
186924
186927
186927
186922
186918
186918
186920
186920
186917
186914
186917
186923
186924
186922
186920
186921
186924
186923
186919
186916
186919
186924
186925
186921
186919
186921
186926
186926
186920
186916
186918
186922
186924
186923
186919
186920
186923
186924
186921
186918
186921
186924
186924
186920
186917
186919
186924
186924
186919
186916
186919
186921
186921
186918
186915
186919
186925
186926
186922
186919
186920
186922
186919
186913
186910
186914
186920
186923
186920
186919
186922
186926
186926
186921
186917
186918
186922
186921
186917
186914
186917
186920
186921
186919
186918
186921
186924
186925
186921
186918
186922
186928
186929
186925
186920
186922
186924
186922
186919
186917
186920
186923
186924
186921
186920
186922
186923
186922
186917
186914
186918
186923
186924
186923
186921
186924
186927
186925
186920
186916
186918
186921
186922
186921
186920
186925
186928
186928
186925
186922
186925
186929
186930
186927
186924
186926
186929
186929
186925
186920
186922
186925
186925
186922
186919
186920
186923
186923
186919
186918
186921
186926
186924
186918
186915
186917
186921
186921
186919
186917
186922
186927
186928
186924
186920
186922
186926
186926
186923
186921
186925
186929
186929
186926
186922
186923
186925
186923
186919
186915
186917
186922
186923
186920
186917
186919
186922
186921
186917
186914
186918
186922
186923
186919
186916
186920
186925
186925
186919
186914
186917
186921
186921
186917
186914
186917
186921
186921
186918
186916
186919
186923
186924
186920
186918
186921
186925
186924
186919
186915
186916
186917
186917
186913
186911
186915
186921
186922
186919
186916
186920
186925
186926
186924
186921
186924
186928
186927
186922
186919
186922
186925
186925
186921
186918
186920
186923
186921
186917
186913
186916
186920
186921
186919
186918
186922
186926
186925
186921
186917
186918
186920
186920
186917
186918
186924
186929
186928
186924
186920
186920
186922
186921
186919
186917
186921
186925
186925
186921
186920
186924
186929
186927
186924
186923
186927
186931
186932
186929
186926
186929
186932
186929
186923
186921
186924
186928
186929
186926
186923
186926
186929
186929
186926
186923
186927
186930
186929
186923
186919
186921
186925
186923
186918
186915
186919
186924
186925
186923
186923
186928
186932
186931
186926
186921
186923
186925
186925
186924
186923
186927
186930
186929
186924
186918
186919
186923
186922
186918
186918
186922
186927
186927
186923
186919
186923
186927
186927
186924
186922
186925
186928
186927
186922
186918
186922
186927
186927
186924
186923
186928
186933
186933
186929
186926
186928
186930
186927
186922
186919
186922
186925
186925
186922
186919
186922
186925
186925
186922
186921
186924
186928
186926
186920
186917
186921
186924
186923
186919
186915
186916
186918
186918
186915
186914
186917
186921
186920
186914
186910
186913
186917
186918
186914
186912
186916
186920
186919
186915
186913
186918
186923
186923
186919
186916
186917
186920
186919
186914
186911
186915
186918
186916
186912
186909
186912
186916
186916
186913
186909
186912
186916
186915
186912
186909
186913
186919
186920
186918
186916
186920
186925
186926
186923
186920
186923
186927
186927
186926
186924
186927
186931
186930
186925
186922
186925
186927
186925
186921
186919
186921
186925
186925
186922
186920
186924
186928
186927
186922
186918
186921
186924
186922
186918
186915
186918
186923
186924
186922
186921
186926
186931
186932
186931
186929
186931
186934
186934
186930
186928
186930
186933
186930
186923
186920
186925
186931
186932
186928
186924
186926
186928
186926
186921
186917
186919
186922
186921
186917
186915
186920
186924
186922
186916
186911
186914
186919
186921
186920
186919
186922
186926
186927
186923
186919
186921
186925
186924
186920
186918
186920
186922
186919
186914
186910
186912
186915
186913
186910
186909
186911
186915
186913
186907
186904
186908
186914
186914
186912
186910
186914
186918
186917
186913
186910
186914
186920
186920
186916
186912
186914
186918
186918
186916
186914
186918
186922
186920
186916
186913
186916
186919
186919
186916
186914
186918
186922
186922
186917
186912
186915
186918
186916
186912
186911
186915
186919
186918
186915
186914
186917
186920
186920
186916
186914
186918
186921
186920
186916
186913
186916
186918
186917
186913
186910
186912
186915
186914
186910
186907
186910
186915
186914
186909
186907
186912
186916
186916
186914
186912
186916
186919
186919
186915
186911
186915
186920
186921
186917
186916
186921
186924
186923
186919
186916
186921
186925
186925
186922
186920
186924
186929
186928
186923
186921
186925
186928
186928
186924
186920
186922
186926
186925
186922
186919
186921
186925
186923
186918
186914
186916
186918
186915
186911
186908
186912
186916
186916
186914
186913
186916
186920
186919
186915
186915
186919
186924
186924
186920
186917
186921
186923
186921
186917
186915
186920
186925
186925
186920
186915
186919
186924
186923
186921
186920
186924
186928
186929
186926
186922
186924
186927
186926
186923
186922
186926
186928
186927
186922
186918
186920
186924
186924
186922
186920
186923
186927
186927
186924
186923
186927
186929
186928
186924
186922
186926
186930
186929
186925
186922
186925
186927
186925
186920
186916
186919
186924
186923
186920
186918
186922
186927
186929
186928
186928
186934
186939
186938
186935
186933
186935
186939
186937
186932
186929
186932
186935
186934
186931
186929
186932
186936
186934
186929
186926
186929
186933
186932
186927
186924
186928
186931
186931
186927
186925
186929
186933
186933
186930
186926
186928
186932
186931
186927
186925
186928
186931
186930
186925
186923
186927
186933
186932
186928
186927
186932
186935
186935
186932
186930
186933
186936
186933
186929
186927
186930
186934
186933
186929
186925
186927
186929
186926
186922
186920
186924
186927
186926
186922
186919
186921
186923
186919
186915
186913
186915
186917
186916
186912
186910
186915
186919
186918
186914
186910
186913
186918
186918
186914
186913
186918
186921
186921
186917
186915
186918
186921
186919
186915
186913
186916
186921
186921
186919
186915
186916
186918
186917
186911
186907
186909
186912
186913
186912
186910
186914
186917
186915
186912
186910
186912
186913
186911
186906
186903
186905
186908
186906
186903
186903
186908
186914
186915
186912
186909
186912
186916
186915
186911
186908
186912
186916
186914
186909
186906
186909
186913
186911
186908
186907
186911
186916
186914
186909
186907
186910
186914
186911
186907
186903
186905
186905
186901
186895
186893
186897
186903
186905
186904
186905
186913
186920
186922
186922
186922
186926
186929
186926
186920
186917
186918
186919
186918
186915
186913
186916
186917
186915
186911
186909
186913
186917
186916
186914
186913
186916
186920
186919
186914
186911
186915
186918
186917
186914
186913
186917
186919
186919
186916
186913
186915
186918
186917
186912
186909
186914
186916
186914
186908
186908
186911
186912
186911
186906
186904
186906
186908
186906
186901
186898
186900
186904
186902
186899
186897
186900
186902
186901
186897
186894
186896
186898
186895
186887
186881
186883
186886
186884
186880
186879
186882
186889
186887
186882
186879
186882
186886
186884
186881
186879
186883
186885
186884
186880
186878
186881
186885
186882
186876
186872
186875
186879
186879
186876
186874
186879
186884
186882
186878
186877
186878
186881
186879
186876
186874
186879
186883
186882
186879
186878
186880
186884
186882
186876
186874
186880
186885
186885
186883
186881
186885
186888
186885
186879
186875
186878
186882
186882
186879
186877
186879
186882
186880
186876
186873
186877
186881
186880
186877
186876
186879
186882
186880
186877
186876
186879
186881
186879
186873
186871
186875
186879
186876
186872
186869
186873
186876
186874
186870
186867
186871
186874
186871
186865
186862
186865
186869
186867
186862
186860
186864
186867
186865
186860
186857
186858
186861
186858
186853
186850
186853
186857
186857
186853
186851
186853
186857
186857
186853
186852
186856
186861
186859
186854
186850
186854
186857
186854
186849
186844
186846
186850
186848
186843
186841
186844
186847
186846
186843
186841
186844
186848
186846
186843
186841
186846
186850
186849
186845
186843
186847
186849
186847
186844
186844
186847
186851
186850
186845
186841
186844
186849
186849
186846
186844
186848
186852
186850
186846
186845
186848
186852
186851
186848
186846
186852
186855
186853
186847
186845
186848
186851
186848
186845
186844
186848
186851
186849
186845
186842
186845
186851
186852
186850
186849
186854
186859
186857
186852
186851
186853
186855
186854
186850
186850
186854
186859
186859
186855
186852
186854
186856
186854
186851
186851
186857
186862
186861
186855
186852
186853
186856
186855
186853
186851
186855
186858
186855
186851
186851
186855
186859
186858
186854
186852
186855
186858
186857
186852
186850
186853
186855
186853
186850
186849
186853
186858
186858
186855
186853
186857
186860
186859
186856
186854
186856
186859
186858
186854
186852
186855
186858
186856
186852
186851
186854
186857
186856
186851
186849
186851
186853
186850
186846
186844
186847
186851
186850
186848
186847
186851
186855
186852
186847
186842
186843
186844
186842
186838
186837
186841
186846
186847
186845
186846
186852
186858
186856
186851
186850
186853
186856
186855
186852
186850
186852
186855
186851
186844
186840
186842
186844
186842
186839
186837
186841
186843
186840
186836
186834
186837
186840
186837
186832
186829
186833
186838
186838
186835
186834
186838
186841
186841
186839
186839
186844
186848
186847
186845
186845
186849
186853
186850
186845
186844
186849
186853
186852
186848
186845
186849
186853
186852
186848
186845
186848
186852
186852
186848
186846
186850
186854
186851
186846
186844
186848
186850
186848
186844
186841
186844
186847
186844
186839
186837
186841
186845
186843
186841
186839
186842
186846
186844
186840
186837
186840
186844
186842
186839
186837
186842
186847
186847
186844
186842
186844
186846
186843
186838
186835
186839
186843
186841
186838
186836
186840
186843
186840
186836
186835
186839
186844
186843
186840
186839
186844
186850
186848
186843
186843
186848
186854
186854
186852
186851
186857
186862
186861
186858
186859
186862
186866
186865
186861
186860
186865
186868
186867
186864
186864
186869
186874
186874
186870
186869
186874
186877
186874
186869
186868
186871
186875
186874
186870
186869
186872
186875
186872
186867
186865
186868
186871
186868
186863
186860
186865
186867
186864
186858
186856
186860
186863
186860
186856
186856
186859
186864
186864
186860
186858
186861
186865
186863
186859
186856
186861
186865
186863
186858
186855
186856
186858
186854
186850
186848
186852
186855
186854
186849
186847
186850
186852
186849
186844
186842
186845
186848
186846
186842
186841
186844
186847
186845
186842
186841
186844
186848
186847
186844
186842
186847
186851
186848
186845
186845
186850
186853
186849
186843
186839
186843
186847
186846
186844
186844
186849
186852
186850
186844
186842
186845
186846
186844
186840
186838
186842
186845
186845
186843
186841
186845
186848
186846
186841
186840
186844
186848
186847
186845
186844
186849
186854
186852
186847
186845
186848
186851
186849
186846
186845
186849
186852
186849
186845
186844
186849
186852
186850
186845
186843
186847
186851
186849
186846
186844
186849
186853
186851
186846
186844
186847
186850
186848
186845
186843
186845
186848
186845
186841
186841
186844
186846
186843
186839
186838
186843
186847
186848
186845
186843
186846
186849
186846
186840
186838
186842
186846
186844
186839
186837
186842
186846
186843
186838
186837
186842
186845
186842
186838
186837
186841
186843
186840
186835
186832
186834
186839
186840
186839
186839
186844
186848
186846
186841
186839
186843
186848
186846
186841
186838
186841
186843
186842
186839
186838
186841
186845
186843
186841
186840
186844
186848
186845
186840
186838
186841
186843
186842
186838
186837
186841
186846
186845
186842
186840
186843
186845
186843
186840
186837
186840
186844
186844
186841
186840
186845
186851
186848
186842
186840
186843
186846
186844
186840
186839
186844
186848
186847
186845
186843
186846
186849
186847
186843
186842
186846
186849
186848
186844
186843
186847
186851
186850
186845
186843
186846
186850
186849
186846
186846
186851
186855
186855
186852
186850
186853
186855
186851
186847
186844
186848
186852
186850
186848
186848
186852
186856
186854
186850
186847
186851
186854
186852
186849
186850
186854
186857
186855
186850
186847
186850
186853
186850
186845
186844
186849
186852
186849
186846
186845
186849
186852
186850
186847
186845
186849
186852
186849
186844
186842
186847
186852
186850
186847
186848
186853
186857
186854
186850
186849
186853
186857
186855
186851
186850
186854
186858
186856
186854
186855
186860
186862
186860
186855
186852
186856
186858
186856
186852
186852
186855
186858
186856
186853
186853
186855
186857
186855
186851
186849
186851
186854
186853
186850
186851
186855
186858
186855
186850
186848
186851
186853
186850
186845
186845
186851
186856
186855
186852
186851
186853
186857
186856
186852
186850
186855
186858
186854
186851
186850
186856
186859
186855
186851
186850
186854
186858
186856
186852
186852
186855
186857
186856
186854
186854
186859
186862
186858
186853
186852
186856
186859
186859
186858
186858
186862
186865
186862
186859
186857
186859
186862
186860
186855
186853
186856
186860
186857
186853
186852
186857
186860
186860
186856
186856
186862
186865
186863
186859
186857
186859
186862
186860
186855
186853
186856
186860
186859
186856
186856
186860
186863
186860
186858
186857
186860
186863
186860
186856
186855
186859
186863
186862
186859
186858
186860
186862
186859
186855
186854
186859
186863
186860
186854
186851
186855
186859
186858
186854
186853
186858
186862
186861
186858
186856
186859
186860
186857
186854
186853
186856
186861
186858
186852
186850
186853
186856
186853
186849
186847
186852
186856
186855
186849
186848
186854
186859
186856
186851
186850
186854
186857
186854
186849
186849
186853
186857
186856
186853
186853
186856
186859
186856
186851
186849
186852
186856
186852
186848
186848
186851
186854
186851
186847
186846
186850
186855
186852
186848
186849
186853
186855
186853
186849
186848
186853
186857
186855
186852
186851
186854
186858
186856
186852
186851
186853
186855
186854
186850
186848
186853
186857
186854
186851
186852
186856
186859
186857
186853
186851
186856
186860
186856
186851
186849
186852
186855
186854
186852
186852
186855
186858
186854
186849
186847
186850
186853
186852
186849
186848
186851
186855
186853
186849
186848
186852
186854
186851
186849
186848
186852
186855
186853
186850
186852
186858
186863
186860
186856
186854
186857
186860
186858
186854
186853
186857
186860
186858
186853
186851
186852
186852
186849
186846
186845
186849
186853
186852
186850
186850
186855
186860
186859
186856
186854
186857
186861
186859
186855
186855
186859
186863
186861
186858
186857
186860
186862
186860
186856
186856
186859
186862
186861
186858
186856
186860
186864
186861
186858
186859
186863
186865
186861
186856
186854
186858
186861
186858
186854
186854
186858
186862
186860
186855
186856
186862
186868
186866
186860
186858
186861
186865
186863
186858
186857
186862
186866
186865
186861
186862
186866
186871
186869
186867
186869
186875
186879
186877
186874
186873
186877
186881
186881
186878
186878
186883
186885
186881
186876
186875
186880
186885
186884
186883
186883
186887
186888
186885
186880
186878
186881
186883
186881
186878
186878
186883
186887
186883
186881
186879
186881
186884
186880
186875
186874
186879
186882
186879
186874
186874
186878
186883
186882
186878
186877
186880
186884
186882
186878
186876
186878
186881
186878
186875
186875
186882
186885
186882
186877
186877
186881
186884
186884
186882
186881
186883
186884
186879
186874
186873
186876
186879
186878
186875
186875
186879
186881
186878
186873
186872
186876
186880
186879
186877
186876
186877
186879
186878
186876
186877
186880
186883
186882
186878
186877
186881
186884
186881
186877
186877
186881
186884
186881
186877
186875
186879
186882
186881
186878
186877
186880
186884
186881
186876
186874
186876
186880
186878
186875
186874
186877
186880
186878
186875
186876
186879
186882
186880
186875
186873
186877
186881
186880
186877
186877
186881
186885
186883
186880
186881
186885
186888
186885
186880
186879
186883
186886
186883
186876
186873
186874
186877
186875
186875
186876
186881
186885
186884
186880
186878
186881
186883
186877
186871
186868
186869
186870
186866
186859
186856
186858
186860
186855
186849
186846
186847
186847
186842
186838
186838
186843
186846
186845
186843
186845
186852
186858
186859
186859
186863
186871
186877
186878
186876
186878
186884
186888
186888
186885
186886
186892
186897
186896
186892
186892
186897
186900
186897
186895
186897
186901
186904
186900
186895
186894
186897
186899
186895
186890
186889
186892
186894
186891
186885
186880
186881
186883
186879
186874
186871
186873
186875
186870
186864
186861
186862
186864
186860
186855
186852
186854
186855
186849
186842
186838
186838
186837
186833
186828
186826
186828
186832
186832
186830
186832
186838
186843
186842
186839
186840
186845
186850
186849
186847
186846
186850
186852
186848
186843
186841
186844
186847
186844
186840
186842
186848
186854
186855
186853
186852
186856
186860
186857
186852
186849
186851
186852
186847
186843
186841
186845
186848
186846
186845
186846
186853
186860
186860
186860
186862
186868
186873
186871
186867
186866
186870
186874
186874
186873
186874
186880
186886
186885
186882
186882
186886
186890
186889
186886
186885
186886
186889
186886
186882
186880
186882
186885
186884
186879
186878
186882
186886
186885
186882
186883
186889
186894
186894
186892
186894
186901
186906
186905
186901
186899
186901
186900
186895
186888
186884
186885
186886
186881
186877
186874
186877
186879
186877
186874
186875
186879
186882
186882
186882
186882
186884
186887
186885
186882
186884
186892
186901
186903
186903
186907
186913
186918
186918
186915
186915
186920
186922
186918
186916
186917
186922
186925
186922
186918
186918
186919
186921
186919
186914
186911
186914
186914
186911
186905
186902
186902
186903
186896
186887
186882
186881
186879
186870
186861
186854
186854
186852
186845
186836
186831
186831
186830
186825
186817
186814
186816
186818
186814
186808
186803
186805
186809
186807
186802
186799
186803
186805
186803
186800
186801
186807
186812
186812
186810
186813
186821
186829
186831
186831
186833
186838
186841
186837
186832
186831
186835
186839
186839
186838
186841
186850
186859
186861
186862
186865
186870
186873
186868
186864
186864
186869
186873
186870
186869
186869
186874
186878
186877
186874
186876
186882
186885
186884
186882
186881
186886
186889
186886
186882
186881
186884
186884
186879
186875
186877
186885
186890
186890
186888
186887
186891
186896
186894
186889
186887
186890
186890
186886
186884
186883
186887
186891
186889
186886
186887
186892
186895
186891
186885
186881
186881
186881
186878
186875
186876
186884
186892
186893
186893
186895
186901
186905
186904
186900
186897
186900
186901
186896
186890
186888
186891
186891
186887
186883
186883
186888
186891
186889
186882
186879
186880
186882
186876
186869
186866
186869
186872
186867
186864
186864
186869
186874
186875
186874
186877
186883
186888
186887
186882
186881
186884
186885
186881
186875
186873
186876
186878
186874
186871
186872
186876
186878
186874
186869
186867
186868
186870
186865
186859
186857
186861
186865
186862
186858
186857
186861
186865
186863
186861
186862
186868
186873
186873
186870
186869
186872
186874
186870
186866
186865
186870
186873
186870
186869
186870
186875
186877
186875
186872
186872
186874
186875
186872
186867
186866
186868
186871
186869
186865
186865
186869
186873
186871
186868
186868
186872
186874
186870
186866
186864
186867
186869
186865
186861
186863
186867
186870
186868
186866
186865
186869
186872
186867
186860
186857
186859
186861
186859
186857
186858
186864
186868
186865
186862
186860
186864
186867
186863
186859
186858
186862
186867
186867
186865
186865
186869
186873
186869
186865
186864
186868
186870
186869
186865
186863
186866
186868
186866
186865
186867
186872
186876
186874
186870
186869
186872
186874
186869
186864
186864
186870
186875
186874
186872
186872
186875
186876
186871
186866
186864
186867
186871
186869
186866
186865
186869
186873
186870
186865
186863
186867
186869
186867
186864
186864
186868
186872
186870
186867
186865
186866
186868
186862
186856
186856
186861
186865
186863
186861
186862
186866
186870
186866
186860
186859
186863
186865
186863
186860
186860
186865
186868
186865
186860
186859
186862
186865
186862
186856
186854
186857
186862
186860
186855
186855
186860
186864
186862
186858
186858
186863
186866
186862
186857
186857
186861
186865
186863
186859
186858
186861
186864
186860
186855
186853
186856
186859
186856
186851
186850
186853
186856
186854
186850
186849
186852
186855
186853
186850
186850
186854
186857
186855
186852
186853
186859
186865
186862
186859
186858
186861
186864
186860
186857
186857
186860
186863
186860
186857
186856
186859
186861
186858
186854
186852
186855
186857
186854
186848
186848
186852
186855
186852
186848
186847
186851
186854
186851
186847
186846
186850
186854
186853
186850
186850
186854
186857
186855
186854
186855
186860
186866
186866
186864
186865
186869
186872
186869
186864
186861
186864
186865
186860
186855
186853
186856
186858
186854
186850
186849
186853
186856
186854
186852
186853
186858
186863
186860
186856
186855
186859
186864
186863
186860
186859
186862
186864
186862
186857
186855
186858
186860
186856
186853
186853
186858
186864
186863
186861
186861
186864
186867
186863
186858
186856
186860
186861
186857
186852
186850
186853
186856
186854
186852
186854
186860
186865
186862
186857
186856
186859
186861
186857
186853
186853
186858
186861
186858
186854
186852
186856
186858
186855
186852
186851
186855
186858
186855
186852
186852
186856
186858
186855
186850
186849
186851
186853
186850
186847
186848
186852
186856
186854
186851
186849
186853
186857
186853
186848
186847
186850
186852
186850
186845
186844
186847
186851
186849
186845
186845
186850
186855
186852
186847
186846
186851
186853
186850
186846
186844
186849
186853
186851
186848
186849
186854
186855
186853
186849
186848
186853
186857
186856
186854
186855
186860
186862
186858
186852
186851
186854
186858
186854
186849
186849
186853
186857
186856
186852
186852
186855
186856
186852
186848
186846
186851
186855
186852
186847
186846
186849
186852
186850
186846
186844
186849
186852
186851
186849
186848
186852
186856
186854
186851
186851
186854
186856
186853
186848
186847
186852
186858
186857
186855
186856
186860
186864
186861
186856
186855
186859
186862
186858
186852
186851
186856
186859
186856
186852
186851
186854
186856
186854
186852
186852
186857
186861
186860
186857
186855
186858
186860
186858
186855
186855
186858
186861
186857
186851
186850
186854
186858
186857
186853
186851
186853
186856
186853
186848
186848
186852
186855
186853
186848
186847
186851
186855
186855
186853
186854
186858
186861
186859
186855
186854
186858
186863
186861
186858
186858
186861
186865
186862
186858
186857
186862
186865
186862
186858
186857
186862
186866
186863
186858
186856
186859
186862
186860
186856
186855
186859
186862
186860
186855
186853
186858
186861
186859
186856
186856
186859
186863
186860
186858
186859
186863
186865
186861
186856
186856
186861
186867
186866
186861
186861
186867
186871
186869
186865
186865
186868
186871
186869
186866
186866
186871
186876
186874
186870
186868
186870
186872
186870
186865
186864
186867
186871
186868
186864
186862
186866
186870
186868
186865
186862
186864
186867
186864
186861
186861
186864
186867
186865
186862
186862
186866
186868
186864
186861
186862
186865
186867
186863
186858
186855
186858
186863
186862
186858
186857
186861
186865
186862
186857
186856
186861
186865
186863
186859
186858
186860
186862
186860
186857
186857
186862
186866
186864
186860
186860
186864
186868
186866
186861
186859
186862
186865
186862
186857
186856
186860
186864
186861
186856
186855
186858
186861
186858
186853
186852
186856
186860
186857
186853
186852
186856
186859
186855
186850
186849
186854
186858
186857
186855
186854
186857
186858
186856
186852
186850
186855
186858
186856
186852
186850
186853
186856
186854
186850
186850
186854
186857
186855
186851
186849
186852
186857
186859
186858
186858
186864
186867
186864
186858
186857
186860
186864
186862
186859
186857
186858
186860
186856
186852
186852
186857
186862
186861
186860
186860
186864
186867
186863
186856
186854
186856
186857
186851
186845
186844
186849
186855
186856
186854
186855
186861
186864
186862
186859
186859
186862
186866
186866
186864
186863
186866
186867
186863
186856
186854
186856
186859
186855
186851
186852
186858
186862
186860
186858
186858
186862
186865
186861
186856
186856
186860
186863
186861
186858
186857
186861
186863
186858
186852
186851
186855
186859
186857
186855
186856
186861
186865
186863
186860
186859
186864
186869
186869
186866
186866
186871
186874
186873
186868
186865
186867
186869
186866
186862
186862
186866
186869
186866
186863
186862
186866
186871
186870
186867
186866
186869
186871
186867
186863
186861
186865
186869
186868
186864
186863
186868
186873
186872
186869
186868
186871
186874
186873
186872
186873
186875
186878
186875
186871
186869
186873
186876
186872
186867
186865
186868
186870
186868
186864
186861
186865
186870
186869
186867
186868
186874
186878
186877
186873
186872
186876
186879
186875
186869
186866
186869
186870
186868
186863
186862
186868
186872
186870
186868
186867
186871
186873
186872
186868
186867
186870
186873
186870
186865
186864
186867
186869
186866
186863
186861
186864
186868
186866
186863
186863
186869
186873
186871
186868
186867
186872
186876
186874
186870
186871
186874
186878
186876
186872
186869
186870
186874
186871
186865
186863
186868
186872
186872
186869
186868
186871
186874
186872
186868
186866
186870
186873
186870
186864
186863
186867
186871
186868
186864
186864
186870
186875
186874
186871
186871
186875
186879
186877
186873
186871
186875
186878
186876
186872
186870
186871
186872
186867
186862
186861
186864
186869
186868
186865
186865
186869
186872
186869
186865
186865
186870
186873
186871
186869
186870
186875
186880
186879
186874
186872
186874
186879
186877
186874
186874
186878
186881
186879
186877
186874
186878
186882
186880
186877
186876
186879
186882
186880
186875
186873
186876
186878
186874
186869
186867
186870
186874
186873
186869
186867
186871
186874
186872
186868
186866
186868
186870
186866
186860
186858
186861
186864
186864
186860
186859
186864
186868
186867
186864
186864
186868
186871
186870
186868
186869
186873
186877
186876
186871
186869
186872
186876
186874
186868
186866
186868
186871
186869
186865
186862
186866
186871
186868
186863
186861
186865
186869
186869
186867
186866
186870
186873
186871
186867
186865
186868
186871
186867
186862
186859
186863
186867
186865
186861
186860
186864
186868
186866
186861
186858
186861
186864
186863
186860
186860
186863
186864
186862
186859
186858
186861
186863
186861
186858
186856
186860
186863
186861
186857
186854
186858
186864
186862
186859
186859
186862
186866
186864
186860
186859
186862
186866
186863
186860
186859
186863
186867
186866
186863
186864
186870
186876
186874
186870
186868
186873
186876
186874
186869
186866
186869
186873
186871
186866
186864
186867
186871
186868
186863
186863
186868
186872
186870
186866
186865
186869
186871
186868
186863
186860
186862
186865
186864
186862
186862
186866
186869
186865
186859
186856
186861
186865
186864
186859
186858
186861
186863
186860
186856
186856
186862
186869
186869
186867
186866
186871
186876
186872
186867
186865
186868
186871
186869
186865
186863
186868
186871
186869
186865
186861
186863
186864
186860
186856
186854
186857
186862
186862
186859
186859
186863
186864
186860
186855
186853
186857
186863
186863
186860
186859
186863
186866
186863
186858
186857
186861
186865
186865
186863
186862
186867
186870
186866
186860
186858
186861
186864
186862
186858
186857
186861
186865
186863
186860
186858
186863
186867
186864
186858
186856
186859
186863
186863
186861
186862
186868
186873
186873
186869
186867
186868
186869
186864
186859
186858
186862
186865
186864
186861
186862
186867
186872
186871
186866
186863
186865
186869
186867
186863
186861
186865
186869
186867
186864
186864
186868
186871
186867
186862
186861
186866
186869
186866
186862
186862
186866
186870
186868
186865
186862
186865
186868
186865
186860
186857
186861
186866
186865
186861
186861
186867
186871
186868
186864
186862
186866
186869
186867
186863
186861
186864
186867
186866
186862
186860
186864
186868
186866
186861
186859
186864
186869
186867
186863
186862
186865
186867
186866
186863
186863
186868
186872
186870
186865
186862
186866
186870
186868
186865
186864
186869
186874
186874
186869
186867
186869
186870
186866
186860
186855
186857
186860
186860
186857
186856
186861
186863
186859
186854
186854
186858
186863
186863
186859
186858
186862
186864
186860
186856
186854
186856
186860
186861
186860
186858
186860
186862
186859
186854
186854
186859
186865
186864
186860
186856
186858
186861
186860
186858
186857
186860
186861
186858
186853
186851
186855
186859
186858
186855
186854
186858
186861
186859
186855
186854
186857
186860
186858
186855
186853
186857
186860
186859
186856
186855
186859
186863
186860
186854
186852
186854
186857
186854
186851
186849
186853
186856
186853
186847
186844
186847
186850
186847
186843
186842
186846
186850
186850
186847
186846
186850
186853
186851
186847
186846
186850
186854
186853
186851
186851
186856
186860
186857
186853
186853
186856
186859
186857
186855
186855
186858
186861
186859
186853
186850
186853
186857
186856
186853
186854
186860
186866
186865
186862
186859
186861
186863
186861
186858
186857
186861
186865
186865
186860
186857
186860
186863
186861
186856
186854
186858
186861
186858
186854
186854
186859
186863
186862
186859
186857
186861
186865
186864
186861
186859
186862
186865
186863
186859
186857
186861
186865
186863
186860
186858
186863
186867
186865
186861
186859
186864
186869
186869
186866
186864
186868
186872
186871
186865
186862
186866
186869
186867
186863
186859
186862
186865
186862
186859
186858
186862
186866
186864
186859
186857
186864
186870
186870
186868
186866
186870
186874
186873
186869
186867
186870
186872
186872
186870
186868
186872
186876
186874
186869
186865
186867
186869
186867
186864
186864
186869
186874
186873
186869
186867
186870
186873
186871
186867
186865
186870
186873
186871
186866
186861
186863
186865
186864
186860
186858
186863
186867
186867
186866
186864
186867
186870
186868
186863
186860
186864
186869
186870
186869
186869
186874
186879
186877
186870
186866
186867
186869
186867
186862
186860
186864
186868
186867
186864
186862
186866
186870
186869
186865
186862
186865
186868
186867
186866
186867
186872
186876
186875
186871
186868
186869
186871
186870
186866
186864
186868
186871
186869
186865
186864
186868
186872
186871
186867
186865
186868
186873
186873
186871
186870
186873
186876
186874
186870
186869
186874
186878
186877
186874
186871
186874
186877
186873
186867
186863
186866
186870
186870
186869
186869
186872
186874
186872
186869
186865
186866
186870
186869
186864
186863
186868
186872
186871
186868
186866
186871
186876
186876
186870
186867
186869
186871
186867
186861
186859
186865
186871
186872
186870
186870
186876
186880
186878
186873
186872
186874
186877
186878
186875
186873
186875
186878
186874
186869
186867
186871
186874
186873
186868
186865
186868
186871
186869
186864
186861
186864
186869
186869
186864
186861
186864
186869
186869
186866
186864
186868
186873
186873
186869
186865
186867
186871
186870
186866
186865
186869
186873
186873
186870
186869
186873
186877
186875
186870
186868
186870
186873
186872
186869
186867
186871
186875
186875
186871
186867
186869
186871
186869
186865
186863
186866
186870
186870
186867
186865
186869
186873
186872
186867
186864
186866
186868
186867
186864
186862
186866
186872
186872
186870
186870
186874
186876
186874
186870
186868
186871
186874
186871
186865
186862
186862
186864
186862
186859
186858
186861
186865
186866
186864
186863
186867
186870
186869
186865
186862
186866
186871
186870
186867
186866
186870
186873
186870
186865
186863
186867
186872
186872
186868
186865
186867
186870
186869
186864
186860
186862
186865
186864
186860
186857
186860
186863
186861
186858
186857
186861
186866
186866
186862
186860
186863
186865
186862
186858
186853
186855
186857
186854
186851
186850
186855
186859
186858
186854
186852
186854
186856
186855
186850
186849
186854
186860
186860
186856
186854
186858
186859
186855
186849
186845
186850
186853
186853
186851
186848
186851
186854
186853
186851
186849
186855
186861
186862
186859
186856
186859
186864
186863
186859
186857
186860
186864
186862
186858
186854
186857
186861
186859
186857
186855
186859
186861
186858
186853
186849
186853
186857
186856
186852
186850
186855
186859
186857
186851
186847
186850
186855
186855
186852
186850
186856
186862
186862
186858
186854
186856
186859
186858
186854
186853
186857
186861
186860
186857
186854
186856
186859
186856
186852
186849
186854
186859
186860
186856
186854
186857
186862
186861
186856
186852
186854
186857
186855
186852
186852
186856
186860
186859
186855
186852
186854
186858
186858
186856
186854
186857
186861
186860
186855
186852
186856
186859
186858
186854
186852
186856
186860
186859
186855
186851
186854
186857
186855
186852
186850
186853
186856
186855
186850
186848
186851
186855
186856
186853
186852
186856
186858
186857
186853
186850
186853
186858
186860
186858
186855
186857
186859
186857
186852
186848
186851
186854
186855
186852
186850
186852
186854
186854
186850
186849
186854
186858
186859
186854
186850
186851
186852
186851
186848
186846
186852
186857
186857
186854
186852
186855
186859
186858
186855
186853
186857
186862
186862
186858
186856
186860
186863
186861
186855
186851
186853
186855
186853
186850
186846
186849
186852
186852
186848
186845
186847
186847
186846
186842
186840
186844
186848
186848
186844
186842
186848
186853
186852
186848
186844
186846
186849
186849
186843
186837
186837
186840
186841
186838
186837
186841
186845
186845
186840
186835
186836
186840
186841
186838
186837
186841
186844
186842
186836
186831
186832
186834
186833
186829
186825
186828
186832
186832
186828
186825
186829
186833
186832
186828
186826
186830
186834
186834
186832
186830
186835
186840
186840
186836
186834
186838
186842
186841
186835
186831
186833
186837
186838
186835
186835
186839
186843
186843
186839
186836
186839
186844
186844
186841
186838
186841
186845
186846
186842
186840
186844
186848
186847
186843
186840
186843
186847
186847
186843
186841
186845
186850
186850
186847
186845
186848
186850
186849
186845
186841
186843
186847
186848
186843
186840
186844
186848
186848
186844
186841
186844
186848
186848
186845
186841
186843
186845
186845
186841
186840
186846
186852
186851
186846
186842
186845
186849
186849
186847
186844
186846
186849
186850
186848
186846
186849
186853
186853
186850
186847
186850
186852
186853
186849
186845
186848
186850
186849
186846
186844
186848
186852
186853
186849
186846
186848
186853
186852
186848
186844
186847
186850
186850
186847
186845
186850
186856
186856
186853
186849
186851
186854
186852
186847
186843
186847
186852
186852
186847
186843
186846
186850
186850
186846
186842
186846
186850
186850
186847
186846
186850
186853
186852
186845
186841
186844
186848
186848
186845
186843
186848
186853
186854
186851
186849
186852
186855
186854
186850
186846
186849
186853
186852
186850
186847
186850
186852
186852
186848
186845
186846
186848
186848
186844
186840
186843
186847
186847
186843
186840
186841
186844
186843
186837
186833
186836
186840
186840
186837
186836
186839
186843
186843
186838
186834
186836
186839
186837
186833
186830
186833
186837
186838
186835
186833
186836
186841
186840
186834
186830
186832
186837
186838
186836
186834
186837
186839
186836
186831
186829
186832
186835
186836
186833
186829
186833
186838
186840
186835
186831
186834
186839
186841
186836
186832
186834
186837
186838
186833
186828
186830
186833
186832
186827
186822
186824
186826
186827
186824
186823
186827
186831
186830
186825
186820
186823
186825
186825
186821
186817
186819
186823
186822
186817
186813
186815
186818
186818
186815
186812
186816
186820
186820
186817
186815
186820
186826
186828
186826
186823
186827
186832
186834
186830
186828
186831
186835
186837
186835
186834
186840
186845
186846
186840
186835
186835
186836
186836
186832
186828
186830
186832
186831
186826
186824
186828
186833
186835
186833
186830
186832
186835
186834
186829
186826
186830
186834
186834
186829
186826
186829
186833
186834
186831
186829
186832
186835
186834
186829
186826
186827
186830
186829
186823
186818
186820
186823
186825
186822
186819
186822
186824
186823
186819
186816
186819
186824
186825
186822
186820
186824
186829
186831
186829
186826
186829
186834
186836
186832
186828
186829
186833
186834
186832
186830
186835
186842
186845
186842
186839
186842
186847
186848
186844
186841
186843
186845
186843
186837
186831
186830
186832
186832
186828
186823
186824
186827
186828
186824
186823
186829
186835
186835
186829
186823
186824
186826
186825
186821
186819
186823
186828
186830
186828
186826
186829
186834
186834
186830
186826
186828
186832
186834
186830
186826
186828
186832
186831
186829
186826
186828
186833
186834
186829
186824
186826
186830
186832
186828
186825
186829
186834
186835
186831
186826
186828
186829
186829
186826
186823
186826
186831
186833
186830
186828
186832
186836
186837
186834
186830
186831
186834
186835
186831
186828
186830
186832
186832
186830
186828
186828
186831
186833
186829
186825
186827
186830
186831
186828
186826
186829
186833
186834
186831
186827
186830
186834
186835
186833
186829
186829
186832
186832
186827
186823
186823
186827
186829
186826
186824
186826
186830
186831
186827
186825
186826
186828
186827
186822
186817
186820
186824
186827
186823
186820
186822
186827
186828
186825
186823
186825
186830
186831
186826
186823
186824
186828
186830
186827
186825
186827
186831
186832
186828
186823
186824
186828
186830
186826
186824
186827
186833
186834
186830
186827
186831
186835
186837
186836
186834
186838
186841
186840
186835
186831
186833
186836
186836
186831
186826
186828
186832
186832
186826
186822
186823
186826
186827
186824
186821
186822
186825
186826
186822
186817
186819
186821
186821
186815
186812
186813
186816
186816
186812
186809
186813
186817
186820
186815
186811
186813
186816
186817
186813
186809
186811
186815
186817
186813
186811
186814
186818
186818
186813
186807
186806
186809
186811
186809
186806
186808
186812
186814
186811
186809
186811
186816
186818
186815
186811
186813
186817
186819
186815
186812
186816
186819
186819
186815
186812
186815
186820
186823
186820
186817
186820
186825
186826
186822
186817
186818
186820
186823
186821
186818
186821
186824
186824
186819
186813
186813
186816
186817
186814
186812
186816
186822
186825
186824
186823
186828
186833
186836
186833
186830
186831
186836
186837
186834
186833
186836
186840
186843
186839
186836
186838
186841
186841
186837
186834
186837
186840
186841
186836
186831
186831
186834
186835
186831
186827
186829
186832
186835
186831
186827
186830
186835
186837
186834
186831
186835
186839
186841
186836
186831
186831
186834
186835
186833
186832
186835
186841
186844
186840
186836
186838
186843
186845
186841
186838
186841
186845
186847
186842
186838
186839
186842
186842
186838
186836
186839
186842
186844
186842
186837
186837
186839
186839
186834
186829
186830
186834
186836
186834
186832
186833
186837
186839
186836
186834
186837
186840
186840
186833
186828
186828
186832
186834
186830
186827
186830
186836
186839
186839
186836
186839
186845
186848
186844
186838
186838
186840
186841
186835
186829
186828
186830
186831
186828
186825
186829
186834
186837
186836
186835
186837
186842
186843
186838
186833
186833
186835
186836
186832
186828
186830
186834
186836
186833
186830
186833
186837
186840
186837
186834
186836
186840
186841
186834
186830
186831
186834
186835
186832
186828
186831
186838
186843
186842
186839
186840
186845
186845
186841
186837
186837
186841
186844
186842
186838
186838
186840
186840
186836
186832
186833
186836
186838
186836
186834
186836
186839
186841
186836
186831
186830
186832
186832
186828
186824
186825
186829
186831
186826
186823
186825
186829
186832
186828
186824
186826
186831
186834
186829
186824
186823
186825
186825
186821
186816
186817
186821
186824
186821
186819
186820
186824
186827
186824
186821
186821
186823
186823
186819
186815
186819
186824
186825
186820
186818
186820
186825
186826
186822
186818
186819
