167660
167662
167660
167657
167652
167656
167657
167656
167653
167652
167655
167657
167658
167657
167655
167655
167653
167649
167651
167650
167648
167647
167648
167646
167650
167660
167662
167660
167655
167656
167658
167664
167660
167652
167660
167662
167657
167659
167662
167662
167664
167659
167659
167652
167650
167650
167649
167651
167650
167653
167653
167653
167655
167656
167653
167655
167655
167650
167653
167658
167662
167662
167659
167658
167656
167654
167658
167656
167655
167655
167655
167656
167656
167654
167654
167654
167654
167656
167657
167655
167657
167661
167658
167654
167652
167654
167654
167652
167652
167656
167662
167663
167663
167659
167655
167658
167659
167657
167657
167661
167664
167669
167669
167666
167670
167666
167660
167660
167658
167655
167652
167647
167651
167656
167656
167654
167654
167652
167649
167648
167651
167651
167647
167647
167647
167655
167660
167656
167655
167657
167657
167657
167658
167658
167653
167652
167658
167662
167663
167662
167658
167657
167661
167664
167662
167658
167657
167657
167656
167656
167655
167653
167650
167649
167655
167659
167663
167659
167655
167656
167656
167653
167649
167654
167655
167657
167656
167654
167656
167661
167664
167668
167665
167661
167659
167662
167667
167667
167665
167661
167660
167659
167659
167657
167659
167663
167664
167665
167665
167664
167665
167662
167660
167662
167663
167663
167662
167663
167665
167671
167674
167672
167672
167672
167675
167676
167676
167674
167677
167680
167680
167678
167674
167677
167684
167681
167676
167681
167685
167684
167687
167697
167692
167690
167699
167705
167703
167702
167705
167709
167709
167710
167709
167712
167713
167713
167718
167722
167720
167716
167715
167720
167724
167722
167717
167717
167717
167718
167723
167725
167722
167716
167718
167720
167722
167722
167719
167722
167728
167731
167731
167727
167728
167731
167732
167731
167726
167726
167727
167728
167729
167730
167730
167730
167731
167732
167735
167733
167730
167730
167731
167728
167732
167737
167738
167739
167737
167733
167734
167733
167731
167735
167734
167733
167732
167736
167737
167732
167733
167735
167736
167739
167742
167738
167740
167740
167734
167732
167735
167739
167741
167741
167740
167737
167739
167740
167738
167731
167725
167726
167733
167735
167737
167739
167740
167735
167734
167734
167730
167727
167725
167729
167735
167734
167733
167731
167732
167729
167726
167725
167725
167727
167725
167722
167720
167725
167730
167730
167731
167733
167739
167740
167736
167729
167730
167730
167728
167724
167724
167731
167732
167730
167727
167728
167730
167730
167728
167725
167724
167725
167727
167727
167724
167719
167724
167726
167726
167726
167725
167725
167725
167725
167723
167723
167722
167723
167720
167720
167719
167717
167719
167724
167721
167720
167720
167722
167725
167727
167724
167722
167722
167722
167718
167714
167712
167718
167720
167716
167716
167716
167714
167711
167708
167706
167701
167701
167703
167702
167700
167699
167701
167703
167698
167696
167694
167694
167693
167693
167693
167691
167696
167699
167692
167689
167694
167701
167700
167698
167694
167690
167692
167692
167689
167692
167696
167696
167694
167690
167686
167688
167687
167686
167684
167682
167684
167685
167683
167683
167688
167692
167693
167693
167692
167690
167690
167691
167693
167695
167694
167694
167698
167700
167699
167696
167695
167697
167697
167693
167689
167692
167696
167698
167700
167700
167703
167704
167702
167700
167698
167696
167696
167697
167697
167698
167699
167698
167700
167698
167698
167700
167698
167697
167695
167692
167692
167691
167690
167691
167689
167688
167688
167687
167686
167682
167685
167689
167685
167684
167683
167678
167680
167684
167687
167684
167677
167681
167689
167686
167680
167683
167684
167682
167682
167680
167681
167682
167682
167681
167681
167675
167675
167675
167674
167673
167671
167678
167681
167674
167673
167675
167677
167676
167674
167672
167674
167678
167678
167679
167678
167675
167668
167670
167673
167670
167668
167668
167665
167667
167669
167668
167669
167670
167665
167659
167658
167661
167660
167655
167658
167659
167661
167660
167658
167661
167670
167669
167664
167659
167658
167658
167658
167657
167655
167657
167658
167659
167658
167656
167656
167658
167663
167667
167664
167661
167662
167664
167663
167659
167656
167657
167660
167662
167658
167661
167664
167667
167667
167666
167664
167661
167660
167663
167666
167663
167662
167663
167664
167661
167661
167659
167658
167660
167659
167654
167654
167656
167655
167655
167662
167663
167658
167660
167659
167659
167661
167662
167665
167662
167656
167658
167663
167661
167661
167659
167661
167664
167664
167661
167660
167660
167658
167661
167658
167658
167665
167668
167668
167662
167658
167658
167657
167655
167656
167658
167659
167664
167666
167665
167665
167669
167669
167667
167664
167654
167656
167666
167666
167665
167666
167665
167664
167660
167661
167661
167657
167657
167661
167658
167653
167651
167654
167657
167654
167652
167651
167647
167647
167648
167649
167649
167650
167653
167647
167642
167647
167651
167651
167652
167652
167649
167652
167659
167656
167652
167649
167647
167647
167648
167647
167647
167649
167654
167657
167653
167649
167650
167656
167654
167651
167650
167655
167658
167654
167654
167655
167656
167661
167662
167660
167661
167672
167676
167673
167668
167665
167662
167663
167665
167663
167666
167664
167665
167668
167669
167671
167671
167669
167663
167659
167659
167659
167665
167668
167668
167674
167680
167682
167679
167678
167674
167673
167675
167673
167672
167677
167681
167685
167680
167679
167681
167680
167681
167675
167676
167680
167683
167682
167678
167678
167679
167677
167678
167678
167676
167674
167676
167681
167683
167677
167679
167685
167681
167677
167676
167681
167683
167683
167680
167680
167680
167679
167682
167684
167682
167686
167694
167693
167689
167686
167683
167681
167684
167682
167676
167676
167677
167678
167677
167677
167679
167682
167688
167686
167681
167682
167681
167679
167679
167677
167678
167684
167690
167686
167683
167682
167685
167687
167685
167684
167683
167685
167687
167691
167694
167694
167693
167695
167697
167690
167690
167691
167691
167688
167685
167684
167685
167684
167690
167692
167691
167688
167688
167684
167681
167679
167681
167681
167677
167675
167677
167682
167685
167682
167676
167680
167685
167683
167679
167676
167674
167677
167679
167677
167676
167674
167671
167670
167674
167676
167677
167680
167683
167680
167673
167670
167672
167674
167671
167667
167671
167673
167674
167673
167673
167669
167671
167673
167671
167669
167667
167668
167668
167667
167665
167667
167665
167661
167663
167661
167661
167667
167672
167669
167663
167663
167664
167664
167662
167660
167656
167663
167667
167665
167662
167664
167668
167672
167669
167665
167664
167666
167665
167668
167671
167670
167669
167671
167667
167663
167665
167665
167663
167662
167657
167655
167660
167661
167660
167658
167660
167668
167669
167664
167661
167661
167661
167668
167668
167664
167660
167660
167662
167658
167654
167658
167657
167659
167659
167656
167658
167662
167661
167659
167656
167658
167659
167654
167652
167649
167652
167656
167658
167656
167652
167655
167660
167660
167659
167660
167663
167664
167662
167661
167658
167662
167662
167660
167657
167653
167653
167655
167657
167658
167659
167657
167659
167663
167662
167659
167660
167664
167663
167657
167654
167660
167658
167656
167659
167656
167652
167652
167653
167651
167649
167647
167651
167656
167656
167656
167654
167652
167657
167660
167656
167650
167653
167656
167657
167653
167651
167657
167658
167656
167658
167659
167658
167659
167661
167659
167655
167658
167656
167655
167654
167654
167656
167654
167657
167658
167655
167653
167653
167653
167648
167645
167650
167656
167657
167655
167649
167644
167645
167654
167655
167650
167654
167663
167659
167654
167656
167659
167659
167656
167652
167652
167655
167654
167651
167650
167651
167652
167657
167658
167653
167654
167654
167654
167650
167647
167645
167647
167653
167656
167658
167660
167659
167660
167660
167656
167654
167656
167658
167656
167652
167657
167658
167656
167650
167647
167650
167648
167646
167654
167653
167650
167653
167659
167659
167655
167654
167653
167654
167655
167649
167651
167655
167656
167658
167660
167654
167652
167655
167657
167655
167655
167655
167659
167660
167660
167660
167660
167658
167658
167657
167656
167660
167662
167661
167658
167657
167662
167661
167663
167662
167661
167663
167663
167660
167658
167656
167659
167660
167658
167657
167653
167655
167661
167660
167658
167660
167660
167656
167653
167654
167656
167657
167661
167661
167660
167656
167657
167658
167657
167656
167654
167655
167658
167662
167660
167658
167657
167660
167656
167655
167655
167656
167657
167655
167651
167648
167655
167659
167658
167654
167650
167656
167658
167657
167658
167658
167660
167658
167657
167661
167660
167659
167665
167665
167663
167662
167661
167663
167662
167658
167659
167661
167662
167662
167657
167658
167660
167660
167656
167653
167656
167656
167658
167658
167655
167656
167657
167659
167661
167660
167655
167658
167660
167657
167652
167654
167659
167660
167657
167660
167662
167662
167661
167659
167657
167656
167658
167658
167660
167663
167664
167664
167666
167666
167667
167663
167662
167663
167661
167656
167657
167657
167657
167655
167651
167653
167657
167658
167660
167657
167657
167664
167666
167663
167661
167659
167659
167661
167659
167659
167662
167662
167664
167664
167660
167659
167662
167663
167659
167656
167657
167655
167656
167653
167655
167657
167655
167655
167654
167653
167654
167652
167649
167647
167644
167644
167647
167648
167646
167645
167643
167645
167645
167645
167648
167647
167645
167645
167645
167645
167646
167652
167655
167652
167649
167649
167650
167649
167648
167646
167644
167642
167644
167643
167644
167648
167649
167649
167649
167644
167639
167641
167645
167648
167648
167649
167649
167648
167647
167647
167643
167641
167646
167644
167638
167644
167648
167646
167643
167644
167647
167648
167648
167650
167648
167645
167645
167648
167648
167642
167644
167649
167651
167648
167644
167642
167642
167643
167639
167637
167637
167638
167635
167631
167633
167634
167636
167635
167633
167632
167632
167636
167638
167636
167635
167635
167636
167637
167634
167633
167631
167632
167638
167635
167627
167622
167629
167634
167634
167629
167626
167628
167630
167627
167628
167631
167631
167628
167627
167632
167631
167634
167636
167638
167638
167637
167635
167632
167631
167628
167629
167630
167632
167630
167632
167633
167629
167631
167636
167634
167630
167636
167637
167640
167640
167639
167642
167646
167653
167652
167648
167647
167650
167650
167646
167639
167642
167647
167648
167643
167641
167645
167652
167648
167644
167639
167642
167644
167638
167637
167645
167648
167645
167642
167639
167637
167641
167642
167639
167640
167637
167635
167636
167642
167645
167642
167644
167646
167648
167646
167645
167649
167650
167651
167656
167655
167653
167654
167653
167649
167649
167651
167649
167654
167651
167646
167646
167646
167645
167638
167638
167645
167646
167643
167638
167639
167643
167641
167634
167637
167643
167643
167643
167649
167652
167650
167649
167650
167654
167654
167649
167646
167651
167651
167654
167651
167649
167652
167653
167650
167648
167643
167644
167648
167648
167647
167646
167645
167644
167646
167643
167642
167651
167652
167648
167645
167650
167652
167650
167649
167647
167646
167650
167650
167649
167647
167649
167650
167648
167649
167647
167642
167635
167633
167637
167635
167634
167639
167643
167643
167644
167646
167647
167644
167645
167651
167654
167653
167649
167649
167647
167650
167652
167649
167653
167653
167654
167656
167656
167656
167654
167651
167650
167642
167639
167640
167643
167645
167647
167647
167643
167639
167638
167644
167641
167639
167646
167652
167651
167646
167640
167643
167648
167648
167648
167651
167652
167651
167650
167648
167648
167650
167649
167647
167646
167646
167647
167650
167647
167642
167644
167646
167644
167642
167640
167638
167643
167645
167644
167642
167641
167643
167645
167645
167642
167640
167648
167652
167652
167651
167647
167646
167652
167652
167650
167652
167654
167652
167650
167650
167648
167646
167644
167648
167648
167646
167647
167649
167650
167646
167639
167641
167645
167648
167649
167648
167648
167654
167656
167654
167652
167653
167655
167654
167649
167645
167644
167652
167655
167656
167658
167657
167656
167655
167652
167650
167653
167656
167655
167653
167653
167654
167654
167654
167653
167648
167648
167657
167661
167660
167658
167659
167658
167661
167661
167661
167664
167664
167662
167657
167655
167658
167659
167659
167660
167658
167657
167662
167664
167661
167660
167661
167658
167658
167656
167655
167657
167658
167656
167655
167659
167660
167665
167667
167665
167662
167658
167661
167663
167661
167658
167658
167659
167660
167660
167661
167663
167664
167663
167661
167661
167657
167659
167662
167659
167656
167657
167656
167654
167653
167648
167649
167655
167656
167655
167652
167656
167660
167656
167651
167652
167651
167655
167658
167655
167654
167653
167654
167654
167653
167647
167649
167653
167650
167648
167647
167653
167661
167661
167657
167652
167652
167653
167656
167656
167652
167650
167656
167657
167653
167649
167646
167649
167648
167643
167640
167645
167650
167649
167646
167645
167644
167645
167645
167647
167648
167649
167648
167647
167648
167647
167649
167649
167648
167650
167652
167649
167646
167645
167642
167637
167634
167640
167642
167640
167641
167645
167645
167645
167644
167641
167640
167642
167647
167646
167644
167643
167642
167644
167646
167645
167649
167652
167651
167646
167643
167640
167640
167641
167635
167641
167646
167647
167648
167647
167643
167644
167644
167646
167647
167648
167646
167646
167644
167642
167641
167640
167644
167645
167644
167643
167647
167646
167646
167646
167644
167641
167646
167646
167645
167643
167643
167645
167643
167640
167640
167643
167641
167643
167647
167643
167641
167644
167640
167641
167641
167638
167637
167640
167637
167632
167631
167636
167637
167634
167633
167634
167632
167627
167630
167633
167638
167640
167638
167639
167640
167638
167639
167639
167639
167641
167644
167647
167648
167646
167646
167644
167642
167642
167641
167638
167639
167638
167637
167634
167630
167632
167635
167636
167634
167630
167636
167641
167644
167644
167644
167644
167645
167641
167640
167641
167640
167639
167638
167636
167637
167643
167646
167643
167637
167634
167636
167639
167640
167636
167633
167639
167643
167643
167643
167643
167647
167649
167650
167651
167650
167649
167649
167646
167646
167643
167644
167646
167647
167643
167640
167638
167644
167647
167643
167641
167642
167642
167642
167643
167645
167645
167647
167649
167647
167644
167644
167645
167645
167647
167648
167646
167646
167645
167643
167643
167641
167643
167644
167642
167637
167643
167647
167645
167642
167641
167641
167640
167641
167642
167645
167647
167645
167643
167644
167644
167643
167643
167643
167642
167639
167636
167643
167650
167650
167650
167651
167651
167646
167645
167645
167642
167643
167649
167647
167644
167644
167645
167645
167640
167637
167641
167642
167639
167643
167648
167649
167645
167645
167651
167652
167651
167650
167646
167642
167642
167649
167655
167656
167657
167656
167657
167659
167658
167653
167651
167649
167649
167648
167645
167642
167641
167640
167639
167642
167642
167643
167646
167648
167646
167646
167646
167650
167650
167649
167649
167648
167648
167650
167649
167647
167648
167646
167641
167645
167652
167651
167653
167653
167655
167656
167655
167657
167659
167655
167650
167650
167650
167649
167648
167649
167645
167647
167651
167649
167647
167648
167646
167641
167643
167643
167642
167651
167657
167650
167645
167646
167649
167646
167646
167647
167648
167649
167647
167649
167647
167645
167646
167648
167647
167645
167642
167643
167644
167642
167636
167636
167638
167637
167635
167635
167635
167641
167645
167642
167645
167652
167657
167656
167653
167655
167659
167657
167655
167655
167656
167657
167656
167650
167645
167648
167654
167654
167653
167652
167651
167653
167657
167656
167656
167653
167651
167652
167654
167653
167652
167655
167659
167662
167663
167661
167656
167654
167654
167656
167660
167656
167655
167654
167654
167656
167660
167657
167654
167653
167653
167654
167661
167660
167655
167658
167661
167662
167661
167659
167655
167653
167658
167661
167659
167658
167660
167661
167660
167656
167651
167657
167662
167663
167661
167662
167663
167664
167660
167656
167662
167659
167659
167658
167655
167654
167654
167653
167656
167657
167653
167651
167652
167651
167652
167654
167655
167655
167654
167654
167661
167662
167662
167660
167660
167660
167662
167664
167665
167662
167659
167657
167655
167656
167660
167659
167662
167663
167665
167669
167665
167664
167663
167664
167663
167659
167660
167666
167663
167659
167661
167664
167666
167664
167658
167657
167656
167655
167661
167668
167663
167662
167659
167655
167662
167664
167662
167662
167660
167658
167657
167658
167660
167659
167655
167650
167652
167660
167663
167662
167657
167657
167660
167661
167656
167657
167660
167659
167660
167660
167658
167657
167654
167656
167655
167653
167655
167658
167659
167658
167653
167655
167657
167657
167658
167655
167656
167656
167658
167662
167659
167661
167661
167658
167654
167651
167658
167661
167658
167657
167660
167659
167660
167663
167660
167657
167662
167662
167660
167652
167647
167652
167659
167664
167662
167656
167659
167664
167663
167661
167657
167653
167655
167658
167656
167653
167651
167653
167654
167650
167649
167649
167649
167649
167650
167651
167654
167659
167656
167653
167653
167653
167653
167654
167659
167655
167651
167655
167657
167655
167656
167661
167660
167657
167652
167656
167662
167659
167653
167652
167652
167653
167652
167650
167649
167652
167654
167658
167657
167646
167641
167643
167651
167654
167655
167654
167652
167654
167656
167656
167653
167651
167654
167657
167657
167658
167657
167659
167656
167648
167647
167651
167651
167650
167648
167647
167650
167648
167647
167649
167645
167645
167646
167644
167645
167646
167644
167648
167652
167653
167652
167651
167651
167652
167651
167650
167650
167649
167647
167648
167652
167654
167653
167651
167651
167646
167643
167644
167645
167649
167649
167650
167650
167652
167650
167647
167647
167652
167653
167651
167648
167648
167648
167646
167646
167646
167646
167650
167653
167650
167650
167653
167657
167658
167651
167646
167650
167652
167655
167656
167656
167656
167657
167653
167644
167644
167647
167647
167644
167640
167636
167640
167647
167650
167648
167646
167647
167648
167647
167641
167641
167643
167646
167649
167649
167651
167653
167652
167651
167646
167642
167641
167640
167638
167638
167640
167641
167640
167641
167642
167642
167641
167642
167641
167640
167641
167640
167640
167639
167635
167637
167638
167639
167643
167642
167638
167637
167638
167636
167632
167631
167627
167634
167637
167634
167634
167635
167637
167638
167635
167637
167636
167633
167633
167635
167634
167632
167630
167633
167635
167631
167630
167632
167633
167634
167633
167635
167636
167638
167638
167635
167631
167636
167639
167636
167634
167637
167638
167634
167632
167635
167634
167636
167637
167635
167632
167630
167629
167628
167633
167633
167635
167638
167637
167632
167632
167634
167634
167635
167635
167635
167634
167636
167636
167630
167625
167626
167637
167645
167640
167637
167635
167630
167636
167641
167636
167635
167635
167633
167634
167629
167628
167632
167631
167630
167631
167632
167632
167632
167633
167631
167632
167634
167632
167629
167622
167629
167633
167634
167635
167634
167634
167635
167634
167633
167632
167631
167630
167629
167626
167620
167618
167622
167623
167622
167620
167616
167616
167618
167619
167617
167614
167618
167621
167618
167614
167611
167613
167616
167618
167617
167618
167621
167622
167622
167620
167618
167621
167623
167622
167620
167618
167621
167624
167624
167620
167618
167619
167620
167618
167617
167619
167622
167621
167618
167609
167607
167615
167618
167617
167617
167616
167617
167620
167620
167619
167622
167625
167624
167621
167624
167626
167625
167628
167627
167622
167625
167628
167627
167624
167622
167622
167622
167622
167621
167626
167626
167626
167624
167625
167626
167625
167622
167620
167620
167622
167625
167627
167632
167636
167634
167632
167635
167642
167641
167638
167640
167640
167642
167639
167639
167641
167641
167637
167641
167643
167642
167640
167641
167641
167637
167637
167639
167639
167640
167641
167639
167640
167641
167634
167630
167636
167639
167641
167641
167640
167639
167641
167641
167638
167638
167637
167638
167640
167637
167636
167636
167636
167637
167634
167634
167632
167632
167631
167628
167627
167629
167633
167631
167630
167629
167631
167635
167637
167634
167633
167638
167638
167637
167639
167639
167640
167639
167644
167644
167641
167638
167638
167640
167641
167639
167643
167643
167643
167641
167638
167641
167644
167644
167639
167638
167639
167642
167644
167644
167643
167642
167642
167642
167637
167636
167642
167645
167647
167647
167646
167646
167645
167646
167652
167651
167651
167650
167652
167652
167649
167648
167650
167649
167649
167651
167650
167650
167647
167648
167649
167649
167647
167647
167648
167647
167647
167647
167650
167650
167647
167644
167644
167645
167643
167642
167645
167647
167648
167650
167649
167653
167656
167656
167653
167649
167647
167648
167646
167643
167638
167639
167642
167644
167646
167646
167646
167644
167644
167641
167645
167645
167643
167646
167644
167641
167637
167639
167647
167649
167646
167644
167646
167644
167640
167642
167644
167646
167645
167644
167643
167645
167649
167653
167652
167648
167646
167643
167645
167647
167643
167641
167641
167644
167643
167640
167644
167648
167648
167646
167650
167652
167656
167654
167650
167647
167648
167648
167649
167646
167640
167642
167648
167651
167651
167648
167649
167651
167652
167651
167645
167646
167653
167655
167654
167654
167653
167654
167653
167652
167651
167647
167651
167653
167653
167652
167653
167655
167655
167650
167642
167642
167651
167652
167656
167657
167654
167654
167658
167659
167658
167657
167657
167658
167658
167654
167660
167665
167665
167664
167662
167657
167656
167661
167661
167660
167657
167653
167650
167652
167655
167656
167658
167658
167657
167654
167652
167652
167661
167663
167662
167660
167661
167658
167652
167652
167654
167656
167657
167655
167654
167654
167654
167659
167661
167662
167659
167659
167665
167664
167660
167660
167661
167663
167661
167658
167655
167660
167662
167661
167660
167661
167661
167660
167657
167661
167663
167663
167660
167655
167652
167651
167652
167654
167653
167654
167652
167649
167654
167661
167664
167666
167665
167665
167662
167661
167661
167659
167658
167656
167655
167651
167649
167652
167654
167652
167648
167651
167656
167655
167656
167658
167659
167660
167658
167655
167655
167657
167657
167656
167655
167659
167663
167665
167664
167660
167664
167671
167675
167676
167676
167677
167677
167677
167674
167674
167677
167677
167678
167678
167674
167671
167674
167676
167672
167666
167663
167666
167666
167671
167677
167674
167672
167677
167682
167679
167674
167673
167674
167668
167666
167668
167668
167671
167671
167667
167666
167668
167666
167671
167674
167675
167674
167676
167675
167671
167675
167677
167677
167675
167671
167668
167671
167676
167675
167674
167674
167676
167676
167674
167678
167677
167677
167677
167672
167669
167673
167675
167674
167673
167667
167667
167672
167673
167670
167670
167670
167671
167674
167674
167671
167670
167670
167669
167671
167673
167672
167675
167678
167675
167672
167670
167673
167677
167673
167675
167671
167670
167674
167671
167664
167665
167666
167666
167663
167658
167658
167665
167667
167662
167659
167656
167652
167656
167655
167652
167651
167653
167656
167657
167654
167651
167654
167657
167658
167657
167657
167661
167665
167665
167660
167663
167666
167666
167666
167663
167661
167661
167660
167663
167661
167658
167661
167663
167662
167656
167653
167654
167651
167651
167658
167655
167648
167651
167651
167649
167646
167641
167640
167637
167631
167633
167635
167636
167634
167632
167634
167639
167640
167640
167639
167634
167636
167638
167634
167629
167629
167627
167631
167636
167634
167631
167632
167634
167633
167629
167623
167620
167623
167627
167624
167622
167622
167622
167620
167617
167618
167620
167619
167624
167626
167625
167627
167627
167626
167622
167620
167620
167623
167622
167621
167620
167624
167627
167627
167626
167628
167632
167632
167637
167638
167636
167635
167636
167636
167630
167625
167628
167629
167627
167622
167623
167623
167623
167629
167631
167631
167631
167635
167637
167635
167636
167641
167642
167638
167634
167633
167632
167626
167621
167621
167622
167626
167626
167628
167628
167625
167628
167629
167622
167624
167628
167627
167625
167623
167618
167614
167617
167617
167615
167612
167616
167623
167626
167633
167635
167633
167633
167633
167629
167628
167629
167629
167629
167626
167625
167626
167623
167627
167628
167621
167626
167630
167628
167625
167624
167625
167623
167625
167625
167627
167631
167630
167628
167626
167621
167621
167626
167628
167627
167624
167625
167633
167637
167634
167632
167629
167630
167630
167629
167628
167629
167631
167632
167637
167635
167632
167633
167635
167636
167634
167633
167636
167633
167632
167634
167630
167631
167636
167638
167634
167631
167632
167630
167628
167632
167635
167635
167634
167632
167629
167627
167623
167630
167631
167627
167620
167622
167629
167627
167623
167622
167623
167621
167619
167615
167613
167623
167631
167629
167629
167631
167628
167627
167628
167627
167628
167625
167628
167629
167626
167627
167631
167637
167639
167632
167627
167632
167634
167627
167623
167626
167626
167624
167624
167628
167629
167632
167632
167629
167627
167626
167625
167626
167628
167626
167627
167628
167629
167634
167632
167627
167627
167625
167625
167624
167625
167632
167635
167632
167630
167626
167624
167622
167623
167626
167622
167622
167620
167617
167620
167624
167626
167629
167627
167625
167624
167624
167622
167625
167626
167626
167627
167628
167632
167629
167629
167632
167636
167635
167634
167633
167631
167632
167634
167630
167628
167630
167631
167628
167624
167623
167622
167627
167626
167625
167628
167630
167630
167632
167633
167630
167631
167633
167632
167630
167630
167630
167634
167635
167632
167631
167631
167630
167628
167630
167629
167631
167631
167629
167628
167629
167633
167636
167639
167638
167631
167635
167638
167636
167633
167636
167633
167631
167636
167634
167636
167640
167644
167643
167636
167634
167634
167635
167637
167636
167632
167633
167638
167635
167632
167631
167632
167630
167625
167621
167623
167624
167621
167619
167624
167626
167627
167627
167631
167631
167628
167627
167621
167619
167612
167610
167614
167616
167616
167614
167615
167617
167617
167618
167625
167622
167620
167620
167618
167618
167618
167622
167629
167625
167617
167617
167620
167620
167617
167613
167620
167632
167627
167622
167623
167620
167620
167622
167624
167626
167622
167614
167619
167630
167628
167625
167625
167626
167625
167614
167608
167621
167621
167613
167615
167618
167616
167617
167627
167624
167616
167618
167624
167622
167622
167623
167624
167623
167627
167624
167624
167629
167632
167632
167628
167627
167629
167630
167627
167621
167625
167632
167626
167620
167624
167627
167621
167623
167626
167623
167616
167618
167623
167621
167617
167621
167627
167638
167626
167611
167610
167618
167625
167624
167618
167618
167615
167619
167623
167611
167613
167619
167621
167623
167614
167616
167621
167626
167625
167616
167618
167634
167647
167640
167629
167627
167628
167623
167622
167617
167608
167609
167615
167621
167622
167613
167610
167620
167622
167614
167616
167607
167614
167630
167627
167609
167611
167613
167617
167619
167615
167612
167622
167624
167618
167617
167617
167620
167625
167627
167629
167628
167625
167612
167597
167605
167625
167632
167628
167627
167624
167630
167631
167631
167633
167630
167627
167630
167635
167634
167631
167632
167626
167627
167617
167615
167623
167624
167622
167625
167623
167620
167622
167620
167617
167613
167615
167609
167609
167617
167622
167627
167625
167620
167614
167612
167619
167618
167614
167616
167620
167620
167623
167621
167617
167614
167614
167617
167615
167616
167619
167613
167608
167608
167614
167609
167603
167604
167603
167605
167609
167612
167610
167610
167607
167601
167600
167606
167615
167616
167607
167610
167616
167615
167608
167605
167608
167610
167610
167611
167611
167609
167609
167608
167613
167632
167632
167629
167627
167628
167628
167627
167627
167631
167628
167627
167627
167628
167632
167634
167636
167635
167633
167631
167633
167631
167619
167617
167625
167623
167616
167618
167619
167619
167623
167621
167624
167625
167624
167621
167616
167621
167628
167628
167624
167626
167630
167635
167638
167636
167634
167633
167627
167632
167635
167630
167628
167622
167619
167625
167631
167632
167634
167638
167632
167631
167637
167637
167636
167639
167641
167647
167652
167654
167653
167653
167657
167666
167665
167666
167670
167667
167668
167671
167670
167673
167680
167672
167670
167680
167680
167677
167677
167677
167676
167677
167678
167677
167679
167678
167678
167682
167672
167673
167678
167676
167669
167668
167674
167666
167662
167662
167662
167662
167659
167657
167664
167668
167668
167667
167663
167664
167662
167663
167662
167661
167662
167665
167663
167663
167664
167662
167668
167667
167660
167657
167654
167655
167659
167657
167656
167660
167661
167658
167660
167661
167660
167658
167656
167648
167642
167652
167661
167657
167659
167662
167665
167670
167666
167657
167660
167664
167665
167666
167670
167672
167673
167673
167672
167670
167666
167664
167671
167670
167666
167666
167665
167665
167663
167660
167661
167664
167666
167667
167669
167667
167666
167668
167665
167665
167666
167665
167666
167669
167668
167666
167669
167672
167673
167675
167674
167672
167671
167676
167678
167675
167672
167674
167674
167671
167676
167679
167677
167680
167680
167676
167673
167672
167673
167671
167667
167666
167667
167670
167671
167669
167668
167673
167675
167674
167672
167672
167674
167671
167666
167666
167667
167669
167672
167670
167668
167671
167674
167674
167674
167673
167672
167675
167674
167676
167674
167674
167677
167678
167677
167673
167669
167676
167688
167675
167665
167673
167682
167683
167681
167685
167686
167684
167684
167682
167680
167688
167691
167686
167689
167694
167696
167698
167702
167703
167704
167699
167688
167694
167700
167703
167709
167714
167709
167706
167708
167709
167705
167701
167701
167702
167711
167715
167710
167704
167708
167711
167713
167714
167711
167710
167711
167710
167710
167711
167712
167714
167718
167718
167716
167720
167717
167716
167715
167712
167710
167713
167715
167718
167716
167714
167710
167714
167715
167712
167716
167721
167722
167721
167720
167723
167729
167733
167734
167729
167727
167727
167728
167722
167717
167715
167719
167724
167727
167727
167724
167722
167723
167727
167728
167723
167721
167721
167718
167713
167717
167722
167725
167725
167724
167730
167729
167729
167730
167731
167733
167737
167739
167737
167735
167733
167738
167742
167741
167738
167734
167735
167746
167753
167755
167754
167753
167748
167746
167745
167749
167749
167747
167742
167737
167744
167747
167749
167748
167743
167742
167747
167752
167750
167748
167750
167754
167757
167754
167747
167747
167749
167755
167755
167748
167750
167759
167763
167762
167758
167754
167762
167763
167759
167759
167763
167767
167768
167766
167764
167764
167764
167767
167764
167763
167759
167758
167765
167769
167772
167769
167768
167771
167771
167769
167766
167770
167776
167774
167769
167766
167767
167768
167766
167765
167767
167765
167763
167768
167768
167764
167761
167762
167761
167764
167768
167765
167764
167765
167766
167769
167771
167770
167768
167769
167771
167776
167781
167780
167776
167774
167776
167783
167784
167776
167772
167777
167779
167776
167778
167778
167776
167776
167776
167773
167771
167772
167772
167771
167776
167772
167770
167771
167771
167770
167766
167766
167768
167774
167772
167770
167769
167766
167764
167766
167775
167780
167774
167770
167769
167768
167771
167770
167764
167768
167762
167763
167764
167762
167762
167757
167755
167753
167756
167750
167743
167747
167749
167749
167750
167746
167744
167744
167740
167738
167738
167736
167740
167743
167741
167737
167740
167741
167741
167737
167738
167742
167742
167744
167747
167743
167741
167738
167738
167736
167733
167737
167739
167738
167733
167732
167734
167732
167729
167728
167727
167730
167732
167734
167733
167730
167735
167740
167740
167737
167735
167730
167735
167740
167737
167735
167733
167736
167740
167737
167736
167734
167740
167746
167742
167743
167746
167745
167742
167737
167733
167732
167735
167735
167740
167740
167734
167736
167738
167731
167725
167722
167722
167722
167730
167732
167731
167730
167730
167729
167721
167719
167727
167733
167731
167730
167729
167725
167725
167728
167725
167725
167727
167726
167728
167728
167727
167727
167728
167723
167718
167723
167727
167730
167729
167724
167728
167729
167724
167721
167719
167722
167727
167735
167734
167728
167724
167728
167728
167727
167727
167725
167724
167725
167727
167723
167722
167719
167718
167715
167715
167722
167725
167723
167723
167721
167718
167718
167720
167722
167721
167722
167721
167720
167716
167711
167711
167712
167714
167719
167718
167722
167726
167727
167724
167718
167716
167719
167721
167719
167715
167719
167726
167729
167729
167728
167724
167725
167724
167719
167718
167718
167720
167718
167718
167718
167717
167720
167725
167724
167721
167723
167721
167722
167723
167725
167725
167724
167723
167722
167721
167720
167725
167729
167725
167720
167722
167722
167722
167724
167724
167722
167721
167721
167716
167714
167717
167718
167718
167719
167718
167718
167721
167723
167720
167718
167721
167724
167724
167724
167724
167719
167721
167722
167723
167719
167724
167725
167722
167722
167728
167726
167723
167727
167723
167718
167717
167718
167724
167726
167720
167722
167727
167726
167721
167718
167718
167718
167720
167719
167718
167724
167723
167718
167719
167719
167721
167722
167722
167720
167720
167717
167720
167727
167727
167725
167723
167721
167721
167719
167714
167720
167723
167725
167726
167725
167722
167725
167727
167722
167717
167711
167714
167719
167720
167719
167720
167721
167723
167724
167722
167720
167719
167720
167718
167718
167720
167728
167733
167729
167727
167725
167721
167719
167719
167715
167714
167718
167721
167720
167717
167724
167723
167719
167721
167718
167712
167718
167725
167723
167717
167717
167725
167724
167724
167723
167723
167724
167726
167725
167722
167720
167718
167718
167717
167715
167719
167723
167724
167720
167720
167722
167723
167723
167721
167717
167722
167726
167728
167725
167723
167723
167721
167717
167719
167717
167719
167722
167721
167721
167722
167727
167730
167729
167726
167720
167718
167719
167723
167721
167720
167718
167720
167721
167724
167725
167724
167726
167726
167720
167722
167725
167720
167720
167721
167720
167715
167719
167721
167721
167717
167714
167719
167722
167722
167721
167719
167720
167718
167715
167720
167724
167724
167725
167724
167722
167719
167724
167724
167720
167721
167724
167724
167723
167721
167718
167719
167723
167725
167722
167721
167721
167723
167721
167723
167723
167723
167722
167725
167724
167720
167717
167718
167718
167715
167716
167718
167718
167721
167720
167719
167720
167722
167723
167723
167725
167729
167731
167727
167723
167719
167717
167716
167716
167714
167711
167712
167719
167724
167726
167725
167723
167717
167716
167712
167709
167709
167712
167714
167714
167714
167714
167715
167719
167720
167716
167716
167717
167717
167713
167715
167721
167721
167722
167718
167716
167716
167717
167719
167722
167721
167719
167719
167721
167715
167712
167718
167720
167721
167716
167711
167712
167714
167714
167708
167699
167708
167724
167731
167733
167735
167735
167740
167744
167738
167732
167740
167748
167749
167749
167753
167753
167753
167750
167750
167749
167747
167747
167748
167749
167747
167746
167746
167745
167740
167741
167747
167747
167744
167742
167747
167748
167745
167746
167746
167743
167743
167744
167745
167744
167743
167739
167741
167744
167739
167738
167740
167741
167743
167744
167742
167743
167745
167749
167749
167747
167743
167741
167745
167747
167742
167744
167748
167748
167750
167752
167749
167748
167754
167751
167749
167752
167753
167750
167747
167745
167748
167752
167753
167753
167750
167745
167746
167755
167755
167751
167754
167758
167760
167758
167753
167751
167752
167751
167755
167756
167756
167756
167760
167760
167755
167750
167754
167760
167758
167752
167750
167747
167748
167756
167757
167754
167753
167757
167759
167756
167755
167763
167766
167764
167765
167766
167766
167767
167766
167761
167762
167764
167764
167759
167754
167753
167759
167761
167761
167758
167755
167762
167764
167762
167760
167762
167767
167769
167766
167762
167759
167761
167760
167757
167752
167751
167758
167764
167765
167766
167771
167765
167758
167758
167756
167756
167754
167754
167756
167756
167753
167747
167749
167752
167751
167750
167751
167751
167748
167745
167745
167748
167747
167745
167744
167743
167746
167749
167747
167749
167751
167750
167749
167747
167745
167743
167743
167740
167736
167745
167753
167748
167750
167750
167748
167745
167749
167753
167747
167745
167756
167765
167760
167757
167758
167759
167764
167766
167759
167754
167754
167756
167762
167759
167754
167752
167753
167759
167761
167756
167758
167768
167769
167762
167763
167764
167766
167773
167775
167770
167767
167766
167769
167772
167773
167770
167771
167775
167772
167773
167774
167770
167768
167766
167764
167771
167774
167772
167778
167781
167781
167779
167776
167773
167772
167773
167777
167781
167781
167773
167769
167775
167778
167774
167771
167776
167782
167781
167777
167776
167777
167775
167774
167776
167782
167782
167781
167776
167777
167776
167773
167775
167773
167770
167770
167774
167776
167776
167775
167776
167779
167781
167782
167781
167778
167772
167776
167781
167777
167773
167776
167778
167777
167774
167782
167786
167782
167780
167782
167778
167779
167778
167771
167770
167771
167767
167761
167766
167769
167767
167765
167767
167767
167767
167761
167761
167770
167770
167765
167763
167768
167771
167770
167768
167768
167766
167767
167773
167775
167773
167771
167771
167772
167775
167772
167766
167763
167766
167763
167762
167762
167764
167766
167764
167765
167766
167768
167769
167764
167764
167765
167766
167768
167769
167769
167767
167765
167769
167766
167761
167758
167763
167767
167767
167767
167768
167766
167770
167780
167777
167769
167772
167774
167769
167768
167771
167773
167774
167769
167768
167769
167769
167769
167768
167766
167765
167768
167771
167770
167768
167766
167769
167769
167768
167765
167762
167767
167769
167767
167766
167764
167766
167766
167761
167760
167762
167768
167771
167768
167763
167759
167757
167757
167757
167755
167756
167756
167761
167764
167761
167760
167761
167761
167760
167757
167755
167758
167759
167756
167756
167757
167757
167758
167758
167753
167750
167750
167751
167751
167746
167746
167752
167752
167751
167750
167751
167755
167754
167750
167745
167745
167746
167743
167741
167742
167745
167748
167748
167750
167750
167745
167746
167750
167750
167749
167748
167749
167751
167747
167747
167750
167747
167741
167743
167748
167747
167748
167748
167745
167739
167735
167737
167746
167745
167746
167747
167746
167748
167750
167750
167748
167750
167751
167749
167744
167742
167746
167746
167741
167738
167737
167738
167739
167744
167746
167745
167746
167746
167744
167741
167739
167743
167746
167746
167748
167749
167746
167748
167752
167750
167743
167743
167760
167772
167764
167757
167762
167769
167767
167768
167767
167771
167772
167770
167767
167776
167780
167777
167778
167777
167777
167778
167782
167791
167793
167791
167796
167797
167790
167785
167794
167799
167797
167791
167787
167792
167795
167796
167793
167788
167795
167800
167801
167801
167799
167799
167802
167802
167805
167809
167811
167813
167819
167821
167819
167820
167822
167823
167827
167827
167825
167826
167830
167832
167832
167835
167835
167838
167842
167839
167838
167844
167846
167841
167838
167844
167851
167849
167845
167851
167855
167856
167856
167858
167859
167857
167855
167851
167856
167862
167863
167865
167867
167870
167869
167867
167872
167873
167870
167867
167869
167873
167878
167876
167870
167867
167871
167874
167868
167867
167866
167869
167871
167873
167875
167874
167871
167869
167878
167878
167871
167869
167867
167865
167867
167867
167867
167869
167871
167872
167871
167873
167874
167871
167874
167877
167877
167878
167875
167873
167876
167881
167884
167881
167878
167875
167877
167880
167879
167878
167877
167878
167877
167876
167879
167878
167876
167877
167875
167875
167871
167873
167875
167874
167873
167873
167875
167879
167872
167874
167878
167878
167876
167874
167872
167870
167875
167880
167880
167874
167873
167879
167880
167874
167870
167868
167868
167867
167861
167867
167875
167876
167875
167865
167862
167865
167869
167866
167865
167864
167867
167874
167873
167871
167868
167867
167867
167866
167867
167871
167872
167872
167876
167877
167876
167875
167877
167875
167872
167869
167865
167868
167871
167873
167873
167870
167869
167866
167865
167867
167869
167874
167874
167872
167874
167873
167869
167867
167867
167876
167879
167884
167889
167889
167881
167876
167877
167877
167875
167875
167881
167882
167883
167884
167885
167884
167879
167874
167874
167872
167870
167874
167876
167878
167873
167874
167881
167885
167881
167874
167872
167874
167876
167880
167881
167878
167877
167876
167872
167866
167867
167869
167870
167871
167873
167872
167871
167874
167873
167871
167872
167875
167877
167878
167879
167880
167876
167873
167871
167879
167880
167881
167883
167882
167882
167880
167881
167882
167880
167879
167876
167874
167875
167877
167879
167877
167881
167882
167876
167872
167875
167877
167879
167878
167876
167871
167880
167889
167889
167886
167887
167891
167894
167895
167889
167880
167882
167884
167883
167879
167876
167877
167876
167879
167881
167880
167881
167878
167873
167876
167878
167880
167887
167892
167888
167877
167879
167883
167880
167880
167879
167878
167882
167883
167878
167874
167878
167879
167873
167871
167873
167875
167876
167874
167878
167882
167881
167879
167877
167869
167866
167876
167881
167886
167886
167882
167883
167883
167882
167884
167878
167878
167889
167892
167886
167881
167886
167891
167886
167880
167874
167879
167881
167881
167882
167882
167882
167883
167880
167878
167881
167885
167888
167888
167886
167885
167889
167888
167881
167872
167870
167878
167884
167879
167877
167878
167883
167890
167894
167893
167886
167885
167888
167889
167886
167882
167881
167883
167881
167882
167885
167886
167885
167886
167890
167891
167892
167895
167895
167890
167886
167889
167893
167892
167892
167891
167894
167899
167900
167895
167890
167883
167882
167888
167886
167885
167889
167893
167894
167891
167894
167897
167899
167900
167898
167892
167889
167889
167889
167890
167885
167887
167890
167892
167895
167895
167887
167887
167890
167887
167884
167884
167884
167884
167886
167885
167885
167887
167891
167891
167889
167888
167892
167893
167894
167893
167899
167902
167896
167890
167891
167890
167892
167891
167885
167882
167882
167886
167888
167888
167886
167885
167887
167886
167880
167880
167881
167885
167881
167879
167877
167885
167890
167890
167889
167885
167882
167879
167884
167887
167886
167889
167893
167891
167884
167884
167887
167893
167890
167886
167879
167876
167879
167882
167881
167880
167881
167880
167881
167881
167881
167884
167883
167885
167887
167886
167886
167884
167883
167884
167883
167883
167894
167900
167898
167894
167892
167890
167892
167890
167888
167889
167895
167900
167894
167890
167889
167884
167884
167885
167885
167886
167889
167891
167890
167886
167885
167891
167895
167891
167892
167894
167895
167897
167896
167892
167893
167896
167897
167898
167896
167896
167894
167893
167894
167893
167893
167890
167887
167881
167879
167884
167887
167889
167890
167890
167893
167895
167894
167890
167891
167895
167895
167895
167893
167892
167899
167901
167895
167887
167886
167892
167896
167895
167891
167892
167895
167898
167898
167893
167892
167896
167899
167900
167899
167900
167897
167897
167899
167898
167893
167893
167896
167897
167891
167893
167901
167904
167903
167900
167903
167908
167909
167905
167904
167906
167905
167900
167902
167901
167898
167900
167900
167899
167893
167889
167895
167900
167900
167899
167900
167900
167901
167906
167907
167908
167909
167906
167900
167900
167901
167902
167904
167902
167899
167895
167900
167905
167908
167907
167904
167905
167910
167911
167909
167904
167899
167900
167903
167904
167904
167904
167906
167905
167903
167903
167905
167908
167911
167912
167905
167908
167914
167915
167913
167909
167905
167910
167914
167913
167913
167916
167920
167924
167925
167920
167918
167919
167918
167919
167924
167927
167925
167924
167918
167911
167911
167909
167912
167919
167918
167915
167916
167920
167917
167912
167910
167919
167923
167916
167919
167926
167925
167923
167920
167919
167921
167927
167930
167931
167925
167925
167928
167927
167919
167910
167916
167923
167920
167919
167915
167915
167922
167925
167919
167911
167906
167903
167905
167906
167901
167903
167909
167912
167905
167906
167913
167918
167917
167908
167907
167914
167918
167913
167907
167904
167905
167909
167907
167903
167905
167909
167909
167907
167908
167907
167906
167908
167908
167903
167898
167894
167898
167903
167901
167896
167892
167892
167891
167890
167883
167883
167889
167890
167887
167887
167889
167885
167882
167881
167880
167879
167877
167879
167883
167882
167878
167877
167882
167884
167881
167877
167876
167874
167872
167869
167869
167868
167868
167871
167873
167873
167873
167872
167869
167864
167860
167860
167862
167862
167861
167862
167862
167864
167862
167859
167860
167858
167855
167859
167859
167859
167864
167866
167860
167860
167865
167863
167861
167858
167855
167853
167854
167854
167852
167846
167851
167856
167858
167858
167856
167859
167861
167862
167860
167856
167859
167861
167856
167854
167854
167855
167858
167859
167857
167852
167848
167854
167857
167857
167855
167854
167856
167859
167854
167853
167859
167862
167863
167860
167860
167858
167856
167855
167851
167847
167853
167858
167855
167854
167855
167855
167852
167852
167853
167853
167854
167857
167859
167857
167856
167856
167854
167858
167860
167857
167857
167858
167859
167858
167858
167858
167856
167859
167858
167855
167856
167856
167856
167854
167852
167855
167863
167863
167858
167851
167851
167860
167861
167861
167865
167864
167862
167862
167857
167859
167862
167859
167857
167859
167858
167857
167859
167860
167859
167855
167854
167854
167858
167859
167855
167855
167855
167851
167851
167853
167855
167857
167857
167856
167855
167854
167853
167858
167856
167852
167852
167855
167856
167854
167853
167856
167857
167853
167854
167852
167854
167858
167862
167868
167868
167864
167865
167866
167863
167859
167857
167857
167857
167856
167856
167858
167861
167863
167861
167859
167861
167863
167860
167857
167858
167861
167861
167861
167860
167861
167859
167859
167857
167854
167864
167869
167863
167861
167862
167865
167867
167865
167866
167869
167866
167865
167863
167862
167860
167859
167861
167863
167865
167869
167867
167866
167867
167866
167863
167864
167870
167869
167870
167870
167866
167864
167864
167863
167860
167862
167865
167869
167867
167864
167861
167860
167862
167865
167864
167862
167863
167867
167869
167868
167865
167863
167866
167866
167865
167862
167861
167869
167871
167870
167867
167865
167865
167868
167864
167861
167861
167862
167864
167860
167861
167866
167869
167869
167866
167868
167869
167868
167871
167872
167873
167870
167871
167874
167874
167871
167868
167871
167872
167872
167874
167876
167878
167882
167881
167874
167869
167870
167868
167864
167865
167869
167871
167871
167869
167867
167869
167872
167868
167864
167864
167866
167869
167871
167868
167863
167862
167866
167877
167879
167877
167874
167875
167873
167875
167874
167875
167878
167877
167878
167876
167873
167874
167880
167881
167879
167877
167877
167878
167875
167871
167874
167877
167876
167876
167873
167875
167875
167875
167877
167875
167874
167876
167877
167874
167872
167877
167883
167884
167879
167873
167879
167881
167880
167882
167882
167880
167883
167885
167878
167878
167881
167882
167881
167885
167883
167878
167879
167880
167881
167881
167880
167880
167881
167883
167886
167887
167888
167890
167888
167886
167884
167889
167891
167887
167887
167888
167887
167887
167887
167890
167893
167895
167901
167922
167930
167934
167936
167937
167940
167940
167940
167941
167935
167932
167931
167935
167934
167931
167929
167928
167927
167925
167930
167935
167933
167932
167933
167932
167928
167927
167927
167933
167936
167933
167932
167933
167934
167933
167931
167933
167933
167934
167936
167935
167933
167932
167932
167937
167939
167939
167939
167939
167939
167936
167931
167931
167932
167932
167930
167927
167928
167931
167930
167929
167930
167934
167934
167933
167930
167928
167931
167934
167936
167933
167936
167938
167938
167941
167942
167940
167938
167935
167937
167936
167931
167929
167932
167935
167937
167936
167934
167937
167937
167933
167928
167929
167935
167941
167942
167938
167939
167942
167942
167940
167936
167934
167935
167932
167931
167932
167933
167934
167936
167938
167937
167936
167937
167937
167933
167935
167942
167942
167942
167940
167942
167944
167945
167943
167943
167941
167942
167945
167943
167939
167939
167939
167943
167950
167948
167949
167951
167951
167950
167946
167948
167950
167948
167946
167944
167942
167943
167944
167947
167947
167946
167946
167948
167950
167952
167950
167951
167953
167954
167952
167949
167948
167951
167953
167951
167952
167954
167952
167950
167956
167960
167960
167965
167967
167963
167957
167957
167960
167958
167954
167951
167960
167963
167963
167962
167955
167951
167958
167960
167959
167959
167960
167963
167964
167957
167955
167957
167958
167959
167956
167954
167955
167954
167955
167952
167949
167950
167952
167951
167948
167942
167943
167947
167945
167944
167945
167943
167949
167952
167952
167953
167955
167954
167951
167948
167949
167950
167950
167955
167959
167956
167954
167947
167950
167956
167951
167946
167948
167949
167950
167947
167945
167945
167947
167947
167945
167947
167948
167952
167951
167947
167950
167952
167952
167950
167947
167946
167944
167949
167952
167950
167949
167950
167950
167944
167948
167955
167951
167950
167949
167951
167952
167953
167956
167955
167955
167952
167949
167954
167956
167951
167950
167953
167953
167957
167956
167953
167957
167960
167956
167961
167961
167960
167959
167956
167955
167956
167957
167958
167961
167963
167963
167961
167958
167960
167959
167956
167956
167956
167955
167952
167950
167955
167958
167955
167957
167954
167952
167958
167964
167959
167955
167958
167961
167961
167957
167963
167966
167965
167963
167960
167959
167957
167961
167961
167960
167960
167960
167964
167968
167967
167965
167964
167966
167964
167966
167968
167966
167968
167969
167965
167970
167972
167970
167969
167967
167967
167969
167975
167976
167978
167979
167978
167982
167981
167975
167973
167975
167977
167977
167974
167973
167974
167972
167978
167980
167979
167982
167983
167982
167981
167981
167983
167983
167988
167988
167984
167982
167982
167983
167979
167974
167972
167973
167970
167968
167973
167973
167973
167975
167981
167984
167985
167986
167981
167983
167988
167987
167990
167996
167998
167995
167998
168005
168006
168007
168008
168009
168005
167999
168001
168001
168001
168001
167999
167996
167995
167993
167990
167993
167993
167990
167989
167993
167991
167989
167990
167991
167989
167988
167995
167994
167986
167995
167998
167994
167990
167994
167998
167997
167995
167992
167991
167994
167992
167989
167990
167991
167990
167988
167990
167991
167992
167992
167993
167992
167986
167987
167995
167999
167997
167993
167993
167997
168010
168016
168015
168008
168004
168001
167996
168001
168001
168001
168004
168005
167997
167994
168000
168006
168008
168007
168005
168006
168012
168012
168010
168007
168003
168002
168003
168006
168004
168003
168002
167997
167999
168007
168012
168008
168007
168009
168012
168014
168013
168013
168016
168018
168022
168023
168018
168017
168016
168015
168014
168011
168009
168011
168010
168004
168006
168010
168014
168018
168018
168013
168014
168017
168021
168022
168023
168023
168017
168013
168014
168013
168015
168017
168017
168014
168014
168016
168018
168022
168022
168022
168020
168018
168020
168018
168014
168011
168017
168021
168020
168019
168021
168020
168023
168027
168026
168026
168027
168025
168023
168025
168024
168028
168033
168033
168030
168030
168032
168037
168038
168034
168033
168036
168031
168018
168022
168024
168024
168023
168017
168011
168009
168008
168009
