184990
184992
184992
184992
184993
184994
184994
184992
184989
184988
184988
184988
184988
184987
184988
184989
184989
184987
184985
184984
184986
184988
184986
184983
184981
184981
184982
184981
184980
184981
184982
184983
184982
184982
184984
184987
184989
184991
184989
184988
184988
184987
184985
184983
184983
184984
184985
184983
184981
184980
184981
184983
184984
184984
184984
184984
184984
184983
184980
184979
184980
184983
184983
184982
184984
184985
184987
184986
184983
184982
184982
184981
184979
184976
184975
184977
184979
184978
184976
184978
184980
184982
184981
184980
184981
184982
184982
184981
184979
184980
184984
184986
184985
184982
184982
184984
184984
184984
184982
184984
184985
184986
184985
184985
184987
184988
184989
184988
184986
184987
184988
184988
184985
184983
184984
184986
184987
184985
184982
184980
184981
184980
184976
184973
184973
184976
184978
184977
184975
184977
184978
184979
184977
184974
184975
184977
184978
184978
184978
184979
184980
184981
184980
184977
184977
184979
184978
184977
184977
184978
184979
184980
184979
184978
184979
184980
184981
184981
184979
184980
184981
184981
184977
184975
184976
184977
184977
184976
184974
184973
184974
184975
184975
184974
184976
184978
184980
184979
184977
184976
184977
184978
184976
184973
184973
184974
184976
184975
184974
184974
184976
184975
184974
184974
184975
184978
184981
184983
184982
184983
184985
184987
184986
184984
184985
184986
184987
184985
184983
184984
184985
184983
184981
184981
184983
184985
184986
184985
184984
184984
184986
184987
184985
184983
184983
184985
184986
184987
184986
184987
184990
184992
184991
184990
184992
184995
184997
184995
184993
184993
184994
184994
184992
184989
184986
184985
184984
184982
184983
184986
184990
184992
184991
184989
184986
184985
184983
184980
184978
184978
184980
184981
184978
184976
184976
184980
184981
184981
184980
184981
184983
184982
184979
184978
184978
184978
184978
184977
184974
184974
184976
184977
184975
184973
184971
184971
184972
184972
184972
184973
184975
184977
184976
184974
184972
184972
184972
184972
184971
184971
184971
184970
184969
184968
184969
184972
184974
184974
184973
184975
184978
184978
184976
184975
184977
184978
184977
184975
184973
184973
184975
184976
184975
184976
184978
184978
184977
184975
184973
184974
184975
184975
184975
184974
184974
184975
184977
184974
184973
184972
184973
184972
184970
184968
184968
184970
184971
184970
184968
184968
184968
184966
184962
184960
184962
184965
184966
184968
184970
184972
184974
184976
184976
184974
184975
184977
184977
184975
184972
184971
184972
184971
184968
184966
184967
184969
184970
184969
184968
184970
184972
184974
184976
184976
184977
184980
184981
184979
184975
184973
184972
184971
184970
184968
184968
184969
184969
184968
184968
184969
184972
184973
184971
184968
184967
184968
184968
184967
184966
184967
184968
184966
184963
184961
184961
184963
184966
184967
184969
184970
184972
184973
184972
184971
184971
184971
184971
184971
184970
184970
184970
184971
184969
184968
184969
184969
184968
184967
184966
184967
184965
184964
184963
184963
184965
184968
184971
184970
184969
184971
184971
184971
184970
184968
184966
184966
184966
184967
184967
184970
184972
184972
184970
184969
184971
184974
184975
184975
184976
184977
184977
184977
184976
184975
184975
184976
184975
184974
184973
184975
184978
184979
184979
184979
184979
184980
184980
184977
184974
184973
184972
184971
184971
184970
184970
184972
184974
184974
184974
184975
184977
184978
184978
184978
184978
184978
184978
184976
184973
184974
184976
184977
184977
184977
184978
184979
184980
184977
184974
184974
184974
184974
184972
184971
184972
184972
184972
184971
184968
184968
184969
184969
184966
184964
184965
184967
184970
184970
184970
184972
184972
184969
184965
184963
184962
184963
184964
184965
184963
184963
184961
184961
184960
184958
184959
184962
184964
184963
184961
184962
184965
184965
184964
184965
184966
184967
184969
184970
184971
184971
184971
184972
184971
184969
184971
184973
184975
184974
184972
184974
184977
184975
184972
184969
184970
184972
184972
184972
184972
184973
184974
184975
184974
184973
184974
184976
184977
184976
184975
184974
184973
184972
184969
184967
184967
184969
184970
184969
184969
184970
184972
184973
184973
184973
184974
184975
184973
184970
184969
184969
184970
184972
184971
184970
184970
184970
184970
184969
184967
184968
184969
184969
184970
184969
184971
184971
184970
184968
184967
184967
184968
184967
184966
184964
184964
184966
184965
184965
184964
184964
184963
184962
184961
184959
184959
184960
184962
184963
184962
184962
184964
184964
184962
184960
184961
184963
184964
184962
184960
184961
184964
184966
184966
184965
184965
184968
184968
184965
184962
184962
184962
184963
184962
184962
184964
184966
184967
184967
184967
184969
184969
184969
184966
184964
184965
184967
184965
184963
184960
184960
184961
184961
184961
184960
184963
184966
184968
184968
184968
184968
184970
184970
184970
184968
184967
184969
184969
184967
184965
184964
184963
184961
184958
184957
184958
184960
184961
184961
184961
184963
184964
184965
184962
184959
184957
184959
184960
184961
184961
184962
184965
184967
184966
184964
184965
184966
184963
184960
184959
184959
184960
184961
184960
184960
184961
184963
184963
184962
184962
184963
184965
184965
184964
184963
184964
184966
184966
184964
184964
184965
184968
184968
184966
184964
184965
184967
184968
184966
184963
184962
184961
184958
184956
184956
184958
184962
184962
184960
184960
184961
184963
184964
184963
184962
184963
184967
184967
184965
184963
184963
184963
184960
184958
184959
184961
184964
184964
184961
184959
184961
184963
184964
184963
184961
184961
184962
184961
184960
184960
184961
184963
184963
184961
184958
184957
184957
184955
184952
184951
184954
184956
184957
184955
184953
184952
184953
184954
184953
184952
184953
184956
184956
184956
184954
184954
184956
184956
184954
184950
184950
184951
184949
184948
184947
184947
184948
184948
184948
184948
184951
184953
184950
184947
184944
184945
184946
184945
184943
184941
184941
184941
184940
184937
184935
184936
184936
184935
184934
184935
184938
184942
184943
184943
184945
184948
184950
184951
184951
184951
184954
184955
184954
184952
184950
184949
184949
184949
184948
184947
184950
184952
184951
184949
184949
184952
184955
184955
184953
184951
184952
184953
184953
184952
184951
184952
184953
184955
184954
184953
184955
184955
184954
184953
184954
184954
184955
184956
184955
184954
184953
184953
184952
184951
184951
184952
184953
184953
184951
184951
184953
184955
184955
184953
184953
184955
184957
184956
184953
184951
184952
184954
184954
184953
184952
184954
184955
184956
184956
184954
184953
184954
184955
184954
184953
184954
184954
184953
184951
184950
184952
184954
184955
184954
184953
184955
184959
184960
184961
184960
184962
184962
184961
184958
184956
184954
184953
184950
184946
184946
184949
184951
184953
184952
184951
184952
184954
184955
184953
184956
184953
184943
184941
184943
184943
184946
184949
184941
184936
184936
184941
184946
184951
184952
184952
184953
184954
184955
184954
184954
184958
184956
184954
184952
184950
184950
184951
184951
184952
184954
184957
184960
184961
184963
184965
184968
184972
184972
184971
184971
184973
184975
184974
184970
184967
184967
184967
184965
184963
184963
184965
184966
184965
184965
184967
184972
184976
184978
184976
184975
184975
184974
184969
184963
184958
184955
184952
184950
184947
184944
184944
184944
184943
184943
184944
184947
184952
184955
184956
184958
184962
184963
184962
184958
184953
184950
184947
184942
184938
184936
184938
184942
184944
184945
184948
184952
184956
184956
184956
184955
184955
184954
184952
184948
184944
184942
184940
184936
184934
184934
184935
184935
184934
184934
184934
184937
184942
184944
184946
184948
184951
184954
184954
184950
184947
184946
184947
184945
184941
184939
184940
184942
184942
184939
184939
184940
184944
184947
184950
184954
184959
184962
184963
184962
184961
184962
184962
184961
184959
184958
184957
184955
184952
184950
184949
184950
184950
184951
184953
184956
184959
184963
184965
184967
184968
184971
184972
184972
184968
184964
184963
184964
184960
184956
184952
184951
184950
184950
184948
184948
184950
184952
184953
184953
184955
184958
184961
184961
184960
184958
184957
184955
184951
184948
184944
184943
184942
184941
184940
184938
184940
184943
184942
184942
184944
184949
184954
184957
184958
184958
184961
184962
184961
184958
184955
184954
184954
184952
184948
184945
184946
184947
184946
184944
184945
184948
184952
184956
184959
184962
184967
184973
184976
184976
184975
184973
184972
184967
184961
184956
184953
184953
184950
184948
184947
184949
184952
184953
184954
184957
184961
184964
184967
184969
184969
184970
184968
184963
184961
184959
184959
184959
184959
184960
184959
184958
184958
184956
184953
184951
184952
184955
184956
184955
184956
184959
184962
184963
184962
184962
184964
184967
184968
184967
184968
184968
184968
184967
184965
184965
184964
184963
184961
184958
184957
184959
184961
184962
184963
184965
184969
184972
184972
184971
184970
184969
184968
184965
184962
184961
184960
184961
184960
184960
184959
184962
184964
184965
184964
184963
184965
184967
184968
184967
184967
184971
184973
184973
184971
184970
184971
184972
184970
184968
184967
184968
184970
184968
184966
184966
184968
184970
184971
184969
184968
184969
184969
184969
184968
184966
184965
184964
184962
184959
184958
184959
184959
184956
184953
184951
184951
184951
184950
184949
184949
184951
184954
184955
184953
184952
184952
184953
184955
184955
184955
184957
184958
184955
184951
184949
184950
184951
184952
184952
184952
184953
184956
184957
184955
184955
184955
184955
184953
184951
184951
184951
184953
184953
184953
184952
184952
184953
184952
184950
184948
184948
184947
184946
184945
184945
184947
184949
184949
184947
184947
184948
184948
184948
184947
184947
184947
184948
184948
184946
184945
184946
184948
184948
184949
184950
184952
184952
184950
184949
184947
184948
184949
184948
184944
184943
184945
184946
184945
184941
184939
184939
184939
184938
184935
184933
184934
184937
184939
184938
184938
184941
184943
184942
184941
184941
184944
184946
184944
184941
184941
184943
184944
184944
184944
184945
184947
184949
184949
184948
184948
184950
184951
184948
184945
184944
184944
184945
184944
184944
184946
184949
184950
184948
184947
184946
184946
184947
184945
184942
184941
184943
184946
184947
184947
184946
184947
184947
184944
184942
184942
184942
184942
184941
184939
184939
184940
184942
184942
184941
184940
184941
184944
184944
184943
184943
184943
184942
184938
184935
184935
184937
184939
184939
184939
184939
184941
184943
184943
184943
184943
184944
184943
184941
184940
184940
184944
184947
184947
184945
184944
184945
184947
184948
184946
184947
184949
184952
184952
184950
184949
184950
184951
184950
184949
184949
184951
184952
184952
184952
184953
184954
184954
184951
184949
184949
184949
184949
184949
184950
184951
184953
184954
184951
184948
184946
184945
184945
184944
184941
184941
184944
184946
184944
184942
184942
184944
184946
184945
184943
184942
184943
184945
184943
184942
184942
184944
184946
184945
184942
184941
184941
184941
184939
184937
184937
184938
184942
184942
184941
184942
184943
184944
184942
184940
184938
184938
184937
184936
184936
184937
184939
184942
184942
184941
184943
184945
184945
184943
184939
184938
184939
184938
184936
184934
184935
184938
184939
184937
184934
184934
184935
184934
184933
184932
184932
184932
184934
184934
184933
184933
184933
184933
184931
184929
184928
184929
184930
184930
184929
184930
184934
184935
184933
184932
184932
184932
184933
184931
184928
184926
184928
184930
184929
184927
184927
184929
184932
184931
184928
184928
184930
184932
184933
184933
184934
184937
184938
184937
184935
184934
184936
184939
184939
184939
184939
184939
184939
184938
184937
184938
184940
184941
184942
184942
184942
184942
184944
184941
184937
184936
184937
184938
184938
184937
184937
184938
184941
184940
184937
184936
184937
184939
184939
184939
184941
184943
184945
184944
184942
184943
184945
184946
184945
184942
184940
184940
184941
184939
184936
184935
184938
184940
184940
184937
184936
184937
184938
184937
184936
184937
184940
184942
184942
184942
184943
184945
184946
184945
184944
184944
184944
184944
184942
184941
184943
184945
184944
184943
184942
184942
184945
184948
184946
184943
184941
184942
184942
184941
184940
184941
184943
184943
184941
184939
184939
184940
184941
184939
184938
184937
184936
184937
184936
184935
184936
184938
184939
184939
184938
184938
184938
184940
184938
184936
184936
184938
184938
184936
184934
184934
184937
184937
184934
184931
184930
184932
184933
184933
184931
184932
184933
184934
184933
184932
184933
184933
184932
184930
184927
184927
184929
184930
184931
184932
184932
184932
184932
184930
184928
184928
184930
184933
184934
184935
184936
184938
184941
184940
184938
184936
184936
184938
184937
184936
184936
184940
184942
184941
184938
184939
184940
184939
184938
184937
184938
184940
184942
184943
184943
184943
184942
184940
184938
184936
184936
184937
184937
184935
184933
184933
184935
184936
184937
184937
184937
184938
184938
184937
184936
184938
184940
184941
184939
184938
184937
184939
184940
184940
184940
184941
184941
184942
184941
184941
184941
184942
184943
184942
184940
184941
184943
184944
184943
184939
184937
184936
184936
184934
184930
184930
184931
184932
184931
184931
184932
184933
184935
184936
184935
184936
184937
184937
184937
184935
184935
184936
184936
184935
184934
184935
184936
184937
184935
184932
184931
184931
184931
184931
184931
184931
184934
184938
184938
184936
184935
184936
184935
184931
184927
184926
184927
184927
184925
184922
184921
184922
184923
184920
184919
184921
184924
184923
184922
184921
184921
184923
184922
184922
184922
184923
184926
184928
184927
184925
184924
184925
184926
184926
184924
184924
184925
184926
184924
184923
184925
184929
184931
184932
184930
184931
184932
184932
184930
184927
184926
184927
184927
184927
184926
184926
184927
184928
184927
184926
184926
184927
184928
184927
184926
184926
184927
184928
184926
184925
184926
184928
184929
184929
184927
184929
184932
184934
184932
184929
184927
184927
184927
184925
184924
184926
184929
184929
184927
184925
184925
184926
184926
184925
184922
184923
184926
184926
184925
184924
184924
184926
184927
184926
184925
184927
184929
184931
184932
184931
184932
184935
184937
184935
184934
184934
184934
184935
184935
184934
184934
184935
184937
184936
184936
184938
184940
184941
184940
184939
184940
184941
184942
184942
184940
184938
184939
184939
184940
184939
184939
184938
184937
184935
184935
184937
184939
184941
184940
184938
184938
184938
184937
184935
184934
184934
184935
184936
184935
184935
184936
184936
184937
184936
184934
184935
184937
184938
184938
184938
184941
184943
184944
184942
184939
184938
184936
184935
184932
184930
184931
184932
184932
184930
184928
184927
184928
184928
184925
184924
184924
184924
184925
184924
184922
184923
184926
184927
184927
184925
184925
184926
184926
184924
184923
184925
184927
184930
184931
184931
184932
184933
184933
184931
184927
184926
184928
184928
184927
184926
184926
184927
184927
184926
184925
184926
184927
184928
184927
184926
184926
184925
184924
184921
184917
184915
184916
184916
184915
184914
184915
184918
184919
184918
184917
184918
184919
184920
184918
184918
184918
184919
184920
184918
184918
184921
184921
184922
184921
184920
184919
184919
184920
184918
184917
184920
184923
184924
184924
184921
184921
184921
184919
184917
184913
184914
184915
184913
184910
184909
184909
184912
184914
184913
184911
184911
184911
184911
184910
184908
184907
184907
184906
184904
184903
184903
184905
184905
184906
184908
184912
184916
184920
184921
184921
184924
184927
184929
184930
184930
184932
184936
184938
184937
184936
184936
184936
184935
184932
184930
184931
184933
184932
184929
184927
184926
184926
184926
184924
184923
184924
184926
184926
184924
184919
184918
184917
184916
184913
184909
184909
184912
184913
184912
184911
184913
184917
184917
184916
184915
184914
184916
184914
184912
184911
184911
184912
184913
184913
184911
184911
184912
184912
184911
184910
184912
184916
184918
184917
184916
184916
184917
184916
184915
184914
184916
184917
184917
184917
184916
184916
184919
184921
184919
184917
184916
184917
184916
184914
184911
184910
184911
184913
184910
184907
184906
184907
184907
184908
184908
184907
184908
184909
184908
184907
184906
184906
184904
184903
184901
184901
184903
184904
184904
184903
184904
184906
184907
184907
184906
184907
184909
184910
184909
184907
184907
184907
184906
184905
184905
184905
184906
184906
184905
184903
184904
184906
184907
184906
184905
184905
184906
184907
184906
184905
184905
184906
184907
184906
184903
184904
184905
184906
184904
184902
184901
184902
184901
184899
184898
184898
184899
184902
184904
184902
184902
184902
184901
184901
184900
184901
184902
184901
184897
184893
184891
184892
184891
184888
184885
184885
184886
184887
184885
184883
184884
184888
184889
184889
184888
184889
184891
184893
184892
184892
184892
184892
184891
184889
184886
184884
184884
184884
184883
184884
184886
184890
184892
184891
184890
184892
184893
184893
184891
184890
184890
184892
184892
184892
184891
184890
184891
184894
184893
184891
184892
184893
184893
184892
184891
184892
184895
184896
184894
184893
184894
184895
184893
184892
184890
184892
184894
184894
184892
184890
184888
184887
184887
184885
184883
184886
184888
184890
184890
184890
184890
184892
184893
184893
184892
184893
184895
184896
184895
184894
184896
184898
184898
184897
184895
184896
184899
184899
184898
184897
184896
184897
184895
184895
184894
184895
184898
184899
184897
184896
184896
184898
184900
184901
184899
184900
184901
184901
184899
184895
184894
184893
184892
184891
184891
184892
184894
184897
184897
184896
184897
184898
184897
184895
184892
184890
184889
184888
184885
184883
184884
184886
184887
184886
184886
184886
184887
184886
184883
184883
184884
184884
184883
184880
184879
184881
184884
184885
184885
184884
184885
184888
184888
184887
184885
184886
184888
184887
184886
184885
184886
184889
184889
184889
184888
184887
184888
184888
184887
184885
184885
184888
184889
184889
184888
184889
184891
184889
184887
184884
184882
184883
184884
184883
184882
184884
184887
184888
184888
184887
184889
184890
184889
184886
184883
184881
184881
184882
184882
184883
184884
184886
184884
184882
184882
184886
184889
184891
184890
184889
184888
184888
184888
184887
184884
184884
184884
184884
184881
184879
184880
184881
184881
184881
184881
184882
184883
184882
184880
184878
184879
184879
184878
184878
184877
184878
184880
184881
184881
184880
184878
184878
184877
184877
184878
184880
184882
184882
184882
184881
184880
184880
184879
184876
184874
184876
184878
184879
184879
184879
184880
184883
184884
184883
184880
184879
184879
184877
184875
184873
184873
184873
184873
184871
184868
184867
184869
184870
184868
184865
184864
184863
184861
184858
184855
184854
184855
184855
184856
184858
184860
184864
184866
184865
184864
184864
184865
184864
184863
184862
184864
184867
184869
184869
184869
184871
184873
184874
184872
184871
184872
184874
184876
184876
184878
184880
184882
184882
184881
184881
184882
184884
184886
184886
184887
184893
184898
184902
184903
184905
184910
184914
184916
184916
184916
184917
184920
184921
184921
184922
184924
184925
184924
184922
184919
184920
184921
184921
184920
184920
184921
184921
184920
184917
184913
184911
184909
184905
184900
184896
184894
184894
184892
184889
184885
184883
184883
184882
184879
184877
184877
184877
184874
184870
184866
184866
184865
184863
184861
184859
184859
184860
184859
184858
184858
184859
184861
184861
184860
184860
184863
184865
184866
184867
184867
184869
184872
184874
184875
184875
184878
184880
184879
184877
184877
184876
184878
184878
184876
184873
184872
184871
184869
184865
184863
184864
184866
184868
184868
184867
184871
184874
184875
184875
184875
184877
184880
184882
184884
184885
184887
184887
184887
184885
184884
184883
184883
184881
184876
184873
184871
184869
184868
184866
184865
184865
184866
184866
184865
184865
184869
184873
184876
184876
184876
184880
184883
184883
184882
184880
184878
184879
184876
184874
184872
184871
184872
184872
184872
184874
184878
184883
184888
184891
184894
184897
184899
184896
184892
184888
184887
184887
184886
184887
184887
184888
184889
184888
184886
184885
184886
184888
184886
184884
184885
184887
184890
184891
184890
184889
184887
184887
184884
184881
184880
184882
184886
184889
184893
184897
184901
184903
184902
184898
184894
184889
184884
184878
184872
184868
184868
184868
184870
184872
184876
184881
184887
184891
184892
184894
184897
184898
184897
184894
184891
184890
184888
184884
184878
184872
184868
184867
184864
184860
184859
184861
184865
184868
184870
184871
184874
184875
184874
184870
184868
184869
184870
184871
184872
184874
184878
184882
184883
184883
184882
184883
184886
184886
184883
184880
184880
184880
184877
184874
184870
184869
184869
184868
184867
184867
184868
184868
184870
184871
184874
184878
184880
184881
184880
184880
184882
184883
184881
184879
184877
184876
184875
184872
184869
184866
184867
184869
184870
184871
184871
184873
184876
184877
184876
184875
184876
184877
184876
184872
184870
184870
184871
184869
184867
184865
184865
184864
184862
184860
184860
184863
184867
184868
184867
184866
184866
184865
184862
184860
184859
184859
184860
184861
184860
184859
184859
184859
184859
184860
184861
184863
184866
184866
184864
184862
184861
184859
184855
184850
184846
184844
184844
184843
184843
184844
184846
184849
184851
184851
184852
184854
184859
184861
184862
184865
184869
184871
184870
184866
184863
184860
184857
184853
184847
184842
184839
184841
184841
184840
184843
184848
184855
184859
184861
184864
184867
184869
184866
184862
184860
184859
184858
184856
184852
184848
184845
184841
184836
184832
184830
184831
184833
184835
184837
184838
184843
184847
184848
184850
184853
184859
184864
184866
184867
184866
184867
184866
184862
184859
184856
184854
184854
184852
184851
184853
184857
184861
184864
184863
184865
184866
184868
184866
184863
184862
184863
184865
184866
184866
184865
184866
184866
184863
184860
184858
184858
184859
184860
184860
184861
184864
184869
184872
184873
184875
184878
184881
184880
184875
184872
184871
184869
184866
184863
184863
184864
184865
184865
184866
184867
184869
184872
184871
184871
184871
184872
184873
184873
184872
184871
184873
184875
184877
184877
184878
184882
184886
184887
184886
184885
184885
184885
184883
184880
184879
184879
184879
184879
184880
184881
184884
184884
184883
184883
184883
184884
184886
184886
184885
184882
184881
184880
184877
184874
184872
184873
184873
184871
184870
184867
184867
184869
184868
184866
184866
184867
184870
184870
184869
184870
184872
184875
184874
184873
184872
184874
184874
184872
184870
184870
184870
184870
184869
184868
184868
184869
184870
184869
184868
184866
184867
184868
184868
184867
184867
184868
184869
184869
184868
184866
184867
184868
184868
184868
184868
184871
184872
184871
184870
184869
184870
184868
184865
184862
184860
184861
184861
184861
184862
184865
184868
184871
184872
184872
184872
184874
184875
184876
184875
184874
184874
184874
184874
184873
184871
184871
184873
184873
184873
184873
184875
184876
184876
184877
184879
184883
184886
184886
184883
184883
184883
184882
184878
184873
184872
184872
184872
184872
184872
184873
184875
184878
184878
184877
184876
184877
184878
184877
184875
184875
184876
184876
184875
184872
184872
184873
184876
184876
184877
184877
184877
184878
184876
184874
184873
184873
184873
184873
184871
184870
184873
184875
184874
184871
184871
184873
184875
184874
184873
184873
184874
184875
184874
184872
184872
184873
184874
184873
184872
184871
184872
184873
184873
184871
184872
184874
184875
184873
184871
184870
184871
184874
184873
184872
184871
184872
184874
184875
184873
184872
184873
184872
184870
184869
184870
184873
184875
184875
184875
184875
184877
184878
184877
184876
184875
184875
184876
184875
184873
184873
184875
184875
184874
184872
184871
184873
184875
184875
184875
184877
184880
184883
184882
184881
184879
184879
184879
184877
184876
184876
184878
184880
184880
184879
184878
184879
184882
184883
184883
184883
184885
184886
184885
184884
184882
184883
184884
184884
184884
184885
184887
184888
184886
184883
184884
184884
184885
184887
184887
184889
184892
184895
184897
184897
184897
184899
184902
184900
184897
184896
184895
184895
184893
184890
184889
184889
184889
184887
184884
184883
184884
184885
184883
184879
184878
184880
184882
184883
184883
184883
184885
184887
184885
184884
184885
184886
184888
184888
184888
184889
184890
184892
184891
184889
184889
184891
184891
184890
184889
184890
184892
184893
184891
184889
184887
184887
184886
184884
184883
184884
184884
184883
184881
184880
184881
184882
184883
184883
184881
184880
184880
184880
184878
184877
184876
184876
184876
184874
184872
184874
184877
184880
184881
184881
184883
184885
184885
184884
184884
184884
184887
184889
184888
184886
184887
184888
184889
184888
184886
184884
184884
184884
184881
184879
184879
184880
184879
184875
184873
184872
184872
184873
184873
184873
184875
184876
184876
184874
184873
184872
184871
184870
184867
184865
184865
184867
184868
184869
184868
184868
184869
184871
184869
184867
184868
184868
184870
184871
184871
184870
184872
184874
184873
184872
184872
184873
184875
184877
184877
184878
184880
184880
184879
184879
184881
184883
184885
184884
184883
184883
184885
184887
184885
184883
184881
184881
184881
184879
184877
184877
184877
184878
184878
184876
184875
184878
184880
184881
184881
184882
184883
184883
184880
184878
184877
184878
184879
184878
184877
184878
184880
184879
184879
184878
184879
184881
184882
184881
184879
184878
184879
184881
184880
184876
184875
184877
184879
184879
184878
184879
184880
184881
184880
184877
184877
184878
184878
184875
184874
184875
184876
184877
184878
184878
184880
184883
184886
184886
184883
184884
184887
184889
184888
184885
184883
184883
184883
184882
184880
184879
184880
184881
184880
184879
184880
184882
184883
184882
184881
184881
184882
184883
184883
184883
184884
184885
184883
184881
184880
184878
184878
184877
184876
184875
184874
184876
184879
184880
184880
184882
184884
184883
184883
184880
184879
184879
184878
184875
184873
184874
184875
184876
184877
184878
184880
184884
184886
184886
184884
184882
184881
184880
184876
184873
184872
184873
184873
184872
184871
184872
184876
184879
184878
184876
184878
184880
184880
184879
184876
184875
184874
184874
184871
184867
184865
184866
184867
184865
184865
184868
184870
184871
184871
184871
184871
184874
184875
184875
184872
184870
184872
184873
184872
184870
184870
184871
184872
184872
184871
184872
184874
184875
184874
184872
184872
184873
184874
184874
184872
184872
184873
184872
184870
184867
184866
184868
184871
184872
184871
184872
184873
184874
184872
184870
184869
184869
184870
184869
184869
184869
184869
184869
184867
184864
184864
184866
184867
184867
184865
184866
184869
184870
184869
184868
184869
184871
184872
184869
184866
184866
184867
184868
184868
184868
184868
184868
184868
184867
184865
184863
184864
184865
184864
184864
184865
184868
184869
184868
184865
184866
184868
184868
184866
184863
184862
184863
184864
184865
184864
184863
184864
184863
184861
184858
184857
184859
184860
184858
184857
184858
184859
184860
184859
184859
184860
184861
184861
184860
184858
184859
184861
184862
184861
184859
184858
184860
184862
184862
184861
184863
184865
184867
184868
184867
184868
184870
184871
184870
184868
184866
184866
184865
184865
184863
184863
184863
184864
184863
184864
184868
184870
184870
184867
184864
184864
184864
184864
184862
184861
184861
184862
184863
184862
184862
184862
184863
184865
184864
184861
184860
184861
184861
184860
184859
184860
184861
184863
184861
184860
184862
184864
184865
184865
184865
184866
184867
184867
184865
184864
184865
184867
184869
184867
184866
184865
184866
184867
184867
184866
184866
184865
184865
184864
184862
184862
184863
184864
184863
184862
184862
184864
184866
184866
184864
184865
184867
184869
184867
184865
184865
184867
184868
184867
184868
184872
184876
184877
184877
184876
184878
184880
184880
184878
184876
184876
184878
184879
184877
184875
184876
184877
184878
184877
184876
184877
184878
184879
184877
184876
184875
184875
184875
184872
184869
184870
184872
184873
184872
184870
184870
184870
184870
184866
184864
184863
184863
184861
184859
184859
184860
184862
184863
184861
184859
184858
184860
184860
184859
184858
184860
184862
184863
184863
184861
184859
184860
184858
184856
184855
184856
184857
184858
184857
184856
184856
184857
184856
184854
184852
184851
184851
184851
184849
184847
184846
184846
184846
184846
184845
184846
184847
184848
184848
184848
184850
184853
184855
184853
184852
184853
184854
184853
184852
184848
184847
184848
184848
184846
184843
184842
184841
184840
184839
184839
184839
184841
184843
184844
184845
184847
184849
184849
184848
184848
184851
184855
184856
184854
184854
184854
184855
184854
184851
184850
184850
184851
184850
184849
184847
184846
184845
184845
184843
184842
184843
184847
184850
184849
184848
184849
184850
184850
184850
184849
184850
184851
184850
184848
184844
184842
184840
184838
184837
184835
184837
184839
184840
184838
184837
184840
184844
184847
184847
184848
184851
184854
184855
184854
184852
184853
184853
184852
184851
184849
184851
184853
184855
184856
184856
184858
184860
184862
184862
184859
184861
184863
184865
184864
184863
184864
184866
184868
184867
184866
184867
184868
184868
184865
184862
184864
184867
184871
184870
184867
184865
184864
184863
184861
184859
184860
184861
184862
184862
184861
184862
184864
184863
184861
184860
184858
184857
184856
184854
184854
184857
184861
184862
184862
184862
184862
184862
184862
184860
184858
184859
184861
184861
184859
184857
184858
184860
184862
184861
184859
184859
184861
184862
184862
184862
184862
184863
184862
184858
184856
184856
184856
184855
184853
184851
184851
184852
184853
184851
184849
184850
184851
184852
184853
184853
184854
184854
184853
184851
184850
184851
184853
184853
184851
184849
184850
184852
184853
184853
184853
184854
184856
184857
184856
184853
184852
184852
184853
184853
184853
184856
184859
184859
184858
184857
184859
184861
184860
184859
184857
184857
184857
184856
184852
184848
184845
184845
184843
184841
184839
184840
184841
184843
184843
184843
184845
184846
184844
184843
184841
184839
184838
184836
184833
184833
184835
184838
184839
184838
184839
184840
184843
184845
184848
184848
184849
184851
184851
184850
184848
184847
184848
184849
184848
184848
184848
184850
184849
184850
184851
184854
184856
184855
184851
184846
184843
184843
184842
184840
184838
184839
184841
184841
184841
184841
184843
184847
184849
184848
184847
184848
184847
184845
184842
184839
184839
184840
184841
184840
184838
184840
184843
184845
184845
184846
184848
184850
184851
184846
184843
184840
184837
184835
184832
184830
184831
184833
184833
184832
184833
184836
184840
184843
184845
184847
184850
184852
184850
184846
184841
184837
184833
184828
184824
184822
184823
184826
184827
184829
184831
184838
184843
184847
184850
184854
184859
184860
184858
184852
184845
184839
184833
184826
184820
184814
184809
184804
184799
184795
184793
184796
184801
184806
184807
184809
184812
184813
184812
184808
184803
184797
184793
184787
184781
184776
184775
184776
184777
184777
184781
184788
184796
184803
184808
184813
184819
184822
184821
184816
184807
184799
184789
184778
184766
184757
184753
184753
184753
184757
184763
184772
184783
184790
184795
184801
184808
184813
184814
184811
184806
184802
184797
184790
184780
184771
184765
184762
184760
184759
184761
184767
184774
184782
184788
184795
184804
184811
184815
184815
184815
184814
184814
184812
184810
184806
184805
184803
184802
184801
184801
184804
184808
184809
184811
184812
184815
184817
184816
184814
184811
184810
184808
184804
184799
184794
184794
184796
184798
184802
184804
184808
184814
184817
184818
184820
184824
184826
184826
184824
184822
184822
184822
184818
184813
184808
184805
184802
184798
184794
184790
184790
184792
184794
184796
184797
184799
184802
184802
184802
184803
184806
184810
184812
184810
184807
184806
184806
184803
184799
184796
184796
184798
184799
184800
184802
184806
184809
184812
184811
184811
184814
184816
184817
184812
184808
184805
184802
184798
184794
184793
184793
184794
184796
184799
184802
184806
184808
184810
184812
184813
184813
184814
184814
184814
184813
184812
184813
184812
184811
184811
184812
184814
184814
184813
184813
184816
184819
184819
184817
184813
184812
184813
184811
184809
184808
184808
184808
184806
184804
184802
184803
184804
184802
184799
184797
184798
184801
184802
184802
184802
184806
184810
184810
184810
184808
184809
184809
184809
184806
184804
184804
184804
184802
184799
184799
184799
184802
184804
184803
184803
184806
184808
184807
184807
184808
184810
184812
184813
184813
184813
184814
184815
184814
184811
184810
184810
184810
184808
184806
184806
184807
184808
184807
184805
184805
184807
184808
184807
184805
184806
184808
184811
184812
184812
184812
184811
184813
184814
184815
184816
184819
184824
184826
184827
184829
184831
184835
184836
184836
184836
184837
184838
184838
184836
184835
184833
184832
184832
184831
184830
184831
184831
184829
184827
184825
184824
184825
184824
184824
184825
184826
184827
184826
184824
184822
184822
184824
184824
184822
184822
184822
184822
184822
184819
184818
184820
184821
184821
184820
184820
184823
184824
184824
184824
184823
184822
184821
184817
184813
184810
184811
184812
184810
184807
184805
184806
184808
184808
184807
184807
184808
184810
184809
184807
184806
184806
184807
184807
184807
184807
184809
184810
184811
184810
184810
184811
184813
184813
184812
184812
184812
184812
184810
184807
184804
184804
184804
184802
184801
184802
184804
184807
184806
184805
184804
184806
184807
184807
184807
184807
184809
184810
184809
184809
184810
184811
184812
184811
184808
184806
184805
184803
184801
184800
184800
184801
184802
184802
184800
184800
184801
184803
184803
184805
184805
184806
184807
184806
184804
184803
184803
184805
184805
184805
184803
184803
184804
184803
184800
184798
184801
184802
184802
184800
184798
184798
184798
184797
184793
184792
184793
184796
184795
184791
184791
184793
184796
184798
184796
184795
184795
184797
184798
184797
184796
184797
184799
184796
184793
184791
184793
184795
184796
184796
184796
184798
184799
184800
184798
184797
184799
184800
184801
184799
184798
184799
184801
184800
184798
184797
184798
184799
184798
184796
184795
184794
184795
184793
184792
184791
184793
184795
184795
184793
184794
184796
184799
184797
184794
184795
184797
184799
184799
184798
184798
184800
184801
184800
184798
184795
184793
184794
184793
184790
184790
184793
184795
184795
184793
184793
184794
184797
184796
184794
184793
184795
184797
184796
184794
184794
184796
184798
184797
184797
184797
184797
184797
184795
184792
184792
184792
184792
184791
184789
184789
184790
184790
184789
184787
184787
184787
184789
184790
184790
184790
184791
184792
184792
184790
184790
184794
184796
184796
184796
184797
184800
184803
184803
184803
184802
184802
184803
184802
184800
184800
184801
184802
184801
184800
184799
184800
184801
184800
184799
184799
184803
184805
184804
184803
184803
184804
184805
184804
184804
184805
184806
184809
184808
184807
184807
184807
184808
184808
184807
184808
184810
184813
184814
184814
184814
184814
184815
184813
184811
184810
184811
184813
184813
184811
184810
184811
184812
184810
184806
184805
184805
184805
184803
184799
184796
184796
184798
184798
184796
184796
184798
184801
184801
184802
184802
184803
184804
184803
184800
184800
184802
184804
184806
184806
184806
184807
184808
184804
184803
184802
184803
184804
184802
184800
184799
184799
184800
184799
184798
184798
184801
184805
184807
184806
184806
184808
184809
184808
184806
184805
184805
184806
184804
184802
184801
184802
184802
184801
184798
184796
184796
184797
184797
184796
184796
184798
184800
184802
184803
184803
184804
184805
184804
184802
184802
184804
184805
184803
184801
184800
184799
184798
184797
184797
184798
184799
184801
184800
184798
184797
184799
184799
184798
184798
184799
184802
184803
184803
184802
184802
184802
184803
184801
184798
184794
184793
184794
184793
184793
184793
184797
184801
184802
184802
184802
184802
184802
184801
184799
184801
184805
184806
184804
184801
184800
184802
184805
184805
184804
184807
184810
184810
184807
184804
184802
184802
184801
184800
184798
184798
184800
184802
184800
184799
184799
184800
184801
184801
184801
184801
184800
184800
184798
184798
184798
184799
184798
184797
184796
184796
184797
184797
184797
184795
184797
184799
184801
184800
184798
184798
184799
184800
184800
184799
184799
184800
184803
184803
184801
184802
184805
184806
184806
184806
184805
184805
184804
184802
184800
184799
184799
184801
184799
184797
184796
184795
184795
184793
184790
184790
184790
184791
184790
184790
184792
184794
184796
184795
184793
184793
184795
184797
184797
184795
184795
184796
184797
184796
184795
184795
184797
184798
184796
184793
184793
184795
184797
184796
184794
184793
184794
184794
184793
184792
184792
184794
184794
184794
184794
184798
184800
184803
184803
184802
184801
184801
184800
184798
184796
184797
184800
184803
184802
184800
184800
184801
184801
184799
184799
184802
184805
184807
184805
184804
184803
184803
184802
184801
184801
184801
184801
184802
184802
184802
184803
184803
184802
184799
184796
184796
184797
184797
184798
184801
184804
184807
184807
184806
184804
184803
184804
184804
184801
184800
184799
184800
184802
184802
184801
184801
184802
184803
184802
184800
184801
184803
184805
184804
184804
184805
184807
184807
184804
184802
184803
184805
184805
184803
184800
184800
184804
184808
184809
184808
184809
184811
184811
184809
184808
184808
184808
184808
184809
184808
184807
184807
184808
184806
184805
184804
184805
184807
184807
184807
184808
184810
184810
184807
184805
184804
184805
184806
184805
184804
184805
184806
184807
184805
184803
184803
184804
184805
184805
184806
184807
184807
184808
184805
184801
184798
184798
184799
184797
184796
184797
184803
184808
184808
184806
184806
184806
184805
184803
184802
184802
184804
184805
184803
184799
184797
184797
184798
184799
184800
184802
184806
184809
184810
184810
184811
184812
184815
184813
184808
184806
184805
184804
184801
184798
184797
184797
184798
184797
184799
184803
184809
184814
184818
184819
184820
184822
184821
184818
184815
184812
184810
184807
184804
184801
184800
184799
184800
184800
184799
184801
184804
184806
184807
184806
184807
184809
184810
184808
184805
184802
184801
184800
184797
184794
184792
184793
184793
184792
184792
184794
184797
184799
184800
184801
184802
184805
184806
184805
184804
184803
184802
184802
184800
184798
184797
184798
184799
184798
184796
184796
184797
184798
184798
184796
184796
184796
184797
184795
184793
184792
184793
184793
184790
184788
184789
184790
184793
184793
184793
184794
184796
184797
184797
184797
184797
184799
184799
184799
184798
184797
184796
184796
184794
184792
184791
184793
184796
184796
184795
184796
184799
184801
184801
184799
184799
184799
184798
184797
184795
184795
184797
184800
184799
184798
184798
184799
184800
184798
184797
184796
184798
184800
184799
184797
184796
184796
184796
184795
184794
184794
184794
184793
184794
184793
184793
184795
184793
184790
184787
184788
184789
184790
184789
184788
184788
184790
184791
184791
184790
184790
184791
184791
184790
184789
184789
184792
184794
184793
184792
184792
184791
184790
184789
184788
184789
184791
184793
184792
184790
184790
184791
184791
184789
184788
184789
184790
184790
184789
184786
184787
184788
184787
184785
184783
184785
184787
184787
184785
184785
184786
184788
184788
184788
184787
184786
184787
184789
184787
184785
184786
184788
184789
184787
184785
184786
184788
184791
184793
184793
184794
184795
184795
184792
184789
184788
184789
184790
184788
184787
184787
184788
184788
184786
184786
184788
184791
184792
184791
184791
184794
184797
184799
184798
184796
184795
184797
184797
184797
184795
184796
184796
184795
184794
184792
184791
184789
184787
184786
184784
184782
184783
184785
184783
184780
184781
184784
184785
184783
184782
184781
184783
184784
184783
184781
184779
184779
184779
184777
184775
184777
184778
184779
184779
184780
184781
184784
184786
184786
184785
184786
184789
184790
184787
184785
184786
184788
184786
184785
184783
184783
184783
184783
184780
184779
184779
184783
184785
184785
184785
184787
184791
184794
184793
184793
184792
184794
184794
184793
184789
184786
184784
184783
184781
184778
184779
184781
184782
184782
184782
184785
184788
184790
184792
184794
184797
184800
184802
184802
184801
184802
184803
184803
184800
184796
184794
184793
184791
184789
184787
184788
184791
184794
184796
184796
184797
184798
184800
184800
184799
184798
184800
184801
184801
184799
184798
184798
184798
184796
184794
184794
184795
184793
184790
184788
184789
184789
184790
184790
184788
184789
184791
184790
184786
184783
184781
184781
184780
184777
184775
184775
184776
184776
184776
184776
184777
184779
184779
184777
184775
184775
184778
184779
184778
184775
184774
184772
184772
184769
184767
184767
184769
184772
184772
184773
184774
184777
184779
184780
184780
184780
184782
184783
184783
184783
184785
184787
184787
184787
184785
184785
184787
184786
184784
184783
184785
184788
184789
184787
184786
184786
184788
184789
184787
184785
184785
184787
184787
184785
184784
184783
184783
184783
184780
184775
184773
184773
184772
184771
184770
184771
184774
184778
184780
184782
184786
184792
184797
184799
184802
184807
184809
184808
184806
184802
184801
184801
184801
184800
184800
184800
184801
184803
184803
184802
184803
184804
184802
184798
184795
184796
184797
184797
184796
184794
184793
184790
184788
184785
184782
184781
184782
184782
184782
184782
184785
184788
184790
184789
184788
184788
184789
184789
184788
184788
184789
184791
184792
184791
184791
184793
184794
184795
184794
184791
184790
184791
184791
184789
184788
184790
184793
184794
184794
184794
184795
184796
184795
184791
184787
184787
184789
184789
184788
184788
184792
184798
184800
184799
184798
184798
184796
184795
184794
184791
184790
184790
184790
184790
184789
184788
184790
184790
184787
184785
184786
184788
184789
184787
184784
184785
184787
184788
184786
184784
184784
184786
184787
184785
184784
184785
184786
184787
184786
184785
184785
184786
184787
184784
184781
184782
184784
184786
184784
184782
184782
184783
184782
184780
184779
184778
184779
184779
184778
184777
184779
184781
184781
184780
184778
184780
184780
184780
184780
184778
184779
184780
184780
184778
184777
184777
184779
184782
184782
184781
184781
184782
184782
184783
184783
184783
184785
184785
184785
184782
184781
184781
184779
184777
184774
184774
184776
184776
184776
184775
184775
184775
184774
184773
184772
184773
184774
184775
184774
184773
184774
184777
184779
184777
184775
184775
184776
184778
184777
184776
184777
184779
184780
184778
184777
184778
184780
184780
184777
184776
184775
184777
184777
184775
184773
184773
184773
184773
184773
184773
184774
184774
184774
184773
184772
184772
184774
184774
184773
184772
184772
184774
184775
184775
184775
184778
184780
184780
184777
184776
184777
184779
184779
184778
184778
184778
184780
184780
184777
184775
184775
184775
184776
184775
184774
184775
184776
184777
184775
184774
184776
184778
184780
184779
184778
184776
184775
184774
184771
184768
184770
184774
184776
184775
184773
184775
184776
184775
184774
184773
184773
184774
184774
184773
184770
184773
184776
184779
184778
184775
184774
184774
184773
184771
184768
184767
184766
184767
184766
184766
184768
184771
184771
184770
184770
184770
184770
184769
184767
184766
184766
184767
184767
184766
184764
184765
184766
184767
184767
184766
184768
184770
184770
184768
184768
184770
184772
184772
184771
184770
184772
184776
184776
184776
184775
184774
184774
184772
184769
184768
184769
184771
184773
184773
184772
184771
184772
184771
184770
184769
184771
184772
184774
184775
184774
184773
184774
184774
184774
184774
184775
184778
184778
184774
184773
184775
184777
184778
184776
184774
184775
184777
184777
184775
184774
184776
184778
184779
184778
184778
184780
184783
184785
184783
184780
184779
184779
184778
184777
184774
184775
184776
184777
184777
184776
184776
184778
184779
184778
184778
184780
184782
184782
184780
184779
184780
184782
184783
184783
184782
184782
184783
184783
184781
184778
184778
184778
184778
184776
184774
184775
184777
184778
184776
184776
184777
184777
184776
184774
184772
184773
184773
184772
184770
184770
184770
184771
184772
184770
184768
184767
184769
184769
184768
184769
184771
184772
184772
184771
184770
184770
184771
184771
184771
184771
184772
184774
184775
184774
184773
184775
184777
184775
184771
184769
184771
184773
184773
184772
184770
184769
184770
184769
184766
184765
184766
184766
184766
184766
184765
184765
184767
184768
184767
184766
184767
184768
184768
184767
184767
184769
184771
184770
184770
184769
184769
184770
184771
184769
184767
184768
184770
184769
184767
184768
184770
184772
184772
184769
184767
184766
184767
184767
184765
184762
184763
184764
184764
184762
184759
184759
184761
184761
184761
184762
184764
184766
184766
184764
184762
184763
184763
184762
184761
184760
184760
184761
184761
184762
184762
184762
184763
184766
184768
184768
184771
184774
184775
184773
184772
184774
184775
184773
184771
184770
184770
184772
184771
184770
184768
184767
184767
184765
184762
184759
184759
184761
184761
184760
184759
184760
184762
184762
184762
184761
184762
184763
184763
184761
184760
184759
184760
184760
184760
184760
184761
184762
184762
184760
184758
184760
184763
184764
184764
184763
184764
184767
184768
184768
184767
184766
184766
184764
184760
184759
184759
184759
184757
184755
184753
184754
184755
184753
184751
184749
184751
184752
184752
184751
184749
184749
184749
184750
184748
184748
184750
184751
184750
184750
184751
184753
184756
184758
184760
184762
184764
184766
184769
184770
184772
184775
184778
184779
184779
184778
184780
184781
184781
184779
184777
184777
184779
184778
184777
184777
184781
184784
184786
184787
184788
184790
184793
184793
184792
184790
184788
184788
184788
184787
184786
184787
184789
184788
184787
184787
184788
184790
184792
184790
184788
184789
184790
184788
184784
184781
184781
184783
184782
184778
184777
184778
184779
184779
184779
184779
184779
184780
184780
184780
184780
184780
184782
184783
184781
184777
184777
184779
184779
184779
184777
184778
184781
184782
184779
184776
184775
184773
184770
184768
184766
184767
184769
184770
184770
184770
184774
184778
184778
184777
184778
184779
184779
184778
184777
184772
184770
184770
184770
184767
184766
184766
184767
184766
184764
184765
184767
184770
184771
184772
184771
184772
184774
184772
184769
184764
184762
184762
184762
184760
184759
184761
184764
184764
184765
184766
184770
184774
184774
184774
184774
184775
184772
184767
184762
184757
184755
184754
184753
184751
184751
184752
184756
184759
184761
184765
184770
184775
184776
184773
184771
184770
184768
184764
184759
184754
184752
184753
184753
184755
184757
184761
184765
184768
184768
184770
184774
184778
184779
184777
184775
184773
184770
184763
184757
184752
184751
184753
184753
184751
184752
184754
184757
184758
184759
184761
184764
184766
184767
184768
184768
184769
184770
184767
184763
184758
184756
184756
184756
184754
184754
184755
184758
184761
184761
184762
184765
184768
184770
184770
184770
184771
184772
184770
184766
184764
184762
184760
184756
184754
184753
184754
184755
184756
184757
184760
184764
184767
184770
184770
184771
184772
184774
184773
184772
184769
184766
184762
184758
184753
184750
184751
184751
184750
184748
184748
184752
184755
184758
184759
184761
184764
184767
184768
184767
184766
184768
184768
184763
184757
184753
184751
184751
184751
184751
184750
184752
184754
184756
184756
184759
184762
184766
184766
184763
184762
184763
184764
184763
184761
184758
184756
184753
184750
184746
184743
184744
184746
184749
184750
184751
184754
184758
184759
184759
184760
184764
184767
184767
184765
184764
184764
184763
184759
184755
184752
184750
184750
184749
184748
184748
184749
184751
184751
184751
184751
184752
184754
184754
184752
184753
184756
184759
184760
184760
184760
184760
184759
184759
184757
184754
184755
184757
184756
184755
184754
184755
184756
184757
184756
184756
184757
184761
184763
184763
184763
184764
184765
184762
184759
184758
184761
184762
184761
184760
184759
184761
184762
184762
184760
184759
184759
184760
184760
184760
184762
184764
184766
184766
184765
184765
184765
184764
184761
184759
184758
184760
184762
184761
184758
184757
184759
184761
184762
184763
184765
184767
184768
184768
184768
184767
184767
184767
184766
184764
184763
184762
184762
184762
184762
184761
184762
184763
184762
184761
184759
184760
184762
184763
184761
184761
184763
184764
184763
184761
184760
184761
184763
184763
184761
184760
184762
184762
184760
184758
184758
184759
184761
184760
184759
184758
184759
184759
184759
184758
184758
184758
184759
184757
184756
184756
184760
184762
184762
184762
184762
184762
184760
184759
184757
184756
184758
184760
184759
184757
184756
184756
184756
184753
184751
184751
184753
184755
184755
184756
184758
184760
184763
184763
184763
184763
184765
184764
184762
184760
184759
184761
184763
184763
184760
184759
184759
184761
184760
184759
184760
184762
184764
184763
184762
184762
184764
184765
184764
184762
184761
184762
184764
184763
184762
184762
184765
184767
184765
184763
184761
184761
184761
184759
184756
184757
184759
184761
184760
184758
184758
184759
184759
184758
184756
184756
184759
184761
184759
184758
184758
184760
184761
184759
184757
184757
184759
184761
184760
184759
184757
184758
184759
184760
184760
184760
184761
184763
184763
184760
184759
184761
184763
184763
184762
184761
184763
184764
184762
184760
184758
184758
184760
184760
184759
184757
184758
184761
184761
184759
184758
184758
184760
184760
184759
184757
184757
184756
184756
184755
184755
184756
184758
184756
184754
184754
184756
184758
184758
184758
184758
184759
184760
184760
184759
184759
184760
184762
184761
184757
184754
184753
184753
184752
184751
184753
184756
184761
184764
184765
184766
184768
184769
184770
184770
184770
184772
184774
184775
184773
184772
184772
184772
184770
184767
184766
184767
184769
184770
184769
184770
184774
184776
184775
184773
184773
184774
184775
184773
184771
184770
184770
184769
184767
184766
184765
184767
184769
184769
184766
184764
184766
184768
184769
184769
184767
184767
184768
184769
184767
184766
184767
184767
184764
184762
184762
184761
184761
184762
184762
184764
184766
184769
184770
184769
184769
184771
184772
184770
184766
184765
184767
184768
184767
184766
184767
184767
184768
184767
184766
184767
184769
184770
184770
184769
184767
184768
184769
184768
184767
184768
184769
184769
184768
184765
184764
184765
184767
184767
184766
184766
184769
184771
184772
184771
184771
184773
184774
184772
184769
184766
184766
184767
184766
184764
184764
184765
184766
184765
184761
184759
184759
184759
184758
184757
184759
184763
184766
184768
184766
184764
184764
184765
184762
184758
184757
184757
184758
184759
184758
184759
184760
184762
184762
184762
184762
184764
184766
184765
184763
184761
184761
184761
184759
184757
184759
184762
184765
184764
184763
184763
184764
184765
184766
184766
184766
184766
184767
184767
184765
184764
184766
184768
184766
184763
184762
184762
184763
184763
184762
184763
184764
184766
184767
184767
184766
184764
184763
184760
184756
184756
184758
184758
184758
184758
184758
184758
184759
184758
184757
184754
184754
184755
184754
184752
184752
184752
184752
184751
184750
184751
184752
184753
184753
184754
184754
184757
184760
184762
184761
184760
184760
184761
184760
184758
184758
184760
184764
184764
184762
184763
184764
184764
184761
184757
184756
184758
184759
184758
184756
184756
184756
184757
184758
184757
184757
184758
184760
184760
184759
184760
184761
184764
184763
184762
184761
184761
184763
184762
184761
184762
184765
184766
184764
184761
184761
184762
184763
184762
184761
