168749
168749
168746
168748
168748
168752
168751
168746
168742
168744
168745
168741
168739
168745
168751
168748
168745
168744
168744
168744
168748
168745
168744
168746
168746
168747
168746
168744
168744
168744
168748
168752
168751
168753
168753
168751
168749
168743
168745
168749
168748
168745
168745
168746
168746
168739
168736
168738
168737
168737
168739
168738
168736
168741
168746
168743
168741
168738
168740
168744
168739
168736
168740
168740
168739
168738
168739
168736
168735
168735
168740
168741
168741
168740
168740
168736
168735
168738
168738
168738
168736
168735
168735
168735
168739
168739
168734
168733
168737
168735
168733
168735
168733
168734
168735
168734
168734
168733
168734
168734
168735
168739
168739
168741
168743
168742
168741
168738
168741
168739
168739
168738
168737
168738
168738
168738
168735
168734
168731
168736
168736
168735
168732
168734
168735
168729
168721
168719
168726
168729
168728
168722
168726
168730
168728
168727
168730
168733
168734
168734
168736
168736
168733
168728
168727
168728
168727
168724
168721
168723
168720
168720
168726
168730
168732
168730
168731
168727
168727
168729
168726
168724
168722
168721
168722
168720
168719
168712
168716
168719
168719
168718
168722
168724
168726
168728
168729
168729
168728
168730
168733
168729
168728
168731
168730
168729
168728
168730
168730
168731
168729
168722
168720
168720
168724
168722
168716
168715
168718
168727
168735
168736
168737
168739
168741
168743
168748
168746
168744
168743
168744
168742
168740
168741
168741
168738
168733
168731
168738
168744
168744
168741
168745
168748
168742
168739
168745
168749
168749
168751
168749
168750
168760
168764
168766
168761
168757
168758
168757
168754
168750
168746
168743
168744
168745
168743
168749
168752
168754
168757
168756
168754
168750
168751
168758
168759
168755
168753
168757
168760
168763
168762
168760
168762
168763
168758
168758
168762
168764
168766
168764
168764
168762
168759
168763
168764
168759
168762
168771
168771
168768
168767
168768
168767
168767
168767
168766
168760
168763
168772
168772
168763
168754
168757
168763
168766
168765
168762
168760
168762
168755
168751
168754
168755
168754
168752
168751
168751
168752
168751
168749
168749
168744
168743
168742
168744
168741
168740
168742
168741
168738
168739
168738
168739
168742
168741
168744
168741
168745
168750
168748
168743
168739
168745
168751
168754
168754
168758
168763
168764
168765
168765
168764
168765
168770
168773
168768
168767
168766
168764
168761
168757
168754
168754
168758
168760
168753
168747
168752
168750
168744
168741
168737
168736
168736
168731
168731
168734
168735
168741
168742
168740
168741
168744
168743
168741
168739
168739
168745
168748
168748
168749
168748
168747
168746
168746
168748
168746
168745
168748
168747
168744
168739
168741
168741
168741
168738
168734
168734
168736
168734
168731
168729
168729
168727
168723
168723
168725
168724
168728
168728
168725
168726
168730
168733
168733
168735
168739
168744
168746
168746
168745
168746
168749
168751
168749
168747
168743
168745
168746
168744
168741
168736
168737
168737
168735
168736
168734
168735
168733
168729
168726
168726
168726
168725
168719
168723
168729
168732
168737
168735
168732
168730
168738
168741
168737
168733
168740
168754
168743
168744
168750
168749
168742
168752
168764
168759
168757
168763
168766
168767
168765
168764
168766
168772
168772
168764
168767
168776
168780
168780
168785
168791
168790
168786
168790
168798
168805
168802
168796
168795
168798
168807
168814
168812
168810
168810
168809
168812
168816
168820
168823
168821
168820
168822
168825
168826
168834
168834
168834
168832
168830
168828
168826
168826
168824
168823
168821
168822
168823
168819
168812
168807
168809
168814
168810
168803
168806
168806
168799
168797
168806
168821
168813
168811
168808
168799
168794
168794
168790
168789
168792
168788
168782
168784
168773
168765
168765
168787
168811
168813
168803
168792
168795
168793
168789
168788
168792
168796
168796
168796
168794
168790
168789
168794
168794
168791
168788
168789
168789
168786
168783
168784
168781
168782
168786
168786
168788
168794
168795
168794
168795
168793
168789
168794
168796
168796
168794
168790
168793
168793
168790
168785
168793
168796
168792
168793
168795
168787
168786
168787
168791
168791
168790
168788
168787
168788
168790
168790
168788
168786
168788
168788
168791
168788
168786
168787
168787
168791
168799
168800
168792
168790
168791
168789
168789
168795
168797
168798
168796
168791
168791
168788
168788
168790
168787
168786
168796
168798
168798
168796
168795
168793
168795
168799
168798
168796
168793
168791
168789
168789
168802
168809
168803
168809
168813
168816
168808
168810
168810
168804
168803
168810
168811
168806
168808
168808
168808
168810
168812
168808
168806
168814
168816
168811
168815
168828
168824
168819
168821
168829
168834
168836
168833
168833
168839
168845
168849
168850
168851
168853
168850
168852
168855
168861
168865
168865
168869
168872
168875
168870
168865
168866
168870
168871
168870
168871
168874
168878
168881
168881
168878
168883
168888
168888
168883
168882
168888
168895
168892
168888
168886
168887
168896
168899
168895
168893
168896
168897
168898
168898
168896
168902
168898
168896
168901
168905
168906
168907
168908
168908
168906
168905
168907
168909
168907
168909
168912
168911
168909
168911
168910
168909
168909
168912
168907
168905
168912
168915
168914
168911
168906
168910
168919
168921
168919
168917
168919
168922
168918
168917
168917
168919
168921
168921
168922
168927
168926
168922
168922
168926
168928
168928
168923
168918
168920
168924
168925
168924
168922
168916
168917
168921
168923
168921
168918
168919
168921
168925
168925
168920
168918
168924
168929
168929
168924
168918
168913
168914
168920
168918
168911
168909
168910
168916
168919
168919
168923
168924
168921
168919
168918
168923
168926
168923
168914
168905
168912
168922
168923
168922
168917
168915
168917
168921
168925
168922
168916
168912
168915
168914
168917
168920
168916
168911
168909
168910
168911
168912
168905
168908
168909
168909
168911
168915
168912
168906
168905
168909
168907
168906
168901
168894
168899
168899
168897
168896
168894
168897
168900
168899
168901
168903
168903
168894
168893
168896
168899
168900
168899
168893
168889
168896
168897
168898
168895
168886
168885
168887
168889
168891
168891
168889
168889
168894
168893
168890
168889
168891
168889
168888
168888
168884
168882
168888
168887
168885
168886
168887
168886
168883
168882
168882
168880
168880
168881
168877
168878
168882
168883
168882
168880
168880
168884
168882
168884
168884
168881
168882
168883
168883
168882
168882
168886
168887
168881
168879
168880
168881
168881
168880
168883
168885
168886
168886
168881
168875
168879
168888
168890
168886
168882
168879
168881
168883
168880
168878
168880
168881
168880
168880
168879
168882
168884
168886
168887
168887
168889
168887
168888
168887
168881
168880
168881
168880
168881
168880
168881
168886
168885
168884
168884
168888
168890
168890
168890
168884
168882
168890
168896
168892
168887
168883
168881
168881
168880
168876
168874
168871
168874
168882
168882
168882
168885
168886
168888
168888
168888
168891
168894
168889
168887
168887
168885
168884
168879
168879
168885
168888
168887
168886
168883
168885
168891
168892
168893
168892
168890
168889
168889
168891
168894
168897
168899
168895
168885
168881
168885
168890
168892
168891
168890
168887
168886
168886
168883
168881
168883
168886
168890
168889
168890
168890
168892
168897
168898
168895
168894
168896
168898
168894
168888
168889
168894
168893
168889
168888
168887
168890
168893
168891
168890
168891
168896
168894
168890
168890
168890
168891
168893
168891
168890
168896
168899
168898
168899
168895
168894
168892
168889
168885
168888
168892
168895
168895
168894
168889
168890
168898
168899
168897
168897
168898
168897
168897
168898
168897
168896
168896
168895
168890
168887
168892
168896
168898
168898
168901
168900
168896
168895
168893
168888
168895
168900
168897
168894
168892
168892
168896
168898
168892
168889
168887
168887
168890
168891
168890
168884
168886
168885
168888
168892
168894
168892
168891
168888
168883
168886
168887
168888
168891
168888
168889
168892
168889
168881
168883
168893
168892
168891
168888
168883
168883
168885
168883
168880
168880
168887
168892
168894
168894
168892
168888
168885
168884
168883
168880
168880
168885
168891
168890
168889
168890
168889
168892
168891
168884
168885
168885
168882
168879
168878
168876
168880
168879
168878
168880
168881
168881
168886
168891
168886
168888
168888
168888
168882
168881
168885
168887
168883
168876
168880
168887
168890
168887
168883
168880
168881
168885
168883
168884
168890
168896
168896
168890
168883
168880
168877
168879
168877
168872
168870
168872
168875
168876
168877
168879
168885
168890
168889
168888
168888
168894
168897
168896
168895
168891
168890
168892
168889
168884
168887
168889
168889
168886
168885
168883
168881
168886
168889
168889
168887
168888
168891
168894
168890
168886
168886
168889
168887
168887
168886
168890
168892
168889
168886
168884
168886
168891
168890
168888
168887
168888
168890
168894
168893
168894
168897
168900
168901
168901
168899
168900
168902
168897
168890
168891
168891
168892
168894
168892
168890
168900
168905
168901
168896
168895
168898
168897
168897
168898
168900
168898
168898
168903
168899
168894
168895
168900
168901
168896
168894
168897
168901
168904
168900
168897
168899
168897
168895
168891
168891
168894
168896
168895
168893
168890
168891
168897
168895
168893
168891
168891
168891
168890
168891
168891
168892
168892
168891
168888
168886
168893
168895
168897
168897
168895
168898
168901
168903
168902
168900
168901
168903
168903
168900
168901
168907
168907
168906
168905
168905
168904
168903
168902
168901
168896
168891
168893
168896
168895
168895
168898
168898
168896
168892
168890
168890
168892
168892
168889
168888
168887
168893
168896
168894
168894
168895
168895
168896
168892
168891
168897
168899
168896
168894
168892
168893
168896
168894
168892
168896
168896
168897
168898
168897
168894
168894
168895
168893
168891
168895
168896
168898
168897
168893
168892
168892
168897
168894
168892
168893
168895
168894
168895
168896
168893
168892
168897
168900
168901
168900
168902
168901
168906
168906
168907
168908
168907
168904
168904
168903
168904
168908
168911
168909
168905
168904
168908
168905
168902
168899
168897
168905
168909
168906
168903
168903
168905
168905
168902
168901
168901
168901
168899
168897
168896
168895
168899
168902
168900
168901
168901
168903
168903
168902
168901
168903
168905
168905
168899
168897
168903
168906
168905
168905
168904
168903
168902
168898
168894
168893
168896
168896
168895
168898
168901
168902
168904
168905
168903
168903
168902
168900
168902
168904
168904
168904
168904
168903
168903
168903
168906
168912
168909
168908
168910
168908
168906
168908
168908
168906
168904
168904
168901
168901
168904
168901
168903
168901
168899
168900
168905
168903
168899
168901
168900
168902
168912
168912
168906
168903
168903
168906
168908
168905
168902
168901
168903
168906
168906
168908
168912
168911
168910
168909
168912
168914
168910
168912
168912
168911
168912
168915
168916
168911
168907
168909
168911
168913
168913
168911
168910
168917
168919
168916
168916
168917
168917
168916
168910
168909
168913
168913
168912
168912
168913
168914
168916
168923
168924
168918
168917
168917
168914
168910
168910
168911
168913
168913
168911
168908
168914
168919
168918
168911
168914
168916
168916
168915
168915
168917
168920
168918
168914
168910
168911
168916
168914
168911
168906
168905
168911
168916
168913
168907
168910
168914
168914
168913
168912
168914
168917
168919
168917
168914
168912
168914
168916
168914
168912
168911
168914
168917
168916
168911
168912
168918
168922
168918
168914
168914
168916
168915
168913
168910
168913
168918
168921
168920
168916
168913
168912
168916
168914
168910
168908
168913
168918
168917
168916
168916
168916
168916
168918
168921
168919
168919
168919
168913
168916
168920
168923
168924
168922
168918
168918
168922
168923
168922
168915
168914
168921
168925
168921
168918
168920
168918
168920
168921
168920
168918
168922
168926
168925
168922
168921
168922
168928
168926
168923
168922
168922
168926
168929
168930
168931
168934
168932
168927
168919
168916
168920
168920
168922
168923
168926
168932
168934
168931
168926
168924
168923
168925
168925
168924
168922
168926
168931
168936
168934
168931
168930
168930
168925
168928
168935
168938
168941
168941
168940
168940
168940
168939
168938
168936
168934
168932
168937
168939
168937
168940
168941
168939
168936
168935
168934
168934
168932
168927
168928
168929
168932
168936
168936
168933
168929
168926
168928
168930
168927
168926
168933
168938
168936
168934
168932
168936
168938
168935
168931
168932
168935
168937
168934
168933
168938
168940
168946
168944
168943
168945
168945
168944
168940
168938
168939
168938
168937
168937
168933
168933
168942
168942
168933
168926
168927
168931
168931
168927
168923
168924
168936
168941
168936
168932
168929
168927
168924
168927
168930
168932
168934
168935
168936
168936
168938
168941
168947
168949
168948
168947
168945
168944
168945
168940
168942
168946
168947
168944
168940
168940
168940
168939
168937
168935
168937
168943
168944
168941
168935
168935
168941
168942
168940
168938
168938
168939
168939
168939
168936
168941
168946
168944
168943
168939
168937
168936
168941
168940
168936
168937
168940
168942
168939
168937
168943
168940
168936
168936
168935
168933
168936
168937
168929
168931
168933
168932
168929
168928
168926
168925
168931
168933
168930
168928
168931
168934
168934
168933
168926
168924
168928
168930
168929
168927
168928
168928
168930
168934
168935
168936
168937
168936
168932
168927
168928
168929
168927
168924
168922
168922
168920
168922
168925
168923
168927
168928
168928
168924
168925
168926
168926
168928
168928
168928
168926
168927
168930
168928
168922
168926
168930
168928
168925
168926
168924
168923
168923
168927
168928
168929
168930
168927
168927
168930
168932
168935
168937
168934
168932
168928
168930
168931
168928
168923
168924
168926
168926
168927
168929
168930
168933
168932
168931
168931
168933
168933
168932
168927
168923
168926
168923
168921
168923
168925
168923
168925
168927
168924
168922
168920
168921
168921
168919
168917
168918
168925
168928
168927
168927
168925
168928
168930
168928
168923
168925
168926
168928
168931
168930
168930
168934
168935
168933
168926
168924
168926
168927
168924
168921
168921
168924
168927
168925
168923
168927
168928
168928
168922
168922
168923
168925
168925
168919
168921
168926
168927
168925
168923
168923
168924
168926
168923
168925
168929
168925
168923
168924
168920
168918
168917
168914
168919
168920
168922
168925
168928
168929
168928
168928
168928
168929
168932
168930
168926
168924
168922
168930
168936
168935
168934
168933
168934
168933
168926
168924
168923
168924
168921
168917
168917
168920
168922
168927
168930
168929
168929
168928
168922
168917
168920
168920
168919
168923
168924
168921
168920
168922
168923
168922
168922
168922
168922
168919
168920
168925
168927
168929
168926
168924
168924
168926
168932
168927
168921
168925
168933
168933
168933
168931
168930
168929
168930
168926
168922
168920
168924
168923
168921
168918
168916
168918
168919
168918
168919
168925
168925
168921
168921
168919
168923
168931
168932
168930
168931
168931
168934
168933
168930
168930
168928
168927
168920
168920
168922
168922
168926
168930
168929
168925
168924
168927
168924
168919
168917
168920
168925
168924
168926
168927
168925
168925
168926
168922
168919
168920
168924
168924
168926
168927
168926
168926
168930
168929
168927
168922
168921
168924
168923
168920
168922
168923
168921
168922
168923
168923
168923
168923
168927
168928
168928
168926
168921
168917
168913
168915
168917
168915
168915
168916
168917
168918
168917
168916
168918
168918
168917
168916
168911
168912
168912
168909
168909
168913
168913
168913
168916
168918
168916
168914
168908
168910
168922
168919
168914
168916
168916
168914
168916
168915
168914
168920
168920
168915
168916
168918
168918
168916
168911
168906
168908
168912
168911
168912
168912
168913
168915
168919
168917
168913
168911
168910
168914
168918
168917
168917
168920
168922
168917
168915
168915
168915
168912
168914
168915
168916
168916
168919
168917
168917
168920
168923
168923
168921
168919
168920
168921
168921
168916
168914
168921
168922
168921
168920
168917
168925
168932
168931
168927
168923
168925
168927
168925
168924
168919
168921
168928
168931
168928
168922
168918
168918
168923
168922
168921
168918
168921
168924
168926
168926
168928
168927
168924
168922
168925
168926
168924
168921
168925
168924
168923
168927
168930
168930
168929
168931
168933
168930
168928
168930
168931
168929
168932
168932
168931
168931
168934
168932
168927
168925
168929
168932
168930
168925
168923
168927
168934
168938
168937
168935
168936
168940
168944
168940
168938
168941
168942
168939
168942
168942
168941
168945
168945
168943
168945
168944
168944
168942
168935
168932
168940
168941
168942
168942
168943
168942
168943
168941
168936
168933
168935
168941
168943
168941
168944
168946
168946
168947
168946
168943
168943
168942
168948
168951
168951
168951
168951
168951
168948
168944
168944
168947
168946
168945
168945
168944
168942
168935
168932
168935
168936
168934
168933
168935
168938
168942
168947
168949
168948
168947
168954
168960
168961
168961
168960
168960
168957
168953
168951
168951
168951
168953
168956
168955
168953
168953
168954
168952
168952
168949
168948
168949
168947
168950
168948
168948
168949
168949
168948
168948
168954
168954
168953
168954
168953
168953
168955
168951
168952
168956
168958
168961
168962
168962
168962
168964
168961
168962
168964
168961
168959
168958
168954
168949
168947
168949
168950
168946
168946
168952
168958
168962
168960
168957
168957
168961
168963
168959
168958
168962
168963
168964
168963
168963
168966
168966
168971
168977
168978
168977
168980
168986
168989
168989
168986
168980
168975
168977
168974
168971
168975
168976
168974
168973
168971
168975
168981
168981
168982
168981
168982
168982
168982
168981
168979
168980
168982
168978
168975
168978
168984
168984
168982
168978
168976
168979
168982
168981
168979
168976
168980
168982
168976
168975
168978
168982
168988
168990
168990
168994
168994
168989
168985
168982
168979
168979
168986
168993
168996
168996
168993
168997
168998
168992
168985
168986
168985
168984
168985
168985
168987
168990
168990
168987
168986
168987
168988
168988
168990
168992
168996
168997
168996
168992
168989
168992
168996
168995
168992
168990
168988
168987
168984
168985
168987
168991
168994
168992
168987
168986
168987
168987
168985
168983
168985
168986
168987
168989
168988
168988
168987
168988
168985
168979
168978
168980
168982
168981
168980
168985
168987
168987
168989
168988
168987
168988
168987
168986
168984
168982
168989
168993
168990
168989
168989
168989
168988
168985
168983
168982
168984
168986
168986
168984
168982
168985
168989
168986
168984
168984
168985
168985
168985
168982
168982
168983
168982
168983
168987
168988
168991
168993
168991
168986
168988
168989
168988
168987
168983
168980
168978
168979
168979
168976
168973
168977
168983
168983
168981
168979
168979
168980
168983
168983
168981
168980
168982
168985
168983
168980
168982
168988
168986
168983
168984
168988
168989
168990
168991
168990
168988
168987
168989
168986
168982
168983
168986
168988
168985
168983
168989
168990
168987
168985
168986
168989
168992
168987
168981
168981
168984
168985
168988
168987
168988
168992
168993
168989
168988
168990
168988
168988
168987
168987
168990
168995
168995
168997
168995
168990
168988
168990
168989
168991
168995
168997
168997
168996
168994
168998
169001
169001
168997
168996
168997
168999
169002
168999
168993
168990
168991
168989
168990
168991
168994
168997
168998
168995
168991
168990
168987
168988
168991
168988
168988
168992
168995
168995
168993
168992
168996
169002
169002
168997
168992
168995
169003
169005
169004
169001
169001
169002
169002
169000
168997
168999
169003
168998
168991
168990
168990
168991
168992
168988
168985
168993
168994
168992
168988
168986
168990
168995
168994
168992
168992
168995
168997
168996
168992
168993
168995
168993
168989
168989
168991
168992
168992
168993
168994
168995
168995
168998
168998
168995
168992
168993
168993
168988
168985
168988
168991
168998
169001
168996
168998
168999
168994
168988
168986
168985
168984
168982
168981
168976
168977
168980
168979
168978
168976
168975
168978
168982
168984
168985
168988
168988
168987
168988
168988
168988
168991
168993
168990
168989
168991
168990
168992
168997
168996
168997
169000
169001
168998
168997
168994
168991
168986
168979
168975
168977
168976
168979
168979
168977
168978
168980
168979
168979
168983
168983
168984
168984
168982
168980
168979
168979
168978
168977
168978
168977
168976
168980
168984
168987
168986
168985
168983
168981
168977
168979
168980
168981
168976
168977
168979
168981
168981
168980
168977
168974
168973
168973
168977
168977
168975
168978
168979
168978
168972
168971
168977
168978
168976
168973
168974
168977
168979
168978
168976
168978
168979
168980
168976
168975
168982
168983
168981
168976
168974
168975
168979
168982
168982
168981
168980
168980
168977
168976
168981
168980
168981
168985
168984
168981
168982
168978
168980
168982
168978
168980
168984
168985
168983
168979
168980
168983
168983
168982
168981
168982
168986
168987
168985
168980
168979
168982
168983
168981
168979
168979
168980
168985
168986
168984
168985
168983
168978
168978
168978
168975
168979
168979
168976
168975
168978
168982
168983
168980
168979
168980
168980
168978
168978
168981
168984
168987
168990
168990
168989
168989
168986
168981
168983
168984
168986
168989
168990
168991
168990
168989
168990
168993
168990
168988
168990
168992
168990
168985
168981
168979
168978
168974
168971
168971
168975
168978
168977
168973
168975
168978
168979
168978
168979
168976
168978
168980
168981
168978
168978
168978
168981
168984
168982
168976
168980
168983
168983
168980
168977
168978
168978
168977
168976
168975
168971
168977
168983
168981
168978
168978
168978
168974
168974
168975
168974
168972
168977
168978
168976
168976
168978
168979
168975
168976
168980
168978
168975
168971
168972
168976
168977
168977
168976
168972
168971
168978
168978
168977
168978
168980
168981
168980
168974
168972
168972
168970
168972
168972
168971
168972
168974
168976
168973
168970
168972
168973
168975
168973
168971
168974
168978
168978
168976
168973
168973
168976
168976
168974
168975
168976
168980
168981
168978
168977
168978
168980
168978
168980
168980
168980
168983
168983
168979
168978
168980
168982
168982
168983
168979
168979
168986
168987
168982
168976
168979
168978
168974
168970
168969
168971
168970
168967
168966
168967
168971
168973
168973
168972
168972
168978
168981
168981
168976
168973
168973
168975
168977
168979
168981
168979
168979
168978
168973
168970
168971
168975
168978
168978
168974
168975
168982
168984
168985
168985
168983
168983
168983
168979
168977
168978
168982
168981
168976
168974
168980
168982
168980
168977
168975
168975
168977
168979
168979
168978
168979
168977
168975
168978
168980
168982
168986
168990
168990
168989
168990
168994
168991
168986
168984
168985
168985
168984
168982
168980
168978
168980
168977
168972
168972
168979
168984
168983
168981
168980
168981
168986
168988
168987
168984
168982
168980
168984
168986
168985
168985
168986
168985
168982
168977
168982
168988
168988
168985
168986
168989
168993
168991
168992
168996
168996
168998
168999
168999
168999
169001
169002
169003
168999
168995
168999
168999
168998
168995
168990
168989
168989
168995
168999
168999
168999
168999
169000
168999
168995
168992
168994
168997
169002
169004
169002
169000
169000
168999
168995
168993
168999
169001
168999
168997
168998
169002
169004
169004
169004
169009
169008
169002
168998
168999
169000
169001
168998
169002
169001
168998
168996
168999
168999
169000
169002
169004
169005
169004
169004
169004
169010
169012
169011
169012
169014
169017
169016
169015
169015
169017
169018
169017
169015
169014
169016
169019
169020
169016
169015
169018
169021
169019
169014
169012
169013
169014
169008
169008
169012
169014
169015
169017
169015
169009
169010
169011
169008
169007
169009
169013
169016
169016
169020
169020
169021
169024
169027
169024
169019
169020
169023
169022
169024
169025
169022
169020
169022
169019
169020
169020
169021
169021
169019
169019
169023
169024
169020
169016
169018
169021
169025
169026
169024
169028
169027
169028
169028
169031
169033
169031
169029
169030
169037
169037
169035
169033
169034
169035
169034
169035
169035
169033
169032
169032
169029
169022
169023
169026
169023
169024
169027
169026
169025
169022
169022
169023
169018
169019
169021
169021
169026
169030
169030
169031
169034
169034
169030
169033
169034
169034
169035
169035
169033
169032
169033
169033
169035
169036
169033
169033
169030
169027
169026
169024
169022
169023
169024
169025
169022
169023
169027
169023
169022
169024
169025
169028
169029
169028
169027
169033
169032
169030
169033
169032
169031
169032
169033
169037
169037
169040
169040
169039
169039
169034
169030
169028
169024
169023
169024
169027
169027
169028
169028
169025
169021
169025
169029
169027
169028
169028
169029
169028
169029
169026
169024
169028
169028
169027
169025
169028
169032
169029
169029
169034
169036
169037
169037
169038
169038
169036
169038
169042
169043
169040
169040
169040
169038
169032
169030
169037
169039
169036
169033
169029
169031
169035
169034
169029
169027
169028
169027
169027
169030
169028
169027
169030
169030
169030
169031
169030
169029
169030
169034
169033
169035
169037
169038
169035
169030
169035
169040
169038
169036
169036
169038
169043
169042
169042
169042
169041
169036
169028
169027
169029
169035
169040
169037
169034
169030
169036
169043
169037
169031
169030
169030
169039
169044
169041
169036
169037
169038
169037
169038
169035
169037
169036
169039
169039
169043
169047
169049
169045
169046
169048
169049
169051
169048
169045
169040
169040
169046
169047
169042
169040
169039
169046
169047
169044
169040
169043
169043
169038
169036
169036
169039
169041
169040
169037
169034
169033
169040
169042
169038
169037
169038
169037
169038
169034
169037
169041
169046
169050
169046
169047
169051
169055
169055
169049
169043
169043
169040
169042
169049
169050
169051
169050
169047
169045
169047
169046
169044
169040
169037
169037
169038
169045
169048
169047
169045
169044
169047
169049
169048
169047
169045
169044
169053
169058
169058
169060
169059
169056
169053
169049
169052
169055
169061
169056
169050
169052
169055
169055
169052
169049
169047
169049
169050
169050
169047
169044
169044
169045
169043
169043
169043
169044
169046
169044
169042
169044
169046
169045
169050
169053
169053
169055
169056
169055
169056
169061
169064
169062
169061
169061
169057
169060
169066
169064
169062
169064
169066
169065
169062
169059
169058
169060
169057
169052
169049
169051
169051
169048
169051
169050
169048
169048
169052
169053
169053
169056
169057
169059
169060
169059
169059
169063
169064
169061
169063
169062
169057
169062
169065
169063
169061
169059
169057
169057
169062
169064
169059
169054
169057
169056
169053
169056
169058
169056
169053
169056
169059
169057
169053
169050
169048
169047
169053
169055
169053
169058
169059
169055
169053
169051
169053
169058
169058
169057
169060
169057
169055
169055
169052
169050
169051
169052
169053
169052
169051
169051
169050
169052
169052
169049
169050
169049
169047
169049
169047
169047
169049
169046
169043
169044
169047
169051
169051
169047
169043
169047
169054
169053
169051
169053
169055
169055
169051
169048
169053
169056
169051
169049
169048
169053
169059
169058
169058
169054
169051
169055
169056
169051
169041
169044
169045
169046
169046
169048
169049
169049
169050
169050
169048
169045
169043
169037
169050
169054
169050
169057
169062
169055
169051
169053
169052
169056
169056
169054
169055
169056
169054
169053
169052
169050
169052
169057
169055
169053
169053
169055
169055
169052
169049
169047
169050
169057
169054
169051
169049
169048
169046
169046
169045
169043
169044
169046
169046
169045
169044
169045
169052
169053
169052
169052
169053
169052
169049
169048
169052
169055
169056
169054
169052
169048
169047
169049
169048
169046
169041
169042
169043
169043
169042
169042
169045
169049
169049
169044
169048
169051
169051
169049
169046
169046
169053
169056
169055
169053
169050
169052
169058
169057
169053
169054
169062
169067
169065
169062
169062
169064
169065
169066
169063
169063
169062
169060
169056
169057
169056
169058
169060
169056
169051
169045
169045
169047
169043
169039
169042
169047
169051
169053
169049
169046
169050
169055
169054
169050
169044
169042
169048
169050
169048
169048
169049
169052
169050
169045
169047
169046
169045
169048
169048
169050
169052
169052
169050
169049
169048
169048
169050
169052
169047
169049
169055
169058
169057
169056
169056
169058
169059
169054
169055
169060
169062
169065
169066
169065
169059
169062
169065
169059
169055
169057
169060
169061
169055
169052
169059
169060
169055
169053
169051
169054
169053
169047
169047
169050
169051
169052
169052
169052
169050
169047
169053
169056
169054
169051
169050
169052
169055
169050
169049
169053
169053
169054
169050
169046
169051
169053
169056
169054
169053
169055
169053
169058
169061
169061
169063
169065
169065
169061
169059
169055
169049
169049
169051
169052
169053
169051
169050
169049
169046
169047
169051
169050
169044
169047
169054
169059
169058
169058
169061
169061
169059
169056
169054
169054
169054
169056
169056
169059
169064
169064
169066
169067
169065
169059
169060
169067
169069
169070
169068
169068
169070
169068
169064
169064
169059
169061
169061
169056
169053
169053
169053
169058
169060
169060
169060
169059
169060
169060
169058
169058
169062
169063
169065
169072
169074
169073
169070
169067
169067
169065
169067
169070
169069
169066
169067
169069
169066
169062
169056
169061
169066
169064
169064
169061
169059
169056
169059
169062
169060
169065
169065
169063
169062
169065
169065
169063
169064
169062
169060
169060
169068
169070
169071
169073
169075
169076
169076
169078
169078
169076
169076
169075
169075
169072
169071
169070
169064
169064
169068
169070
169071
169070
169068
169069
169074
169076
169074
169072
169071
169072
169072
169073
169073
169070
169077
169079
169077
169074
169070
169073
169078
169079
169075
169073
169078
169078
169076
169076
169073
169071
169073
169073
169075
169075
169077
169079
169078
169076
169076
169079
169080
169078
169075
169071
169071
169080
169080
169077
169075
169080
169078
169074
169072
169071
169072
169072
169079
169080
169076
169074
169078
169079
169076
169077
169079
169080
169083
169083
169080
169077
169075
169079
169082
169079
169077
169078
169079
169077
169075
169077
169083
169081
169077
169076
169078
169082
169083
169077
169074
169080
169086
169087
169084
169081
169081
169080
169080
169081
169079
169084
169089
169091
169092
169095
169096
169094
169092
169089
169085
169085
169094
169099
169098
169097
169097
169103
169102
169098
169094
169092
169092
169089
169087
169085
169088
169091
169092
169094
169093
169092
169093
169094
169094
169098
169102
169103
169101
169097
169094
169093
169096
169101
169101
169101
169104
169111
169112
169112
169110
169111
169114
169109
169101
169104
169109
169113
169115
169111
169111
169111
169110
169109
169105
169101
169098
169100
169107
169106
169104
169105
169105
169105
169103
169104
169109
169110
169109
169113
169115
169116
169118
169117
169114
169112
169113
169113
169113
169115
169116
169117
169114
169114
169116
169116
169118
169121
169123
169121
169121
169121
169125
169126
169126
169123
169125
169130
169131
169128
169123
169123
169124
169125
169123
169122
169124
169127
169129
169128
169125
169122
169125
169130
169128
169127
169128
169132
169138
169136
169134
169135
169135
169135
169132
169129
169128
169135
169140
169140
169139
169140
169140
169140
169137
169135
169133
169134
169134
169132
169132
169134
169136
169137
169136
169134
169134
169131
169135
169138
169136
169139
169140
169137
169136
169137
169141
169146
169145
169142
169143
169149
169150
169152
169152
169148
169147
169145
169147
169149
169149
169151
169153
169151
169145
169142
169144
169144
169142
169147
169149
169152
169149
169149
169151
169151
169150
169150
169152
169149
169148
169153
169154
169152
169151
169150
169151
169151
169152
169153
169150
169146
169145
169146
169145
169147
169147
169147
169152
169155
169156
169158
169157
169153
169148
169142
169136
169140
169140
169136
169137
169140
169144
169144
169144
169147
169148
169151
169151
169149
169151
169155
169156
169156
169158
169160
169160
169158
169160
169157
169153
169150
169148
169143
169143
169149
169153
169152
169151
169156
169155
169156
169156
169152
169147
169143
169142
169148
169148
169145
169144
169145
169145
169143
169140
169138
169139
169139
169142
169141
169141
169145
169148
169148
169152
169151
169153
169157
169159
169160
169161
169162
169166
169166
169164
169165
169167
169166
169160
169152
169151
169151
169149
169148
169146
169143
169141
169140
169139
169142
169143
169144
169146
169146
169146
169147
169149
169150
169149
169150
169154
169156
169156
169150
169152
169154
169156
169159
169160
169162
169166
169170
169175
169177
169177
169176
169176
169175
169171
169164
169163
169163
169160
169156
169151
169147
169147
169148
169149
169149
169148
169148
169150
169153
169148
169147
169152
169156
169154
169153
169157
169157
169155
169155
169156
169157
169160
169162
169159
169160
169163
169167
169170
169171
169170
169170
169169
169170
169168
169165
169159
169154
169158
169156
169151
169147
169147
169149
169150
169150
169150
169153
169157
169155
169152
169157
169161
169162
169159
169158
169161
169165
169169
169170
169170
169173
169177
169182
169186
169185
169185
169187
169188
169185
169176
169174
169176
169174
169168
169162
169161
169162
169161
169160
169156
169151
169153
169156
169157
169155
169156
169159
169161
169158
169157
169159
169158
169158
169163
169165
169162
169165
169169
169169
169167
169166
169165
169171
169177
169173
169169
169170
169170
169164
169162
169161
169162
169163
169161
169158
169157
169158
169157
169156
169153
169151
169153
169156
169155
169155
169157
169159
169158
169157
169159
169160
169164
169163
169164
169160
169157
169158
169161
169167
169169
169165
169166
169169
169168
169165
169167
169172
169172
169172
169169
169167
169168
169163
169158
169160
169160
169159
169160
169159
169160
169158
169154
169152
169151
169148
169149
169152
169151
169151
169151
169146
169146
169147
169146
169152
169155
169157
169157
169154
169153
169153
169153
169154
169156
169155
169154
169151
169158
169158
169155
169153
169152
169151
169148
169145
169145
169143
169146
169145
169144
169145
169146
169148
169149
169147
169146
169148
169149
169144
169146
169144
169140
169143
169146
169146
169149
169152
169150
169145
169145
169146
169145
169138
169135
169142
169147
169136
169134
169144
169147
169138
169139
169139
169135
169136
169138
169139
169140
169139
169139
169135
169136
169139
169136
169135
169137
169140
169142
169138
169140
169142
169144
169145
169142
169141
169144
169145
169147
169147
169144
169140
169140
169143
169141
169141
169142
169145
169147
169144
169142
169142
169140
169144
169144
169140
169139
169140
169144
169142
169140
169141
169143
169143
169141
169144
169145
169145
169145
169142
169136
169130
169133
169143
169142
169134
169129
169138
169145
169140
169137
169136
169135
169136
169133
169132
169135
169136
169136
169135
169134
169134
169135
169134
169131
169132
169132
169131
169130
169125
169127
169133
169136
169136
169134
169129
169128
169130
169130
169127
169130
169133
169132
169133
169134
169134
169135
169140
169141
169137
169139
169142
169141
169140
169140
169139
169134
169134
169133
169132
169132
169135
169136
169137
169130
169131
169133
169133
169130
169127
169129
169128
169128
169132
169130
169127
169131
169135
169137
169136
169135
169134
169133
169137
169138
169136
169137
169136
169137
169137
169137
169137
169137
169137
169133
169135
169142
169145
169144
169143
169140
169140
169144
169144
169143
169137
169135
169135
169135
169130
169130
169132
169135
169140
169142
169141
169139
169134
169131
169128
169132
169138
169140
169140
169141
169143
169150
169154
169153
169146
169138
169141
169142
169142
169143
169139
169139
169142
169142
169141
169139
169136
169136
169134
169139
169142
169139
169142
169144
169143
169144
169147
169145
169142
169143
169144
169144
169148
169151
169149
169144
169147
169152
169155
169155
169152
169153
169159
169157
169151
169151
169158
169160
169159
169155
169151
169152
169159
169160
169150
169142
169144
169146
169148
169146
169141
169141
169144
169144
169145
169147
169147
169148
169155
169160
169163
169162
169156
169154
169152
169162
169169
169166
169163
169158
169158
169161
169163
169159
169153
169156
169160
169163
169165
169162
169156
169155
169156
169157
169158
169153
169156
169155
169152
169153
169155
169152
169151
169153
169155
169158
169155
169151
169154
169155
169156
169154
169151
169151
169151
169145
169139
169139
169149
169145
169140
169141
169143
169139
169136
169139
169137
169135
169130
169129
169127
169122
169121
169119
169118
169115
169112
169109
169112
169108
169102
169095
169096
169101
169097
169092
169092
169092
169090
169084
169077
169073
169080
169083
169079
169078
169079
169081
169082
169079
169076
169076
169081
169082
169078
169076
169077
169072
169073
169074
169070
169068
169066
169066
169064
169057
169059
169066
169065
169065
169068
169070
169070
169069
169064
169066
169070
169071
169069
169061
169055
169057
169057
169055
169054
169052
169054
169057
169056
169060
169064
169070
169075
169077
169076
169080
169081
169081
169079
169075
169075
169072
169069
169062
169057
169055
169056
169060
169056
169056
169059
169059
169063
169062
169061
169066
169074
169074
169072
169068
169061
169062
169065
169066
169063
169061
169058
169059
169065
169062
169057
169062
169066
169069
169074
169077
169081
169084
169084
169082
169080
169081
169082
169080
169078
169075
169074
169073
169071
169069
169072
169073
169075
169074
169074
169081
169085
169085
169085
169082
169081
169082
169083
169079
169077
169077
169073
169071
169069
169068
169069
169070
169072
169076
169077
169076
169079
169083
169082
169087
169088
169086
169086
169085
169083
169085
169087
169085
169086
169085
169083
169085
169087
169087
169087
169086
169086
169089
169085
169081
169083
169086
169088
169089
169095
169100
169087
169080
169077
169071
169067
169073
169079
169081
169082
169083
169083
169084
169083
169077
169073
169076
169082
169082
169080
169079
169083
169082
169079
169076
169082
169091
169089
169090
169091
169086
169089
169092
169089
169083
169083
169083
169089
169096
169089
169079
169079
169084
169081
169073
169068
169068
169068
169066
169065
169073
169081
169082
169084
169079
169072
169076
169076
169068
169071
169072
169086
169086
169075
169076
169077
169082
169089
169089
169088
169083
169090
169096
169098
169090
169086
169087
169082
169083
169084
169081
169085
169090
169089
169084
169076
169077
169083
169084
169084
169084
169086
169088
169086
169083
169080
169082
169078
169073
169081
169083
169082
169084
169094
169093
169086
169085
169086
169086
169086
169080
169084
169091
169104
169101
169090
169087
169094
169098
169094
169090
169084
169078
169084
169087
169087
169090
169094
169095
169090
169090
169092
169089
169088
169091
169087
169081
169083
169091
169096
169094
169093
169102
169099
169086
169085
169093
169098
169097
169089
169091
169092
169093
169094
169093
169099
169105
169105
169099
169101
169112
169106
169094
169087
169094
169092
169096
169096
169093
169091
169098
169094
169095
169102
169103
169106
169108
169109
169111
169103
169096
169100
169102
169099
169100
169100
169101
169105
169103
169101
169106
169107
169105
169101
169098
169100
169103
169103
169099
169099
169099
169097
169101
169101
169097
169095
169091
169099
169098
169093
169093
169094
169096
169095
169089
169092
169094
169097
169099
169100
169096
169094
169098
169097
169092
169087
169091
169098
169096
169094
169092
169094
169096
169098
169096
169090
169094
169100
169100
169097
169093
169097
169098
169093
169092
169089
169092
169094
169091
169090
169091
169090
169091
169093
169094
169097
169099
169099
169098
169104
169103
169103
169104
169101
169097
169097
169098
169095
169095
169097
169095
169096
169095
169089
169089
169087
169090
169099
169103
169101
169098
169104
169104
169103
169099
169090
169088
169091
169089
169084
169088
169090
169087
169087
169087
169090
169092
169095
169092
169086
169079
169088
169097
169089
169084
169083
169081
169075
169072
169072
169066
169066
169079
169080
169076
169073
169069
169071
169071
169070
169071
169078
169081
169076
169073
169072
169073
169072
169068
169062
169058
169062
169066
169061
169060
169066
169070
169076
169089
169082
169071
169068
169070
169072
169073
169074
169077
169082
169075
169073
169074
169073
169074
169079
169080
169078
169078
169082
169078
169071
169076
169081
169082
169082
169077
169077
169083
169087
169087
169083
169078
169075
169074
169077
169082
169087
169080
169074
169075
169080
169078
169081
169082
169084
169084
169081
169082
169082
169086
169086
169087
169090
169086
169083
169080
169084
169091
169086
169083
169085
169084
169090
169092
169089
169082
169081
169082
169081
169082
169075
169073
169073
169067
169071
169087
169089
169087
169085
169095
169100
169098
169100
169106
169109
169107
169105
169104
169106
169104
169103
169103
169107
169110
169104
169106
169108
169108
169109
169109
169109
169106
169109
169110
169105
169102
169103
169102
169103
169103
169101
169101
169102
169105
169104
169103
169103
169100
169104
169106
169097
169092
169096
169099
169104
169106
169107
169110
169110
169108
169103
169105
169109
169113
169113
169112
169111
169109
169109
169108
169104
169105
169112
169114
169112
169109
169109
169113
169119
169116
169109
169111
169113
169109
169107
169107
169110
169112
169114
169113
169104
169107
169114
169116
169116
169116
169117
169118
169116
169119
169117
169120
169126
169127
169123
169127
169125
169120
169120
169114
169111
169114
169121
169124
169124
169119
169115
169110
169108
169108
169106
169108
169114
169114
169116
169115
169114
169115
169115
169112
169117
169122
169123
169129
169126
169120
169120
169120
169125
169128
169125
169122
169122
169124
169128
169125
169121
169118
169117
169116
169122
169129
169133
169133
169132
169129
169127
169128
169127
169127
169126
169127
169134
169146
169133
169125
169125
169123
169141
169170
169145
169123
169137
169139
169133
169129
169128
169130
169131
169130
169130
169134
169139
169145
169139
169125
169127
169130
169134
169138
169138
169141
169145
169142
169150
169143
169128
169120
169124
169130
169135
169133
169138
169144
169148
169153
169148
169138
169132
169131
169133
169131
169143
169149
169140
169136
169131
169128
169125
169122
169127
169130
169143
169146
169144
169140
169135
169132
169128
169130
169124
169124
169133
169130
169134
169141
169135
169128
169104
169117
169134
169154
169148
169143
169132
169130
169139
169147
169145
169137
169138
169137
169130
169133
169138
169136
169131
169135
169144
169148
169146
169144
169142
169134
169120
169121
169123
169130
169135
169134
169130
169128
169137
169156
169139
169136
169132
169134
169146
169139
169139
169134
169128
169133
169181
169184
169147
169130
169122
169119
169119
169132
169143
169141
169138
169138
169135
169129
169121
169128
169134
169124
169120
169147
169151
169136
169138
169131
169136
169129
169111
169123
169130
169132
169134
169130
169129
169128
169127
169125
169123
169127
169130
169137
169139
169137
169137
169136
169135
169132
169136
169131
169124
169134
169131
169120
169116
169119
169128
169126
169117
169117
169120
169121
169130
169129
169122
169124
169120
169118
169115
169113
169121
169138
169133
169120
169125
169125
169132
169135
169132
169124
169118
169125
169126
169113
169120
169148
169147
169135
169111
169118
169132
169129
169125
169123
169125
169128
169132
169126
169132
169131
169124
169120
169120
169123
169128
169136
169133
169128
169125
169135
169144
169145
169136
169129
169130
169137
169149
169145
169132
169134
169134
169135
169142
169140
169134
169138
169137
169131
169134
169139
169142
169141
169147
169122
169100
169132
169147
169152
169145
169144
169144
169141
169140
169136
169135
169142
169144
169141
169135
169136
169140
169139
169137
169140
169149
169154
169159
169147
169129
169117
169127
169141
169143
169142
169153
169153
169149
169137
169135
169135
169137
169141
169145
169137
169134
169136
169144
169143
169139
169147
169144
169143
169143
169137
169141
169142
169137
169144
169149
169155
169157
169153
169151
169152
169154
169152
169150
169150
169146
169143
169147
169150
169150
169150
169152
169155
169164
169161
169151
169147
169152
169151
169147
169147
169154
169156
169157
169159
169161
169159
169159
169158
169151
169156
169158
169154
169154
169150
169149
169152
169152
169150
169148
169158
169163
169160
169155
169171
169178
169160
169152
169155
169148
169159
169172
169174
169169
169167
169159
169159
169161
169170
169170
169169
169176
169176
169176
169175
169172
169173
169176
169175
169177
169179
169174
169175
169178
169173
169167
169171
169172
169172
169175
169160
169163
169165
169162
169161
169160
169168
169169
169171
169170
169167
169166
169168
169165
169166
169168
169169
169170
169171
169169
169168
169175
169175
169175
169173
169167
169161
169163
169179
169182
169172
169175
169174
169178
169181
169184
169185
169178
169178
169180
169171
169176
169180
169175
169177
169174
169174
169176
169173
169175
169175
169174
169179
169182
169180
169181
169185
169188
169189
169188
169185
169189
169196
169197
169194
169192
169194
169198
169199
169197
169192
169195
169194
169193
169196
169196
169196
169196
169196
169195
169198
169198
169202
169205
169203
169203
169203
169200
169201
169199
169198
169198
169198
169196
169193
169192
169198
169202
169206
169210
169208
169211
169210
169206
169202
169206
169207
169207
169210
169208
169204
169208
169205
169205
169214
169213
169219
169220
169221
169215
169213
169211
169213
169212
169219
169223
169226
169229
169223
169219
169220
169217
169216
169218
169214
169214
169217
169222
169222
169219
169218
169218
169218
169219
169217
169219
169219
169220
169222
169221
169222
169224
169223
169222
169224
169222
169222
169223
169220
169225
169227
169228
169229
169225
169221
169226
169231
169228
169212
169213
169216
169216
169216
169213
169209
169211
169207
169214
169221
169217
169217
169221
169219
169215
169208
169206
169201
169201
169203
169197
169192
169193
169195
169199
169198
169200
169200
169194
169195
169191
169186
169181
169185
169190
169189
169186
169189
169196
169192
169185
169188
169190
169192
169190
169190
169191
169191
169192
169196
169198
169195
169191
169195
169198
169197
169194
169197
169199
169197
169188
169189
169194
169194
169192
169187
169190
169193
169190
169190
169190
169191
169191
169194
169193
169190
169196
169203
169203
169198
169197
169192
169194
169196
169196
169202
169203
169197
169195
169195
169199
169202
169205
169202
169196
169199
169194
169195
169203
169205
169202
169201
169199
169200
169197
169189
169192
169197
169197
169198
169197
169191
169195
169198
169195
169191
169193
169197
169201
169199
169198
169197
169199
169199
169201
169199
169198
169201
169201
169201
169203
169202
169203
169210
169209
169206
169204
169205
169204
169199
169194
169190
169191
169197
169200
169199
169201
169203
169201
169204
169207
169206
169207
169208
169206
169201
169200
169203
169203
169199
169201
169199
169199
169203
169198
169191
169197
169204
169206
169207
169205
169200
169198
169204
169208
169207
169205
169205
169203
169200
169205
169206
169205
169205
169202
169197
169199
169204
169206
169205
169206
169205
169202
169207
169205
169196
169194
169200
169204
169206
169205
169206
169202
169201
169203
169204
169204
169204
169206
169206
169203
169202
169204
169208
169205
169204
169204
169203
169205
169207
169206
169207
169206
169207
169204
169206
169207
169207
169208
169210
169212
169210
169210
169213
169211
169207
169204
169207
169207
169205
169209
169209
169214
169216
169204
169198
169196
169202
169205
169203
169202
169204
169209
169208
169210
169209
169210
169214
169210
169213
169212
169208
169214
169215
169215
169208
169209
169213
169210
169209
169210
169208
169207
169207
169207
169206
169205
169206
169207
169208
169209
169206
169206
169209
169208
169205
169210
169210
169207
169206
169202
169201
169202
169204
169205
169207
169205
169203
169210
169211
169207
169209
169212
169211
169204
169200
169202
169204
169205
169202
169199
169194
169201
169208
169203
169203
169202
169203
169211
169210
169206
169205
169206
169206
169208
169206
169204
169216
169221
169215
169215
169213
169215
169212
169209
169207
169206
169209
169210
169208
169207
169207
169214
169216
169209
169202
169200
169208
169215
169214
169215
169215
169215
169212
169210
169214
169208
169208
169216
169214
169212
169213
169217
169217
169216
169214
169222
169223
169212
169207
169216
169222
169215
169207
169207
169208
169208
169207
169210
169214
169211
169208
169210
169210
169211
169211
169205
169210
169216
169213
169208
169211
169216
169220
169214
169212
169215
169212
169217
169218
169217
169217
169213
169218
169220
169216
169214
169214
169216
169211
169207
169209
169209
169212
169211
169204
169205
169206
169207
169206
169204
169204
169206
169208
169216
169214
169211
169214
169215
169208
169211
169216
169217
169218
169219
169213
169214
169214
169212
169212
169211
169205
169209
169214
169213
169213
169218
169222
169219
169218
169219
169211
169210
169222
169219
169212
169211
169211
169207
169211
169211
169207
169210
169215
169214
169217
169221
169211
169211
169211
169212
169214
169212
169212
169214
169214
169214
169216
169217
169211
169211
169217
169217
169218
169218
169216
169215
169215
169219
169217
169213
169214
169216
169215
169215
169212
169216
169217
169214
169214
169210
169205
169207
169216
169220
169213
169214
169222
169224
169219
169212
169213
169216
169214
169219
169220
169216
169217
169214
169211
169208
169210
169215
169222
169224
169221
169216
169213
169214
169211
169215
169225
169220
169210
169206
169207
169212
169215
169220
169216
169215
169220
169222
169222
169221
169219
169214
169215
169215
169217
169218
169219
169219
169225
169224
169219
169219
169216
169216
169216
169211
169214
169214
169210
169216
169221
169224
169228
169234
169231
169224
169225
169228
169227
169224
169220
169220
169227
169225
169219
169215
169209
169214
169218
169219
169218
169221
169223
169222
169219
169218
169212
169211
169222
169233
169231
169227
169230
169237
169235
169235
169240
169237
169238
169248
169251
169250
169249
169249
169254
169248
169242
169252
169259
169259
169255
169247
169245
169251
169248
169240
169251
169251
169250
169262
169267
169250
169243
169255
169260
169259
169255
169248
169247
169258
169263
169264
169264
169259
169262
169268
169269
169268
169270
169263
169259
169271
169276
169273
169261
169252
169255
169268
169271
169261
169246
169247
169252
169253
169259
169258
169254
169254
169264
169268
169261
169246
169242
169253
169247
169249
169256
169258
169263
169263
169250
169252
169253
169254
169259
169255
169252
169256
169254
169247
169240
169238
169244
169250
169247
169245
169242
169235
169244
169253
169259
169262
169256
169250
169258
169255
169262
169265
169258
169260
169267
169268
169266
169268
169267
169259
169260
169269
169267
169266
169267
169272
169273
169265
169256
169252
169256
169263
169262
169264
169259
169261
169266
169267
169265
169263
169264
169265
169277
169283
169274
169266
169269
169270
169273
169280
169286
169281
169273
169265
169262
169259
169261
169261
169258
169256
169255
169252
169250
169246
169248
169247
169248
169249
169245
169245
169248
169252
169254
169248
169244
169246
169246
169245
169245
169245
169249
169252
169248
169250
169256
169259
169261
169260
169256
169251
169252
169252
169254
169259
169259
169255
169258
169257
169252
169247
169245
169245
169250
169250
169242
169240
169244
169245
169243
169240
169241
169245
169247
169245
169244
169244
169244
169252
169261
169261
169266
169267
169267
169267
169265
169267
169265
169261
169259
169259
169264
169267
169267
169264
169263
169270
169274
169269
169269
169271
169277
169278
169274
169272
169275
169279
169284
169288
169286
169279
169274
169274
169274
169275
169280
169283
169280
169281
169285
169286
169286
169284
169285
169285
169289
169296
169294
169284
169285
169292
169298
169300
169296
169287
169286
169293
169299
169297
169287
169287
169291
169298
169299
169296
169294
169296
169301
169304
169305
169298
169295
169296
169292
169291
169295
169298
169299
169295
169297
169293
169294
169300
169300
169301
169300
169295
169296
169295
169296
169295
169293
169295
169301
169303
169297
169290
169291
169300
169295
169290
169293
169289
169285
169288
169287
169289
169296
169294
169289
169287
169283
169284
169286
169280
