181759
181762
181764
181765
181766
181766
181768
181769
181769
181769
181770
181774
181776
181774
181770
181767
181767
181769
181768
181767
181767
181769
181771
181771
181772
181772
181774
181775
181774
181773
181773
181774
181775
181774
181772
181771
181771
181771
181769
181767
181765
181763
181764
181764
181764
181763
181765
181766
181765
181764
181764
181766
181767
181765
181764
181763
181764
181765
181764
181764
181763
181764
181766
181765
181762
181761
181761
181762
181761
181758
181759
181761
181764
181764
181763
181762
181762
181762
181760
181757
181756
181758
181760
181759
181759
181759
181761
181763
181762
181760
181758
181759
181760
181759
181758
181759
181760
181761
181759
181756
181754
181755
181756
181756
181754
181753
181752
181754
181754
181752
181752
181752
181751
181750
181748
181747
181747
181747
181747
181745
181743
181745
181747
181748
181749
181750
181754
181757
181756
181755
181756
181757
181758
181757
181756
181756
181758
181759
181759
181757
181757
181759
181760
181759
181757
181756
181757
181758
181758
181756
181755
181757
181760
181760
181759
181758
181757
181757
181755
181752
181749
181750
181750
181749
181745
181743
181742
181743
181742
181741
181740
181742
181744
181744
181743
181744
181747
181748
181747
181746
181745
181747
181749
181748
181745
181744
181746
181750
181750
181749
181749
181751
181753
181752
181751
181752
181753
181754
181755
181754
181754
181753
181753
181751
181749
181749
181749
181750
181749
181748
181749
181752
181752
181750
181748
181749
181751
181752
181752
181753
181755
181759
181763
181764
181764
181765
181766
181766
181765
181763
181762
181764
181765
181762
181759
181758
181759
181758
181755
181753
181752
181752
181752
181749
181746
181742
181742
181743
181743
181742
181743
181745
181749
181752
181754
181756
181759
181761
181762
181762
181763
181765
181767
181767
181767
181768
181771
181774
181773
181772
181773
181774
181774
181773
181771
181771
181773
181775
181775
181775
181777
181778
181777
181774
181773
181773
181773
181772
181772
181772
181773
181775
181778
181779
181777
181776
181778
181778
181776
181774
181772
181772
181772
181769
181767
181766
181766
181767
181765
181764
181765
181767
181767
181766
181764
181763
181764
181767
181767
181766
181767
181768
181768
181765
181764
181765
181767
181768
181767
181765
181764
181763
181762
181760
181757
181758
181760
181761
181760
181757
181756
181756
181755
181753
181751
181750
181752
181752
181749
181747
181746
181747
181748
181746
181745
181747
181750
181752
181751
181750
181750
181753
181755
181754
181751
181751
181750
181750
181748
181746
181745
181746
181747
181745
181743
181743
181745
181746
181745
181744
181745
181747
181747
181745
181741
181741
181742
181743
181742
181741
181741
181741
181739
181737
181734
181734
181734
181736
181734
181732
181732
181734
181736
181736
181736
181737
181741
181742
181741
181739
181740
181741
181739
181737
181734
181735
181737
181740
181740
181741
181742
181744
181745
181743
181741
181741
181743
181744
181742
181741
181742
181745
181747
181747
181747
181748
181750
181750
181750
181751
181753
181755
181757
181757
181755
181754
181755
181754
181752
181749
181749
181749
181750
181748
181748
181750
181752
181754
181753
181751
181750
181751
181750
181748
181747
181748
181749
181750
181749
181749
181752
181756
181758
181758
181758
181761
181765
181767
181767
181765
181765
181766
181766
181764
181761
181760
181760
181761
181760
181759
181761
181765
181768
181769
181769
181771
181775
181776
181773
181770
181769
181770
181770
181768
181767
181767
181769
181769
181768
181767
181767
181769
181771
181770
181770
181771
181773
181772
181770
181767
181767
181766
181763
181759
181755
181753
181753
181751
181749
181747
181749
181751
181752
181750
181748
181747
181748
181748
181748
181746
181747
181747
181747
181744
181741
181742
181743
181745
181746
181747
181749
181752
181752
181750
181748
181747
181747
181746
181742
181738
181737
181735
181734
181731
181730
181730
181732
181732
181731
181730
181732
181734
181736
181736
181736
181740
181743
181744
181744
181743
181744
181744
181742
181737
181734
181734
181734
181733
181731
181731
181733
181735
181736
181738
181739
181741
181743
181742
181739
181737
181735
181734
181732
181728
181726
181726
181726
181727
181725
181724
181725
181726
181725
181724
181723
181726
181730
181732
181731
181728
181727
181726
181724
181721
181718
181718
181719
181717
181714
181713
181715
181717
181717
181716
181716
181718
181721
181723
181723
181722
181722
181724
181722
181719
181718
181720
181721
181722
181721
181721
181722
181726
181727
181727
181727
181729
181731
181730
181726
181725
181725
181726
181726
181724
181723
181724
181726
181729
181728
181727
181728
181730
181731
181731
181733
181736
181738
181739
181736
181735
181736
181738
181739
181739
181738
181739
181742
181740
181737
181735
181736
181737
181736
181733
181731
181733
181735
181735
181733
181733
181735
181736
181735
181733
181733
181732
181730
181728
181724
181723
181723
181723
181724
181725
181727
181730
181733
181734
181733
181733
181735
181738
181738
181736
181735
181736
181736
181735
181734
181733
181735
181736
181735
181735
181737
181741
181745
181747
181747
181747
181750
181750
181749
181747
181745
181744
181744
181741
181738
181735
181735
181737
181737
181736
181736
181738
181741
181744
181745
181746
181750
181754
181755
181754
181753
181753
181753
181750
181746
181743
181742
181741
181738
181737
181736
181736
181737
181736
181735
181735
181737
181739
181740
181739
181737
181738
181740
181740
181739
181738
181740
181743
181743
181742
181744
181747
181752
181754
181755
181757
181763
181768
181772
181774
181777
181780
181783
181785
181786
181788
181792
181798
181801
181802
181804
181808
181812
181814
181814
181815
181814
181814
181811
181807
181802
181799
181798
181795
181793
181791
181792
181794
181794
181792
181790
181790
181791
181790
181788
181787
181788
181791
181791
181789
181789
181789
181790
181788
181784
181783
181784
181785
181784
181783
181782
181783
181785
181784
181783
181784
181785
181786
181784
181781
181777
181776
181777
181777
181777
181778
181778
181778
181777
181775
181773
181773
181773
181769
181766
181765
181766
181767
181768
181766
181764
181764
181765
181763
181760
181758
181757
181756
181754
181751
181750
181751
181750
181747
181742
181739
181739
181738
181735
181733
181732
181731
181731
181731
181730
181728
181728
181728
181726
181722
181720
181722
181724
181723
181723
181724
181726
181728
181729
181730
181730
181731
181733
181731
181730
181730
181731
181733
181733
181731
181730
181731
181732
181730
181728
181728
181728
181729
181728
181724
181723
181723
181724
181721
181719
181719
181719
181720
181718
181716
181716
181717
181718
181716
181715
181716
181718
181721
181721
181720
181722
181723
181724
181722
181721
181722
181724
181725
181723
181722
181722
181722
181722
181721
181720
181721
181725
181728
181729
181729
181728
181729
181730
181729
181727
181728
181731
181733
181732
181731
181730
181731
181733
181732
181730
181728
181728
181730
181730
181729
181729
181730
181732
181730
181728
181729
181731
181733
181732
181731
181731
181732
181734
181734
181734
181736
181738
181739
181738
181737
181740
181743
181744
181743
181741
181743
181746
181748
181749
181747
181748
181750
181751
181751
181751
181751
181754
181756
181756
181756
181756
181757
181760
181760
181758
181758
181759
181760
181759
181758
181760
181762
181764
181763
181760
181759
181760
181760
181757
181755
181754
181756
181756
181754
181754
181757
181761
181763
181764
181763
181763
181765
181766
181766
181765
181764
181765
181765
181762
181760
181758
181758
181759
181757
181754
181752
181753
181754
181753
181753
181755
181757
181758
181756
181753
181754
181756
181756
181755
181754
181755
181756
181757
181756
181754
181753
181754
181755
181755
181753
181754
181754
181753
181750
181747
181745
181746
181745
181742
181737
181735
181734
181732
181730
181727
181726
181727
181728
181727
181725
181726
181728
181729
181726
181723
181723
181725
181728
181726
181723
181722
181722
181720
181716
181713
181713
181714
181714
181713
181712
181712
181712
181713
181712
181711
181713
181717
181720
181719
181717
181718
181721
181720
181716
181711
181709
181709
181707
181704
181702
181701
181700
181698
181695
181692
181691
181694
181696
181697
181696
181698
181699
181698
181696
181693
181691
181691
181689
181686
181682
181682
181681
181679
181676
181674
181675
181677
181677
181676
181676
181679
181681
181683
181684
181684
181688
181692
181697
181700
181702
181705
181708
181710
181711
181712
181714
181718
181720
181721
181722
181725
181727
181728
181728
181727
181727
181729
181731
181729
181727
181728
181730
181731
181730
181730
181733
181737
181738
181738
181737
181739
181741
181742
181739
181738
181739
181741
181741
181740
181738
181738
181739
181740
181739
181737
181736
181735
181735
181732
181729
181729
181729
181729
181728
181726
181726
181730
181733
181732
181733
181736
181738
181739
181738
181737
181737
181737
181737
181736
181733
181733
181735
181737
181736
181734
181734
181735
181734
181734
181734
181736
181737
181737
181734
181733
181734
181736
181736
181736
181737
181739
181741
181742
181742
181742
181744
181747
181750
181751
181753
181756
181760
181762
181762
181762
181763
181766
181767
181764
181761
181760
181760
181760
181758
181757
181759
181761
181762
181762
181761
181762
181765
181765
181764
181762
181763
181763
181761
181758
181756
181756
181755
181754
181751
181747
181747
181748
181749
181749
181749
181751
181753
181754
181752
181749
181749
181750
181748
181745
181742
181742
181743
181741
181738
181736
181736
181736
181735
181733
181730
181730
181733
181734
181732
181730
181732
181735
181734
181733
181732
181731
181732
181732
181731
181729
181729
181731
181731
181730
181728
181730
181731
181731
181729
181728
181728
181729
181730
181728
181726
181726
181728
181731
181731
181733
181734
181737
181738
181738
181736
181738
181741
181741
181738
181736
181737
181738
181737
181735
181733
181733
181733
181732
181730
181728
181728
181728
181728
181728
181727
181725
181724
181723
181720
181718
181718
181719
181718
181717
181715
181715
181716
181716
181714
181713
181714
181717
181717
181716
181715
181716
181718
181719
181717
181714
181714
181715
181715
181714
181714
181716
181719
181720
181719
181721
181724
181729
181732
181732
181732
181736
181741
181744
181744
181745
181749
181752
181753
181754
181754
181755
181756
181755
181752
181750
181750
181749
181747
181744
181741
181740
181740
181738
181735
181733
181733
181734
181733
181732
181732
181733
181734
181732
181729
181728
181729
181730
181730
181728
181727
181727
181727
181724
181721
181721
181724
181725
181724
181721
181720
181723
181724
181723
181721
181719
181717
181716
181714
181711
181708
181708
181710
181710
181710
181709
181713
181716
181719
181718
181717
181717
181719
181718
181716
181716
181717
181719
181718
181716
181714
181715
181717
181717
181716
181716
181719
181720
181719
181717
181716
181718
181722
181723
181722
181721
181722
181723
181724
181725
181726
181729
181732
181734
181734
181734
181736
181738
181738
181736
181735
181736
181737
181734
181734
181733
181734
181736
181736
181735
181735
181737
181739
181740
181740
181741
181743
181745
181745
181743
181742
181743
181745
181745
181744
181743
181743
181743
181741
181739
181739
181742
181743
181743
181741
181741
181740
181740
181738
181733
181730
181730
181730
181727
181724
181723
181725
181727
181727
181725
181725
181726
181728
181726
181722
181720
181721
181722
181720
181719
181717
181717
181719
181719
181718
181718
181719
181720
181719
181718
181718
181720
181721
181720
181718
181717
181719
181720
181719
181716
181716
181718
181719
181718
181716
181715
181715
181716
181715
181713
181712
181713
181715
181716
181715
181716
181718
181720
181720
181719
181719
181721
181722
181721
181718
181718
181719
181720
181721
181721
181721
181724
181726
181727
181725
181725
181726
181728
181727
181724
181724
181725
181726
181723
181721
181719
181720
181721
181720
181719
181720
181721
181723
181722
181721
181721
181722
181724
181723
181722
181721
181723
181725
181725
181725
181724
181725
181725
181723
181722
181723
181724
181725
181724
181722
181721
181722
181721
181720
181718
181720
181722
181724
181724
181723
181724
181725
181727
181725
181724
181724
181724
181725
181724
181722
181722
181725
181726
181728
181727
181728
181730
181733
181733
181732
181733
181734
181733
181730
181727
181727
181729
181729
181728
181726
181725
181725
181726
181725
181723
181722
181723
181726
181726
181726
181727
181728
181729
181728
181726
181725
181727
181729
181727
181725
181726
181729
181729
181728
181728
181730
181734
181735
181733
181732
181733
181736
181737
181737
181736
181736
181737
181737
181735
181735
181734
181735
181736
181734
181733
181734
181737
181739
181739
181737
181737
181739
181741
181740
181738
181736
181736
181735
181733
181731
181731
181732
181732
181728
181725
181724
181725
181726
181726
181726
181727
181729
181730
181729
181727
181728
181731
181733
181734
181733
181733
181734
181734
181733
181730
181729
181730
181731
181730
181727
181727
181729
181730
181727
181725
181725
181726
181727
181726
181725
181725
181726
181727
181727
181725
181725
181725
181725
181724
181723
181725
181727
181729
181727
181725
181725
181725
181724
181723
181721
181722
181724
181726
181725
181723
181723
181723
181723
181722
181719
181718
181720
181722
181722
181722
181723
181725
181726
181724
181720
181720
181720
181719
181717
181716
181717
181717
181716
181714
181713
181715
181718
181721
181720
181720
181721
181723
181725
181725
181725
181725
181726
181727
181725
181723
181723
181723
181723
181722
181722
181723
181725
181725
181724
181722
181722
181723
181725
181724
181722
181723
181723
181726
181727
181727
181729
181732
181735
181735
181734
181734
181736
181738
181738
181736
181737
181740
181743
181742
181741
181741
181745
181746
181745
181743
181743
181744
181744
181742
181739
181739
181740
181740
181739
181736
181736
181737
181737
181734
181732
181732
181733
181734
181734
181732
181732
181732
181732
181729
181726
181726
181726
181726
181725
181722
181722
181722
181721
181720
181718
181717
181718
181718
181715
181712
181712
181713
181713
181710
181707
181706
181704
181703
181701
181699
181700
181702
181703
181703
181702
181702
181704
181704
181703
181702
181701
181701
181702
181701
181699
181698
181700
181701
181700
181700
181702
181705
181706
181705
181704
181705
181707
181708
181707
181706
181707
181708
181709
181709
181707
181709
181712
181712
181711
181710
181709
181710
181710
181709
181708
181709
181712
181714
181714
181715
181717
181720
181721
181720
181720
181722
181725
181726
181726
181726
181729
181732
181733
181732
181732
181732
181733
181732
181730
181730
181731
181733
181733
181732
181730
181730
181729
181728
181725
181722
181722
181725
181727
181728
181726
181726
181730
181735
181735
181736
181741
181747
181749
181750
181750
181752
181754
181754
181751
181748
181749
181750
181748
181744
181741
181741
181741
181739
181737
181736
181739
181741
181741
181739
181738
181737
181738
181738
181736
181735
181737
181740
181741
181741
181741
181742
181744
181743
181739
181736
181734
181733
181730
181728
181725
181725
181725
181723
181721
181720
181721
181722
181721
181721
181721
181724
181726
181727
181725
181723
181724
181724
181724
181724
181723
181724
181724
181722
181719
181716
181715
181716
181716
181715
181716
181719
181720
181721
181721
181722
181724
181727
181729
181730
181732
181735
181736
181733
181728
181725
181723
181724
181724
181721
181719
181721
181725
181728
181728
181729
181731
181734
181736
181737
181737
181738
181742
181741
181739
181738
181738
181739
181739
181737
181736
181739
181743
181742
181740
181739
181739
181738
181736
181734
181734
181737
181741
181743
181743
181743
181745
181748
181746
181744
181743
181744
181744
181743
181743
181743
181744
181744
181744
181743
181742
181743
181743
181742
181739
181737
181738
181739
181739
181738
181739
181741
181744
181746
181747
181748
181750
181753
181752
181750
181750
181751
181753
181752
181751
181752
181753
181752
181751
181750
181749
181751
181753
181753
181752
181752
181754
181756
181755
181752
181752
181754
181756
181755
181753
181751
181751
181751
181750
181749
181751
181754
181756
181757
181757
181758
181763
181767
181769
181769
181770
181773
181777
181779
181780
181780
181783
181785
181785
181782
181780
181781
181780
181777
181774
181773
181773
181774
181773
181772
181772
181773
181775
181774
181774
181774
181777
181781
181781
181780
181780
181782
181783
181782
181779
181776
181777
181777
181775
181774
181774
181775
181773
181770
181766
181762
181760
181759
181757
181754
181753
181751
181751
181749
181746
181745
181746
181748
181747
181746
181746
181748
181750
181752
181754
181756
181758
181758
181757
181755
181753
181753
181755
181755
181753
181749
181746
181746
181746
181745
181743
181743
181743
181742
181741
181741
181741
181741
181739
181736
181737
181739
181742
181744
181745
181746
181750
181752
181753
181752
181750
181748
181749
181747
181746
181746
181748
181747
181745
181743
181741
181742
181744
181743
181742
181742
181744
181745
181742
181739
181737
181736
181737
181735
181731
181728
181728
181730
181730
181730
181731
181734
181736
181736
181735
181736
181739
181742
181742
181742
181742
181744
181746
181745
181742
181740
181739
181739
181736
181732
181730
181730
181729
181727
181725
181725
181727
181729
181730
181731
181734
181738
181741
181742
181742
181743
181745
181747
181748
181749
181750
181752
181753
181752
181750
181750
181751
181753
181752
181750
181749
181750
181750
181749
181749
181750
181751
181755
181756
181754
181754
181756
181756
181754
181753
181752
181753
181755
181753
181752
181752
181754
181756
181755
181753
181752
181752
181752
181750
181748
181749
181752
181753
181752
181750
181751
181754
181756
181755
181753
181752
181751
181751
181748
181744
181743
181743
181743
181741
181740
181740
181741
181741
181740
181738
181739
181740
181740
181739
181738
181739
181739
181740
181740
181740
181743
181744
181743
181740
181737
181735
181735
181735
181733
181731
181731
181732
181733
181733
181732
181733
181734
181735
181735
181735
181736
181737
181737
181736
181735
181738
181739
181739
181738
181736
181735
181734
181734
181734
181733
181735
181737
181738
181737
181736
181737
181738
181739
181739
181738
181738
181739
181740
181738
181737
181738
181739
181740
181739
181738
181739
181742
181744
181743
181744
181745
181746
181746
181743
181742
181742
181744
181745
181742
181741
181742
181743
181743
181740
181739
181739
181741
181741
181740
181738
181739
181740
181741
181740
181739
181740
181743
181745
181744
181743
181745
181747
181747
181745
181741
181741
181742
181742
181740
181739
181740
181742
181743
181742
181741
181741
181744
181746
181746
181745
181747
181750
181751
181749
181747
181747
181747
181745
181743
181742
181743
181745
181748
181748
181747
181748
181749
181750
181749
181748
181748
181750
181749
181747
181745
181745
181748
181748
181746
181745
181746
181750
181750
181749
181748
181748
181749
181749
181748
181745
181744
181745
181744
181742
181739
181738
181739
181741
181741
181739
181738
181737
181737
181735
181732
181731
181732
181733
181732
181731
181733
181736
181736
181735
181733
181732
181733
181732
181730
181729
181730
181731
181731
181730
181729
181731
181734
181735
181735
181735
181736
181737
181737
181735
181733
181733
181735
181737
181736
181734
181735
181736
181736
181735
181736
181738
181740
181741
181739
181737
181736
181737
181736
181735
181733
181734
181736
181736
181735
181734
181735
181736
181736
181735
181734
181734
181734
181735
181735
181736
181736
181738
181739
181737
181734
181734
181734
181735
181735
181736
181737
181738
181738
181736
181735
181735
181738
181739
181738
181737
181738
181738
181737
181734
181731
181729
181728
181726
181723
181721
181722
181723
181724
181723
181722
181721
181721
181721
181720
181719
181721
181725
181726
181727
181728
181729
181731
181731
181728
181725
181725
181726
181726
181725
181723
181724
181726
181727
181726
181724
181724
181725
181723
181721
181720
181721
181723
181722
181720
181718
181718
181719
181719
181717
181715
181715
181717
181719
181719
181718
181719
181722
181722
181720
181719
181719
181720
181721
181722
181724
181726
181728
181730
181729
181728
181727
181726
181724
181721
181718
181718
181719
181719
181718
181717
181718
181720
181719
181715
181712
181714
181716
181717
181715
181713
181715
181718
181718
181715
181714
181716
181717
181717
181715
181714
181715
181717
181716
181714
181711
181712
181713
181712
181710
181707
181704
181704
181702
181699
181698
181700
181702
181702
181702
181704
181708
181711
181714
181714
181713
181714
181716
181715
181714
181714
181716
181717
181717
181716
181717
181720
181725
181727
181726
181726
181728
181729
181726
181723
181719
181717
181718
181719
181718
181718
181718
181719
181718
181717
181716
181717
181720
181720
181720
181720
181722
181726
181729
181728
181729
181731
181734
181735
181735
181735
181736
181739
181740
181739
181737
181738
181737
181736
181735
181732
181729
181729
181728
181725
181724
181727
181730
181732
181731
181732
181734
181735
181733
181731
181730
181730
181731
181728
181726
181725
181725
181727
181725
181722
181720
181723
181726
181726
181725
181724
181724
181725
181725
181723
181722
181722
181724
181725
181725
181726
181729
181731
181732
181733
181733
181734
181737
181738
181739
181739
181740
181742
181741
181739
181737
181737
181737
181737
181735
181736
181737
181737
181736
181735
181732
181731
181731
181729
181726
181724
181723
181724
181726
181726
181726
181726
181728
181728
181729
181731
181736
181741
181741
181740
181740
181742
181741
181739
181737
181735
181736
181736
181733
181730
181728
181728
181729
181728
181726
181726
181729
181732
181732
181733
181734
181736
181738
181737
181736
181735
181735
181736
181735
181733
181731
181730
181729
181724
181720
181718
181718
181720
181720
181721
181722
181723
181725
181725
181724
181724
181727
181728
181726
181722
181720
181721
181722
181721
181721
181722
181725
181726
181725
181724
181724
181725
181725
181723
181721
181720
181721
181721
181720
181719
181719
181721
181722
181722
181723
181723
181725
181726
181724
181721
181720
181720
181721
181721
181720
181720
181721
181722
181721
181719
181717
181718
181719
181721
181722
181725
181728
181732
181732
181732
181732
181733
181733
181733
181732
181732
181733
181732
181729
181726
181725
181725
181726
181725
181723
181722
181722
181723
181720
181718
181718
181720
181722
181723
181722
181723
181723
181724
181721
181718
181717
181720
181720
181719
181718
181718
181720
181722
181720
181716
181714
181715
181715
181714
181712
181714
181716
181717
181718
181717
181718
181720
181722
181722
181722
181723
181725
181725
181724
181722
181722
181723
181724
181724
181723
181723
181725
181726
181725
181724
181723
181724
181725
181725
181726
181727
181729
181730
181729
181730
181731
181733
181734
181735
181737
181738
181742
181745
181746
181746
181748
181752
181755
181755
181756
181757
181757
181758
181758
181755
181753
181752
181753
181752
181750
181751
181754
181756
181756
181756
181757
181759
181760
181758
181756
181757
181759
181762
181763
181764
181765
181768
181770
181770
181769
181769
181770
181770
181766
181763
181761
181760
181757
181752
181747
181744
181742
181740
181738
181737
181738
181741
181743
181744
181743
181744
181747
181751
181754
181755
181756
181758
181758
181756
181755
181755
181756
181756
181753
181749
181747
181746
181744
181742
181741
181741
181742
181740
181737
181734
181733
181734
181734
181731
181729
181729
181729
181729
181729
181728
181728
181729
181729
181727
181724
181722
181723
181722
181720
181717
181718
181719
181720
181719
181717
181718
181720
181720
181717
181713
181710
181709
181707
181706
181703
181704
181707
181708
181706
181704
181703
181704
181705
181704
181703
181705
181709
181712
181713
181714
181717
181721
181723
181723
181722
181722
181724
181725
181724
181722
181723
181726
181726
181725
181724
181724
181727
181726
181724
181723
181723
181723
181723
181719
181716
181714
181715
181716
181715
181713
181713
181714
181714
181712
181711
181711
181710
181708
181705
181701
181699
181698
181698
181696
181694
181695
181696
181696
181696
181695
181697
181697
181697
181696
181694
181695
181697
181696
181694
181692
181693
181694
181695
181694
181693
181694
181696
181697
181697
181698
181701
181704
181706
181708
181709
181712
181714
181715
181715
181714
181715
181716
181715
181714
181713
181716
181720
181725
181728
181730
181733
181736
181738
181738
181738
181740
181742
181742
181740
181739
181739
181739
181738
181736
181735
181734
181735
181736
181735
181733
181733
181734
181735
181735
181736
181741
181746
181749
181750
181751
181755
181758
181760
181761
181762
181764
181767
181768
181768
181767
181768
181772
181773
181771
181770
181771
181773
181772
181767
181763
181761
181760
181760
181759
181758
181759
181762
181765
181764
181764
181766
181768
181768
181766
181766
181767
181769
181768
181765
181763
181764
181766
181767
181766
181765
181765
181765
181763
181760
181757
181756
181755
181753
181751
181749
181750
181752
181752
181751
181750
181750
181753
181755
181755
181755
181756
181756
181756
181754
181752
181751
181751
181749
181745
181741
181739
181739
181737
181733
181730
181728
181728
181729
181729
181729
181730
181734
181738
181739
181738
181739
181740
181740
181738
181737
181737
181738
181738
181739
181739
181741
181742
181741
181737
181735
181736
181738
181739
181739
181737
181737
181737
181735
181731
181726
181723
181722
181718
181715
181712
181712
181713
181713
181712
181712
181714
181716
181715
181712
181712
181714
181716
181716
181715
181714
181716
181718
181718
181717
181717
181718
181721
181722
181721
181721
181723
181726
181727
181726
181724
181724
181724
181722
181720
181718
181716
181716
181713
181709
181707
181707
181707
181705
181703
181701
181701
181703
181705
181705
181705
181708
181711
181712
181712
181710
181712
181714
181714
181713
181711
181710
181710
181710
181706
181702
181701
181700
181697
181693
181692
181691
181690
181688
181686
181685
181686
181687
181688
181687
181686
181687
181690
181690
181688
181687
181689
181691
181691
181691
181692
181695
181698
181699
181700
181702
181705
181708
181709
181711
181714
181718
181721
181722
181721
181720
181721
181722
181722
181721
181721
181721
181722
181723
181722
181722
181724
181726
181725
181723
181723
181724
181726
181727
181725
181724
181725
181727
181727
181725
181724
181724
181724
181723
181723
181724
181727
181729
181730
181729
181729
181731
181733
181734
181733
181733
181734
181736
181735
181733
181730
181729
181729
181730
181727
181725
181725
181725
181724
181721
181720
181721
181722
181723
181722
181723
181726
181730
181731
181732
181734
181738
181740
181740
181739
181739
181742
181744
181745
181744
181743
181742
181743
181744
181743
181743
181746
181749
181751
181751
181752
181755
181757
181756
181755
181755
181758
181759
181757
181755
181753
181754
181755
181753
181751
181750
181750
181750
181749
181748
181748
181748
181749
181748
181745
181743
181744
181744
181741
181738
181738
181739
181740
181740
181739
181738
181738
181740
181740
181737
181735
181737
181739
181740
181739
181739
181740
181740
181738
181734
181731
181730
181730
181728
181725
181722
181721
181719
181718
181716
181715
181717
181719
181718
181719
181722
181727
181730
181730
181730
181730
181733
181735
181734
181733
181733
181734
181734
181733
181730
181728
181728
181729
181728
181724
181723
181725
181728
181728
181728
181729
181732
181735
181736
181736
181736
181737
181737
181737
181737
181739
181741
181742
181741
181739
181739
181740
181743
181742
181738
181736
181738
181739
181737
181733
181731
181731
181732
181730
181728
181726
181726
181727
181726
181724
181723
181724
181725
181724
181723
181724
181725
181726
181725
181724
181724
181725
181726
181726
181727
181729
181730
181733
181732
181731
181732
181733
181732
181728
181725
181723
181721
181721
181718
181717
181717
181718
181720
181720
181720
181722
181724
181726
181726
181725
181725
181726
181726
181723
181720
181717
181716
181715
181713
181711
181711
181711
181711
181707
181704
181703
181704
181704
181699
181694
181692
181692
181694
181694
181695
181697
181700
181703
181703
181702
181704
181706
181706
181707
181708
181711
181715
181719
181720
181722
181724
181728
181731
181732
181731
181731
181732
181731
181729
181729
181729
181729
181729
181728
181727
181726
181727
181728
181728
181728
181731
181735
181738
181739
181738
181738
181741
181742
181741
181738
181737
181737
181737
181736
181734
181732
181731
181732
181731
181729
181727
181726
181728
181728
181728
181729
181732
181735
181737
181738
181741
181744
181746
181745
181745
181746
181746
181745
181743
181740
181738
181738
181739
181737
181733
181729
181728
181726
181722
181717
181715
181714
181714
181711
181708
181708
181710
181712
181712
181712
181713
181715
181717
181716
181715
181714
181716
181718
181718
181716
181716
181717
181719
181718
181717
181714
181713
181712
181710
181707
181704
181703
181703
181703
181703
181703
181705
181706
181704
181702
181701
181701
181700
181698
181697
181694
181693
181690
181686
181682
181679
181678
181676
181672
181670
181670
181672
181672
181670
181668
181669
181670
181672
181671
181670
181670
181672
181671
181668
181663
181661
181660
181659
181656
181654
181655
181659
181661
181661
181662
181664
181667
181669
181669
181668
181670
181673
181675
181673
181671
181671
181670
181670
181667
181664
181664
181665
181668
181669
181669
181671
181674
181677
181678
181679
181679
181681
181683
181684
181682
181682
181683
181684
181683
181681
181681
181682
181683
181683
181682
181684
181687
181688
181687
181687
181688
181691
181692
181691
181689
181689
181690
181691
181690
181688
181688
181689
181690
181689
181687
181687
181689
181691
181691
181690
181691
181694
181695
181694
181692
181690
181692
181693
181694
181694
181695
181697
181696
181695
181693
181692
181694
181695
181695
181693
181694
181696
181697
181695
181694
181695
181696
181696
181693
181692
181693
181694
181696
181694
181693
181694
181696
181697
181698
181697
181699
181701
181702
181701
181700
181700
181702
181704
181703
181702
181704
181707
181709
181709
181709
181712
181716
181717
181716
181715
181717
181719
181721
181721
181720
181721
181723
181723
181721
181718
181719
181721
181722
181721
181720
181720
181721
181720
181719
181719
181720
181723
181726
181726
181727
181730
181733
181735
181734
181733
181735
181739
181740
181738
181735
181735
181736
181736
181732
181729
181728
181728
181726
181724
181724
181726
181730
181730
181729
181727
181727
181728
181728
181727
181726
181727
181727
181726
181722
181721
181721
181722
181721
181720
181719
181720
181721
181721
181719
181718
181719
181721
181722
181721
181719
181720
181721
181722
181718
181715
181714
181715
181713
181710
181707
181707
181709
181709
181708
181708
181709
181710
181710
181709
181707
181708
181709
181709
181707
181706
181706
181707
181707
181705
181704
181703
181703
181701
181698
181695
181693
181692
181691
181690
181688
181687
181688
181687
181685
181684
181686
181690
181692
181692
181692
181693
181693
181693
181694
181692
181692
181694
181694
181691
181688
181687
181686
181684
181680
181676
181674
181673
181673
181672
181671
181672
181674
181675
181676
181677
181680
181683
181686
181685
181684
181687
181688
181687
181685
181683
181683
181684
181685
181684
181682
181683
181684
181683
181682
181681
181682
181684
181685
181685
181684
181685
181688
181690
181690
181689
181691
181693
181692
181691
181689
181689
181690
181689
181688
181688
181688
181689
181689
181690
181691
181694
181697
181698
181699
181699
181700
181702
181702
181701
181702
181703
181705
181706
181706
181706
181706
181708
181706
181704
181703
181703
181704
181705
181704
181703
181705
181708
181708
181706
181705
181705
181705
181704
181702
181699
181700
181702
181704
181704
181701
181700
181700
181697
181693
181689
181689
181689
181688
181688
181688
181689
181691
181690
181689
181688
181690
181692
181693
181693
181692
181693
181696
181697
181698
181699
181700
181702
181704
181704
181703
181704
181706
181706
181705
181702
181702
181702
181701
181697
181694
181693
181693
181692
181691
181692
181695
181697
181697
181696
181696
181698
181701
181700
181699
181698
181700
181701
181700
181698
181699
181703
181707
181709
181710
181710
181712
181714
181714
181713
181712
181711
181710
181708
181705
181703
181703
181706
181709
181709
181709
181709
181710
181710
181710
181711
181712
181713
181712
181710
181708
181707
181707
181704
181700
181697
181696
181698
181699
181696
181694
181696
181697
181696
181695
181695
181697
181700
181699
181698
181697
181701
181702
181702
181702
181701
181703
181705
181707
181705
181706
181709
181711
181712
181711
181712
181715
181716
181714
181712
181712
181712
181713
181714
181713
181712
181715
181718
181720
181721
181722
181724
181724
181722
181719
181717
181718
181719
181718
181716
181713
181712
181712
181710
181708
181708
181710
181712
181711
181710
181709
181712
181713
181712
181712
181714
181715
181716
181714
181713
181712
181713
181714
181713
181710
181710
181711
181714
181715
181716
181716
181719
181721
181722
181723
181725
181728
181731
181731
181731
181733
181736
181740
181741
181739
181740
181742
181744
181743
181742
181740
181740
181741
181738
181735
181733
181734
181735
181735
181734
181732
181732
181732
181729
181725
181719
181716
181713
181709
181704
181699
181696
181694
181690
181686
181684
181683
181683
181681
181679
181678
181678
181678
181676
181673
181671
181669
181669
181667
181665
181664
181666
181668
181667
181664
181663
181664
181666
181666
181665
181665
181668
181670
181670
181668
181666
181667
181667
181665
181662
181660
181660
181660
181659
181656
181653
181651
181649
181645
181642
181640
181640
181639
181637
181635
181636
181637
181638
181637
181636
181636
181637
181638
181638
181639
181641
181645
181648
181650
181652
181657
181661
181662
181662
181659
181659
181660
181659
181657
181656
181655
181656
181659
181659
181659
181660
181663
181666
181664
181661
181660
181662
181663
181663
181664
181665
181668
181671
181672
181672
181673
181676
181677
181677
181675
181676
181677
181680
181681
181681
181682
181684
181686
181685
181683
181682
181681
181680
181678
181674
181673
181674
181675
181674
181673
181674
181674
181675
181674
181674
181676
181678
181680
181679
181677
181677
181679
181681
181682
181683
181683
181684
181684
181682
181680
181680
181681
181682
181681
181679
181679
181680
181680
181678
181675
181674
181674
181675
181676
181676
181678
181680
181683
181681
181680
181681
181683
181685
181685
181685
181686
181690
181691
181689
181687
181686
181686
181686
181682
181679
181678
181681
181684
181683
181682
181681
181682
181684
181682
181679
181679
181679
181680
181680
181680
181681
181683
181686
181688
181689
181690
181691
181692
181692
181692
181693
181695
181696
181695
181694
181694
181695
181696
181695
181693
181695
181696
181697
181696
181695
181697
181699
181701
181702
181703
181705
181708
181711
181712
181710
181710
181712
181713
181711
181709
181711
181713
181715
181714
181713
181715
181718
181719
181717
181716
181716
181718
181718
181717
181715
181714
181715
181715
181712
181709
181708
181709
181710
181708
181705
181705
181708
181710
181710
181710
181711
181714
181716
181717
181716
181718
181721
181724
181724
181723
181725
181727
181727
181727
181726
181726
181727
181729
181728
181727
181729
181731
181733
181733
181732
181732
181733
181735
181736
181736
181738
181739
181738
181736
181734
181734
181734
181733
181730
181727
181727
181728
181727
181724
181721
181720
181720
181720
181718
181718
181720
181722
181724
181724
181723
181723
181725
181726
181724
181722
181721
181721
181720
181717
181714
181713
181713
181713
181711
181708
181707
181706
181703
181699
181696
181697
181696
181695
181692
181689
181688
181687
181686
181683
181678
181677
181676
181674
181671
181667
181666
181665
181663
181660
181659
181658
181659
181658
181656
181654
181654
181655
181656
181655
181655
181657
181659
181660
181658
181657
181657
181656
181653
181649
181646
181644
181645
181645
181642
181642
181643
181645
181647
181646
181645
181647
181648
181647
181644
181642
181643
181645
181645
181644
181642
181641
181640
181641
181641
181642
181643
181645
181645
181642
181640
181642
181643
181644
181644
181644
181646
181647
181647
181646
181643
181642
181642
181643
181641
181641
181642
181645
181647
181648
181650
181654
181657
181658
181657
181655
181653
181653
181651
181648
181645
181644
181644
181642
181638
181635
181635
181636
181636
181636
181636
181640
181644
181647
181648
181651
181657
181664
181670
181673
181678
181685
181692
181697
181700
181704
181708
181713
181716
181718
181718
181719
181722
181723
181722
181720
181720
181722
181723
181723
181724
181727
181732
181735
181738
181741
181747
181753
181758
181762
181765
181772
181780
181785
181788
181794
181801
181809
181816
181821
181824
181828
181831
181833
181834
181833
181835
181837
181838
181838
181837
181838
181839
181839
181835
181832
181832
181832
181831
181829
181829
181831
181834
181834
181831
181829
181828
181828
181826
181824
181824
181824
181824
181823
181820
181820
181819
181818
181814
181807
181800
181795
181793
181789
181784
181782
181781
181779
181775
181769
181763
181757
181754
181750
181744
181741
181740
181738
181735
181733
181733
181735
181735
181734
181731
181727
181727
181726
181722
181716
181710
181705
181701
181696
181689
181682
181677
181675
181670
181666
181666
181666
181667
181663
181659
181658
181658
181658
181657
181656
181655
181657
181659
181659
181659
181658
181660
181664
181665
181666
181667
181669
181670
181669
181665
181661
181658
181656
181653
181649
181646
181645
181646
181645
181643
181642
181645
181648
181647
181644
181640
181639
181638
181634
181629
181625
181625
181625
181623
181622
181622
181625
181631
181633
181635
181637
181640
181642
181643
181642
181642
181645
181648
181649
181649
181648
181650
181652
181652
181652
181653
181654
181655
181656
181656
181654
181654
181653
181651
181648
181646
181646
181646
181645
181644
181644
181647
181652
181656
181659
181661
181666
181671
181672
181671
181669
181667
181664
181661
181658
181658
181658
181659
181659
181659
181661
181665
181669
181672
181674
181677
181683
181689
181692
181692
181692
181693
181693
181690
181686
181683
181681
181679
181676
181672
181670
181670
181671
181671
181671
181672
181674
181677
181677
181675
181672
181672
181673
181672
181669
181665
181664
181664
181661
181658
181658
181660
181662
181664
181666
181672
181680
181689
181696
181701
181706
181712
181716
181718
181717
181716
181717
181716
181712
181707
181702
181700
181699
181697
181694
181694
181698
181701
181701
181701
181700
181702
181704
181704
181703
181705
181706
181707
181707
181705
181704
181706
181708
181708
181706
181708
181712
181716
181717
181716
181717
181718
181720
181719
181716
181713
181710
181708
181704
181699
181697
181697
181698
181699
181698
181700
181703
181707
181710
181711
181713
181717
181722
181724
181724
181726
181731
181733
181732
181728
181726
181723
181721
181718
181715
181712
181712
181711
181709
181706
181704
181704
181704
181703
181701
181702
181702
181702
181699
181695
181693
181693
181694
181693
181693
181697
181701
181704
181706
181707
181708
181711
181714
181714
181712
181713
181716
181718
181717
181714
181712
181711
181709
181706
181701
181699
181698
181697
181693
181688
181684
181682
181682
181680
181680
181681
181685
181689
181691
181692
181693
181697
181700
181700
181698
181698
181697
181696
181693
181690
181689
181691
181692
181691
181690
181690
181692
181695
181695
181692
181692
181694
181695
181694
181692
181692
181694
181694
181692
181688
181684
181682
181679
181674
181669
181665
181665
181665
181663
181660
181660
181660
181662
181660
181657
181657
181659
181660
181659
181659
181660
181662
181663
181662
181662
181662
181664
181666
181664
181661
181660
181661
181662
181662
181660
181661
181662
181664
181666
181666
181667
181670
181673
181674
181673
181674
181677
181678
181678
181676
181674
181673
181672
181670
181667
181663
181661
181661
181659
181656
181657
181659
181662
181663
181664
181666
181671
181674
181674
181673
181675
181676
181676
181674
181672
181672
181672
181673
181672
181673
181675
181677
181680
181679
181680
181683
181686
181689
181690
181689
181689
181689
181688
181686
181682
181680
181679
181679
181677
181675
181674
181675
181676
181675
181674
181675
181677
181679
181679
181678
181679
181681
181682
181682
181682
181683
181685
181687
181687
181686
181686
181687
181687
181686
181684
181686
181688
181688
181688
181687
181687
181688
181689
181688
181686
181687
181689
181689
181687
181684
181683
181683
181684
181681
181677
181677
181678
181677
181675
181673
181673
181674
181674
181671
181667
181668
181669
181670
181668
181666
181666
181667
181666
181664
181661
181660
181660
181659
181656
181654
181655
181657
181659
181659
181658
181659
181661
181662
181661
181660
181661
181662
181663
181662
181659
181657
181658
181658
181656
181652
181651
181653
181652
181650
181649
181650
181653
181655
181653
181650
181650
181653
181654
181654
181654
181656
181659
181659
181659
181659
181661
181663
181664
181663
181662
181665
181667
181669
181670
181669
181670
181671
181670
181668
181667
181668
181670
181671
181668
181665
181665
181667
181668
181668
181668
181670
181673
181674
181674
181673
181674
181674
181674
181674
181673
181673
181674
181675
181674
181674
181676
181679
181680
181680
181679
181680
181683
181685
181686
181687
181689
181690
181690
181689
181687
181687
181687
181686
181684
181682
181683
181683
181681
181678
181674
181674
181674
181672
181669
181666
181666
181668
181670
181670
181670
181672
181676
181677
181676
181675
181676
181677
181676
181673
181671
181672
181673
181674
181672
181670
181670
181672
181672
181670
181669
181670
181672
181672
181670
181669
181670
181672
181674
181674
181673
181674
181675
181674
181672
181672
181673
181675
181676
181675
181672
181673
181673
181674
181674
181675
181677
181678
181677
181675
181675
181676
181677
181676
181674
181673
181673
181673
181672
181669
181668
181669
181670
181670
181668
181666
181667
181667
181665
181661
181658
181659
181660
181661
181660
181659
181660
181661
181662
181659
181658
181658
181659
181657
181653
181649
181648
181647
181646
181644
181643
181645
181646
181646
181646
181646
181647
181649
181649
181647
181647
181648
181651
181651
181651
181652
181652
181653
181653
181651
181651
181653
181655
181655
181655
181654
181655
181656
181656
181655
181656
181657
181660
181661
181661
181660
181661
181664
181666
181666
181667
181669
181671
181672
181673
181673
181674
181676
181676
181676
181677
181680
181683
181684
181684
181682
181681
181683
181683
181681
181680
181681
181682
181680
181676
181673
181672
181674
181675
181673
181671
181672
181675
181675
181675
181676
181679
181681
181681
181679
181678
181679
181680
181679
181678
181677
181678
181679
181677
181675
181675
181678
181680
181681
181679
181677
181677
181678
181677
181674
181673
181674
181676
181676
181675
181676
181678
181681
181680
181679
181677
181676
181676
181675
181675
181674
181676
181679
181677
181674
181673
181675
181677
181676
181674
181672
181672
181673
181673
181672
181673
181675
181676
181676
181675
181673
181674
181676
181675
181673
181671
181670
181671
181670
181667
181666
181667
181668
181668
181665
181662
181663
181665
181665
181665
181664
181666
181669
181669
181668
181666
181665
181663
181660
181657
181657
181658
181660
181659
181658
181657
181659
181661
181663
181664
181663
181665
181667
181667
181667
181666
181666
181667
181665
181663
181661
181660
181661
181661
181660
181659
181662
181664
181664
181663
181663
181667
181668
181667
181664
181662
181664
181665
181664
181661
181658
181658
181658
181657
181655
181654
181656
181658
181658
181657
181657
181659
181660
181661
181658
181657
181659
181660
181661
181660
181659
181659
181657
181655
181653
181653
181655
181658
181658
181658
181659
181660
181663
181664
181664
181664
181666
181668
181668
181668
181668
181669
181669
181667
181664
181662
181662
181662
181660
181656
181654
181655
181656
181655
181655
181656
181658
181660
181663
181663
181664
181666
181669
181671
181671
181672
181676
181681
181682
181682
181681
181681
181681
181679
181676
181673
181674
181675
181673
181671
181672
181673
181673
181671
181669
181669
181673
181677
181680
181680
181679
181680
181681
181681
181680
181680
181683
181684
181684
181684
181684
181685
181686
181685
181683
181683
181684
181685
181684
181683
181682
181683
181683
181681
181678
181678
181680
181680
181678
181676
181675
181675
181674
181672
181670
181669
181669
181669
181666
181662
181661
181660
181658
181655
181651
181648
181646
181642
181638
181633
181629
181627
181625
181621
181617
181616
181617
181617
181618
181617
181618
181621
181623
181624
181623
181624
181628
181631
181631
181631
181630
181632
181633
181632
181631
181631
181631
181632
181632
181630
181630
181632
181634
181634
181634
181635
181639
181641
181641
181644
181650
181656
181661
181665
181668
181671
181674
181677
181677
181675
181675
181676
181677
181676
181673
181672
181671
181671
181669
181668
181669
181671
181671
181671
181671
181672
181674
181675
181675
181675
181676
181680
181685
181687
181688
181689
181691
181693
181692
181690
181690
181691
181692
181692
181691
181692
181694
181696
181701
181708
181711
181712
181712
181711
181710
181708
181709
181710
181708
181706
181707
181709
181710
181710
181709
181709
181709
181710
181708
181706
181705
181703
181702
181701
181699
181696
181696
181696
181694
181690
181688
181688
181690
181690
181689
181689
181690
181691
181689
181687
181688
181691
181691
181690
181688
181688
181688
181686
181683
181680
181678
181678
181678
181675
181672
181671
181672
181673
181672
181673
181675
181678
181679
181679
181677
181676
181677
181676
181674
181673
181673
181675
181676
181676
181675
181676
181678
181681
181682
181680
181679
181680
181679
181678
181678
181678
181678
181679
181678
181676
181677
181679
181680
181678
181676
181676
181677
181676
181673
181670
181668
181670
181670
181669
181669
181671
181672
181673
181670
181669
181669
181669
181668
181666
181665
181664
181663
181663
181661
181660
181660
181661
181660
181657
181655
181654
181655
181656
181655
181655
181655
181656
181657
181657
181657
181658
181660
181662
181661
181658
181658
181659
181660
181657
181654
181654
181655
181655
181654
181653
181652
181652
181652
181651
181649
181650
181652
181653
181653
181652
181654
181657
181657
181654
181652
181651
181650
181648
181645
181639
181637
181635
181633
181628
181625
181624
181624
181623
181621
181618
181617
181617
181616
181613
181609
181609
181611
181611
181608
181605
181604
181604
181606
181604
181604
181606
181610
181612
181612
181612
181612
181614
181617
181617
181615
181614
181614
181613
181612
181610
181610
181611
181611
181610
181609
181610
181614
181617
181617
181617
181618
181619
181619
181618
181618
181621
181624
181627
181628
181629
181630
181632
181632
181631
181629
181629
181629
181628
181627
181626
181625
181626
181626
181625
181624
181625
181628
181629
181629
181627
181627
181628
181628
181627
181626
181626
181627
181628
181627
181628
181631
181636
181640
181642
181643
181647
181650
181652
181651
181648
181647
181647
181645
181643
181641
181640
181640
181638
181636
181634
181633
181635
181636
181636
181635
181638
181641
181644
181646
181646
181648
181651
181652
181651
181649
181650
181651
181651
181648
181645
181645
181647
181649
181649
181648
181647
181646
181642
181639
181637
181638
181640
181639
181637
181636
181635
181637
181637
181637
181637
181640
181641
181641
181640
181638
181638
181639
181639
181637
181636
181637
181639
181639
181639
181639
181641
181641
181641
181640
181638
181636
181636
181634
181631
181630
181632
181635
181634
181629
181624
181624
181626
181627
181626
181625
181626
181629
181630
181629
181628
181628
181627
181624
181621
181617
181617
181617
181616
181612
181608
181609
181609
181608
181605
181602
181603
181606
181608
181609
181610
181614
181618
181621
181622
181622
181624
181627
181627
181627
181628
181628
181628
181627
181624
181621
181620
181619
181618
181617
181615
181616
181618
181618
181616
181615
181615
181617
181618
181618
181617
181617
181617
181616
181615
181615
181617
181620
181622
181622
181623
181626
181629
181630
181629
181629
181632
181635
181635
181634
181633
181633
181634
181634
181632
181632
181634
181635
181634
181632
181632
181633
181636
181636
181635
181635
181637
181640
181642
181642
181641
181644
181648
181649
181649
181649
181649
181651
181650
181648
181648
181651
181655
181656
181654
181654
181655
181656
181656
181655
181655
181657
181660
181660
181659
181659
181661
181664
181665
181665
181664
181667
181669
181671
181671
181671
181673
181675
181673
181669
181665
181663
181663
181658
181652
181648
181646
181644
181642
181639
181638
181638
181640
181639
181639
181638
181639
181641
181641
181640
181638
181638
181638
181637
181635
181634
181634
181635
181634
181632
181630
181630
181630
181629
181627
181624
181624
181622
181618
181614
181612
181612
181612
181611
181609
181607
181607
181607
181606
181604
181603
181604
181606
181605
181603
181601
181601
181600
181598
181596
181595
181596
181596
181593
181590
181587
181587
181589
181588
181587
181587
181590
181592
181592
181591
181592
181595
181600
181601
181600
181600
181602
181604
181604
181602
181601
181602
181602
181601
181597
181594
181591
181590
181587
181583
181580
181579
181578
181577
181575
181575
181578
181583
181586
181588
181593
181598
181604
181608
181612
181614
181617
181620
181620
181617
181613
181612
181610
181608
181604
181600
181598
181596
181594
181591
181591
181592
181592
181592
181591
181592
181597
181604
181609
181613
181618
181626
181633
181636
181638
181639
181643
181646
181646
181646
181648
181651
181654
181653
181653
181653
181654
181656
181656
181654
181653
181654
181654
181651
181646
181642
181641
181641
181638
181635
181632
181632
181633
181630
181628
181626
181628
181629
181629
181627
181625
181626
181628
181628
181627
181628
181630
181631
181631
181630
181630
181630
181632
181632
181631
181632
181634
181636
181634
181634
181635
181637
181639
181640
181639
181638
181639
181640
181640
181639
181638
181639
181640
181638
181637
181637
181640
181643
181643
181641
181639
181639
181639
181636
181634
181634
181634
181633
181632
181631
181632
181635
181639
181641
181641
181643
181648
181652
181654
181656
181659
181663
181666
181664
181664
181668
181674
181678
181678
181678
181680
181683
181685
181685
181684
181684
181686
181688
181688
181687
181688
181689
181689
181688
181685
181684
181684
181686
181686
181684
181683
181683
181683
181681
181679
181677
181677
181677
181674
181673
181674
181675
181676
181676
181674
181673
181673
181672
181670
181666
181665
181664
181665
181664
181660
181657
181657
181657
181655
181652
181650
181650
181651
181649
181647
181646
181646
181646
181645
181643
181643
181643
181644
181643
181641
181640
181642
181643
181641
181637
181635
181634
181632
181630
181626
181623
181620
181618
181613
181610
181609
181610
181611
181610
181611
181612
181614
181615
181613
181612
181613
181616
181619
181620
181621
181621
181621
181623
181621
181618
181615
181614
181613
181611
181608
181606
181607
181608
181607
181604
181601
181602
181604
181605
181606
181609
181614
181619
181620
181620
181622
181625
181627
181627
181626
181627
181628
181627
181625
181623
181623
181623
181622
181620
181619
181619
181620
181620
181617
181613
181611
181611
181612
181609
181605
181604
181604
181603
181602
181603
181605
181608
181612
181613
181614
181617
181621
181625
181628
181629
181632
181635
181638
181638
181637
181636
181638
181638
181636
181635
181635
181636
181636
181634
181633
181633
181635
181638
181639
181641
181644
181647
181650
181651
181650
181652
181654
181657
181658
181655
181652
181651
181648
181644
181640
181637
181637
181637
181635
181634
181634
181635
181636
181635
181634
181634
181637
181639
181639
181637
181638
181639
181640
181640
181638
181639
181641
181643
181642
181640
181640
181642
181643
181643
181643
181644
181645
181647
181646
181643
181642
181643
181642
181638
181634
181633
181634
181634
181631
181627
181625
181625
181625
181623
181622
181624
181628
181631
181633
181634
181635
181638
181639
181638
181638
181637
181638
181638
181638
181636
181637
181640
181641
181639
181638
181639
181641
181643
181642
181642
181643
181646
181647
181645
181642
181641
181641
181640
181637
181635
181635
181637
181637
181635
181635
181636
181638
181640
181639
