180881
180881
180882
180881
180880
180878
180877
180877
180878
180876
180872
180872
180874
180876
180877
180875
180875
180878
180882
180885
180885
180885
180887
180888
180887
180883
180880
180878
180878
180877
180875
180873
180872
180871
180869
180865
180861
180861
180861
180861
180861
180862
180868
180873
180875
180878
180882
180888
180893
180896
180896
180895
180897
180896
180894
180891
180889
180888
180888
180886
180886
180885
180885
180885
180882
180879
180877
180878
180878
180875
180872
180872
180873
180873
180873
180871
180870
180872
180875
180877
180878
180880
180883
180886
180887
180886
180886
180885
180885
180885
180884
180883
180883
180883
180880
180876
180874
180874
180875
180874
180871
180869
180868
180866
180861
180856
180853
180850
180848
180843
180840
180839
180839
180840
180841
180842
180844
180847
180850
180851
180851
180850
180849
180848
180844
180839
180834
180832
180830
180827
180825
180825
180826
180827
180827
180828
180831
180836
180840
180842
180844
180848
180852
180857
180858
180858
180857
180857
180856
180853
180849
180847
180847
180848
180848
180849
180852
180857
180863
180866
180868
180872
180877
180881
180882
180881
180880
180880
180882
180882
180882
180883
180886
180888
180887
180886
180888
180892
180895
180896
180896
180898
180901
180901
180896
180892
180891
180889
180888
180885
180879
180875
180873
180868
180862
180856
180852
180849
180846
180840
180834
180830
180827
180825
180820
180817
180817
180819
180823
180825
180826
180827
180829
180831
180830
180829
180831
180832
180832
180830
180827
180825
180825
180826
180824
180823
180825
180827
180829
180831
180832
180836
180840
180843
180845
180847
180848
180852
180855
180854
180853
180853
180853
180853
180850
180845
180844
180846
180847
180846
180846
180848
180850
180852
180853
180855
180860
180864
180866
180865
180864
180863
180863
180862
180858
180854
180853
180854
180855
180851
180849
180849
180853
180857
180858
180859
180863
180866
180869
180870
180871
180874
180879
180883
180884
180884
180886
180889
180892
180892
180890
180892
180894
180895
180894
180894
180896
180899
180901
180902
180904
180907
180910
180912
180914
180915
180916
180916
180915
180914
180912
180909
180908
180906
180903
180900
180899
180901
180902
180901
180900
180902
180904
180906
180906
180905
180907
180909
180910
180909
180906
180905
180905
180904
180901
180898
180898
180900
180901
180899
180897
180898
180898
180900
180899
180898
180897
180898
180899
180898
180897
180897
180899
180899
180897
180894
180893
180893
180894
180892
180890
180890
180891
180893
180894
180894
180895
180895
180895
180892
180889
180888
180886
180884
180883
180881
180882
180884
180885
180884
180885
180889
180892
180893
180893
180894
180897
180900
180900
180901
180900
180901
180902
180902
180903
180902
180903
180905
180905
180903
180902
180904
180906
180906
180902
180899
180896
180893
180891
180887
180884
180882
180880
180877
180876
180873
180873
180875
180875
180874
180873
180873
180874
180873
180871
180870
180871
180873
180874
180872
180871
180872
180872
180872
180870
180869
180870
180871
180870
180869
180866
180866
180867
180866
180863
180862
180861
180861
180859
180856
180853
180854
180856
180856
180856
180855
180854
180855
180857
180857
180858
180860
180862
180864
180861
180860
180863
180868
180868
180869
180869
180872
180875
180874
180874
180873
180874
180876
180877
180874
180871
180870
180870
180871
180871
180869
180870
180871
180870
180867
180865
180866
180868
180867
180866
180864
180865
180868
180868
180866
180865
180867
180869
180869
180866
180865
180867
180868
180869
180869
180869
180871
180873
180871
180868
180866
180866
180868
180868
180868
180868
180869
180871
180871
180872
180873
180875
180879
180882
180882
180882
180884
180887
180887
180886
180886
180887
180888
180888
180887
180888
180889
180889
180888
180884
180882
180880
180880
180878
180875
180872
180870
180869
180867
180864
180862
180862
180864
180864
180860
180858
180861
180863
180863
180861
180862
180866
180869
180871
180871
180871
180874
180877
180879
180881
180882
180884
180887
180887
180887
180887
180888
180890
180890
180889
180890
180893
180896
180897
180899
180901
180904
180904
180903
180903
180904
180908
180912
180913
180912
180912
180912
180914
180915
180915
180914
180915
180917
180916
180913
180911
180913
180915
180915
180913
180912
180914
180916
180915
180912
180912
180913
180915
180913
180911
180909
180911
180912
180910
180907
180905
180904
180903
180900
180897
180897
180898
180899
180899
180900
180902
180903
180904
180903
180901
180899
180899
180901
180901
180899
180895
180895
180895
180893
180888
180885
180884
180884
180882
180878
180876
180876
180877
180875
180875
180877
180880
180882
180882
180881
180882
180883
180886
180888
180890
180893
180896
180901
180903
180903
180904
180905
180907
180908
180906
180905
180906
180907
180905
180903
180901
180902
180903
180902
180902
180902
180904
180907
180909
180908
180906
180907
180908
180909
180908
180909
180912
180913
180910
180906
180906
180908
180910
180909
180906
180905
180904
180903
180902
180900
180900
180901
180903
180902
180901
180899
180899
180902
180903
180904
180904
180904
180905
180903
180899
180899
180901
180904
180904
180904
180902
180903
180904
180903
180902
180901
180900
180899
180896
180893
180892
180894
180896
180895
180894
180893
180894
180896
180895
180894
180892
180892
180891
180888
180887
180888
180888
180891
180891
180889
180888
180888
180891
180889
180887
180885
180886
180884
180880
180878
180878
180879
180880
180878
180876
180876
180878
180878
180876
180875
180875
180876
180877
180877
180876
180875
180877
180880
180878
180876
180875
180876
180878
180876
180876
180879
180882
180885
180885
180884
180883
180886
180890
180889
180887
180886
180887
180888
180887
180885
180885
180885
180887
180887
180885
180884
180884
180884
180883
180881
180878
180878
180879
180879
180878
180880
180883
180884
180885
180885
180884
180884
180887
180886
180885
180884
180885
180886
180886
180886
180888
180893
180896
180897
180896
180896
180898
180901
180901
180900
180899
180900
180902
180900
180897
180895
180894
180893
180892
180890
180892
180895
180898
180899
180897
180897
180899
180900
180900
180898
180897
180899
180901
180900
180899
180900
180902
180904
180903
180902
180902
180903
180904
180903
180901
180902
180904
180906
180904
180901
180901
180903
180905
180905
180903
180903
180904
180904
180900
180896
180895
180896
180897
180895
180892
180892
180895
180897
180895
180893
180894
180896
180897
180897
180897
180896
180897
180896
180894
180891
180891
180895
180896
180895
180893
180891
180892
180893
180892
180890
180889
180889
180888
180887
180886
180886
180887
180887
180884
180881
180882
180885
180886
180885
180886
180889
180890
180891
180892
180892
180892
180895
180899
180900
180899
180900
180902
180904
180904
180902
180902
180902
180904
180906
180906
180906
180907
180907
180904
180901
180900
180900
180900
180897
180892
180887
180884
180882
180880
180879
180878
180880
180882
180882
180880
180881
180885
180889
180888
180886
180884
180883
180881
180878
180875
180873
180872
180872
180872
180871
180872
180876
180878
180880
180880
180882
180884
180885
180886
180885
180887
180888
180889
180890
180891
180892
180893
180894
180892
180888
180889
180891
180892
180890
180889
180889
180890
180891
180890
180890
180889
180890
180892
180893
180892
180893
180896
180899
180900
180901
180903
180904
180904
180903
180904
180907
180909
180909
180909
180908
180909
180912
180916
180915
180914
180914
180916
180917
180917
180915
180917
180920
180921
180920
180916
180914
180913
180912
180911
180907
180906
180907
180908
180907
180907
180910
180913
180914
180914
180913
180912
180912
180912
180910
180908
180908
180911
180912
180910
180909
180909
180910
180912
180911
180908
180908
180909
180909
180907
180906
180907
180908
180909
180907
180907
180907
180907
180907
180906
180904
180904
180906
180907
180905
180903
180904
180905
180904
180902
180899
180896
180896
180896
180894
180894
180894
180895
180896
180895
180894
180894
180896
180899
180899
180900
180902
180905
180904
180902
180901
180900
180899
180897
180895
180893
180892
180892
180889
180885
180881
180880
180881
180879
180877
180876
180877
180880
180883
180881
180880
180883
180886
180889
180891
180893
180896
180900
180901
180897
180892
180889
180887
180884
180881
180877
180875
180875
180873
180871
180870
180870
180871
180871
180869
180869
180871
180874
180875
180874
180872
180873
180875
180874
180871
180868
180865
180865
180864
180863
180863
180863
180865
180868
180867
180867
180870
180872
180873
180872
180870
180870
180870
180869
180866
180864
180864
180863
180861
180857
180853
180853
180852
180850
180847
180845
180845
180846
180846
180841
180837
180837
180837
180838
180836
180833
180833
180834
180835
180833
180831
180831
180834
180837
180836
180836
180839
180842
180843
180841
180838
180838
180838
180836
180835
180833
180835
180836
180834
180832
180833
180837
180840
180841
180838
180836
180838
180839
180837
180834
180834
180835
180838
180840
180842
180844
180842
180842
180842
180842
180842
180845
180848
180852
180851
180849
180849
180852
180853
180851
180849
180850
180851
180851
180850
180849
180851
180855
180858
180860
180862
180866
180872
180874
180873
180871
180871
180874
180876
180876
180875
180877
180878
180878
180876
180877
180880
180883
180884
180882
180882
180886
180887
180886
180886
180885
180885
180885
180885
180883
180884
180887
180889
180890
180889
180888
180889
180892
180892
180890
180890
180891
180893
180892
180890
180889
180892
180894
180895
180894
180893
180894
180893
180891
180889
180888
180889
180889
180886
180884
180881
180881
180882
180881
180879
180879
180881
180882
180884
180882
180881
180882
180883
180883
180881
180879
180880
180880
180877
180875
180873
180874
180875
180875
180873
180871
180870
180871
180870
180870
180871
180874
180876
180876
180875
180875
180877
180878
180878
180876
180875
180878
180879
180876
180873
180871
180871
180873
180874
180873
180872
180873
180873
180874
180873
180871
180872
180873
180872
180869
180866
180864
180866
180866
180866
180867
180870
180874
180875
180877
180880
180886
180891
180895
180897
180899
180902
180905
180906
180906
180907
180909
180910
180909
180906
180905
180905
180905
180904
180903
180905
180909
180912
180914
180914
180913
180914
180916
180916
180914
180912
180915
180917
180916
180914
180913
180913
180912
180909
180906
180907
180909
180912
180913
180913
180912
180913
180915
180916
180916
180916
180919
180922
180922
180922
180922
180925
180929
180930
180927
180925
180926
180927
180925
180922
180919
180919
180918
180914
180911
180909
180910
180913
180913
180914
180916
180919
180922
180923
180924
180925
180929
180931
180930
180928
180928
180928
180928
180927
180925
180924
180925
180927
180927
180927
180927
180928
180930
180928
180927
180927
180928
180929
180927
180921
180917
180916
180914
180910
180906
180904
180904
180903
180900
180899
180898
180900
180900
180899
180895
180892
180890
180889
180886
180883
180881
180880
180878
180876
180874
180872
180872
180871
180870
180868
180866
180864
180863
180860
180857
180856
180856
180858
180858
180857
180857
180857
180858
180860
180859
180858
180860
180862
180862
180862
180863
180866
180868
180868
180865
180863
180865
180867
180866
180862
180860
180860
180862
180860
180858
180857
180857
180859
180858
180857
180857
180858
180856
180854
180852
180852
180853
180856
180857
180857
180857
180858
180860
180860
180859
180859
180860
180861
180859
180857
180855
180855
180855
180854
180852
180852
180850
180850
180848
180846
180846
180849
180851
180851
180849
180848
180851
180854
180853
180850
180852
180855
180858
180860
180862
180863
180866
180866
180865
180863
180863
180865
180868
180868
180868
180869
180868
180867
180866
180864
180861
180859
180858
180855
180852
180851
180853
180854
180856
180858
180863
180867
180871
180871
180870
180871
180873
180876
180876
180875
180874
180875
180875
180873
180872
180873
180873
180872
180870
180867
180866
180866
180867
180865
180864
180865
180867
180871
180873
180874
180876
180879
180882
180882
180879
180877
180875
180873
180867
180861
180859
180857
180855
180852
180848
180845
180843
180839
180833
180829
180827
180826
180823
180821
180819
180819
180820
180822
180823
180822
180822
180824
180826
180826
180825
180825
180827
180827
180826
180824
180823
180825
180827
180825
180823
180824
180826
180826
180826
180826
180827
180830
180831
180831
180833
180835
180837
180840
180841
180842
180843
180845
180846
180845
180842
180842
180843
180842
180839
180836
180837
180839
180839
180837
180835
180834
180836
180837
180834
180832
180832
180836
180838
180838
180839
180839
180840
180841
180840
180841
180842
180844
180845
180843
180842
180841
180842
180844
180845
180847
180850
180853
180855
180854
180852
180854
180857
180861
180861
180862
180866
180869
180869
180868
180868
180867
180868
180868
180865
180864
180863
180864
180866
180864
180864
180866
180869
180870
180869
180868
180869
180870
180870
180871
180871
180871
180873
180874
180873
180872
180874
180877
180878
180875
180872
180872
180873
180873
180872
180870
180869
180870
180870
180868
180866
180867
180870
180871
180869
180870
180871
180872
180873
180873
180871
180871
180872
180871
180870
180869
180870
180873
180874
180873
180872
180871
180871
180872
180873
180871
180872
180874
180873
180871
180870
180870
180872
180873
180871
180871
180870
180869
180866
180863
180861
180861
180862
180862
180860
180857
180857
180859
180860
180860
180860
180862
180865
180867
180867
180867
180868
180872
180875
180874
180875
180876
180877
180880
180878
180877
180878
180877
180874
180870
180865
180863
180863
180862
180862
180861
180865
180869
180872
180873
180874
180877
180880
180883
180883
180883
180883
180885
180885
180883
180880
180878
180878
180875
180869
180866
180868
180869
180869
180867
180869
180871
180874
180878
180882
180884
180886
180889
180889
180888
180887
180888
180891
180891
180888
180887
180888
180890
180889
180888
180886
180888
180892
180893
180891
180890
180892
180892
180892
180893
180893
180895
180898
180899
180898
180897
180900
180903
180905
180905
180905
180905
180906
180905
180901
180899
180899
180900
180901
180901
180901
180901
180902
180901
180900
180897
180897
180899
180898
180896
180895
180895
180897
180899
180899
180898
180899
180901
180901
180899
180899
180900
180901
180901
180899
180897
180898
180896
180892
180890
180888
180887
180887
180887
180886
180885
180883
180882
180880
180878
180877
180878
180880
180882
180881
180880
180882
180883
180883
180881
180879
180878
180879
180877
180875
180872
180872
180871
180869
180865
180864
180865
180866
180867
180865
180867
180870
180874
180877
180878
180878
180881
180885
180887
180887
180887
180887
180889
180888
180884
180880
180879
180879
180877
180875
180873
180872
180872
180870
180868
180868
180870
180873
180874
180874
180874
180875
180878
180878
180877
180876
180877
180879
180878
180875
180871
180871
180871
180872
180872
180872
180873
180875
180875
180873
180872
180875
180879
180881
180881
180880
180879
180880
180880
180878
180876
180876
180877
180876
180874
180873
180875
180878
180879
180878
180878
180878
180881
180881
180877
180876
180878
180879
180879
180878
180877
180877
180876
180874
180871
180872
180875
180876
180876
180876
180875
180876
180874
180872
180871
180872
180873
180874
180873
180871
180869
180868
180870
180870
180869
180869
180871
180873
180874
180871
180869
180871
180872
180871
180867
180864
180865
180865
180864
180861
180861
180862
180862
180860
180858
180856
180855
180855
180853
180851
180851
180854
180857
180857
180859
180860
180863
180867
180870
180871
180873
180875
180877
180877
180874
180875
180876
180876
180875
180874
180873
180874
180873
180871
180868
180866
180865
180864
180861
180859
180857
180858
180863
180865
180865
180867
180871
180874
180873
180872
180872
180875
180877
180876
180875
180874
180875
180876
180873
180870
180870
180871
180872
180871
180868
180866
180866
180865
180865
180863
180862
180864
180868
180867
180866
180866
180866
180867
180865
180861
180858
180857
180854
180850
180848
180845
180846
180847
180845
180842
180840
180840
180839
180839
180838
180838
180840
180841
180841
180841
180841
180843
180846
180843
180840
180839
180840
180840
180838
180836
180834
180833
180832
180832
180829
180829
180833
180837
180839
180839
180840
180843
180846
180848
180848
180849
180852
180855
180855
180853
180855
180858
180860
180859
180858
180858
180861
180863
180862
180860
180861
180863
180865
180864
180863
180865
180867
180870
180872
180873
180876
180880
180885
180887
180887
180889
180892
180896
180896
180894
180894
180895
180894
180891
180889
180889
180892
180892
180891
180890
180890
180891
180894
180895
180896
180897
180900
180902
180903
180902
180903
180907
180908
180908
180908
180908
180908
180908
180907
180906
180906
180906
180906
180905
180902
180903
180903
180904
180903
180901
180900
180901
180902
180901
180900
180902
180905
180909
180912
180911
180912
180914
180917
180916
180916
180917
180920
180920
180917
180915
180915
180915
180917
180917
180915
180913
180914
180914
180913
180910
180910
180911
180913
180912
180912
180913
180914
180915
180911
180908
180905
180904
180904
180902
180898
180895
180893
180892
180890
180889
180891
180892
180896
180897
180896
180895
180896
180897
180896
180891
180889
180889
180890
180887
180883
180882
180885
180886
180885
180883
180883
180886
180886
180884
180882
180882
180882
180881
180879
180877
180879
180882
180885
180884
180882
180883
180884
180886
180885
180882
180883
180884
180882
180880
180878
180879
180880
180878
180877
180875
180874
180874
180874
180873
180871
180870
180871
180871
180871
180868
180869
180871
180872
180871
180871
180873
180876
180877
180876
180872
180871
180871
180871
180868
180864
180862
180861
180857
180853
180850
180849
180850
180852
180852
180850
180850
180850
180848
180847
180846
180847
180849
180848
180849
180849
180850
180850
180850
180849
180847
180847
180848
180850
180848
180846
180846
180849
180850
180848
180847
180849
180849
180847
180845
180844
180846
180847
180846
180845
180843
180844
180845
180842
180837
180834
180833
180833
180833
180834
180835
180838
180840
180843
180842
180840
180838
180838
180838
180836
180834
180834
180835
180836
180834
180833
180835
180838
180838
180835
180833
180833
180834
180834
180832
180830
180830
180832
180834
180834
180834
180837
180840
180842
180838
180835
180835
180836
180836
180834
180831
180831
180835
180837
180836
180835
180836
180839
180841
180842
180841
180842
180846
180849
180849
180849
180850
180854
180857
180858
180857
180860
180862
180864
180862
180859
180860
180862
180863
180861
180859
180859
180859
180857
180854
180856
180859
180862
180864
180864
180866
180869
180873
180874
180872
180872
180877
180880
180880
180879
180877
180878
180880
180879
180878
180876
180878
180880
180880
180878
180876
180877
180878
180877
180875
180874
180876
180879
180881
180881
180880
180881
180882
180883
180882
180880
180878
180877
180875
180873
180872
180871
180874
180875
180875
180874
180875
180874
180873
180870
180866
180866
180868
180868
180867
180866
180866
180866
180865
180862
180858
180857
180856
180856
180854
180852
180852
180852
180851
180847
180845
180845
180844
180842
180840
180838
180837
180837
180836
180833
180829
180829
180829
180829
180829
180828
180830
180834
180835
180835
180837
180841
180845
180846
180847
180847
180849
180850
180848
180845
180843
180841
180840
180836
180831
180828
180827
180827
180828
180828
180828
180829
180831
180829
180827
180825
180829
180835
180840
180842
180844
180847
180850
180852
180851
180847
180845
180846
180846
180844
180842
180842
180844
180845
180845
180846
180849
180853
180855
180854
180852
180850
180849
180847
180843
180839
180839
180839
180839
180837
180836
180837
180840
180840
180838
180837
180838
180840
180841
180840
180840
180842
180845
180846
180845
180845
180847
180849
180848
180845
180844
180844
180845
180845
180842
180839
180838
180837
180837
180833
180833
180834
180838
180840
180840
180839
180840
180842
180840
180836
180832
180831
180832
180833
180833
180835
180839
180842
180843
180843
180843
180845
180848
180850
180851
180853
180856
180857
180859
180859
180859
180860
180862
180864
180863
180863
180865
180868
180867
180866
180866
180869
180873
180876
180875
180874
180877
180881
180882
180880
180878
180878
180880
180881
180879
180878
180878
180877
180878
180877
180877
180879
180881
180881
180880
180878
180878
180880
180881
180880
180879
180882
180882
180881
180880
180880
180882
180884
180886
180885
180884
180884
180886
180886
180884
180880
180879
180879
180879
180875
180872
180873
180875
180876
180875
180874
180875
180877
180876
180874
180875
180879
180880
180879
180877
180877
180880
180881
180880
180878
180876
180878
180879
180878
180875
180873
180872
180871
180870
180868
180868
180871
180873
180873
180873
180871
180870
180871
180871
180869
180868
180868
180868
180866
180863
180862
180862
180864
180863
180861
180860
180860
180860
180860
180860
180859
180859
180859
180858
180857
180856
180857
180859
180859
180857
180857
180858
180858
180856
180854
180853
180853
180854
180854
180854
180854
180856
180858
180857
180854
180853
180854
180854
180852
180851
180852
180852
180852
180852
180851
180851
180852
180852
180852
180851
180851
180852
180855
180857
180858
180858
180859
180861
180863
180861
180861
180864
180865
180863
180861
180861
180862
180863
180861
180858
180859
180861
180863
180864
180863
180863
180863
180864
180863
180861
180862
180863
180862
180861
180860
180859
180857
180857
180854
180852
180850
180849
180848
180848
180846
180847
180850
180851
180851
180851
180852
180853
180855
180855
180855
180857
180860
180863
180864
180863
180864
180866
180867
180866
180866
180868
180872
180875
180876
180876
180874
180874
180874
180873
180869
180846
180820
180811
180808
180810
180815
180823
180832
180839
180844
180850
180855
180860
180863
180866
180868
180871
180873
180873
180871
180869
180870
180869
180867
180865
180864
180864
180864
180862
180860
180860
180860
180861
180859
180856
180854
180855
180855
180854
180851
180848
180848
180849
180846
180842
180840
180841
180842
180840
180839
180839
180841
180843
180842
180841
180841
180843
180844
180843
180841
180840
180841
180840
180838
180836
180836
180837
180839
180841
180840
180840
180843
180846
180848
180847
180848
180847
180829
180807
180801
180805
180818
180833
180844
180849
180855
180860
180864
180863
180863
180863
180863
180865
180863
180860
180862
180866
180868
180867
180865
180864
180865
180866
180866
180865
180865
180866
180868
180867
180867
180867
180869
180871
180872
180873
180874
180876
180878
180878
180876
180876
180880
180883
180884
180882
180882
180883
180884
180882
180881
180882
180884
180886
180884
180882
180883
180884
180885
180886
180884
180885
180889
180892
180892
180889
180887
180886
180885
180882
180878
180877
180876
180874
180872
180868
180867
180868
180868
180867
180865
180864
180867
180870
180868
180867
180868
180871
180874
180874
180872
180872
180865
180834
180810
180802
180802
180807
180817
180830
180840
180848
180856
180861
180862
180864
180867
180871
180874
180875
180874
180876
180880
180884
180884
180883
180883
180885
180887
180886
180884
180886
180887
180887
180887
180885
180886
180885
180884
180883
180880
180878
180880
180882
180881
180880
180880
180882
180883
180882
180882
180884
180886
180887
180885
180882
180884
180883
180883
180880
180877
180876
180878
180878
180877
180876
180875
180877
180881
180882
180884
180886
180889
180892
180891
180889
180889
180890
180889
180887
180885
180885
180887
180887
180887
180886
180887
180890
180891
180891
180892
180894
180897
180899
180898
180895
180873
180844
180834
180832
180836
180847
180858
180868
180875
180879
180883
180887
180890
180889
180888
180890
180891
180891
180890
180889
180890
180890
180889
180886
180884
180885
180884
180882
180877
180874
180873
180873
180873
180872
180872
180870
180870
180871
180871
180871
180872
180874
180875
180874
180873
180875
180878
180879
180878
180876
180877
180877
180876
180873
180869
180868
180866
180864
180860
180858
180857
180859
180861
180862
180860
180860
180864
180867
180865
180863
180863
180865
180866
180865
180864
180865
180866
180868
180867
180866
180866
180866
180865
180864
180862
180864
180865
180865
180864
180862
180861
180847
180814
180796
180789
180788
180791
180795
180798
180801
180808
180817
180823
180825
180826
180831
180835
180836
180837
180838
180843
180851
180858
180862
180867
180873
180880
180885
180888
180891
180895
180899
180901
180902
180901
180903
180904
180904
180901
180897
180897
180896
180895
180893
180890
180889
180888
180887
180886
180884
180884
180883
180882
180879
180877
180878
180880
180880
180878
180877
180878
180878
180877
180875
180872
180873
180872
180870
180867
180864
180863
180862
180861
180858
180855
180853
180852
180850
180847
180844
180844
180844
180844
180844
180843
180846
180851
180856
180859
180861
180862
180863
180863
180862
180859
180857
180855
180834
180801
180786
180783
180784
180789
180794
180801
180810
180821
180828
180833
180836
180842
180848
180851
180853
180854
180857
180861
180862
180862
180863
180866
180867
180867
180867
180867
180868
180870
180872
180872
180871
180875
180880
180884
180883
180880
180880
180882
180880
180875
180872
180871
180872
180873
180874
180872
180873
180875
180877
180878
180881
180885
180889
180891
180893
180893
180894
180894
180891
180887
180884
180883
180882
180880
180877
180875
180879
180885
180890
180892
180893
180896
180892
180866
180846
180839
180842
180849
180856
180861
180865
180868
180868
180868
180867
180868
180871
180876
180881
180885
180888
180893
180898
180900
180902
180902
180904
180906
180907
180906
180904
180906
180909
180910
180907
180905
180907
180909
180908
180904
180902
180902
180902
180900
180898
180896
180895
180896
180893
180890
180888
180888
180891
180892
180893
180894
180896
180899
180901
180902
180904
180909
180916
180921
180923
180924
180925
180924
180922
180917
180912
180907
180901
180877
180852
180843
180850
180862
180869
180873
180877
180884
180892
180897
180901
180906
180913
180919
180923
180925
180929
180935
180939
180940
180943
180945
180948
180949
180947
180944
180940
180937
180935
180931
180925
180918
180914
180910
180906
180900
180897
180896
180897
180898
180897
180898
180903
180905
180904
180902
180900
180902
180905
180907
180906
180906
180907
180907
180901
180881
180868
180868
180877
180888
180896
180899
180903
180905
180903
180900
180896
180895
180894
180890
180887
180885
180886
180889
180890
180888
180889
180890
180891
180891
180892
180893
180894
180894
180893
180887
180882
180879
180877
180873
180868
180866
180867
180867
180865
180862
180861
180864
180866
180866
180866
180866
180867
180866
180860
180854
180849
180845
180842
180837
180830
180825
180823
180823
180821
180810
180793
180787
180793
180808
180824
180834
180842
180849
180853
180855
180856
180856
180856
180853
180847
180843
180840
180839
180837
180835
180834
180835
180838
180839
180839
180840
180845
180849
180852
180854
180858
180864
180868
180868
180867
180867
180867
180866
180862
180858
180855
180853
180852
180851
180849
180847
180848
180849
180837
180814
180805
180811
180829
180844
180852
180855
180858
180861
180859
180856
180856
180856
180854
180850
180845
180841
180840
180840
180838
180834
180834
180836
180838
180838
180839
180842
180846
180849
180850
180850
180852
180855
180860
180860
180859
180861
180862
180863
180863
180861
180859
180859
180861
180860
180857
180853
180851
180851
180849
180848
180847
180836
180819
180813
180818
180832
180843
180850
180852
180847
180844
180842
180840
180836
180831
180828
180829
180831
180833
180834
180837
180842
180845
180848
180850
180853
180858
180863
180864
180866
180867
180869
180872
180872
180870
180869
180868
180867
180863
180857
180854
180852
180850
180846
180841
180838
180838
180838
180837
180836
180837
180840
180843
180843
180843
180843
180841
180839
180836
180832
180830
180833
180837
180838
180835
180834
180836
180837
180832
180815
180806
180811
180825
180833
180837
180840
180844
180846
180846
180844
180844
180845
180844
180842
180840
180840
180842
180843
180842
180840
180841
180842
180843
180842
180842
180843
180845
180848
180850
180849
180850
180852
180853
180852
180852
180853
180856
180859
180858
180857
180858
180858
180857
180857
180856
180857
180859
180861
180861
180860
180859
180860
180862
180862
180861
180861
180863
180865
180863
180859
180857
180858
180858
180855
180851
180849
180847
180844
180833
180816
180813
180821
180830
180834
180837
180840
180843
180844
180845
180845
180846
180849
180852
180852
180851
180852
180855
180855
180854
180854
180855
180856
180856
180855
180854
180855
180854
180853
180850
180846
180843
180842
180842
180840
180837
180835
180834
180833
180829
180824
180822
180821
180817
180806
180792
180788
180793
180799
180799
180799
180799
180802
180804
180803
180801
180801
180803
180806
180806
180806
180807
180807
180806
180801
180793
180788
180784
180778
180773
180768
180765
180765
180764
180763
180760
180758
180757
180757
180757
180757
180759
180760
180760
180759
180757
180758
180758
180759
180759
180757
180758
180760
180760
180759
180760
180762
180765
180769
180768
180767
180767
180771
180772
180772
180772
180773
180775
180773
180771
180769
180772
180775
180775
180775
180778
180779
180782
180784
180785
180785
180786
180788
180790
180793
180794
180796
180798
180800
180799
180797
180797
180800
180801
180799
180798
180799
180801
180803
180804
180805
180808
180811
180813
180813
180812
180813
180815
180816
180815
180812
180813
180814
180812
180810
180806
180804
180802
180801
180799
180798
180800
180804
180807
180808
180809
180811
180814
180815
180814
180813
180812
180812
180812
180811
180809
180809
180809
180809
180805
180802
180801
180802
180803
180802
180801
180802
180805
180807
180806
180807
180809
180810
180811
180811
180810
180813
180814
180814
180812
180810
180811
180811
180811
180811
180810
180811
180813
180816
180816
180817
180822
180826
180827
180828
180827
180828
180829
180829
180827
180824
180822
180820
180819
180814
180810
180809
180810
180810
180807
180803
180804
180807
180809
180812
180814
180820
180825
180828
180828
180830
180834
180836
180838
180837
180836
180835
180834
180832
180829
180826
180825
180825
180824
180823
180822
180822
180825
180827
180827
180829
180833
180837
180840
180840
180840
180842
180844
180844
180844
180843
180844
180845
180845
180845
180844
180845
180845
180844
180840
180838
180838
180841
180844
180845
180845
180849
180853
180855
180857
180857
180859
180861
180862
180859
180856
180855
180856
180855
180853
180849
180848
180847
180845
180843
180844
180847
180850
180852
180852
180851
180852
180853
180852
180851
180850
180850
180850
180849
180847
180845
180843
180841
180838
180833
180827
180824
180822
180820
180817
180814
180814
180816
180817
180817
180817
180820
180822
180823
180822
180822
180822
180822
180820
180818
180816
180816
180815
180814
180812
180810
180807
180808
180808
180807
180807
180807
180809
180810
180809
180808
180807
180808
180809
180807
180805
180807
180809
180809
180807
180806
180807
180808
180806
180804
180802
180803
180806
180806
180806
180808
180810
180812
180812
180810
180810
180811
180812
180810
180808
180807
180808
180810
180810
180809
180807
180808
180810
180810
180806
180805
180807
180809
180810
180810
180810
180813
180815
180814
180813
180812
180814
180816
180818
180818
180820
180823
180826
180828
180830
180832
180834
180836
180836
180832
180830
180831
180834
180836
180837
180836
180837
180838
180835
180831
180829
180829
180828
180826
180822
180820
180818
180818
180816
180815
180814
180816
180818
180820
180821
180821
180822
180825
180828
180830
180832
180835
180839
180841
180839
180840
180842
180846
180847
180846
180844
180846
180848
180847
180844
180843
180842
180841
180840
180837
180836
180836
180836
180834
180831
180830
180829
180828
180826
180823
180820
180820
180823
180824
180824
180826
180828
180830
180831
180830
180828
180829
180832
180833
180832
180834
180838
180841
180840
180838
180837
180839
180842
180841
180839
180838
180836
180834
180832
180827
180822
180820
180819
180818
180816
180813
180814
180814
180814
180812
180810
180809
180809
180809
180806
180804
180804
180805
180804
180801
180800
180800
180799
180797
180794
180791
180790
180792
180793
180792
180790
180791
180793
180794
180792
180792
180793
180795
180793
180792
180791
180792
180792
180791
180790
180792
180795
180797
180798
180797
180796
180797
180797
180796
180793
180790
180792
180793
180794
180793
180793
180795
180797
180797
180796
180796
180797
180798
180797
180794
180794
180798
180801
180800
180799
180800
180803
180806
180807
180807
180808
180810
180813
180815
180817
180819
180821
180822
180821
180822
180824
180827
180830
180829
180828
180829
180830
180830
180830
180829
180828
180828
180830
180829
180825
180824
180827
180830
180830
180829
180828
180829
180830
180827
180826
180827
180831
180833
180834
180834
180833
180833
180835
180834
180832
180832
180834
180836
180836
180834
180834
180836
180838
180838
180837
180837
180838
180837
180834
180832
180832
180835
180836
180835
180834
180833
180835
180838
180839
180840
180841
180842
180843
180841
180839
180840
180842
180843
180842
180839
180836
180834
180832
180830
180828
180827
180827
180827
180825
180822
180821
180820
180819
180817
180813
180811
180812
180814
180815
180813
180811
180813
180814
180812
180811
180811
180813
180814
180812
180809
180808
180809
180810
180809
180807
180808
180811
180814
180813
180812
180812
180813
180814
180813
180812
180811
180813
180815
180814
180812
180813
180817
180821
180822
180819
180819
180820
180822
180821
180818
180817
180815
180815
180812
180811
180810
180810
180811
180811
180811
180811
180811
180812
180813
180811
180811
180813
180813
180813
180812
180812
180815
180818
180819
180821
180821
180824
180829
180830
180829
180831
180833
180834
180832
180828
180828
180828
180829
180828
180828
180829
180830
180831
180830
180829
180830
180832
180833
180833
180834
180836
180839
180841
180844
180845
180846
180848
180848
180847
180846
180845
180846
180847
180844
180841
180841
180842
180844
180845
180844
180845
180845
180846
180845
180843
180844
180845
180846
180845
180843
180842
180844
180846
180846
180843
180843
180844
180845
180843
180842
180840
180841
180841
180839
180836
180836
180837
180837
180836
180835
180837
180839
180839
180839
180840
180841
180842
180843
180843
180843
180844
180845
180846
180845
180843
180844
180845
180843
180839
180835
180833
180832
180831
180828
180825
180823
180822
180820
180815
180812
180811
180811
180810
180808
180805
180805
180805
180805
180804
180802
180800
180799
180800
180801
180801
180802
180804
180805
180803
180802
180803
180804
180802
180798
180795
180794
180791
180790
180790
180791
180793
180795
180797
180798
180796
180795
180796
180796
180793
180790
180788
180788
180787
180785
180782
180782
180785
180787
180786
180786
180789
180793
180795
180797
180799
180802
180805
180807
180806
180805
180805
180804
180803
180798
180792
180788
180786
180785
180783
180780
180778
180778
180777
180776
180774
180773
180773
180773
180770
180768
180769
180770
180770
180768
180766
180767
180769
180769
180769
180771
180774
180779
180782
180783
180784
180785
180788
180788
180787
180786
180786
180787
180788
180785
180782
180782
180784
180784
180782
180781
180783
180786
180788
180788
180789
180791
180794
180796
180794
180793
180793
180797
180798
180798
180799
180802
180806
180809
180808
180809
180811
180813
180814
180813
180813
180813
180814
180814
180813
180812
180813
180814
180815
180815
180815
180816
180815
180815
180812
180812
180814
180817
180818
180818
180817
180818
180820
180821
180821
180821
180821
180824
180825
180823
180822
180825
180827
180829
180829
180828
180831
180833
180834
180834
180832
180831
180830
180828
180828
180826
180826
180828
180829
180827
180826
180827
180829
180832
180832
180831
180834
180837
180838
180838
180837
180840
180842
180843
180843
180842
180842
180842
180843
180842
180840
180840
180842
180842
180840
180837
180836
180837
180838
180836
180835
180836
180839
180840
180839
180835
180834
180836
180838
180840
180842
180844
180846
180845
180843
180840
180839
180840
180838
180835
180831
180830
180830
180828
180825
180822
180820
180819
180818
180816
180814
180812
180811
180810
180807
180804
180802
180801
180800
180799
180796
180797
180801
180803
180802
180804
180807
180812
180813
180811
180808
180808
180809
180810
180809
180808
180810
180812
180812
180810
180809
180810
180813
180813
180810
180809
180809
180809
180808
180807
180807
180806
180805
180805
180804
180803
180803
180804
180805
180804
180802
180801
180802
180802
180803
180803
180803
180806
180808
180807
180805
180806
180808
180808
180807
180806
180807
180810
180809
180806
180803
180801
180800
180799
180796
180794
180796
180797
180796
180793
180792
180790
180789
180790
180792
180792
180795
180799
180801
180800
180800
180801
180803
180805
180804
180801
180802
180803
180803
180802
180801
180803
180805
180804
180803
180801
180800
180799
180798
180796
180793
180792
180793
180794
180793
180791
180793
180795
180794
180791
180789
180790
180790
180790
180790
180791
180792
180792
180791
180788
180785
180784
180786
180786
180785
180785
180788
180793
180795
180797
180800
180804
180807
180809
180809
180807
180807
180808
180805
180803
180800
180801
180803
180803
180802
180802
180805
180808
180807
180806
180805
180807
180809
180808
180807
180807
180810
180812
180811
180807
180806
180807
180807
180806
180803
180802
180805
180808
180809
180807
180806
180807
180809
180808
180806
180805
180806
180806
180805
180803
180804
180806
180807
180805
180804
180804
180808
180812
180813
180815
180817
180821
180824
180825
180824
180824
180824
180823
180820
180818
180817
180818
180819
180818
180817
180818
180821
180822
180821
180821
180823
180825
180826
180824
180823
180822
180822
180823
180824
180823
180822
180823
180823
180819
180815
180814
180815
180816
180815
180816
180817
180819
180820
180819
180816
180814
180814
180816
180813
180811
180809
180807
180806
180804
180801
180799
180800
180802
180802
180800
180799
180802
180804
180804
180803
180804
180805
180807
180806
180804
180803
180804
180804
180804
180803
180803
180805
180806
180804
180800
180799
180800
180800
180798
180796
180795
180795
180795
180791
180788
180786
180787
180789
180791
180792
180791
180793
180796
180798
180796
180793
180795
180798
180799
180798
180799
180802
180808
180809
180809
180810
180813
180814
180812
180810
180809
180810
180812
180811
180812
180813
180815
180817
180815
180812
180812
180814
180815
180812
180809
180808
180809
180811
180811
180810
180810
180812
180812
180810
180808
180809
180814
180818
180818
180816
180816
180817
180817
180816
180814
180813
180814
180815
180814
180811
180809
180808
180809
180807
180807
180808
180810
180812
180812
180811
180811
180810
180809
180807
180806
180806
180806
180806
180803
180802
180802
180803
180803
180800
180796
180795
180796
180797
180798
180796
180796
180797
180797
180796
180794
180792
180795
180795
180792
180791
180791
180793
180794
180794
180791
180790
180790
180792
180790
180787
180787
180791
180794
180795
180794
180795
180798
180796
180795
180795
180795
180794
180795
180795
180792
180789
180787
180785
180782
180778
180776
180776
180775
180773
180770
180771
180771
180771
180770
180769
180769
180769
180768
180767
180765
180763
180764
180766
180766
180765
180764
180766
180770
180771
180770
180769
180770
180771
180770
180768
180769
180772
180774
180774
180773
180774
180778
180781
180780
180778
180778
180781
180783
180782
180781
180780
180780
180781
180781
180779
180779
180780
180781
180781
180779
180777
180778
180781
180780
180777
180776
180777
180776
180774
180770
180768
180769
180771
180771
180772
180773
180774
180775
180774
180774
180775
180779
180780
180781
180780
180781
180783
180784
180784
180785
180785
180786
180785
180783
180782
180783
180785
180786
180787
180787
180788
180791
180793
180793
180790
180790
180790
180790
180788
180787
180787
180789
180790
180789
180788
180788
180790
180790
180787
180786
180787
180788
180789
180788
180788
180788
180789
180788
180787
180785
180783
180785
180788
180789
180789
180791
180793
180793
180793
180793
180795
180797
180798
180798
180797
180798
180801
180801
180799
180797
180799
180802
180805
180802
180800
180798
180797
180796
180794
180791
180791
180792
180792
180789
180787
180786
180786
180785
180782
180780
180779
180779
180780
180780
180780
180781
180783
180785
180785
180783
180782
180782
180783
180782
180779
180779
180779
180779
180779
180780
180781
180784
180785
180784
180781
180780
180782
180783
180781
180780
180781
180781
180782
180781
180778
180778
180779
180781
180780
180780
180782
180787
180790
180790
180787
180787
180790
180790
180789
180788
180790
180793
180795
180794
180794
180794
180795
180797
180798
180797
180797
180798
180800
180798
180796
180796
180799
180801
180802
180800
180800
180800
180801
180801
180800
180801
180804
180806
180805
180805
180807
180810
180811
180811
180811
180813
180815
180815
180812
180809
180809
180808
180808
180806
180804
180802
180802
180802
180799
180796
180796
180795
180795
180791
180787
180786
180788
180790
180789
180787
180787
180789
180790
180788
180786
180785
180785
180784
180782
180779
180782
180785
180786
180785
180783
180783
180783
180783
180780
180779
180779
180778
180777
180774
180772
180774
180778
180778
180775
180773
180773
180774
180775
180775
180774
180775
180774
180775
180774
180775
180776
180778
180779
180778
180777
180775
180776
180775
180774
180773
180776
180778
180776
180774
180773
180773
180774
180773
180771
180769
180769
180770
180771
180771
180770
180772
180775
180777
180776
180772
180772
180774
180775
180774
180776
180780
180785
180786
180786
180787
180789
180792
180793
180793
180793
180794
180796
180798
180798
180796
180795
180795
180795
180793
180790
180788
180786
180783
180779
180776
180773
180773
180771
180767
180763
180762
180762
180762
180761
180759
180759
180760
180759
180757
180756
180757
180759
180759
180760
180760
180759
180761
180762
180762
180762
180764
180766
180768
180767
180766
180766
180767
180768
180768
180766
180768
180772
180772
180771
180770
180772
180774
180774
180773
180771
180769
180769
180768
180764
180761
180760
180760
180759
180758
180757
180756
180757
180756
180753
180751
180751
180753
180755
180753
180751
180751
180753
180753
180751
180749
180748
180749
180747
180744
180743
180742
180744
180743
180740
180739
180741
180744
180746
180746
180747
180749
180753
180755
180756
180756
180759
180762
180763
180763
180764
180766
180769
180770
180769
180770
180775
180780
180782
180783
180784
180788
180791
180793
180794
180793
180795
180796
180797
180795
180794
180797
180801
180800
180798
180798
180799
180799
180797
180795
180794
180793
180792
180791
180789
180787
180788
180790
180790
180788
180788
180791
180791
180789
180788
180788
180789
180788
180787
180784
180782
180781
180781
180779
180776
180773
180772
180774
180772
180769
180765
180765
180767
180767
180766
180766
180767
180769
180771
180771
180770
180771
180771
180769
180767
180766
180769
180773
180774
180772
180772
180775
180777
180777
180775
180773
180774
180776
180773
180769
180768
180770
180774
180776
180776
180776
180776
180776
180775
180773
180771
180771
180772
180772
180770
180768
180769
180770
180770
180770
180770
180773
180776
180777
180777
180774
180775
180776
180775
180773
180772
180772
180773
180773
180772
180770
180772
180774
180775
180774
180775
180777
180778
180778
180776
180776
180778
180781
180782
180782
180783
180785
180787
180785
180784
180785
180787
180790
180789
180786
180783
180782
180781
180779
180777
180775
180776
180776
180776
180776
180776
180778
180779
180779
180777
180776
180777
180778
180779
180779
180776
180777
180779
180781
180782
180782
180782
180784
180782
180778
180778
180780
180782
180781
180778
180776
180774
180772
180770
180768
180766
180766
180767
180767
180765
180762
180761
180763
180765
180766
180768
180772
180776
180776
180776
180777
180779
180782
180782
180779
180776
180774
180774
180772
180768
180764
180762
180761
180759
180755
180752
180748
180746
180743
180740
180736
180734
180733
180730
180727
180728
180728
180730
180731
180731
180734
180739
180743
180743
180742
180743
180744
180744
180743
180738
180733
180730
180727
180723
180718
180714
180714
180714
180712
180710
180709
180711
180712
180713
180713
180713
180714
180716
180716
180716
180717
180720
180722
180721
180720
180719
180719
180722
180723
180724
180725
180728
180730
180731
180732
180734
180738
180741
180740
180740
180742
180745
180745
180745
180744
180743
180744
180747
180748
180747
180748
180752
180757
180762
180764
180767
180773
180778
180780
180780
180781
180784
180789
180791
180791
180791
180792
180792
180789
180786
180784
180785
180786
180785
180781
180778
180777
180779
180780
180781
180784
180787
180793
180795
180795
180798
180802
180805
180803
180799
180794
180792
180789
180786
180784
180784
180785
180785
180785
180784
180784
180785
180784
180783
180780
180777
180778
180776
180772
180770
180767
180768
180769
180769
180767
180766
180768
180769
180769
180769
180770
180772
180775
180777
180779
180781
180784
180786
180787
180786
180784
180784
180784
180782
180777
180773
180772
180774
180772
180771
180773
180776
180779
180781
180784
180786
180791
180795
180794
180795
180795
180797
180799
180798
180794
180792
180792
180789
180786
180786
180787
180789
180793
180793
180792
180793
180794
180795
180792
180792
180793
180797
180800
180800
180800
180798
180797
180796
180792
180788
180785
180784
180784
180781
180778
180775
180776
180778
180778
180776
180775
180775
180775
180772
180770
180766
180766
180767
180765
180762
180760
180760
180762
180762
180758
180757
180760
180763
180764
180764
180766
180769
180772
180773
180772
180773
180775
180776
180775
180773
180771
180771
180771
180768
180765
180763
180762
180762
180759
180756
180754
180755
180753
180750
180749
180751
180754
180757
180757
180758
180760
180763
180767
180769
180768
180767
180768
180769
180768
180767
180766
180767
180767
180765
180763
180765
180767
180768
180769
180768
180766
180765
180767
180767
180767
180768
180771
180774
180775
180773
180773
180775
180775
180774
180774
180774
180776
180777
180776
180774
180776
180780
180783
180785
180786
180788
180789
180790
180789
180789
180790
180793
180794
180792
180790
180790
180792
180792
180790
180789
180788
180787
180786
180782
180778
180777
180778
180780
180779
180777
180776
180776
180775
180772
180767
180764
180763
180763
180760
180756
180754
180753
180750
180745
180739
180734
180730
180726
180722
180717
180713
180712
180710
180706
180702
180700
180700
180700
180698
180697
180699
180701
180703
180705
180706
180707
180709
180710
180709
180707
180707
180709
180711
180711
180711
180711
180713
180715
180715
180714
180714
180716
180717
180715
180711
180710
180711
180713
180712
180709
180708
180709
180710
180707
180704
180703
180705
180705
180705
180704
180704
180705
180705
180702
180700
180700
180702
180703
180701
180698
180698
180698
180697
180694
180690
180691
180694
180694
180693
180693
180695
180697
180698
180697
180697
180698
180702
180704
180705
180708
180714
180721
180727
180730
180734
180737
180740
180742
180743
180743
180744
180745
180745
180743
180739
180737
180738
180739
180739
180738
180738
180739
180741
180740
180740
180741
180743
180746
180746
180744
180741
180740
180739
180736
180735
180735
180735
180734
180734
180734
180737
180742
180747
180750
180751
180753
180757
180761
180760
180760
180761
180764
180768
180769
180771
180774
180776
180778
180777
180776
180777
180779
180778
180775
180773
180772
180771
180771
180768
180765
180765
180767
180767
180767
180766
180767
180770
180770
180770
180770
180771
180771
180769
180768
180768
180768
180770
180772
180774
180773
180772
180775
180777
180777
180776
180777
180780
180782
180780
180780
180781
180783
180781
180778
180774
180774
180775
180775
180773
180771
180773
180776
180778
180778
180777
180778
180778
180778
180777
180775
180773
180773
180773
180771
180768
180768
180772
180773
180773
180772
180775
180777
180778
180776
180775
180776
180777
180777
180775
180772
180770
180769
180768
180766
180765
180767
180768
180768
180766
180763
180762
180763
180763
180762
180763
180765
180768
180770
180770
180768
180767
180768
180766
180762
180756
180754
180753
180752
180750
180749
180751
180754
180754
180754
180756
180758
180759
180759
180757
180755
180755
180758
180756
180752
180748
180747
180747
180745
180743
180741
180741
180744
180744
180745
180744
180745
180746
180747
180746
180745
180747
180751
180752
180752
180749
180748
180748
180745
180741
180737
180736
180734
180731
180728
180725
180724
180723
180722
180720
180718
180717
180718
180718
180717
180717
180719
180723
180726
180727
180727
180729
180733
180735
180735
180737
180741
180745
180748
180748
180748
180751
180754
180755
180756
180758
180761
180765
180767
180768
180769
180772
180774
180777
180776
180775
180776
180777
180777
180775
180773
180775
180778
180779
180779
180778
180780
180782
180783
180784
180784
180785
180788
180789
180788
180787
180788
180789
180790
180787
180784
180784
180782
180782
180781
180781
180784
180785
180785
180785
180785
180784
180785
180786
180784
180782
180783
180784
180783
180782
180780
180781
180783
180782
180781
180781
180783
180786
180787
180784
180782
180782
180784
180784
180783
180783
180784
180786
180785
180781
180779
180779
180780
180779
180777
180777
180779
180781
180781
180781
180781
180784
180787
180788
180785
180782
180782
180781
180776
180773
180772
180773
180774
180776
180776
180775
180778
180781
180780
180778
180779
180782
180786
180786
180786
180786
180789
180792
180794
180794
180794
180795
180798
180797
180795
180795
180798
180801
180801
180800
180801
180803
180804
180805
180805
180804
180804
180805
180806
180804
180801
180802
180803
180801
180799
180797
180797
180799
180798
180796
180793
180793
180796
180797
180796
180797
180800
180805
180806
180805
180806
180808
180812
180815
180817
180819
180823
180827
180827
180827
180828
180830
180832
180831
180828
180826
180826
180826
180825
180823
180824
180827
180830
180830
180827
180824
180825
180826
180825
180824
180822
180822
180823
180822
180819
180818
180818
180818
180816
180813
180812
180811
180811
180811
180811
180812
180814
180814
180814
180812
180810
180809
180808
180806
180805
180803
180802
180801
180800
180797
180795
180797
180799
180800
180800
180801
180804
180806
180806
180806
180807
180812
180814
180813
180811
180809
180810
180811
180810
180809
180809
180810
180812
180812
180811
180809
180808
180808
180806
180804
180803
180803
180804
180801
180797
180795
180796
180795
180794
180792
180791
180791
180792
180791
180789
180788
180789
180790
180789
180787
180786
180786
180786
180786
180784
180783
180782
180783
180780
180777
180776
180776
180776
180775
180772
180772
180771
180770
180767
180766
180766
180768
180770
180769
180768
180768
180767
180766
180765
180762
180761
180761
180760
180759
180756
180754
180755
180755
180754
180753
180753
180755
180757
180755
180754
180754
180755
180758
180758
180757
180756
180756
180758
180755
180752
180750
180752
180753
180752
180750
180749
180750
180751
180750
180747
180745
180746
180747
180747
180748
180750
180752
180754
180755
180756
180758
180760
180760
180758
180757
180756
180757
180757
180757
180755
180754
180756
180757
180758
180758
180760
180764
180768
180769
180769
180772
180776
180778
180777
180776
180778
180780
180781
180781
180781
180782
180782
180783
180782
180780
180779
180781
180783
180784
180783
180783
180784
180787
180786
180784
180784
180786
180788
180788
180788
180792
180797
180801
180803
180802
180802
180803
180805
180805
180804
180805
180807
180809
180808
180806
180806
180809
180808
180805
180802
180801
180802
180805
180805
180805
180805
180806
180807
180807
180806
180809
180812
180814
180813
180812
180813
180814
180815
180814
180813
180811
180812
180811
180809
180807
180808
180810
180810
180808
180805
180805
180804
180803
180802
180800
180800
180800
180800
180798
180795
180794
180795
180796
180796
180794
180794
180797
180799
180796
180792
180791
180792
180792
180790
180787
180787
180787
180784
180781
180781
180784
180787
180790
180789
180786
180784
180784
180784
180782
180779
180779
180779
180779
180779
180779
180780
180782
180784
180782
180781
180782
180784
180785
180784
180783
180782
180783
180784
180784
180783
180783
180785
180787
180786
180784
180786
180789
180791
180791
180790
180791
180795
180797
180797
180798
180799
180799
180800
180800
180800
180801
180802
180803
180800
180798
180796
180796
180795
180794
180790
180789
180788
180786
180783
180780
180779
180779
180780
180779
180778
180780
180783
180785
