180633
180630
180629
180629
180630
180629
180629
180628
180629
180630
180631
180629
180628
180630
180633
180635
180635
180635
180637
180639
180639
180638
180637
180638
180639
180639
180637
180636
180637
180638
180639
180638
180637
180639
180643
180646
180647
180648
180650
180651
180649
180646
180644
180642
180640
180637
180632
180626
180623
180622
180622
180622
180621
180623
180626
180628
180629
180632
180635
180638
180641
180641
180641
180641
180642
180642
180640
180639
180638
180639
180638
180634
180631
180632
180632
180631
180630
180630
180630
180628
180627
180626
180624
180625
180627
180627
180624
180621
180619
180621
180623
180621
180619
180618
180619
180619
180618
180619
180623
180627
180628
180628
180627
180628
180630
180629
180627
180625
180626
180627
180627
180625
180622
180620
180618
180616
180613
180611
180611
180612
180615
180615
180615
180619
180622
180625
180626
180626
180630
180631
180631
180630
180627
180626
180624
180622
180619
180617
180615
180613
180612
180610
180608
180608
180608
180607
180605
180602
180602
180605
180607
180607
180605
180606
180608
180608
180605
180603
180603
180605
180607
180606
180604
180604
180608
180608
180608
180609
180612
180617
180619
180621
180623
180629
180634
180637
180640
180644
180649
180656
180659
180660
180661
180662
180665
180667
180667
180666
180668
180669
180668
180665
180662
180662
180663
180664
180663
180663
180664
180667
180670
180671
180673
180677
180681
180680
180678
180676
180675
180674
180669
180663
180658
180654
180648
180642
180634
180628
180626
180626
180625
180623
180623
180626
180631
180635
180637
180640
180643
180647
180648
180648
180648
180648
180648
180646
180642
180637
180635
180633
180628
180623
180620
180619
180618
180618
180618
180617
180618
180620
180620
180618
180617
180618
180618
180615
180612
180609
180610
180611
180610
180608
180607
180606
180608
180610
180610
180611
180613
180613
180613
180611
180611
180612
180614
180614
180613
180612
180611
180612
180612
180610
180608
180609
180610
180610
180608
180607
180608
180611
180612
180611
180612
180616
180619
180620
180620
180619
180619
180620
180621
180619
180619
180621
180623
180622
180619
180618
180619
180622
180622
180622
180621
180623
180626
180626
180624
180622
180623
180623
180619
180616
180613
180612
180610
180608
180605
180604
180604
180605
180605
180603
180602
180603
180605
180607
180605
180605
180607
180610
180612
180611
180609
180610
180610
180610
180610
180613
180618
180623
180625
180626
180627
180631
180633
180634
180635
180636
180638
180640
180640
180638
180636
180637
180638
180636
180634
180633
180632
180633
180635
180637
180640
180645
180649
180653
180654
180654
180655
180658
180659
180657
180657
180658
180658
180656
180653
180649
180648
180648
180647
180645
180643
180645
180648
180647
180647
180649
180654
180658
180659
180659
180658
180660
180662
180661
180659
180658
180660
180661
180659
180656
180653
180653
180652
180650
180648
180646
180646
180646
180646
180645
180642
180641
180641
180640
180638
180638
180640
180644
180646
180645
180646
180648
180650
180647
180643
180640
180639
180639
180634
180630
180627
180626
180625
180624
180622
180620
180620
180620
180617
180616
180616
180618
180622
180622
180622
180623
180624
180625
180625
180621
180618
180618
180618
180615
180614
180610
180609
180607
180605
180602
180601
180603
180606
180606
180604
180604
180604
180606
180604
180602
180601
180600
180600
180598
180596
180593
180591
180589
180586
180583
180582
180582
180582
180580
180577
180576
180577
180578
180578
180578
180578
180579
180581
180581
180579
180577
180580
180582
180583
180581
180581
180582
180583
180582
180581
180582
180586
180588
180589
180589
180591
180595
180598
180597
180597
180600
180603
180605
180605
180604
180602
180602
180605
180603
180600
180600
180602
180605
180607
180610
180613
180617
180621
180621
180619
180619
180623
180626
180626
180626
180627
180627
180627
180625
180620
180619
180619
180619
180617
180615
180615
180616
180618
180619
180618
180617
180621
180623
180622
180621
180621
180624
180626
180627
180626
180627
180630
180631
180629
180628
180628
180629
180629
180627
180623
180619
180616
180615
180613
180609
180607
180606
180604
180601
180598
180597
180599
180601
180601
180601
180603
180606
180606
180603
180599
180598
180599
180598
180594
180591
180590
180590
180590
180585
180580
180579
180580
180580
180581
180581
180582
180587
180592
180591
180591
180591
180595
180598
180600
180601
180603
180606
180609
180609
180606
180604
180602
180600
180597
180594
180592
180592
180593
180590
180588
180589
180592
180596
180597
180597
180599
180601
180602
180600
180599
180601
180606
180609
180610
180608
180608
180613
180615
180615
180616
180618
180622
180624
180623
180622
180622
180622
180622
180622
180622
180623
180624
180625
180626
180625
180626
180626
180624
180622
180619
180618
180618
180618
180617
180617
180618
180618
180618
180615
180611
180609
180610
180608
180605
180604
180603
180603
180603
180603
180603
180604
180606
180607
180605
180604
180604
180604
180605
180604
180602
180602
180603
180605
180606
180605
180604
180606
180607
180607
180608
180610
180612
180613
180611
180609
180609
180611
180611
180609
180608
180608
180610
180610
180610
180607
180608
180610
180611
180609
180605
180604
180604
180606
180605
180605
180606
180607
180608
180608
180606
180605
180606
180607
180606
180606
180607
180608
180611
180609
180606
180606
180607
180608
180606
180602
180603
180606
180608
180607
180607
180610
180611
180610
180609
180608
180610
180613
180615
180615
180612
180612
180614
180615
180614
180612
180612
180614
180614
180612
180610
180609
180610
180609
180605
180602
180604
180606
180607
180606
180605
180606
180608
180610
180611
180611
180614
180618
180617
180617
180616
180617
180619
180621
180621
180620
180619
180620
180620
180618
180616
180617
180618
180618
180615
180614
180613
180612
180613
180611
180610
180610
180612
180612
180612
180612
180612
180612
180613
180612
180611
180611
180613
180616
180617
180616
180617
180618
180618
180617
180615
180615
180616
180614
180613
180612
180611
180609
180608
180607
180606
180606
180607
180607
180607
180606
180606
180607
180607
180606
180604
180604
180604
180605
180605
180604
180602
180603
180603
180602
180599
180597
180598
180600
180600
180597
180597
180598
180599
180597
180596
180596
180598
180600
180599
180597
180598
180599
180599
180598
180597
180598
180599
180600
180598
180594
180593
180594
180595
180594
180593
180592
180594
180594
180592
180591
180594
180598
180600
180601
180601
180601
180602
180602
180601
180601
180603
180605
180606
180605
180604
180606
180608
180608
180606
180605
180606
180607
180607
180606
180603
180603
180602
180599
180596
180592
180591
180591
180591
180591
180590
180590
180592
180592
180590
180588
180587
180587
180587
180585
180582
180581
180582
180581
180578
180575
180574
180576
180576
180574
180573
180574
180576
180576
180575
180575
180576
180578
180579
180578
180576
180576
180578
180580
180579
180577
180577
180578
180578
180578
180579
180581
180583
180585
180585
180587
180589
180591
180591
180590
180589
180590
180591
180591
180591
180589
180590
180592
180592
180592
180593
180595
180598
180600
180600
180599
180601
180604
180606
180606
180603
180601
180602
180601
180598
180598
180601
180603
180604
180603
180600
180602
180602
180602
180599
180598
180599
180602
180602
180601
180600
180603
180606
180607
180607
180607
180608
180610
180610
180608
180607
180607
180609
180610
180608
180608
180609
180610
180609
180607
180605
180605
180606
180607
180607
180605
180604
180605
180605
180602
180599
180598
180599
180599
180597
180596
180596
180598
180597
180595
180594
180595
180598
180599
180599
180597
180597
180599
180598
180597
180596
180595
180596
180598
180598
180597
180599
180602
180602
180600
180599
180600
180602
180602
180602
180599
180599
180601
180601
180600
180598
180599
180600
180598
180595
180593
180593
180594
180594
180593
180593
180595
180599
180600
180599
180596
180596
180598
180598
180596
180596
180597
180599
180598
180597
180594
180594
180595
180596
180596
180595
180595
180595
180595
180594
180591
180591
180591
180592
180590
180589
180591
180593
180595
180596
180598
180601
180603
180604
180604
180603
180603
180603
180601
180598
180596
180597
180600
180599
180596
180595
180597
180600
180603
180603
180602
180604
180605
180605
180603
180602
180603
180605
180605
180604
180603
180603
180603
180601
180600
180599
180600
180603
180601
180600
180601
180604
180606
180606
180605
180606
180607
180608
180608
180608
180607
180608
180610
180611
180611
180610
180612
180612
180610
180608
180606
180606
180608
180607
180605
180605
180605
180607
180606
180604
180602
180603
180604
180603
180600
180598
180600
180602
180602
180600
180599
180601
180602
180600
180601
180602
180604
180605
180606
180607
180609
180612
180617
180617
180616
180617
180619
180622
180623
180622
180621
180621
180621
180620
180618
180617
180617
180618
180617
180613
180613
180615
180617
180618
180618
180619
180622
180624
180625
180624
180623
180626
180630
180630
180628
180625
180624
180623
180620
180616
180613
180614
180615
180613
180610
180609
180612
180613
180611
180609
180609
180612
180614
180616
180616
180616
180618
180618
180616
180612
180608
180609
180611
180612
180610
180609
180610
180611
180611
180610
180610
180613
180615
180616
180616
180615
180617
180617
180616
180614
180612
180612
180612
180610
180611
180611
180612
180615
180616
180614
180615
180616
180617
180616
180614
180612
180614
180614
180613
180610
180610
180611
180613
180615
180615
180616
180619
180622
180624
180624
180624
180626
180627
180625
180623
180622
180622
180623
180621
180618
180617
180618
180617
180614
180611
180611
180613
180614
180614
180614
180614
180616
180616
180615
180613
180612
180612
180613
180612
180611
180608
180607
180608
180607
180607
180608
180610
180612
180611
180609
180608
180608
180608
180607
180606
180606
180607
180609
180609
180607
180605
180605
180608
180608
180606
180605
180607
180609
180608
180606
180607
180608
180608
180608
180607
180605
180605
180605
180603
180601
180601
180603
180606
180606
180606
180607
180610
180613
180614
180615
180616
180620
180623
180624
180624
180625
180624
180624
180624
180622
180620
180622
180624
180624
180623
180623
180625
180627
180627
180625
180623
180623
180623
180622
180620
180615
180614
180612
180610
180609
180610
180613
180617
180619
180619
180620
180624
180629
180631
180632
180634
180637
180640
180641
180639
180638
180638
180636
180633
180630
180631
180632
180632
180629
180625
180625
180626
180629
180629
180630
180633
180637
180642
180644
180647
180650
180654
180656
180654
180651
180649
180648
180646
180642
180638
180635
180634
180633
180630
180627
180628
180627
180625
180624
180623
180622
180624
180628
180628
180626
180627
180627
180627
180626
180623
180624
180627
180626
180624
180622
180621
180623
180622
180618
180615
180615
180616
180615
180611
180608
180604
180601
180599
180597
180593
180590
180590
180589
180587
180585
180585
180584
180583
180583
180582
180584
180587
180590
180591
180593
180596
180598
180602
180604
180601
180599
180600
180602
180602
180601
180599
180599
180600
180599
180597
180596
180596
180595
180593
180590
180590
180592
180593
180592
180592
180594
180598
180599
180599
180600
180602
180603
180606
180605
180603
180602
180600
180598
180595
180591
180589
180590
180592
180591
180589
180589
180592
180594
180596
180594
180594
180595
180596
180593
180590
180588
180586
180584
180581
180579
180579
180579
180578
180576
180575
180577
180579
180582
180584
180583
180584
180588
180590
180590
180588
180589
180591
180594
180592
180588
180586
180586
180585
180583
180581
180580
180583
180586
180589
180594
180598
180603
180607
180610
180610
180610
180607
180606
180601
180597
180595
180596
180596
180594
180593
180592
180594
180595
180594
180593
180592
180594
180595
180594
180590
180588
180587
180584
180580
180576
180575
180576
180577
180575
180574
180576
180580
180582
180581
180579
180580
180581
180583
180585
180587
180591
180596
180599
180599
180599
180598
180599
180599
180598
180597
180599
180602
180603
180602
180600
180600
180602
180602
180600
180598
180598
180601
180603
180602
180599
180597
180598
180599
180598
180597
180598
180599
180599
180598
180597
180599
180602
180605
180605
180605
180607
180610
180610
180609
180608
180609
180612
180613
180611
180609
180607
180605
180604
180602
180601
180602
180605
180608
180610
180610
180610
180613
180615
180614
180612
180612
180614
180616
180615
180614
180616
180618
180618
180615
180611
180609
180607
180606
180603
180602
180602
180604
180606
180606
180606
180608
180613
180616
180616
180616
180617
180619
180620
180619
180620
180622
180624
180625
180623
180620
180621
180621
180620
180618
180616
180615
180615
180614
180612
180610
180612
180615
180618
180621
180623
180625
180630
180633
180632
180632
180633
180635
180635
180632
180631
180632
180634
180634
180632
180630
180631
180631
180631
180630
180627
180627
180629
180629
180628
180628
180629
180631
180631
180630
180629
180629
180630
180630
180629
180628
180627
180627
180629
180630
180626
180624
180624
180622
180619
180614
180614
180614
180615
180612
180611
180611
180610
180609
180605
180602
180602
180603
180602
180599
180594
180593
180592
180589
180586
180582
180580
180578
180577
180575
180573
180571
180571
180569
180567
180565
180565
180566
180567
180567
180565
180567
180569
180568
180566
180564
180565
180565
180564
180560
180556
180557
180558
180557
180555
180553
180552
180552
180550
180546
180543
180542
180542
180541
180538
180535
180535
180536
180533
180530
180528
180529
180530
180531
180528
180526
180524
180525
180524
180522
180522
180523
180525
180525
180524
180521
180522
180525
180527
180528
180529
180530
180535
180539
180541
180544
180548
180551
180554
180557
180559
180562
180566
180570
180572
180573
180578
180582
180585
180586
180588
180591
180593
180594
180593
180591
180591
180593
180595
180595
180595
180597
180599
180600
180600
180600
180600
180600
180599
180595
180593
180592
180592
180592
180591
180591
180594
180596
180596
180594
180594
180595
180596
180597
180597
180597
180598
180596
180594
180592
180590
180591
180593
180595
180597
180597
180596
180598
180599
180599
180598
180599
180602
180604
180601
180599
180598
180597
180596
180595
180596
180597
180598
180598
180596
180594
180596
180598
180598
180597
180596
180598
180600
180601
180601
180601
180603
180605
180606
180605
180606
180606
180606
180607
180608
180607
180608
180609
180608
180606
180604
180604
180606
180606
180604
180603
180603
180603
180604
180603
180602
180604
180607
180607
180605
180604
180606
180609
180610
180609
180609
180611
180612
180611
180609
180608
180609
180609
180607
180603
180602
180602
180603
180603
180603
180603
180603
180603
180602
180599
180597
180596
180594
180593
180590
180588
180590
180590
180590
180589
180587
180588
180591
180592
180592
180593
180596
180599
180599
180598
180599
180602
180605
180605
180604
180604
180605
180607
180606
180603
180602
180602
180602
180600
180598
180596
180597
180598
180598
180597
180595
180596
180597
180597
180595
180595
180595
180596
180595
180592
180591
180593
180595
180594
180592
180591
180591
180592
180592
180590
180589
180591
180593
180594
180593
180594
180595
180597
180595
180592
180591
180592
180594
180596
180597
180597
180602
180606
180606
180606
180606
180606
180607
180606
180605
180604
180604
180604
180603
180602
180600
180601
180603
180603
180602
180602
180603
180604
180605
180605
180604
180604
180605
180603
180600
180599
180598
180595
180593
180590
180587
180586
180585
180582
180578
180575
180573
180571
180569
180566
180564
180566
180567
180567
180564
180561
180560
180561
180559
180556
180553
180552
180551
180548
180547
180546
180547
180548
180545
180542
180541
180541
180543
180545
180544
180545
180548
180549
180549
180549
180548
180549
180551
180552
180551
180552
180555
180557
180558
180558
180559
180562
180566
180567
180568
180570
180572
180573
180574
180574
180574
180575
180577
180579
180580
180580
180581
180585
180586
180587
180588
180590
180593
180593
180592
180591
180592
180593
180589
180586
180584
180585
180584
180583
180581
180581
180584
180587
180587
180586
180584
180584
180586
180584
180582
180581
180581
180581
180581
180579
180579
180582
180586
180587
180587
180588
180589
180590
180591
180590
180591
180593
180594
180593
180591
180591
180593
180593
180591
180588
180587
180586
180586
180586
180586
180586
180587
180589
180589
180588
180589
180590
180593
180593
180591
180592
180594
180595
180594
180594
180594
180596
180598
180599
180598
180597
180598
180600
180598
180594
180594
180595
180596
180596
180593
180593
180594
180594
180591
180591
180594
180597
180600
180602
180601
180601
180602
180603
180603
180602
180602
180604
180606
180605
180604
180604
180605
180606
180605
180603
180602
180603
180603
180601
180598
180597
180598
180599
180598
180597
180597
180600
180601
180600
180600
180600
180600
180601
180601
180599
180599
180600
180601
180599
180595
180594
180596
180598
180597
180596
180595
180598
180601
180601
180601
180601
180600
180600
180599
180598
180596
180597
180599
180598
180595
180594
180594
180594
180591
180589
180589
180590
180592
180590
180587
180587
180587
180587
180587
180586
180586
180587
180588
180584
180581
180579
180580
180581
180579
180577
180578
180578
180578
180576
180575
180575
180576
180576
180574
180572
180571
180570
180570
180568
180566
180565
180566
180566
180565
180564
180562
180563
180563
180561
180561
180561
180562
180563
180561
180555
180552
180552
180550
180546
180545
180545
180545
180543
180539
180536
180536
180537
180539
180540
180540
180541
180546
180548
180549
180548
180549
180551
180552
180551
180551
180552
180553
180552
180547
180542
180541
180542
180542
180542
180542
180543
180545
180548
180549
180549
180551
180555
180559
180561
180564
180567
180571
180575
180577
180578
180579
180581
180582
180581
180579
180579
180580
180581
180578
180574
180572
180573
180573
180571
180568
180568
180570
180573
180573
180573
180574
180577
180581
180581
180581
180581
180581
180581
180577
180574
180574
180573
180573
180571
180570
180570
180572
180574
180573
180570
180570
180571
180572
180572
180571
180572
180574
180576
180576
180574
180575
180576
180577
180577
180576
180579
180580
180583
180584
180582
180582
180585
180586
180584
180581
180581
180580
180579
180576
180573
180571
180572
180572
180570
180569
180569
180571
180572
180569
180565
180564
180563
180560
180557
180556
180556
180558
180559
180557
180556
180557
180559
180560
180560
180560
180561
180562
180563
180561
180560
180562
180565
180568
180569
180568
180568
180570
180570
180569
180568
180569
180571
180571
180570
180568
180567
180567
180567
180566
180565
180565
180566
180567
180568
180566
180565
180565
180566
180565
180564
180566
180569
180571
180571
180570
180570
180573
180573
180570
180569
180569
180571
180572
180571
180570
180571
180572
180571
180570
180568
180569
180571
180571
180568
180566
180566
180566
180565
180564
180564
180567
180570
180571
180569
180567
180567
180567
180567
180566
180566
180568
180571
180572
180573
180571
180571
180574
180575
180574
180572
180572
180573
180574
180574
180574
180575
180576
180576
180575
180572
180572
180572
180572
180570
180567
180569
180572
180572
180571
180570
180572
180575
180578
180578
180577
180578
180579
180578
180578
180576
180577
180578
180579
180578
180578
180577
180576
180574
180571
180569
180569
180571
180572
180571
180569
180572
180575
180576
180576
180575
180577
180578
180577
180575
180572
180570
180571
180570
180569
180566
180566
180568
180569
180569
180568
180570
180573
180572
180571
180570
180571
180573
180575
180576
180576
180579
180582
180581
180581
180580
180581
180579
180576
180575
180574
180575
180575
180574
180572
180571
180570
180570
180570
180570
180570
180571
180572
180572
180571
180571
180572
180574
180574
180572
180571
180571
180571
180571
180571
180570
180568
180567
180567
180565
180561
180559
180558
180557
180554
180552
180552
180553
180552
180549
180547
180548
180548
180548
180548
180547
180549
180551
180552
180552
180551
180552
180554
180555
180554
180553
180555
180557
180556
180553
180552
180552
180552
180551
180550
180550
180552
180554
180556
180557
180557
180560
180564
180566
180564
180564
180566
180568
180569
180569
180569
180572
180576
180576
180575
180575
180577
180579
180579
180576
180576
180577
180578
180577
180575
180574
180574
180575
180574
180571
180569
180568
180568
180568
180567
180566
180568
180569
180571
180571
180571
180570
180568
180568
180566
180565
180566
180565
180563
180560
180556
180553
180554
180552
180546
180542
180542
180543
180543
180540
180539
180540
180542
180545
180545
180545
180546
180548
180550
180550
180550
180553
180555
180554
180553
180552
180553
180555
180554
180551
180549
180550
180551
180552
180552
180552
180556
180561
180562
180562
180564
180567
180570
180571
180572
180574
180577
180579
180579
180579
180579
180579
180581
180584
180586
180588
180591
180593
180595
180595
180595
180597
180600
180603
180606
180608
180610
180612
180614
180614
180614
180616
180616
180615
180613
180610
180610
180612
180612
180612
180613
180615
180618
180618
180615
180613
180614
180615
180614
180612
180612
180613
180614
180612
180608
180604
180602
180602
180601
180600
180599
180600
180600
180598
180594
180593
180595
180596
180596
180594
180592
180592
180590
180587
180584
180581
180581
180581
180579
180575
180573
180573
180576
180575
180573
180571
180571
180571
180571
180570
180566
180564
180564
180563
180560
180558
180559
180562
180562
180562
180563
180566
180571
180574
180574
180574
180577
180580
180582
180581
180579
180582
180585
180585
180585
180584
180585
180587
180587
180585
180585
180585
180585
180586
180585
180583
180583
180584
180583
180582
180582
180584
180586
180588
180588
180588
180591
180591
180590
180590
180592
180596
180598
180597
180593
180591
180590
180588
180585
180581
180577
180577
180577
180575
180571
180569
180568
180568
180568
180567
180568
180568
180570
180570
180569
180567
180567
180569
180568
180565
180565
180566
180569
180567
180564
180563
180562
180561
180559
180558
180558
180559
180560
180559
180558
180558
180557
180556
180553
180545
180540
180537
180534
180531
180528
180527
180529
180533
180535
180537
180539
180542
180545
180547
180549
180552
180555
180561
180563
180562
180559
180556
180553
180547
180541
180536
180533
180533
180531
180527
180525
180528
180532
180534
180534
180535
180539
180539
180539
180540
180543
180547
180552
180553
180553
180554
180554
180553
180553
180552
180551
180551
180553
180552
180549
180548
180547
180545
180544
180544
180547
180551
180553
180555
180557
180559
180563
180568
180572
180575
180577
180580
180584
180586
180586
180587
180590
180595
180596
180598
180602
180607
180612
180611
180611
180610
180610
180611
180610
180607
180605
180606
180606
180604
180602
180603
180607
180609
180610
180611
180614
180617
180620
180622
180622
180624
180628
180630
180630
180629
180626
180626
180625
180623
180620
180619
180619
180620
180618
180615
180616
180619
180620
180619
180618
180619
180620
180622
180620
180618
180616
180616
180615
180614
180609
180607
180608
180609
180606
180604
180605
180607
180607
180606
180605
180605
180606
180607
180606
180604
180604
180604
180605
180604
180602
180599
180598
180597
180594
180591
180588
180587
180585
180582
180578
180578
180578
180579
180576
180574
180574
180577
180579
180579
180578
180577
180578
180579
180579
180578
180579
180580
180580
180578
180573
180570
180568
180565
180560
180556
180554
180553
180553
180553
180552
180553
180555
180557
180560
180562
180564
180566
180570
180570
180567
180564
180563
180561
180559
180556
180555
180555
180554
180552
180551
180553
180556
180560
180561
180561
180565
180570
180574
180573
180570
180567
180566
180564
180556
180549
180545
180543
180540
180536
180532
180530
180532
180532
180530
180530
180533
180537
180542
180545
180550
180556
180561
180564
180565
180564
180562
180561
180558
180555
180550
180546
180546
180544
180541
180538
180538
180540
180543
180544
180546
180548
180552
180555
180557
180559
180562
180566
180569
180569
180567
180565
180563
180563
180561
180557
180556
180557
180556
180553
180549
180550
180552
180553
180552
180552
180552
180552
180553
180552
180549
180548
180548
180549
180548
180546
180548
180551
180553
180551
180550
180551
180553
180553
180551
180549
180548
180548
180547
180546
180545
180545
180546
180546
180546
180545
180547
180547
180548
180546
180544
180545
180548
180551
180551
180549
180548
180551
180552
180551
180549
180550
180552
180554
180553
180552
180553
180556
180559
180560
180561
180563
180565
180567
180565
180564
180566
180568
180569
180569
180568
180570
180571
180572
180571
180569
180571
180574
180577
180577
180576
180577
180578
180580
180580
180580
180582
180584
180587
180587
180586
180587
180589
180589
180588
180588
180590
180592
180594
180592
180591
180591
180591
180591
180589
180587
180588
180589
180591
180589
180589
180591
180593
180596
180597
180598
180602
180607
180609
180609
180609
180612
180615
180618
180617
180616
180617
180619
180621
180621
180620
180620
180619
180617
180614
180610
180607
180606
180605
180603
180601
180602
180604
180603
180601
180596
180594
180594
180592
180589
180587
180586
180585
180584
180581
180579
180578
180578
180578
180576
180573
180573
180571
180568
180563
180561
180561
180563
180564
180564
180562
180564
180563
180562
180561
180561
180561
180563
180563
180561
180559
180558
180558
180558
180557
180556
180556
180557
180556
180555
180554
180556
180559
180561
180560
180559
180559
180561
180562
180559
180557
180557
180557
180556
180554
180551
180551
180551
180550
180548
180547
180546
180546
180545
180545
180542
180540
180541
180540
180539
180537
180536
180535
180534
180530
180524
180520
180519
180516
180513
180510
180511
180512
180512
180509
180506
180505
180506
180506
180503
180501
180502
180505
180504
180502
180501
180502
180505
180506
180507
180507
180511
180514
180515
180515
180515
180517
180520
180522
180522
180522
180524
180526
180527
180526
180526
180527
180527
180526
180522
180519
180518
180518
180518
180516
180514
180516
180518
180519
180519
180519
180522
180526
180530
180532
180535
180539
180543
180546
180548
180548
180551
180553
180551
180548
180543
180540
180538
180534
180528
180523
180521
180519
180517
180513
180511
180511
180513
180514
180513
180514
180517
180521
180523
180524
180525
180527
180528
180527
180527
180527
180529
180531
180533
180532
180532
180534
180535
180535
180534
180533
180534
180536
180534
180530
180527
180525
180524
180524
180524
180524
180528
180531
180533
180534
180535
180536
180539
180539
180537
180535
180537
180539
180541
180541
180541
180543
180547
180550
180550
180552
180557
180563
180567
180568
180568
180571
180575
180577
180578
180579
180582
180585
180586
180585
180585
180586
180588
180587
180585
180583
180583
180584
180584
180582
180584
180588
180592
180592
180590
180588
180588
180588
180586
180585
180583
180583
180584
180582
180580
180578
180578
180578
180576
180575
180574
180575
180578
180579
180578
180580
180582
180585
180586
180588
180590
180591
180591
180589
180587
180584
180584
180585
180584
180580
180577
180576
180575
180575
180574
180576
180579
180581
180582
180581
180580
180581
180584
180584
180579
180575
180574
180572
180568
180563
180559
180558
180556
180550
180545
180540
180539
180537
180535
180532
180530
180531
180533
180531
180529
180530
180532
180534
180534
180534
180535
180541
180544
180545
180545
180546
180548
180550
180550
180549
180550
180549
180551
180550
180548
180547
180547
180548
180548
180546
180545
180544
180543
180540
180536
180534
180534
180537
180539
180539
180538
180540
180542
180542
180541
180541
180543
180546
180548
180548
180548
180552
180556
180558
180560
180562
180565
180566
180564
180561
180560
180560
180560
180559
180555
180553
180552
180551
180549
180544
180542
180543
180544
180544
180544
180544
180545
180548
180549
180551
180553
180556
180560
180564
180569
180572
180576
180582
180586
180589
180589
180593
180597
180599
180601
180602
180605
180607
180606
180604
180601
180602
180602
180600
180596
180594
180594
180594
180594
180593
180593
180596
180597
180598
180597
180597
180597
180598
180599
180599
180601
180605
180608
180609
180610
180611
180612
180614
180615
180614
180615
180617
180617
180614
180609
180608
180608
180607
180605
180604
180603
180605
180607
180607
180606
180605
180606
180606
180602
180600
180597
180595
180591
180584
180577
180571
180568
180565
180562
180560
180559
180559
180561
180561
180558
180558
180558
180558
180557
180553
180551
180550
180548
180546
180543
180542
180542
180542
180541
180539
180539
180541
180542
180541
180539
180537
180539
180541
180540
180540
180541
180544
180545
180544
180542
180542
180544
180544
180542
180541
180542
180546
180547
180546
180546
180546
180548
180549
180546
180542
180540
180539
180539
180536
180533
180531
180532
180534
180534
180534
180535
180537
180540
180542
180543
180543
180545
180546
180543
180539
180536
180536
180537
180535
180533
180533
180535
180538
180539
180540
180542
180547
180553
180555
180556
180555
180556
180556
180552
180546
180543
180540
180536
180530
180524
180519
180515
180513
180512
180512
180512
180514
180517
180521
180525
180531
180537
180541
180545
180548
180550
180554
180555
180554
180552
180553
180556
180556
180554
180552
180552
180554
180557
180558
180558
180559
180561
180562
180560
180559
180561
180562
180562
180560
180558
180557
180559
180561
180559
180557
180559
180562
180566
180567
180567
180569
180574
180578
180579
180577
180580
180584
180584
180583
180581
180578
180576
180573
180569
180564
180561
180559
180558
180556
180553
180552
180552
180555
180556
180557
180557
180557
180557
180555
180552
180551
180552
180554
180553
180553
180555
180557
180559
180560
180561
180562
180566
180570
180571
180569
180569
180571
180571
180570
180568
180569
180569
180568
180565
180561
180558
180557
180556
180553
180551
180550
180551
180550
180548
180545
180545
180548
180551
180552
180552
180555
180558
180562
180564
180564
180562
180562
180561
180558
180553
180551
180550
180550
180548
180543
180541
180542
180542
180542
180539
180540
180544
180547
180548
180548
180549
180552
180554
180554
180552
180552
180554
180553
180551
180548
180546
180544
180540
180536
180530
180527
180523
180519
180516
180512
180510
180512
180515
180517
180517
180517
180519
180521
180522
180522
180522
180525
180526
180524
180520
180519
180521
180521
180518
180516
180516
180517
180515
180514
180513
180514
180518
180521
180522
180521
180523
180526
180529
180531
180531
180533
180534
180534
180530
180525
180522
180520
180518
180513
180510
180511
180513
180516
180518
180519
180523
180526
180530
180534
180537
180542
180546
180550
180551
180552
180553
180555
180557
180557
180556
180557
180559
180560
180559
180558
180561
180565
180567
180566
180565
180565
180567
180569
180569
180570
180570
180572
180573
180571
180571
180571
180570
180568
180565
180562
180562
180560
180558
180555
180552
180550
180550
180548
180545
180541
180540
180541
180540
180539
180535
180534
180536
180537
180536
180535
180537
180542
180545
180544
180543
180545
180548
180551
180552
180552
180554
180557
180559
180557
180554
180554
180553
180552
180549
180545
180543
180542
180540
180537
180535
180534
180535
180534
180532
180531
180531
180532
180533
180533
180533
180534
180536
180536
180536
180535
180536
180538
180540
180538
180537
180538
180539
180540
180537
180535
180536
180539
180540
180541
180543
180546
180549
180549
180548
180547
180547
180548
180549
180548
180546
180547
180547
180546
180545
180544
180546
180547
180547
180546
180544
180544
180544
180543
180541
180538
180538
180538
180537
180534
180532
180532
180531
180531
180531
180531
180531
180532
180531
180531
180532
180533
180534
180535
180533
180532
180531
180532
180531
180529
180527
180526
180525
180524
180522
180519
180519
180519
180519
180518
180518
180519
180520
180520
180519
180519
180522
180525
180529
180530
180531
180532
180535
180537
180538
180538
180541
180544
180545
180546
180544
180544
180545
180546
180548
180548
180549
180552
180555
180553
180552
180555
180558
180560
180560
180561
180564
180567
180569
180571
180572
180574
180577
180578
180577
180577
180577
180579
180581
180581
180583
180585
180587
180590
180590
180588
180589
180590
180590
180588
180586
180588
180589
180586
180584
180583
180585
180587
180588
180589
180590
180592
180593
180593
180593
180591
180591
180592
180591
180589
180586
180588
180589
180589
180586
180584
180585
180588
180588
180584
180581
180581
180582
180583
180580
180578
180579
180580
180579
180576
180574
180573
180573
180572
180570
180567
180568
180568
180565
180563
180561
180560
180559
180557
180555
180552
180552
180553
180551
180549
180547
180546
180545
180542
180539
180537
180537
180536
180536
180535
180534
180535
180538
180540
180541
180542
180543
180545
180545
180543
180540
180539
180538
180535
180532
180527
180524
180523
180520
180516
180512
180513
180515
180516
180516
180515
180516
180519
180521
180522
180524
180528
180532
180531
180529
180529
180532
180535
180535
180533
180532
180532
180531
180530
180527
180525
180525
180526
180524
180522
180521
180522
180525
180528
180529
180530
180533
180536
180538
180539
180541
180546
180551
180552
180551
180550
180552
180552
180548
180543
180539
180537
180535
180533
180527
180524
180523
180520
180517
180515
180513
180514
180516
180518
180517
180519
180525
180531
180532
180532
180532
180535
180537
180538
180539
180538
180539
180541
180539
180538
180539
180540
180540
180538
180536
180535
180536
180537
180536
180535
180534
180534
180534
180534
180532
180529
180527
180527
180527
180525
180525
180526
180528
180528
180529
180529
180530
180533
180534
180534
180534
180537
180540
180539
180535
180532
180531
180529
180526
180521
180518
180518
180518
180517
180514
180514
180515
180517
180517
180516
180515
180517
180518
180517
180518
180520
180523
180526
180526
180521
180519
180520
180523
180524
180524
180525
180528
180529
180527
180523
180523
180525
180526
180527
180527
180529
180530
180530
180528
180527
180527
180530
180533
180534
180532
180532
180532
180533
180532
180531
180530
180531
180533
180531
180530
180531
180533
180534
180535
180535
180534
180535
180536
180535
180535
180537
180539
180540
180540
180541
180542
180543
180544
180544
180543
180542
180543
180543
180543
180542
180542
180546
180551
180554
180555
180558
180561
180564
180567
180566
180566
180568
180569
180567
180565
180564
180564
180564
180562
180561
180560
180561
180564
180566
180566
180565
180566
180565
180563
180560
180558
180558
180558
180556
180555
180554
180555
180556
180556
180555
180556
180557
180559
180557
180556
180554
180554
180556
180555
180554
180552
180553
180554
180552
180549
180546
180546
180548
180548
180547
180547
180548
180550
180551
180550
180548
180549
180550
180550
180548
180547
180548
180548
180547
180546
180545
180547
180550
180549
180549
180550
180553
180554
180555
180556
180558
180561
180564
180564
180562
180562
180562
180562
180560
180556
180553
180553
180554
180553
180551
180552
180554
180557
180558
180557
180558
180560
180562
180560
180558
180556
180557
180558
180556
180551
180549
180549
180549
180549
180547
180546
180547
180548
180547
180544
180542
180542
180541
180539
180537
180536
180537
180537
180534
180531
180529
180528
180529
180528
180526
180526
180529
180529
180529
180529
180530
180534
180537
180537
180539
180539
180541
180543
180542
180540
180539
180538
180537
180534
180531
180529
180527
180526
180524
180522
180521
180521
180520
180519
180517
180517
180517
180516
180515
180512
180509
180508
180507
180505
180503
180499
180498
180497
180495
180492
180490
180490
180491
180490
180489
180488
180489
180492
180490
180488
180488
180487
180487
180485
180483
180483
180484
180486
180485
180484
180485
180488
180490
180491
180492
180495
180499
180503
180507
180509
180512
180516
180519
180522
180522
180524
180528
180531
180532
180532
180534
180535
180536
180536
180537
180538
180541
180543
180542
180540
180538
180538
180539
180538
180535
180534
180536
180539
180536
180535
180535
180536
180536
180532
180528
180526
180525
180524
180520
180516
180513
180512
180512
180509
180506
180505
180506
180507
180507
180505
180507
180509
180510
180508
180504
180503
180506
180508
180506
180504
180502
180503
180502
180500
180497
180497
180500
180501
180499
180497
180498
180499
180501
180499
180495
180494
180495
180496
180495
180494
180495
180499
180502
180501
180500
180501
180506
180510
180509
180508
180510
180512
180513
180512
180511
180513
180515
180517
180517
180516
180519
180520
180521
180522
180521
180521
180523
180525
180524
180522
180522
180520
180519
180516
180513
180511
180511
180511
180510
180511
180512
180515
180516
180516
180515
180515
180517
180519
180520
180520
180523
180525
180527
180527
180525
180526
180527
180528
180524
180519
180519
180519
180520
180521
180521
180522
180524
180525
180525
180525
180527
180531
180536
180539
180540
180543
180546
180546
180544
180542
180542
180544
180544
180544
180543
180546
180548
180548
180547
180545
180546
180548
180549
180549
180549
180552
180554
180555
180555
180555
180555
180558
180560
180559
180558
180561
180564
180564
180563
180562
180562
180562
180563
180562
180560
180560
180560
180562
180560
180557
180557
180557
180558
180557
180553
180552
180552
180551
180548
180545
180544
180543
180543
180541
180539
180538
180539
180540
180539
180538
180540
180542
180544
180543
180542
180544
180547
180549
180549
180546
180545
180548
180548
180545
180544
180545
180547
180546
180544
180541
180540
180542
180542
180540
180539
180540
180541
180541
180540
180539
180540
180540
180540
180539
180538
180539
180540
180540
180539
180539
180540
180541
180543
180541
180538
180538
180540
180540
180539
180538
180538
180540
180542
180542
180542
180544
180547
180549
180548
180546
180547
180549
180549
180547
180546
180546
180545
180544
180544
180543
180544
180546
180548
180547
180544
180544
180546
180547
180545
180543
180544
180547
180549
180548
180547
180548
180549
180549
180547
180544
180544
180547
180548
180547
180545
180546
180549
180550
180548
180546
180547
180548
180548
180547
180547
180547
180548
180549
180548
180549
180550
180552
180553
180553
180554
180557
180560
180561
180561
180560
180562
180564
180565
180564
180564
180565
180565
180563
180561
180559
180558
180557
180553
180548
180543
180539
180536
180532
180527
180523
180521
180518
180515
180511
180508
180506
180507
180508
180507
180507
180509
180512
180512
180511
180509
180510
180511
180512
180512
180512
180513
180514
180514
180513
180511
180514
180516
180519
180519
180520
180524
180530
180535
180537
180539
180544
180548
180550
180552
180554
180556
180557
180556
180553
180550
180547
180546
180542
180536
180530
180527
180524
180519
180513
180510
180511
180513
180514
180512
180510
180509
180508
180508
180504
180501
180501
180500
180497
180495
180493
180491
180491
180490
180487
180485
180486
180489
180492
180492
180492
180494
180496
180495
180493
180491
180492
180492
180490
180487
180483
180481
180481
180479
180477
180475
180475
180477
180479
180479
180478
180479
180481
180482
180482
180483
180486
180489
180490
180487
180484
180486
180486
180484
180480
180478
180478
180478
180478
180477
180476
180476
180477
180476
180474
180473
180472
180475
180476
180474
180474
180476
180477
180477
180476
180475
180478
180481
180481
180481
180484
180488
180493
180494
180492
180492
180493
180493
180492
180490
180490
180493
180494
180493
180491
180488
180487
180487
180487
180486
180485
180487
180489
180488
180487
180488
180490
180494
180497
180497
180498
180502
180506
180508
180510
180512
180514
180517
180518
180517
180516
180516
180518
180518
180516
180516
180518
180520
180519
180517
180516
180517
180519
180518
180516
180515
180517
180517
180517
180516
180516
180518
180520
180521
180519
180520
180522
180524
180524
180525
180527
180531
180535
180535
180534
180534
180536
180538
180538
180535
180534
180536
180537
180537
180537
180539
180543
180546
180546
180547
180550
180553
180556
180557
180559
180561
180564
180568
180571
180571
180571
180573
180575
180575
180574
180574
180575
180575
180572
180570
180567
180566
180568
180567
180565
180565
180567
180568
180569
180569
180570
180572
180574
180574
180573
180571
180572
180572
180569
180565
180562
180562
180562
180559
180556
180554
180555
180555
180551
180549
180546
180545
180543
180537
180532
180528
180525
180521
180517
180513
180509
180506
180502
180497
180493
180490
180489
180487
180484
180481
180480
180478
180477
180475
180470
180465
180464
180464
180461
180457
180456
180457
180457
180455
180452
180449
180451
180452
180450
180449
180451
180454
180457
180459
180458
180459
180462
180465
180466
180467
180468
180469
180470
180468
180466
180466
180468
180470
180470
180469
180471
180474
180476
180478
180479
180481
180486
180489
180489
180488
180488
180488
180490
180491
180492
180492
180493
180495
180495
180496
180497
180499
180501
180502
180500
180499
180500
180500
180499
180499
180498
180500
180503
180504
180504
180503
180503
180504
180503
180499
180499
180501
180503
180505
180506
180508
180512
180514
180514
180513
180515
180517
180519
180520
180519
180520
180523
180526
180525
180523
180523
180524
180525
180524
180522
180523
180525
180525
180523
180523
180525
180527
180527
180526
180526
180528
180530
180531
180531
180530
180530
180529
180529
180528
180526
180526
180526
180525
180523
180521
180520
180521
180523
180522
180519
180519
180521
180522
180522
180521
180520
180520
180518
180514
180511
180509
180510
180510
180507
180505
180505
180505
180505
180503
180500
180501
180503
180503
180502
180499
180499
180499
180499
180499
180494
180493
180493
180492
180491
180489
180489
180491
180492
180490
180491
180493
180497
180500
180501
180499
180500
180501
180500
180502
180506
180508
180511
180511
180508
180506
180507
180509
180511
180511
180512
180515
180519
180523
180524
180525
180526
180527
180528
180525
180523
180523
180524
180524
180523
180522
180524
180525
180524
180521
180517
180514
180514
180514
180514
180513
180512
180514
180513
180508
180504
180502
180501
180502
180503
180504
180505
180509
180512
180514
180516
180518
180520
180522
180520
180521
180522
180523
180524
180521
180517
180514
180512
180509
180504
180501
180498
180497
180497
180494
180492
180492
180495
180500
180503
180505
180509
180515
180521
180523
180524
180525
180527
180529
180529
180527
180526
180527
180530
180530
180528
180528
180529
180528
180526
180524
180524
180525
180525
180521
180516
180513
180513
180512
180510
180508
180509
180511
180513
180514
180514
180516
180518
180520
180521
180521
180523
180523
180524
180521
180519
180520
180519
180518
180517
180515
180514
180515
180518
180520
180520
180522
180527
180528
180527
180527
180531
180533
180535
180535
180535
180538
180539
180541
180540
180540
180539
180540
180540
180537
180534
180532
180531
180528
180523
180516
180512
180511
180510
180508
180505
180506
180507
180508
180507
180504
180505
180507
180510
180511
180511
180515
180518
180518
180515
180511
180510
180509
180507
180504
180501
180501
180502
180501
180495
180490
180488
180489
180490
180487
180485
180487
180488
180487
180486
180486
180488
180491
180492
180493
180492
180493
180493
180492
180490
180489
180489
180490
180491
180489
180488
180489
180491
180492
180491
180488
180489
180489
180489
180489
180489
180490
180492
180492
180492
180490
180491
180493
180495
180493
180490
180489
180490
180491
180489
180489
180490
180493
180493
180492
180488
180488
180488
180487
180485
180481
180482
180486
180487
180487
180487
180489
180493
180496
180496
180496
180499
180503
180503
180502
180502
180503
180504
180504
180503
180501
180501
180501
180500
180498
180497
180497
180499
180501
180503
180504
180506
180506
180506
180506
180506
180508
180510
180511
180510
180511
180512
180514
180515
180515
180516
180517
180520
180521
180523
180524
180524
180526
180528
180528
180526
180527
180528
180529
180528
180526
180527
180530
180531
180529
180528
180529
180532
180533
180532
180532
180534
180536
180538
180538
180538
180538
180538
180537
180533
180530
180530
180529
180527
180523
180519
180519
180519
180518
180517
180518
180519
180521
180521
180520
180520
180521
180523
180525
180525
180524
180524
180525
180523
180520
180518
180517
180517
180516
180514
180512
180512
180513
180512
180511
180511
180512
180513
180512
180511
180511
180512
180514
180515
180516
180515
180518
180522
180524
180522
180521
180522
180523
180522
180521
180519
180520
180519
180517
180515
180514
180514
180517
180518
180516
180514
180515
180516
180516
180514
180513
180515
180518
180517
180515
180514
180514
180515
180514
180513
180513
180515
180516
180513
180510
180508
180507
180508
180507
180507
180508
180510
180512
180512
180510
180509
180510
180513
180514
180512
180510
180511
180512
180511
180509
180508
180508
180508
180508
180506
180505
180504
180502
180501
180499
180497
180497
180498
180499
180498
180495
180495
180496
180497
180497
180496
180498
180501
180501
180499
180499
180501
180505
180507
180507
180508
180510
180513
180515
180516
180516
180517
180519
180518
180515
180513
180513
180513
180511
180508
180505
180504
180503
180502
180500
180500
180504
180508
180506
180506
180507
180510
180512
180512
180511
180510
180510
180511
180511
180509
180508
180509
180510
180511
180510
180509
180507
180507
180507
180505
180504
180504
180505
180505
180504
180503
180505
180508
180509
180509
180508
180508
180508
180507
180504
180501
180501
180501
180499
180496
180494
180494
180495
180495
180493
180493
180494
180495
180496
180494
180494
180495
180498
180498
180496
180494
180494
180495
180495
180493
180493
180494
180495
180494
180492
180490
180491
180492
180491
180491
180491
180491
180491
180490
180489
180489
180490
180491
180491
180489
180487
180490
180493
180493
180492
180491
180491
180493
180494
180493
180491
180492
180494
180493
180489
180486
180486
180487
180485
180482
180481
180481
180481
180480
180479
180480
180481
180484
180485
180484
180482
180483
180486
180488
180488
180490
180493
180495
180494
180494
180495
180500
180504
180505
180506
180506
180506
180509
180509
180508
180508
180510
180510
180509
180508
180507
180509
180510
180511
180510
180508
180508
180509
180508
180508
180507
180508
180511
180510
180507
180505
180506
180508
180508
180509
180510
180511
180512
180512
180509
180508
180509
180509
180508
180507
180504
180505
180506
180502
180499
180499
180501
180504
180506
180506
180507
180509
180511
180510
180510
180512
180514
180515
180515
180515
180514
180514
180514
180511
180507
180504
180501
180499
180497
180493
180491
180493
180493
180493
180492
180491
180493
180495
180492
180489
180486
180487
180489
180489
180488
180488
180490
180492
180490
180488
180488
180490
180493
180493
180490
180489
180490
180490
180487
180484
180484
180486
180488
180486
180484
180482
180481
180482
180481
180479
180479
180480
180480
180478
180475
180475
180478
180479
180479
180478
180478
180480
180481
180480
180479
180480
180482
180484
180485
180485
180486
180487
180488
180487
180487
180489
180492
180495
180497
180497
180497
180498
180499
180498
180496
180494
180495
180497
180497
180495
180495
180497
180497
180494
180490
180489
180490
180491
180489
180487
180486
180487
180488
180486
180486
180486
180487
180488
180487
180485
180486
180487
180490
180490
180489
180489
180492
180495
180496
180495
180495
180497
180497
180494
180492
180491
180492
180493
180491
180488
180489
180490
180491
180490
180487
180488
180489
180489
180486
180483
180483
180487
180491
180492
180494
180497
180497
180498
180496
180493
180492
180493
180493
180492
180491
180490
180491
180491
180491
180491
180492
180493
180495
180494
180493
180494
180497
180499
180500
180499
180500
180501
180501
180499
180496
180494
180493
180491
180487
180483
180481
180479
180479
180478
180476
180476
180477
180480
180480
180480
180481
180483
180486
180484
180484
180486
180490
180493
180493
180493
180493
180496
180500
180499
180497
180496
180495
180496
180495
180493
180493
180493
180494
180491
180489
180489
180491
180494
180494
180494
180496
180499
180500
180498
180495
180495
180497
180501
180502
180500
180501
180504
180504
180502
180500
180500
180501
180501
180499
180497
180498
180500
180501
180501
180501
180503
180506
180508
180508
180506
180504
180505
180505
180502
180501
180499
180497
180498
180498
180496
180496
180499
180502
180502
180500
180501
180504
180505
180503
180500
180498
180496
180493
180491
180491
180493
180494
180496
180497
180497
180499
180502
180504
180504
180505
180505
180505
180507
180505
180505
180507
180508
180508
180505
180503
180502
180500
180499
180497
180494
180493
180493
180492
180491
180487
180486
180486
180486
180484
180483
180485
180487
180489
180490
180489
180491
180493
180495
180494
180492
180493
180495
180493
180490
180487
180486
180486
180486
180483
180479
180477
180475
180472
180469
180466
180465
180465
180462
180459
180456
180452
180450
180447
180445
180441
180440
180441
180441
180439
180437
180438
180443
180446
180448
180450
180454
180458
180461
180460
180458
180459
180460
180462
180461
180459
180459
180461
180461
180459
180455
180453
180455
180456
180456
180456
180459
180460
180458
180456
180452
180452
180452
180451
180447
180443
180442
180441
180440
180439
180438
180439
180444
180448
180452
180454
180455
180458
180460
180461
180459
180462
180466
180467
180466
180465
180465
180466
180465
180464
180462
180461
180462
180463
180462
180460
180461
180463
180463
180463
180464
180467
180470
180472
180471
180469
180470
180473
180474
180473
180472
180475
180479
180480
180481
180482
180484
180488
180491
180490
180488
180487
180488
180486
180483
180481
180481
180482
180481
180479
180476
180475
180475
180476
180475
180474
180476
180479
180483
180485
180485
180487
180490
180493
180494
180494
180496
180499
180499
180498
180497
180499
180502
180502
180502
180501
180501
180506
180508
180508
180507
180508
180510
180512
180509
180509
180512
180513
180514
180511
180508
180508
180508
180508
180506
180504
180507
180509
180511
180511
180511
180512
180514
180514
180513
180513
180514
180514
180514
180511
180507
180505
180503
180499
180494
180490
180488
180487
180487
180487
180485
180487
180489
180491
180491
180489
180490
180490
180490
180489
180489
180490
180492
180491
180489
180487
180488
180490
180491
180489
180487
180489
180490
180490
180489
180489
180491
180493
180493
180491
180490
180491
180492
180493
180493
180492
180493
180493
180491
180489
180486
180484
180484
180483
180480
180477
180476
180474
180473
180469
180465
180463
180462
180460
180454
180448
180446
180445
180443
180441
180440
180440
180440
180442
180442
180443
180446
180451
180453
180454
180456
180459
180462
180464
180464
180463
180464
180465
180464
180462
180459
180459
180458
180457
180455
180452
180452
180451
180450
180449
180449
180452
180455
180458
180459
180460
180462
180463
180464
180464
180464
180467
180472
180472
180472
180473
180475
180478
180478
180476
180475
180476
180478
180480
180481
180482
180483
180484
180485
180484
180484
180486
180490
180491
180490
180489
180489
180491
180489
180487
180484
180486
180489
180490
180490
180491
180496
180499
180501
180502
180503
180505
180505
180506
180505
180503
180503
180502
180502
180500
180497
180498
180500
180501
180501
180501
180504
180507
180506
180505
180506
180508
180511
180511
180511
180511
180513
180514
180513
180512
180510
180510
180511
180509
180508
180506
180508
180509
180508
180506
180506
180506
180508
180509
180509
180510
180513
180516
180518
180516
180515
180516
180516
180515
180513
180511
180507
180506
180504
180501
180498
180497
180498
180496
180496
180496
180499
180504
180507
180509
180511
180513
180515
180514
180511
180507
180505
180504
180503
180499
180494
180495
180496
180496
180497
180498
180500
180502
180501
180500
180500
180501
180502
180501
180498
180496
180495
180495
180492
180487
180483
180481
180481
180479
180478
180478
180481
180483
180484
180485
180485
180484
180486
180486
180484
180481
180481
180482
180481
180480
180479
180480
180481
180480
180478
180476
180477
180478
180477
180475
180474
180476
180479
180480
180478
180478
180479
180480
180479
180477
180476
180477
180479
180479
180478
180479
180482
180484
180484
180482
180482
180485
180488
180488
180487
180485
180485
180487
180486
180483
180482
180484
180484
180482
180479
180478
180479
180479
180478
180477
180476
180478
180479
180478
180476
180475
180475
180475
180475
180474
180472
180473
180474
180473
180471
180469
180469
180468
180467
180466
180463
180461
180462
180460
180457
180455
180456
180459
180458
180455
180456
180457
180458
180458
180458
180459
180459
180458
180458
180457
180456
180457
180459
180459
180457
180457
180461
180465
180465
180466
180468
180471
180475
180476
180475
180475
