179429
179433
179437
179438
179437
179438
179440
179442
179441
179438
179437
179436
179438
179437
179436
179435
179436
179437
179436
179431
179429
179430
179430
179429
179427
179424
179423
179420
179416
179410
179405
179402
179399
179394
179388
179385
179382
179380
179379
179374
179372
179374
179376
179375
179372
179371
179371
179371
179370
179369
179368
179369
179371
179371
179372
179372
179374
179378
179379
179381
179382
179386
179390
179389
179388
179388
179390
179392
179391
179391
179391
179393
179395
179397
179396
179397
179399
179403
179404
179404
179403
179404
179406
179407
179406
179407
179409
179411
179411
179409
179407
179406
179406
179405
179403
179403
179406
179410
179412
179411
179411
179412
179413
179413
179412
179412
179414
179416
179416
179414
179414
179416
179418
179418
179418
179420
179421
179422
179423
179422
179422
179424
179428
179429
179430
179430
179432
179434
179434
179433
179432
179433
179434
179433
179429
179428
179428
179428
179426
179423
179420
179420
179421
179418
179417
179415
179416
179418
179416
179413
179413
179416
179419
179420
179422
179422
179423
179427
179428
179428
179428
179430
179433
179435
179433
179433
179435
179434
179432
179431
179431
179431
179430
179426
179423
179422
179423
179423
179421
179419
179416
179416
179415
179412
179408
179406
179407
179409
179408
179404
179402
179402
179402
179401
179400
179400
179400
179401
179399
179397
179397
179398
179399
179400
179401
179402
179405
179409
179408
179405
179404
179406
179407
179406
179404
179404
179405
179407
179406
179404
179403
179405
179406
179406
179404
179406
179408
179410
179410
179409
179408
179409
179411
179412
179412
179412
179414
179415
179414
179412
179412
179412
179413
179411
179409
179409
179410
179412
179412
179411
179411
179411
179412
179412
179410
179411
179414
179416
179416
179415
179415
179417
179419
179420
179421
179423
179428
179433
179435
179435
179436
179439
179440
179438
179437
179436
179438
179438
179436
179433
179432
179432
179434
179432
179431
179432
179432
179433
179433
179432
179433
179436
179437
179436
179435
179436
179437
179439
179440
179440
179439
179439
179440
179439
179437
179437
179438
179441
179439
179436
179435
179435
179434
179432
179428
179425
179426
179426
179425
179424
179425
179425
179425
179423
179422
179421
179422
179425
179425
179424
179425
179427
179429
179429
179427
179429
179431
179433
179432
179430
179429
179428
179428
179425
179422
179420
179420
179417
179413
179408
179406
179405
179403
179401
179398
179396
179397
179397
179394
179392
179392
179393
179395
179395
179394
179394
179396
179397
179395
179394
179395
179398
179399
179399
179398
179399
179402
179403
179402
179400
179401
179402
179401
179399
179397
179398
179399
179401
179400
179397
179397
179398
179399
179399
179397
179396
179399
179403
179403
179404
179408
179412
179417
179418
179418
179419
179421
179423
179423
179424
179426
179431
179433
179433
179432
179432
179434
179434
179432
179431
179431
179432
179434
179434
179433
179434
179435
179437
179437
179435
179434
179436
179438
179435
179434
179434
179436
179437
179436
179435
179435
179435
179436
179435
179433
179434
179434
179436
179435
179432
179432
179433
179434
179435
179435
179438
179441
179443
179444
179446
179449
179453
179459
179463
179466
179469
179473
179478
179482
179486
179490
179497
179502
179504
179504
179505
179507
179509
179510
179509
179512
179514
179515
179514
179511
179511
179511
179509
179507
179505
179504
179503
179502
179501
179499
179500
179502
179504
179505
179504
179505
179508
179511
179510
179509
179511
179514
179513
179511
179511
179514
179516
179518
179519
179518
179517
179516
179513
179510
179508
179507
179506
179503
179498
179492
179489
179487
179484
179478
179472
179470
179469
179468
179464
179461
179460
179460
179460
179455
179450
179447
179445
179441
179437
179433
179433
179434
179433
179431
179427
179426
179427
179428
179426
179424
179423
179423
179422
179417
179412
179410
179409
179406
179402
179398
179397
179397
179398
179397
179393
179392
179394
179394
179392
179389
179387
179387
179386
179383
179380
179381
179382
179381
179379
179375
179372
179372
179368
179363
179359
179357
179357
179357
179353
179352
179351
179353
179355
179354
179354
179357
179361
179363
179362
179361
179365
179370
179371
179369
179369
179369
179373
179375
179374
179372
179373
179374
179374
179373
179371
179370
179373
179376
179378
179379
179382
179385
179387
179386
179386
179387
179389
179389
179388
179386
179387
179388
179387
179386
179386
179386
179388
179391
179393
179396
179400
179404
179404
179403
179402
179402
179404
179404
179401
179398
179397
179397
179396
179394
179392
179393
179395
179397
179400
179405
179409
179414
179419
179421
179422
179424
179427
179427
179425
179424
179425
179427
179428
179426
179425
179428
179428
179428
179427
179428
179430
179432
179433
179433
179432
179432
179434
179434
179433
179432
179434
179436
179437
179435
179431
179431
179432
179431
179428
179427
179426
179428
179428
179423
179419
179417
179417
179416
179413
179410
179409
179411
179411
179410
179409
179410
179413
179414
179413
179413
179414
179417
179416
179413
179412
179413
179415
179417
179416
179415
179417
179419
179419
179418
179417
179419
179421
179422
179421
179420
179421
179422
179421
179418
179417
179419
179420
179422
179422
179423
179425
179426
179426
179424
179425
179427
179430
179431
179430
179431
179435
179436
179435
179433
179432
179432
179433
179432
179432
179431
179433
179434
179432
179428
179425
179423
179423
179423
179422
179421
179422
179421
179420
179417
179414
179414
179415
179415
179414
179415
179416
179417
179418
179416
179415
179415
179416
179416
179415
179413
179415
179417
179417
179416
179415
179415
179415
179413
179410
179408
179407
179407
179405
179402
179402
179403
179405
179405
179405
179404
179406
179408
179410
179410
179411
179414
179418
179420
179422
179421
179422
179424
179424
179422
179421
179421
179422
179421
179417
179414
179415
179416
179415
179414
179414
179414
179415
179414
179412
179413
179415
179419
179420
179419
179420
179422
179424
179423
179422
179421
179420
179421
179422
179421
179420
179423
179424
179425
179424
179422
179423
179426
179424
179423
179424
179426
179427
179427
179428
179429
179432
179436
179438
179437
179436
179435
179434
179433
179432
179431
179432
179433
179431
179428
179426
179425
179422
179418
179414
179410
179407
179406
179403
179399
179396
179395
179394
179392
179389
179387
179388
179389
179390
179390
179391
179395
179398
179398
179398
179398
179399
179401
179401
179400
179398
179398
179395
179391
179389
179389
179391
179391
179390
179388
179387
179388
179390
179388
179385
179382
179382
179382
179381
179378
179376
179377
179377
179378
179377
179376
179378
179380
179381
179380
179381
179384
179386
179387
179388
179389
179390
179391
179393
179393
179394
179397
179398
179397
179396
179396
179397
179399
179399
179399
179399
179399
179401
179400
179398
179398
179400
179402
179400
179398
179398
179400
179400
179399
179398
179396
179398
179401
179402
179402
179404
179404
179404
179402
179400
179400
179404
179408
179410
179410
179410
179413
179414
179415
179416
179418
179420
179422
179423
179421
179420
179422
179424
179423
179422
179422
179424
179425
179425
179424
179423
179425
179426
179424
179423
179424
179426
179427
179427
179426
179425
179426
179425
179422
179418
179415
179414
179416
179416
179415
179415
179417
179419
179419
179419
179420
179422
179426
179427
179425
179424
179426
179428
179427
179426
179428
179431
179433
179433
179431
179429
179428
179429
179428
179425
179423
179424
179427
179427
179426
179426
179427
179428
179427
179425
179426
179427
179428
179427
179426
179426
179429
179432
179431
179430
179431
179434
179435
179433
179431
179432
179433
179433
179430
179429
179427
179429
179431
179431
179430
179429
179430
179432
179432
179431
179432
179434
179437
179437
179435
179435
179436
179435
179432
179429
179428
179427
179428
179426
179424
179425
179427
179430
179432
179433
179435
179439
179442
179442
179442
179443
179446
179448
179449
179448
179448
179451
179454
179454
179452
179453
179455
179455
179452
179449
179448
179451
179453
179451
179448
179447
179448
179448
179446
179444
179444
179444
179445
179443
179440
179439
179439
179440
179439
179438
179437
179438
179439
179438
179436
179436
179437
179438
179437
179435
179436
179438
179438
179437
179435
179435
179436
179438
179437
179437
179439
179442
179445
179443
179441
179441
179443
179444
179441
179437
179436
179433
179431
179427
179420
179415
179411
179409
179404
179397
179393
179390
179388
179386
179386
179385
179385
179385
179383
179381
179382
179382
179383
179381
179378
179376
179376
179375
179373
179371
179370
179370
179371
179370
179367
179365
179365
179365
179363
179360
179357
179358
179359
179358
179357
179358
179359
179358
179357
179355
179354
179356
179355
179352
179351
179351
179354
179356
179357
179359
179361
179364
179365
179365
179364
179365
179369
179373
179373
179371
179372
179375
179378
179379
179380
179382
179385
179389
179391
179392
179395
179398
179400
179400
179400
179402
179403
179405
179405
179404
179406
179409
179410
179410
179409
179410
179412
179415
179416
179417
179419
179422
179424
179423
179424
179427
179431
179432
179431
179429
179427
179428
179426
179425
179426
179427
179427
179426
179427
179428
179430
179433
179435
179435
179436
179440
179442
179444
179443
179441
179442
179443
179444
179442
179440
179441
179444
179445
179444
179444
179445
179447
179448
179448
179447
179447
179449
179450
179449
179448
179447
179448
179448
179444
179439
179436
179436
179436
179435
179435
179436
179438
179441
179440
179440
179441
179443
179443
179441
179441
179441
179440
179442
179441
179440
179441
179441
179440
179440
179437
179434
179433
179433
179432
179430
179432
179434
179435
179435
179433
179434
179436
179439
179438
179436
179437
179440
179444
179443
179440
179439
179439
179439
179437
179435
179435
179436
179436
179434
179433
179433
179434
179434
179430
179425
179423
179421
179420
179419
179415
179413
179413
179411
179408
179406
179406
179409
179410
179407
179404
179404
179405
179405
179402
179398
179396
179395
179392
179386
179380
179377
179376
179373
179370
179367
179368
179370
179371
179370
179370
179371
179373
179374
179374
179372
179373
179376
179377
179375
179371
179370
179370
179370
179370
179368
179370
179374
179377
179378
179376
179376
179377
179377
179375
179374
179374
179375
179376
179374
179373
179373
179374
179375
179374
179373
179375
179378
179378
179377
179377
179378
179379
179381
179382
179381
179383
179385
179387
179387
179385
179385
179386
179385
179382
179379
179379
179381
179382
179383
179385
179387
179390
179393
179393
179392
179394
179398
179398
179396
179394
179391
179390
179389
179386
179383
179384
179385
179385
179384
179383
179384
179385
179385
179384
179383
179383
179384
179385
179384
179383
179384
179386
179387
179387
179388
179390
179392
179393
179393
179393
179393
179394
179393
179391
179388
179388
179390
179390
179388
179385
179384
179385
179384
179384
179383
179385
179386
179386
179384
179384
179386
179386
179384
179381
179378
179376
179376
179375
179371
179368
179368
179367
179367
179366
179364
179365
179367
179369
179368
179370
179370
179370
179370
179370
179370
179372
179374
179374
179371
179371
179375
179376
179377
179377
179378
179382
179385
179387
179389
179392
179397
179402
179405
179407
179408
179411
179414
179416
179416
179417
179420
179422
179423
179421
179419
179418
179419
179419
179418
179418
179420
179422
179422
179420
179419
179420
179421
179421
179419
179419
179420
179421
179421
179420
179419
179421
179424
179426
179426
179424
179424
179424
179424
179423
179423
179424
179426
179426
179426
179425
179428
179432
179433
179434
179434
179437
179440
179439
179435
179431
179429
179429
179427
179422
179419
179420
179421
179420
179419
179420
179423
179427
179428
179427
179427
179427
179428
179427
179424
179422
179423
179423
179423
179419
179413
179412
179412
179410
179409
179408
179408
179408
179409
179407
179404
179404
179405
179403
179402
179401
179404
179405
179406
179403
179401
179401
179403
179402
179400
179398
179398
179399
179399
179399
179399
179402
179406
179408
179409
179410
179412
179413
179412
179411
179410
179409
179409
179409
179409
179410
179412
179416
179417
179416
179415
179416
179418
179418
179416
179414
179415
179417
179417
179415
179415
179416
179417
179417
179416
179415
179415
179416
179414
179411
179410
179410
179409
179408
179406
179405
179406
179408
179409
179409
179410
179411
179413
179414
179413
179414
179417
179420
179422
179421
179421
179421
179422
179422
179420
179419
179421
179424
179422
179421
179421
179422
179422
179420
179418
179417
179416
179414
179412
179410
179409
179409
179409
179407
179403
179400
179400
179400
179400
179398
179398
179398
179398
179398
179397
179396
179397
179398
179398
179396
179396
179397
179398
179397
179394
179392
179392
179392
179391
179389
179389
179392
179392
179391
179388
179385
179386
179385
179382
179380
179380
179379
179379
179378
179375
179374
179375
179375
179373
179372
179372
179373
179375
179376
179376
179376
179379
179383
179385
179386
179386
179388
179389
179390
179390
179390
179393
179396
179397
179398
179401
179403
179406
179405
179403
179403
179405
179406
179405
179403
179402
179402
179401
179400
179400
179400
179402
179404
179404
179404
179403
179403
179403
179402
179402
179403
179404
179404
179403
179402
179401
179402
179404
179405
179405
179405
179407
179409
179411
179411
179412
179415
179418
179418
179415
179412
179411
179411
179408
179406
179406
179407
179409
179409
179408
179407
179409
179413
179412
179411
179411
179413
179416
179419
179421
179424
179428
179431
179430
179428
179429
179431
179433
179435
179433
179432
179432
179433
179431
179428
179425
179425
179425
179423
179421
179418
179417
179416
179416
179417
179415
179414
179413
179412
179409
179406
179405
179407
179408
179407
179409
179409
179410
179410
179409
179409
179411
179413
179412
179410
179409
179410
179409
179408
179405
179404
179405
179405
179403
179401
179398
179397
179398
179396
179393
179394
179397
179400
179400
179399
179397
179398
179400
179398
179396
179395
179396
179397
179397
179395
179394
179395
179398
179397
179397
179397
179400
179403
179404
179405
179406
179407
179409
179409
179409
179409
179410
179411
179411
179411
179412
179415
179418
179419
179419
179422
179426
179428
179429
179430
179431
179434
179436
179436
179436
179437
179438
179437
179435
179433
179431
179433
179435
179433
179430
179429
179429
179429
179428
179427
179428
179430
179430
179427
179425
179425
179427
179428
179428
179429
179432
179435
179437
179436
179435
179434
179433
179431
179427
179423
179421
179421
179420
179418
179416
179414
179413
179412
179410
179407
179405
179405
179405
179402
179399
179398
179401
179404
179404
179403
179404
179406
179408
179405
179403
179401
179402
179403
179401
179398
179398
179399
179398
179396
179393
179391
179391
179391
179390
179387
179385
179385
179386
179385
179383
179382
179382
179382
179380
179376
179373
179372
179372
179370
179369
179370
179372
179374
179374
179372
179373
179377
179379
179380
179381
179381
179382
179381
179380
179377
179375
179375
179377
179375
179374
179374
179376
179378
179379
179379
179381
179386
179391
179393
179394
179397
179402
179405
179408
179409
179410
179411
179415
179416
179415
179418
179422
179426
179426
179427
179429
179429
179428
179428
179427
179427
179428
179429
179427
179426
179427
179428
179431
179431
179430
179431
179433
179435
179436
179435
179434
179434
179434
179432
179429
179429
179429
179428
179425
179423
179422
179421
179420
179417
179416
179416
179418
179419
179419
179418
179420
179423
179425
179423
179423
179423
179425
179425
179422
179419
179418
179419
179419
179416
179411
179410
179409
179409
179408
179407
179409
179411
179413
179412
179408
179405
179405
179404
179401
179397
179394
179393
179395
179393
179391
179389
179388
179389
179390
179389
179388
179390
179393
179394
179393
179394
179396
179397
179396
179393
179392
179390
179387
179382
179377
179373
179370
179368
179364
179361
179360
179362
179365
179363
179359
179360
179362
179363
179363
179361
179363
179367
179369
179368
179368
179369
179372
179373
179371
179369
179370
179371
179369
179364
179358
179356
179354
179352
179349
179344
179342
179341
179340
179339
179338
179338
179341
179343
179344
179345
179348
179353
179357
179359
179360
179362
179364
179367
179364
179360
179359
179361
179362
179362
179362
179365
179368
179372
179371
179369
179371
179375
179378
179378
179376
179378
179381
179382
179382
179380
179381
179381
179381
179380
179379
179379
179380
179382
179383
179384
179386
179390
179393
179393
179392
179394
179396
179398
179398
179397
179398
179398
179397
179396
179394
179394
179396
179396
179394
179392
179393
179394
179395
179393
179391
179392
179393
179393
179392
179392
179396
179399
179401
179400
179399
179400
179402
179403
179404
179403
179403
179405
179405
179402
179399
179398
179399
179398
179396
179394
179394
179397
179396
179394
179391
179391
179391
179389
179386
179384
179385
179385
179384
179382
179379
179379
179381
179382
179382
179384
179387
179389
179390
179389
179386
179386
179387
179387
179385
179381
179380
179380
179379
179376
179374
179374
179375
179374
179373
179372
179373
179375
179377
179377
179376
179377
179378
179376
179373
179371
179370
179370
179369
179366
179364
179364
179365
179364
179363
179362
179364
179366
179368
179369
179370
179373
179376
179378
179378
179377
179378
179380
179381
179379
179378
179376
179377
179376
179375
179373
179373
179375
179374
179372
179370
179371
179371
179370
179368
179366
179368
179370
179369
179366
179363
179365
179364
179362
179361
179361
179363
179364
179365
179364
179362
179364
179365
179364
179364
179364
179366
179367
179366
179364
179363
179363
179365
179364
179361
179360
179361
179361
179360
179357
179355
179355
179357
179357
179355
179353
179353
179356
179358
179358
179358
179362
179365
179366
179366
179365
179365
179367
179367
179364
179362
179362
179362
179359
179355
179351
179349
179347
179346
179344
179343
179345
179347
179348
179345
179343
179346
179348
179349
179348
179348
179350
179354
179353
179352
179351
179354
179357
179359
179359
179359
179360
179361
179361
179361
179361
179362
179363
179363
179362
179361
179362
179364
179364
179362
179361
179361
179364
179366
179366
179364
179365
179368
179369
179368
179367
179368
179370
179372
179371
179370
179373
179375
179375
179373
179371
179371
179373
179373
179373
179373
179376
179379
179381
179380
179379
179379
179381
179381
179381
179381
179383
179385
179386
179386
179386
179388
179391
179391
179392
179391
179391
179393
179391
179390
179391
179391
179392
179392
179390
179390
179390
179391
179391
179389
179388
179389
179388
179387
179385
179386
179389
179391
179391
179389
179388
179390
179391
179391
179391
179390
179392
179393
179391
179389
179388
179390
179392
179390
179388
179386
179386
179386
179384
179382
179383
179385
179386
179386
179385
179384
179386
179389
179389
179388
179388
179391
179394
179396
179395
179393
179394
179398
179398
179395
179395
179397
179400
179398
179396
179395
179396
179397
179397
179396
179393
179394
179395
179395
179394
179395
179398
179401
179404
179404
179406
179408
179411
179413
179414
179414
179415
179415
179414
179412
179409
179408
179407
179404
179399
179395
179394
179393
179389
179384
179380
179376
179373
179369
179366
179364
179364
179364
179362
179359
179357
179355
179354
179354
179354
179354
179354
179353
179350
179347
179346
179347
179348
179347
179344
179342
179342
179342
179341
179340
179339
179339
179339
179336
179332
179330
179329
179331
179332
179332
179332
179335
179337
179338
179336
179335
179335
179335
179333
179331
179330
179330
179329
179330
179328
179326
179328
179332
179334
179332
179333
179334
179334
179333
179333
179333
179334
179335
179335
179335
179334
179336
179338
179338
179337
179336
179336
179337
179338
179338
179340
179342
179345
179347
179347
179350
179354
179356
179356
179354
179354
179356
179361
179362
179362
179363
179366
179369
179369
179366
179364
179366
179368
179369
179369
179369
179371
179373
179372
179369
179369
179371
179372
179369
179366
179364
179364
179363
179361
179359
179358
179362
179366
179365
179365
179367
179368
179369
179369
179367
179367
179366
179366
179362
179359
179359
179360
179362
179362
179363
179365
179369
179372
179373
179373
179374
179377
179380
179381
179381
179381
179381
179381
179381
179382
179383
179384
179386
179384
179381
179379
179378
179378
179378
179376
179376
179379
179380
179379
179376
179375
179377
179380
179380
179378
179378
179381
179383
179382
179380
179377
179377
179378
179374
179372
179372
179373
179375
179373
179371
179369
179369
179367
179363
179359
179357
179359
179361
179360
179359
179361
179363
179365
179366
179366
179368
179371
179372
179370
179366
179365
179364
179362
179359
179356
179356
179358
179359
179358
179355
179353
179353
179353
179351
179351
179349
179349
179349
179348
179346
179345
179346
179347
179347
179346
179345
179346
179346
179345
179343
179342
179343
179343
179342
179339
179338
179338
179338
179336
179331
179329
179330
179330
179328
179326
179325
179326
179327
179327
179329
179331
179335
179339
179340
179341
179343
179346
179351
179353
179355
179358
179364
179369
179371
179371
179372
179372
179373
179373
179371
179372
179374
179377
179380
179381
179383
179389
179394
179397
179400
179403
179407
179410
179411
179409
179408
179411
179414
179415
179416
179419
179422
179426
179426
179424
179424
179428
179430
179430
179428
179428
179429
179428
179425
179421
179419
179418
179417
179414
179411
179409
179408
179409
179409
179408
179410
179412
179416
179419
179419
179421
179426
179429
179429
179427
179426
179427
179428
179425
179420
179416
179414
179413
179411
179409
179408
179409
179409
179407
179406
179406
179406
179405
179403
179400
179399
179401
179400
179395
179393
179392
179390
179388
179386
179382
179382
179382
179383
179383
179380
179381
179383
179384
179383
179384
179386
179389
179392
179392
179390
179390
179390
179390
179387
179385
179383
179381
179380
179378
179373
179371
179370
179369
179365
179361
179360
179360
179362
179361
179360
179362
179369
179375
179378
179380
179384
179390
179396
179399
179399
179402
179405
179407
179406
179404
179403
179402
179402
179400
179399
179397
179396
179396
179395
179392
179391
179391
179391
179391
179389
179388
179388
179388
179386
179383
179381
179381
179381
179379
179379
179379
179380
179380
179378
179373
179372
179372
179373
179371
179369
179368
179366
179363
179359
179356
179354
179354
179353
179351
179350
179350
179351
179352
179348
179346
179346
179347
179347
179344
179340
179337
179338
179338
179336
179334
179334
179335
179338
179338
179337
179338
179341
179342
179338
179335
179335
179337
179337
179336
179335
179336
179339
179342
179343
179342
179344
179346
179349
179351
179353
179356
179357
179357
179356
179354
179351
179349
179349
179347
179346
179346
179347
179346
179345
179345
179347
179349
179351
179351
179353
179358
179362
179363
179363
179362
179364
179367
179369
179370
179369
179369
179370
179374
179374
179372
179374
179378
179380
179380
179379
179380
179382
179384
179383
179381
179381
179381
179380
179378
179376
179378
179381
179383
179386
179388
179390
179395
179398
179400
179402
179405
179407
179407
179404
179402
179402
179401
179400
179396
179394
179393
179394
179396
179396
179395
179398
179402
179406
179407
179406
179406
179408
179409
179408
179405
179404
179404
179402
179398
179394
179391
179388
179386
179380
179377
179376
179376
179376
179372
179370
179368
179368
179366
179363
179360
179358
179356
179356
179353
179352
179354
179355
179355
179355
179354
179357
179361
179365
179365
179366
179370
179374
179377
179378
179379
179381
179384
179386
179384
179381
179380
179379
179377
179374
179370
179369
179370
179370
179369
179367
179369
179372
179373
179372
179372
179374
179378
179380
179384
179388
179391
179394
179395
179394
179393
179394
179394
179394
179393
179390
179391
179393
179393
179393
179394
179395
179398
179398
179397
179397
179400
179402
179404
179401
179399
179399
179400
179400
179398
179397
179398
179397
179396
179394
179391
179391
179392
179394
179395
179396
179400
179404
179407
179407
179406
179406
179405
179403
179401
179397
179396
179395
179392
179388
179384
179384
179387
179388
179387
179385
179386
179386
179385
179383
179382
179383
179385
179385
179382
179381
179380
179380
179379
179377
179374
179372
179373
179374
179372
179369
179370
179372
179371
179370
179368
179368
179371
179374
179374
179373
179375
179377
179377
179374
179371
179372
179372
179373
179372
179371
179372
179372
179369
179367
179365
179367
179369
179371
179372
179374
179376
179379
179378
179376
179375
179376
179377
179376
179373
179373
179373
179374
179374
179373
179370
179369
179371
179370
179367
179365
179365
179367
179368
179366
179365
179367
179368
179367
179365
179364
179365
179366
179366
179364
179363
179365
179365
179363
179363
179364
179368
179371
179372
179371
179370
179372
179375
179377
179378
179378
179380
179381
179380
179379
179379
179380
179381
179380
179379
179379
179379
179379
179380
179380
179380
179383
179387
179390
179391
179393
179395
179399
179401
179398
179396
179397
179398
179399
179398
179397
179398
179400
179401
179400
179398
179399
179403
179404
179404
179402
179403
179405
179406
179404
179402
179403
179403
179402
179398
179395
179395
179393
179392
179390
179388
179388
179386
179384
179381
179379
179380
179382
179383
179382
179379
179378
179378
179378
179375
179372
179372
179373
179372
179369
179368
179367
179367
179365
179364
179363
179362
179364
179362
179360
179359
179360
179362
179361
179360
179360
179361
179361
179358
179355
179352
179351
179352
179351
179349
179349
179350
179351
179350
179349
179349
179351
179352
179352
179352
179352
179354
179355
179355
179355
179356
179357
179359
179359
179357
179356
179357
179357
179355
179353
179353
179353
179355
179354
179350
179348
179349
179350
179349
179349
179350
179351
179352
179352
179351
179349
179350
179353
179355
179354
179356
179360
179364
179363
179361
179360
179360
179363
179364
179362
179360
179362
179364
179365
179365
179366
179372
179377
179380
179381
179382
179387
179390
179391
179390
179391
179394
179396
179396
179393
179390
179391
179392
179392
179391
179390
179391
179393
179395
179395
179395
179398
179401
179403
179404
179405
179408
179410
179410
179406
179406
179408
179410
179408
179405
179404
179404
179405
179403
179399
179397
179397
179399
179398
179397
179396
179398
179398
179395
179392
179391
179392
179392
179390
179388
179386
179385
179386
179385
179380
179377
179376
179376
179375
179372
179369
179367
179365
179364
179362
179362
179361
179361
179361
179361
179360
179361
179364
179364
179364
179363
179364
179366
179366
179364
179364
179366
179367
179366
179366
179366
179367
179368
179368
179366
179368
179370
179371
179372
179370
179370
179371
179374
179376
179377
179377
179380
179385
179386
179387
179389
179392
179394
179395
179393
179391
179393
179395
179394
179393
179391
179391
179391
179389
179388
179387
179389
179390
179389
179387
179384
179385
179386
179385
179383
179384
179387
179392
179393
179394
179395
179400
179404
179405
179405
179406
179408
179409
179407
179403
179400
179398
179397
179395
179394
179393
179394
179396
179395
179395
179396
179397
179397
179396
179395
179396
179398
179399
179399
179397
179395
179393
179390
179388
179384
179380
179379
179379
179378
179374
179373
179373
179373
179370
179368
179367
179368
179369
179371
179370
179372
179375
179380
179382
179383
179385
179386
179388
179386
179384
179384
179384
179385
179386
179385
179386
179387
179390
179391
179392
179393
179395
179397
179396
179395
179392
179391
179390
179387
179383
179382
179380
179377
179373
179370
179368
179366
179366
179365
179361
179360
179360
179359
179357
179355
179355
179356
179357
179358
179358
179359
179359
179360
179358
179357
179358
179360
179361
179361
179361
179362
179364
179366
179364
179362
179362
179362
179363
179362
179360
179358
179361
179362
179360
179360
179361
179364
179366
179364
179362
179361
179362
179364
179363
179362
179363
179364
179366
179365
179362
179360
179362
179365
179365
179364
179364
179366
179367
179367
179368
179369
179372
179374
179374
179373
179373
179373
179374
179372
179369
179369
179371
179373
179374
179374
179376
179378
179380
179378
179376
179377
179380
179382
179382
179379
179379
179381
179381
179381
179380
179380
179382
179384
179385
179385
179386
179389
179392
179393
179392
179393
179394
179396
179393
179391
179390
179391
179391
179390
179388
179389
179391
179392
179391
179389
179389
179391
179394
179395
179394
179394
179395
179397
179397
179396
179398
179402
179405
179404
179403
179405
179408
179411
179412
179411
179412
179415
179417
179417
179415
179416
179418
179420
179420
179419
179418
179419
179421
179422
179421
179421
179423
179424
179420
179417
179415
179415
179414
179414
179413
179412
179413
179414
179415
179413
179412
179413
179415
179415
179415
179416
179418
179419
179417
179415
179416
179419
179423
179423
179420
179419
179420
179421
179419
179417
179418
179420
179419
179418
179417
179419
179420
179421
179419
179416
179417
179418
179418
179416
179416
179415
179417
179418
179417
179414
179412
179414
179415
179412
179407
179405
179406
179406
179403
179400
179397
179396
179395
179393
179391
179390
179391
179391
179388
179387
179387
179388
179388
179386
179384
179384
179384
179382
179379
179377
179378
179379
179379
179379
179377
179376
179376
179377
179375
179373
179373
179373
179374
179373
179371
179370
179372
179374
179374
179373
179375
179380
179383
179382
179380
179381
179383
179385
179385
179384
179383
179385
179387
179386
179383
179384
179387
179388
179386
179385
179385
179387
179387
179385
179382
179382
179384
179385
179385
179385
179386
179388
179389
179387
179387
179388
179390
179392
179391
179391
179391
179392
179394
179394
179393
179394
179394
179394
179392
179391
179391
179393
179392
179390
179388
179388
179389
179389
179386
179381
179380
179381
179381
179379
179377
179375
179375
179374
179371
179368
179369
179371
179372
179372
179370
179371
179372
179374
179373
179371
179373
179375
179377
179376
179376
179378
179379
179380
179380
179380
179380
179383
179384
179384
179384
179384
179385
179386
179384
179381
179381
179383
179385
179384
179382
179382
179382
179381
179379
179377
179376
179376
179375
179375
179374
179375
179379
179381
179380
179379
179381
179383
179384
179383
179383
179386
179389
179389
179388
179385
179386
179388
179391
179392
179393
179398
179403
179405
179406
179404
179405
179407
179408
179407
179407
179407
179409
179408
179406
179404
179403
179404
179402
179398
179395
179395
179398
179399
179397
179395
179395
179397
179397
179395
179394
179396
179398
179399
179397
179396
179397
179400
179400
179400
179400
179401
179404
179404
179402
179402
179403
179406
179407
179405
179405
179408
179411
179412
179413
179413
179413
179413
179411
179409
179407
179405
179406
179405
179404
179403
179405
179407
179407
179406
179406
179408
179408
179407
179405
179403
179402
179403
179404
179402
179399
179398
179398
179398
179396
179396
179399
179402
179405
179405
179403
179404
179406
179405
179402
179400
179401
179401
179404
179403
179402
179403
179404
179404
179404
179404
179406
179410
179412
179412
179413
179416
179419
179421
179421
179421
179422
179422
179420
179419
179416
179415
179415
179414
179412
179410
179411
179411
179410
179409
179408
179409
179411
179410
179409
179408
179407
179407
179407
179404
179401
179400
179400
179399
179397
179396
179397
179398
179400
179399
179399
179402
179405
179407
179406
179406
179407
179409
179409
179407
179406
179406
179406
179405
179403
179401
179401
179401
179399
179398
179397
179398
179398
179395
179391
179387
179385
179385
179383
179380
179378
179379
179380
179379
179375
179373
179372
179370
179367
179364
179361
179362
179363
179364
179361
179359
179360
179363
179363
179363
179362
179363
179366
179366
179365
179364
179367
179368
179368
179366
179364
179363
179361
179358
179354
179351
179350
179349
179347
179345
179344
179344
179344
179344
179343
179341
179342
179342
179340
179337
179335
179335
179337
179337
179335
179334
179335
179339
179340
179340
179342
179345
179349
179352
179353
179353
179355
179357
179357
179355
179353
179355
179357
179358
179358
179359
179362
179365
179366
179365
179366
179369
179372
179374
179374
179375
179378
179379
179378
179377
179378
179381
179385
179388
179389
179389
179392
179393
179393
179392
179393
179397
179401
179403
179403
179403
179405
179405
179404
179403
179402
179402
179404
179404
179402
179401
179403
179405
179406
179407
179406
179406
179409
179410
179409
179407
179406
179407
179407
179405
179405
179406
179407
179407
179406
179405
179406
179406
179406
179405
179404
179406
179409
179409
179406
179403
179403
179403
179404
179404
179403
179405
179408
179408
179407
179405
179406
179409
179409
179407
179406
179409
179410
179410
179409
179409
179409
179409
179408
179405
179404
179405
179407
179406
179404
179404
179405
179404
179403
179401
179398
179399
179401
179400
179397
179395
179395
179396
179395
179394
179394
179396
179397
179396
179393
179391
179392
179395
179396
179395
179396
179399
179403
179406
179406
179407
179411
179415
179416
179415
179416
179418
179421
179422
179420
179420
179423
179425
179425
179426
179428
179432
179436
179436
179435
179434
179437
179440
179441
179439
179438
179439
179440
179438
179433
179431
179431
179432
179431
179429
179429
179430
179433
179433
179431
179430
179430
179433
179435
179435
179434
179435
179437
179438
179436
179436
179439
179442
179442
179440
179439
179440
179442
179444
179445
179445
179446
179447
179447
179443
179441
179442
179442
179440
179438
179434
179432
179431
179427
179424
179422
179422
179422
179421
179417
179415
179416
179415
179415
179414
179414
179415
179416
179415
179415
179413
179412
179413
179411
179408
179406
179408
179410
179410
179408
179408
179410
179411
179410
179407
179405
179404
179403
179400
179397
179394
179392
179391
179391
179388
179387
179388
179390
179388
179388
179387
179385
179386
179387
179388
179387
179389
179391
179389
179387
179386
179387
179387
179387
179387
179388
179389
179390
179389
179389
179388
179389
179389
179387
179385
179385
179386
179386
179383
179379
179378
179378
179377
179374
179373
179374
179373
179373
179371
179369
179368
179367
179367
179366
179364
179362
179362
179363
179361
179359
179361
179364
179365
179365
179366
179366
179368
179369
179369
179365
179363
179362
179361
179359
179357
179356
179355
179356
179354
179355
179355
179356
179357
179356
179353
179353
179355
179358
179358
179356
179353
179353
179354
179353
179354
179356
179359
179364
179366
179367
179367
179370
179373
179374
179374
179376
179379
179383
179381
179379
179379
179380
179382
179383
179382
179382
179383
179384
179383
179381
179381
179383
179385
179387
179388
179390
179394
179399
179399
179397
179396
179397
179397
179394
179391
179391
179394
179398
179397
179395
179394
179395
179396
179394
179392
179390
179392
179395
179394
179394
179395
179397
179399
179400
179399
179398
179399
179402
179402
179401
179401
179402
179404
179403
179400
179398
179399
179400
179399
179397
179396
179397
179397
179395
179394
179395
179398
179401
179402
179399
179400
179402
179404
179403
179400
179398
179398
179398
179398
179395
179394
179396
179397
179396
179395
179393
179396
179398
179398
179397
179396
179397
179398
179396
179393
179391
179392
179393
179390
179388
179385
179385
179385
179385
179384
179384
179385
179385
179384
179382
179382
179383
179384
179381
179378
179376
179378
179377
179374
179371
179371
179373
179374
179373
179373
179375
179379
179382
179383
179383
179384
179385
179385
179383
179382
179381
179381
179380
179378
179375
179375
179377
179378
179376
179374
179371
179369
179366
179364
179361
179360
179361
179362
179361
179361
179361
179363
179363
179361
179359
179360
179362
179364
179364
179362
179364
179368
179369
179366
179365
179365
179366
179367
179365
179363
179363
179364
179363
179362
179360
179359
179359
179359
179357
179355
179355
179357
179356
179356
179354
179353
179354
179353
179351
179350
179351
179353
179355
179354
179352
179352
179353
179356
179357
179357
179359
179362
179365
179367
179368
179370
179372
179374
179373
179372
179372
179372
179372
179370
179368
179366
179366
179366
179364
179360
179359
179360
179361
179360
179359
179359
179360
179359
179356
179354
179355
179356
179355
179353
179351
179352
179353
179352
179352
179352
179354
179357
179359
179360
179361
179363
179365
179366
179367
179368
179370
179373
179376
179377
179376
179378
179380
179382
179381
179383
179386
179390
179393
179393
179392
179394
179396
179397
179396
179395
179397
179401
179404
179404
179404
179405
179407
179410
179410
179410
179412
179416
179419
179418
179417
179420
179425
179429
179430
179429
179429
179432
179433
179430
179428
179427
179428
179427
179426
179427
179429
179432
179433
179431
179429
179428
179427
179426
179424
179420
179419
179418
179418
179416
179415
179415
179414
179412
179409
179407
179407
179407
179406
179402
179397
179394
179393
179391
179387
179383
179383
179382
179380
179377
179375
179376
179378
179381
179384
179387
179392
179396
179400
179401
179399
179398
179398
179397
179395
179391
179389
179388
179386
179384
179381
179379
179380
179381
179379
179378
179380
179383
179385
179384
179383
179384
179386
179384
179381
179380
179380
179382
179384
179384
179385
179388
179392
179393
179392
179394
179397
179399
179399
179398
179397
179399
179399
179396
179392
179390
179388
179385
179384
179382
179381
179384
179388
179390
179389
179388
179389
179390
179389
179388
179385
179385
179385
179383
179380
179377
179377
179378
179381
179382
179383
179386
179389
179389
179387
179384
179380
179376
179372
179365
179358
179353
179350
179345
179337
179330
179328
179328
179329
179328
179328
179331
179335
179339
179340
179340
179340
179341
179340
179335
179332
179330
179328
179326
179323
179320
179320
179320
179320
179319
179318
179318
179318
179317
179313
179309
179307
179306
179302
179298
179292
179290
179289
179289
179288
179286
179287
179290
179292
179294
179296
179301
179306
179310
179314
179319
179325
179334
179341
179346
179352
179358
179364
179370
179375
179380
179385
179392
179397
179402
179408
179415
179423
179429
179433
179438
179445
179452
179458
179463
179465
179470
179476
179479
179478
179479
179482
179485
179485
179485
179486
179486
179488
179488
179486
179483
179483
179484
179482
179481
179481
179483
179486
179489
179491
179491
179492
179495
179498
179499
179501
179505
179508
179511
179509
179508
179509
179511
179511
179511
179510
179512
179515
179516
179514
179512
179514
179515
179514
179512
179512
179512
179512
179511
179508
179507
179506
179504
179503
179500
179495
179494
179494
179495
179494
179495
179499
179504
179505
179506
179505
179506
179507
179506
179501
179494
179488
179484
179477
179468
179460
179455
179452
179448
179442
179437
179434
179432
179429
179424
179421
179419
179418
179416
179412
179408
179406
179404
179400
179396
179392
179391
179389
179386
179383
179380
179381
179383
179383
179380
179377
179378
179378
179375
179371
179367
179365
179364
179362
179359
179356
179355
179356
179353
179352
179353
179357
179360
179362
179363
179365
179368
179373
179376
179377
179375
179375
179375
179374
179372
179370
179370
179371
179371
179368
179365
179366
179368
179369
179367
179367
179369
179372
179374
179375
179375
179377
179379
179378
179376
179374
179374
179374
179372
179371
179369
179369
179372
179374
179373
179373
179374
179374
179372
179368
179365
179364
179364
179365
179364
179362
179362
179362
179361
179358
179356
179356
179358
179358
179358
179359
179361
179362
179363
179362
179361
179362
179364
179364
179363
179363
179365
179368
179369
179368
179369
179373
179379
179382
179383
179384
179388
179393
179395
179395
179396
179399
179403
179403
179404
179402
179403
179405
179406
179405
179406
179409
179411
179410
179408
179408
179409
179412
179414
179413
179412
179412
179411
179408
179404
179402
179402
179403
179399
179395
179391
179388
179384
179380
179375
179372
179371
179371
179367
179362
179356
179353
179351
179348
179343
179340
179340
179339
179337
179333
179332
179331
179330
179328
179325
179324
179326
179329
179329
179329
179328
179330
179333
179335
179334
179334
179335
179337
179337
179335
179333
179334
179335
179334
179331
179330
179331
179332
179330
179328
179327
179328
179330
179331
179330
179331
179331
179329
179328
179326
179324
179325
179326
179324
179322
179321
179323
179325
179325
179325
179325
179326
179329
179330
179329
179330
179331
179335
179338
179339
179340
179344
179347
179346
179345
179345
179347
179348
179347
179343
179340
179338
179339
179339
179340
179340
179340
179340
179338
179334
179332
179333
179337
179339
179339
179342
179346
179348
179348
179348
179350
179351
179351
179350
179350
179351
179351
179352
179350
179348
179347
179348
179347
179345
179342
179338
179339
179338
179337
179335
179334
179335
179337
179335
179332
179333
179337
179341
179341
179342
179344
179347
179348
179348
179347
179349
179350
179353
179356
179357
179360
179364
179368
179371
179372
179375
179380
179384
179386
179387
179390
179395
179400
179404
179406
179410
179415
179420
179424
179426
179429
179432
179434
179433
179433
179434
179436
179437
179435
179433
179431
179431
179431
179431
179431
179431
179433
179435
179433
179432
179433
179437
179440
179439
179439
179439
179438
179438
179437
179435
179434
179435
179436
179434
179430
179428
179429
179430
179429
179429
179429
179431
179433
179432
179428
179427
179429
179430
179429
179426
179425
179424
179424
179422
179418
179416
179416
179415
179412
179409
179409
179411
179411
179411
179410
179411
179412
179413
179412
179411
179411
179412
179412
179409
179405
179405
179406
179406
179403
179398
179395
179393
179392
179388
179383
179379
179375
179371
179366
179362
179358
179357
179356
179352
179348
179344
179342
179342
179338
179333
179331
179331
179332
179332
179330
179330
179331
179332
179332
179332
179332
179333
179335
179337
179336
179336
179337
179340
179341
179339
179338
179338
179338
179338
179337
179337
179338
179337
179334
179331
179330
179331
179331
179329
179327
179329
179330
179332
179332
179330
179331
179334
179335
179333
179330
179329
179330
179331
179330
179329
179329
179331
179334
179336
179336
179338
179343
179347
179349
179350
179352
179355
179358
179360
179359
179362
179366
179367
179368
179367
179369
179372
179375
179376
179375
179377
179380
179383
179383
179381
179382
179385
179387
179387
179386
179386
179387
179387
179384
179381
179379
179378
179378
179377
179376
179377
179380
179382
179381
179380
179380
179383
179384
179381
179378
179377
179377
179378
179378
179376
179378
179381
179384
179384
179384
179387
179390
179392
179392
179390
179389
179390
179389
179386
179383
179380
179378
179375
179371
179368
179366
179366
179365
179363
179362
179364
179366
179366
179364
179363
179363
179364
179364
179362
179360
179359
179360
179360
179361
179361
179363
179368
179372
179374
179375
179376
179379
179381
179381
179379
179380
179381
179381
179379
179379
179380
179380
179381
179380
179379
179381
179385
179390
179393
179394
179397
179403
179406
179408
179410
179413
179417
179417
179414
179411
179410
179409
179406
179400
179391
179386
179383
179381
179373
179368
179367
179368
179368
179366
179365
179365
179365
179365
179363
179359
179359
179360
179359
179356
179354
179353
179353
179355
179356
179355
179357
179360
179361
179362
179362
179363
179365
179366
179365
179364
179364
179365
179368
179372
179370
179368
179370
179370
179368
179367
179369
179374
179377
179379
179379
179381
179383
179385
179383
179381
179383
179384
179383
179382
179380
179379
179380
179379
179376
179373
179372
179373
179375
179374
179374
179374
179377
179379
179381
179383
179387
179391
179392
179393
179395
179397
179398
179399
179398
179397
179397
179400
179401
179399
179397
179396
179395
179394
179392
179390
179390
179389
179386
179382
179378
179376
179375
179374
179369
179365
179364
179366
179366
179364
179362
179361
179363
179366
179369
179370
179373
179377
179381
179383
179385
179388
179392
179395
179398
179398
179400
179402
179402
179400
179397
179396
179396
179396
179395
179392
179392
179392
179393
179391
179389
179390
179392
179392
179391
179389
179390
179393
179396
179396
179396
179399
179402
179404
179404
179403
179405
179406
179405
179404
179404
179406
179408
179407
179405
179402
179403
179404
179404
179402
179402
179403
179404
179405
179404
179404
179406
179409
179410
179410
179410
179412
179417
179418
179416
179415
179417
179418
179417
179415
179413
179412
179413
179411
179407
179405
179402
179400
179397
179393
179388
179385
179385
179383
179379
179375
179373
179372
179370
179365
179361
179360
179360
179357
179353
179350
179351
179353
179353
179353
179354
179357
179360
179360
179360
179361
179362
179365
179367
179367
179366
179368
179372
179374
179375
179375
179379
179382
179384
179386
179387
179389
179391
179392
179389
179386
179386
179387
179385
179381
179377
179376
179376
179375
179374
179372
179374
179376
179377
179378
179378
179379
179382
179383
179381
179379
179379
179380
179380
179379
179378
179378
179379
179376
179371
179367
179366
179364
179362
179359
179358
179358
179359
179357
179355
179352
179354
179356
179358
179359
179359
179361
179363
179364
179363
179363
179366
179368
179368
179369
179369
179370
179372
179373
179371
179368
179369
179370
179368
179367
179364
179365
179367
179369
179368
179366
179368
179369
179368
179365
179363
179364
179367
179367
179364
179362
179364
179365
179364
179364
179364
179366
179367
179366
179364
179363
179364
179366
179365
179363
179363
179365
179368
179370
179370
179370
179372
179373
179373
179371
179372
179374
179376
179377
179375
179373
179374
179376
179375
179373
179372
179372
179374
179375
179375
179375
179377
179379
179380
179379
179378
179379
179381
179383
179383
179383
179386
179390
179392
179392
179394
179397
179399
179400
179401
179402
179404
179406
179408
179408
179407
179410
179413
179415
179414
179413
179414
179415
179414
179413
179411
179412
179412
179410
179409
179407
179408
179410
179410
179409
179409
179410
179412
179411
179410
179411
179415
179418
179418
179416
179414
179415
179418
179416
179413
179410
179407
179406
179405
179402
179399
179399
179402
179401
179398
179396
179396
179398
179398
179398
179396
179396
179397
179396
179394
179394
179394
179396
179396
179396
179395
179396
179397
179397
179396
179395
179396
179396
179395
179393
179390
179388
179388
179387
179386
179385
179384
179383
179381
179379
179377
179377
179379
179379
179379
179379
179383
179386
179387
179387
179387
179388
179388
179386
179383
179381
179380
179379
179378
179375
179374
179375
179374
179371
179368
179367
179368
179369
179369
179366
179366
179368
179373
179373
179373
179374
179375
179376
179377
179377
179377
179380
179382
179382
179381
179384
179387
179390
179390
179390
179388
179386
179388
179387
179385
179385
179386
179387
179384
179381
179378
179379
179379
179376
179374
179372
179371
179372
179370
179365
179363
179363
179363
179361
179357
179355
179354
179354
179352
179347
179345
179345
179343
179342
179339
179338
179339
179341
179340
179337
179336
179337
179338
179336
179335
179335
179336
179339
179341
179341
179341
179344
179349
179352
179353
179355
179358
179362
179361
179358
179356
179357
179357
179356
179355
179354
179355
179359
179359
179358
179359
179362
179366
179367
179368
179368
179369
179370
179370
179368
179368
179368
179368
179366
179363
179361
179363
179365
179364
179362
179362
179365
179366
179365
179365
179366
179369
179371
179369
179367
179366
179366
179367
179368
179368
179370
179374
179378
179378
179377
179380
179384
179389
179390
179392
179394
179396
179397
179398
179398
179399
179402
179405
179404
179401
179401
179404
179404
179403
179401
179400
179402
179404
179404
179403
179402
179402
179401
179399
179398
179398
179401
179403
179401
179400
179402
179405
179409
179411
179410
179411
179412
179415
179414
179410
179408
179406
179404
179399
179396
179395
179395
179396
179396
179394
179394
179394
179395
179394
179394
179394
179395
179397
179398
179398
179399
179401
179402
179401
179399
179399
179400
179400
179399
179396
179396
179397
179400
179401
179401
179402
179406
179408
179408
179406
179405
179406
179408
179407
179405
179404
179405
179405
179402
179398
179397
179397
179397
179397
179394
179394
179397
179399
179399
179398
179397
179398
179400
179400
179398
179397
179399
179400
179400
179398
179398
179398
179399
179398
179397
179397
179398
179398
179397
179395
179393
179392
179393
179394
179392
179394
179397
179397
179397
179395
179395
179396
179395
179393
179390
179388
179390
179392
179392
179390
179392
179394
179394
179390
179386
179386
179387
179389
179389
179388
179388
179391
179392
179391
179388
179387
179389
179390
179390
179388
179390
179392
179395
179396
179397
179398
179399
179399
179396
179393
179393
179393
179392
179390
179387
179386
179385
179384
179382
179381
179382
179384
179385
179384
179383
179382
179384
179385
179384
179384
179385
179387
179388
179387
179387
179387
179389
179389
179388
179387
179390
179391
179390
179385
179381
179380
179381
179381
179380
179377
179377
179380
179380
179378
179376
179375
179375
179375
179371
179369
179368
179367
179366
179365
179364
179363
179363
179362
179359
179355
179353
179355
179356
179353
179351
179350
179350
179351
179348
179345
179345
179347
179349
179348
179346
179346
179348
179348
179345
179344
179346
179349
179349
179348
179347
179348
179352
179356
179358
179358
179360
179364
179365
179367
179367
179371
179374
179377
179376
179378
179382
179386
179388
179389
179390
179391
179393
179397
179399
179398
179399
179402
179405
179406
179405
179405
179407
179408
179407
179407
179408
179411
179413
179412
179411
179412
179413
179415
179417
179417
179419
179422
179425
179425
179424
179426
179429
179429
179428
179427
179427
179429
179429
179427
179425
179423
179422
179421
179419
179415
179415
179418
179419
179417
179416
179416
179417
179418
179416
179414
179414
179414
179415
179412
179411
179410
179409
179408
179407
179406
179406
179407
179407
179405
179402
179401
179401
179400
179398
179396
179394
179393
179394
179392
179391
179392
179393
179391
179390
179387
179389
179392
179393
179393
179391
179390
179391
179391
179390
179389
179390
179391
179391
179391
179392
179395
179397
179400
179402
179401
179401
179403
179405
179404
179402
179401
179401
179400
179396
179392
179390
179390
179389
179386
179385
179386
179388
179389
179387
179386
179386
179388
179389
179388
179386
179387
179390
179390
179389
179388
179389
179390
179391
179388
179386
179386
179386
179386
179386
179386
179388
179391
179392
179389
179386
179387
179387
179385
179381
179378
179378
179379
179381
179381
179380
179383
179388
179393
179395
179396
179400
179404
179405
179405
179405
179407
179408
179409
179406
179401
179400
179398
179396
179392
179390
179389
179389
179390
179388
179387
179389
179392
179395
179392
179390
179390
179391
179390
179387
179385
179385
179384
179381
179380
179378
179377
179378
179376
179374
179372
179371
179370
179369
179367
179364
179363
179364
179365
179365
179363
179363
179365
179364
179362
179360
179361
179363
179363
179361
179359
179360
179362
179361
179360
179359
179360
179362
179363
179361
179357
179358
179360
179360
179358
179357
179358
179360
179360
179358
179358
179359
179362
179365
179365
179366
179369
179372
179373
179372
179371
179375
179378
179378
179378
179378
179380
179381
179380
179378
179378
179379
179381
179383
179382
179381
179384
179387
179386
179385
179386
179391
179396
179400
179401
179403
179407
179412
179414
179412
179412
179413
179414
179413
179412
179410
179410
179411
179411
179406
179402
179403
179403
179402
179400
179398
179397
179398
179397
179394
179393
179395
179398
179399
179398
179398
179401
179405
179408
179407
179405
179406
179408
179409
179408
179407
179406
179406
179406
179402
179397
179395
179394
179391
179388
179386
179388
179390
179389
179385
179383
179382
179383
179383
179381
179380
179382
179383
179382
179380
179379
179381
179383
179383
179381
179379
179379
179378
179376
179372
179369
179367
179367
179366
179365
179363
179365
179366
179367
179366
179364
179364
179366
179367
179365
179364
179365
179366
179365
179363
179360
179358
179357
179354
179351
179348
179347
179347
179346
179343
179342
179345
179349
179349
179347
179345
179346
179349
179349
179347
179347
179349
179352
179352
179353
179354
179355
179359
179360
179360
179361
179365
179370
179372
179372
179373
179377
179380
179380
179379
179380
179383
179387
179389
179388
179387
179389
179389
