179388
179386
179386
179388
179389
179389
179388
179387
179388
179388
179387
179384
179382
179383
179386
179386
179385
179385
179387
179389
179389
179388
179389
179390
179392
179393
179390
179388
179388
179389
179387
179385
179386
179389
179392
179391
179392
179392
179394
179395
179394
179392
179391
179392
179393
179393
179392
179391
179393
179397
179398
179398
179399
179402
179406
179407
179408
179409
179411
179414
179414
179413
179414
179415
179417
179416
179413
179411
179412
179411
179408
179405
179401
179399
179398
179396
179392
179390
179390
179389
179386
179384
179383
179382
179383
179383
179382
179383
179387
179392
179394
179394
179395
179398
179401
179400
179400
179400
179403
179405
179405
179403
179401
179402
179401
179399
179398
179395
179395
179395
179394
179391
179389
179388
179389
179388
179386
179384
179383
179382
179381
179382
179382
179383
179385
179384
179382
179381
179383
179387
179389
179391
179392
179394
179396
179396
179394
179393
179394
179397
179397
179397
179398
179399
179400
179401
179400
179401
179403
179404
179403
179402
179402
179403
179403
179403
179403
179404
179407
179409
179409
179406
179407
179409
179411
179411
179409
179408
179409
179409
179406
179402
179401
179402
179404
179404
179401
179398
179397
179397
179394
179390
179387
179386
179386
179384
179382
179381
179381
179378
179374
179370
179366
179365
179364
179361
179357
179354
179351
179347
179344
179341
179340
179340
179340
179337
179335
179334
179336
179340
179339
179338
179339
179342
179344
179345
179344
179346
179348
179351
179350
179350
179350
179351
179352
179352
179351
179350
179352
179354
179352
179349
179346
179345
179345
179343
179339
179336
179336
179336
179334
179332
179330
179330
179332
179332
179331
179330
179330
179332
179331
179330
179331
179332
179334
179333
179331
179331
179331
179331
179328
179326
179325
179325
179327
179326
179324
179323
179325
179328
179328
179329
179329
179331
179334
179334
179334
179337
179341
179342
179341
179341
179342
179346
179348
179347
179343
179343
179344
179346
179346
179346
179347
179348
179349
179350
179351
179352
179355
179359
179361
179362
179364
179365
179366
179366
179365
179365
179366
179366
179365
179363
179364
179366
179368
179368
179367
179369
179372
179374
179372
179372
179374
179378
179383
179384
179386
179387
179391
179395
179395
179393
179394
179395
179394
179394
179392
179392
179394
179395
179395
179393
179392
179393
179393
179392
179391
179392
179396
179400
179400
179400
179401
179403
179407
179409
179410
179413
179418
179423
179426
179427
179428
179432
179435
179436
179435
179436
179438
179440
179440
179438
179438
179440
179441
179438
179434
179434
179435
179435
179432
179429
179428
179427
179428
179427
179426
179427
179430
179432
179433
179432
179434
179437
179439
179439
179439
179440
179443
179445
179444
179440
179440
179441
179441
179440
179438
179439
179442
179442
179440
179438
179440
179441
179441
179440
179439
179440
179442
179444
179442
179439
179436
179436
179437
179435
179434
179434
179434
179434
179431
179426
179424
179424
179424
179422
179420
179419
179420
179418
179413
179409
179407
179407
179405
179401
179399
179398
179398
179397
179395
179392
179391
179390
179390
179388
179384
179384
179386
179384
179380
179377
179374
179375
179374
179373
179370
179369
179368
179367
179364
179362
179363
179363
179362
179359
179357
179357
179357
179358
179356
179354
179355
179357
179359
179358
179359
179361
179364
179366
179366
179366
179369
179373
179377
179378
179378
179380
179379
179380
179379
179378
179379
179380
179381
179380
179378
179379
179379
179380
179380
179379
179381
179384
179385
179386
179385
179386
179389
179391
179391
179391
179392
179396
179396
179395
179392
179392
179394
179395
179394
179391
179390
179388
179388
179385
179381
179380
179382
179383
179383
179384
179387
179391
179396
179397
179397
179400
179403
179404
179403
179402
179403
179404
179404
179400
179396
179394
179395
179394
179393
179392
179394
179396
179396
179395
179393
179394
179395
179394
179393
179390
179389
179390
179388
179384
179381
179381
179379
179377
179374
179372
179373
179374
179376
179377
179377
179378
179379
179380
179378
179376
179374
179374
179372
179370
179368
179369
179372
179375
179377
179376
179375
179377
179376
179372
179369
179368
179368
179365
179361
179356
179356
179356
179356
179354
179351
179350
179351
179351
179352
179351
179350
179353
179354
179353
179351
179350
179351
179352
179350
179349
179350
179351
179352
179351
179350
179351
179352
179350
179348
179348
179348
179350
179350
179348
179345
179344
179345
179346
179345
179345
179347
179351
179353
179354
179354
179358
179360
179361
179360
179358
179358
179359
179358
179357
179356
179356
179357
179355
179355
179355
179356
179358
179358
179357
179355
179356
179358
179358
179355
179353
179354
179356
179357
179356
179356
179357
179358
179358
179358
179359
179362
179365
179367
179368
179368
179371
179374
179376
179376
179375
179378
179380
179377
179374
179372
179370
179369
179368
179366
179364
179364
179364
179364
179363
179363
179364
179367
179369
179370
179371
179373
179374
179375
179374
179372
179372
179374
179374
179372
179371
179372
179373
179372
179370
179369
179369
179370
179371
179368
179366
179367
179368
179370
179369
179368
179370
179371
179371
179371
179370
179371
179373
179373
179370
179369
179370
179372
179372
179370
179370
179371
179373
179371
179368
179368
179369
179372
179374
179373
179372
179372
179371
179368
179365
179363
179363
179361
179358
179355
179351
179351
179353
179352
179349
179347
179349
179350
179350
179348
179347
179351
179354
179355
179356
179358
179361
179362
179364
179363
179362
179364
179362
179359
179357
179353
179353
179354
179352
179351
179349
179349
179350
179349
179349
179349
179350
179353
179355
179357
179357
179358
179360
179361
179360
179360
179362
179363
179362
179360
179357
179358
179361
179362
179361
179361
179363
179366
179369
179368
179368
179370
179373
179373
179371
179369
179372
179374
179375
179375
179374
179375
179377
179378
179378
179379
179382
179386
179388
179390
179393
179395
179397
179398
179398
179398
179399
179401
179401
179401
179399
179397
179397
179396
179394
179391
179391
179393
179392
179390
179389
179389
179390
179386
179382
179379
179377
179376
179374
179370
179367
179366
179365
179361
179357
179353
179352
179351
179348
179344
179342
179341
179341
179340
179337
179335
179337
179340
179341
179342
179342
179343
179346
179347
179347
179348
179349
179351
179351
179350
179348
179348
179348
179348
179347
179348
179350
179351
179349
179348
179348
179349
179351
179352
179352
179352
179353
179356
179355
179355
179355
179357
179360
179361
179360
179361
179363
179365
179364
179363
179364
179365
179367
179367
179365
179366
179369
179371
179371
179370
179371
179372
179373
179372
179372
179372
179373
179374
179373
179372
179372
179372
179372
179370
179369
179369
179370
179370
179371
179370
179372
179371
179374
179374
179372
179370
179370
179370
179369
179366
179365
179363
179363
179362
179359
179356
179357
179359
179359
179359
179361
179364
179366
179366
179367
179369
179372
179373
179371
179369
179367
179367
179368
179370
179370
179370
179371
179373
179372
179370
179370
179371
179371
179371
179369
179368
179370
179373
179373
179373
179374
179374
179375
179375
179373
179371
179372
179372
179369
179365
179362
179361
179359
179353
179348
179345
179344
179343
179339
179334
179331
179329
179329
179328
179326
179325
179326
179328
179327
179327
179328
179331
179333
179333
179332
179333
179333
179335
179333
179331
179332
179334
179337
179337
179335
179333
179334
179336
179336
179335
179335
179335
179335
179334
179331
179330
179332
179334
179335
179335
179335
179338
179340
179340
179337
179336
179338
179340
179337
179335
179335
179336
179336
179333
179331
179329
179331
179334
179333
179334
179335
179337
179339
179338
179337
179335
179337
179337
179336
179333
179332
179333
179333
179331
179329
179329
179331
179334
179335
179334
179336
179338
179341
179341
179340
179340
179341
179343
179343
179343
179345
179348
179350
179349
179348
179347
179347
179349
179347
179344
179343
179343
179342
179341
179338
179336
179336
179337
179336
179336
179335
179336
179336
179333
179331
179332
179335
179339
179337
179336
179337
179338
179339
179341
179340
179340
179341
179342
179342
179340
179340
179341
179342
179342
179342
179342
179345
179347
179345
179342
179339
179339
179339
179334
179332
179332
179332
179331
179329
179327
179329
179332
179334
179333
179333
179334
179337
179340
179340
179341
179344
179346
179349
179349
179348
179349
179351
179353
179353
179351
179351
179351
179350
179347
179344
179343
179343
179345
179344
179341
179341
179343
179345
179346
179346
179348
179352
179355
179357
179357
179359
179363
179365
179365
179364
179365
179367
179369
179369
179370
179372
179374
179376
179378
179378
179378
179380
179381
179381
179380
179381
179383
179382
179379
179377
179377
179378
179380
179380
179379
179380
179381
179381
179382
179382
179382
179385
179388
179388
179388
179389
179390
179393
179394
179393
179392
179393
179393
179392
179391
179391
179391
179392
179390
179388
179387
179388
179388
179386
179383
179382
179381
179380
179379
179375
179376
179378
179378
179378
179379
179379
179382
179383
179382
179383
179385
179386
179387
179384
179381
179380
179380
179378
179376
179372
179371
179371
179370
179368
179365
179363
179364
179366
179366
179363
179362
179363
179365
179363
179358
179357
179358
179358
179356
179355
179355
179358
179360
179359
179358
179360
179362
179362
179360
179359
179360
179361
179360
179356
179354
179353
179355
179354
179353
179350
179349
179351
179353
179351
179348
179349
179351
179352
179350
179348
179348
179349
179349
179345
179343
179344
179344
179343
179342
179341
179343
179344
179344
179343
179342
179343
179346
179349
179350
179351
179355
179362
179365
179364
179363
179364
179366
179365
179364
179362
179363
179364
179361
179358
179356
179356
179357
179358
179356
179353
179353
179355
179354
179352
179348
179347
179348
179347
179344
179340
179339
179338
179335
179330
179326
179324
179323
179321
179318
179314
179313
179312
179309
179306
179302
179299
179300
179299
179297
179294
179294
179295
179295
179293
179289
179289
179290
179289
179288
179287
179286
179287
179286
179283
179280
179279
179281
179282
179283
179284
179286
179288
179290
179291
179291
179293
179297
179300
179302
179302
179302
179303
179304
179303
179302
179304
179307
179310
179309
179308
179310
179315
179319
179320
179322
179326
179329
179329
179327
179326
179329
179332
179333
179333
179332
179332
179334
179336
179335
179334
179336
179340
179341
179340
179340
179342
179344
179345
179346
179346
179347
179347
179347
179345
179344
179345
179348
179351
179351
179351
179352
179356
179358
179358
179358
179359
179360
179361
179362
179359
179359
179360
179362
179361
179361
179362
179365
179367
179367
179365
179366
179369
179370
179369
179369
179371
179373
179374
179372
179371
179372
179374
179374
179372
179371
179373
179374
179376
179377
179378
179380
179382
179384
179384
179383
179383
179384
179385
179384
179383
179384
179387
179389
179389
179388
179388
179389
179388
179385
179382
179382
179382
179379
179375
179373
179373
179376
179377
179375
179373
179375
179377
179376
179375
179374
179376
179378
179380
179378
179374
179374
179374
179374
179371
179368
179368
179368
179367
179363
179358
179356
179356
179354
179351
179348
179348
179350
179350
179349
179349
179350
179352
179351
179347
179344
179344
179345
179345
179343
179341
179340
179341
179340
179337
179335
179336
179337
179336
179334
179334
179333
179335
179336
179336
179334
179335
179337
179337
179336
179334
179335
179336
179334
179331
179329
179328
179329
179328
179325
179325
179326
179327
179328
179327
179327
179331
179333
179332
179329
179328
179330
179333
179334
179332
179331
179331
179332
179331
179329
179329
179332
179334
179333
179331
179329
179330
179333
179334
179335
179336
179337
179339
179340
179341
179339
179341
179343
179343
179342
179342
179344
179348
179350
179351
179352
179353
179355
179356
179358
179359
179363
179366
179367
179367
179367
179370
179374
179375
179374
179374
179377
179379
179379
179378
179378
179380
179382
179382
179382
179383
179384
179386
179386
179385
179384
179386
179387
179387
179386
179385
179385
179386
179385
179383
179382
179383
179385
179384
179380
179375
179375
179375
179372
179370
179369
179371
179371
179370
179366
179364
179361
179360
179360
179359
179359
179360
179362
179362
179360
179359
179362
179365
179365
179362
179360
179359
179358
179356
179353
179351
179352
179353
179351
179349
179347
179347
179349
179347
179345
179343
179343
179344
179342
179338
179338
179340
179343
179342
179341
179341
179342
179341
179339
179336
179335
179336
179336
179335
179333
179333
179333
179335
179336
179334
179333
179334
179336
179336
179335
179333
179333
179334
179332
179331
179331
179333
179334
179334
179333
179333
179334
179335
179337
179338
179339
179341
179345
179347
179347
179348
179351
179354
179354
179353
179354
179356
179360
179360
179361
179362
179366
179370
179373
179376
179376
179379
179384
179386
179387
179390
179394
179398
179399
179399
179399
179398
179398
179397
179395
179394
179394
179395
179394
179390
179386
179384
179383
179380
179375
179370
179369
179369
179367
179362
179359
179359
179360
179360
179360
179361
179363
179365
179365
179363
179363
179365
179367
179365
179363
179365
179368
179368
179367
179365
179364
179364
179365
179364
179361
179358
179358
179360
179361
179359
179358
179360
179363
179364
179364
179363
179363
179364
179362
179361
179358
179357
179357
179354
179350
179346
179343
179342
179340
179335
179333
179332
179332
179331
179329
179328
179328
179328
179326
179325
179326
179328
179330
179329
179328
179329
179332
179334
179334
179333
179333
179334
179334
179333
179332
179331
179334
179336
179335
179335
179337
179339
179341
179342
179341
179342
179344
179346
179344
179341
179340
179341
179343
179344
179343
179343
179343
179342
179340
179337
179335
179334
179334
179333
179332
179333
179334
179335
179336
179335
179335
179336
179338
179338
179335
179333
179334
179337
179338
179337
179339
179344
179349
179350
179351
179353
179357
179361
179361
179359
179360
179363
179364
179364
179362
179362
179362
179362
179361
179357
179355
179355
179356
179356
179355
179356
179360
179362
179362
179361
179360
179361
179361
179360
179358
179358
179362
179364
179361
179359
179359
179360
179363
179363
179361
179361
179361
179362
179361
179359
179359
179361
179364
179365
179365
179367
179369
179371
179369
179367
179367
179367
179367
179365
179362
179363
179364
179362
179361
179359
179358
179360
179361
179359
179356
179355
179354
179352
179350
179348
179346
179345
179346
179345
179343
179344
179345
179346
179344
179343
179343
179345
179347
179346
179346
179348
179350
179351
179354
179354
179355
179357
179359
179358
179357
179356
179356
179356
179353
179349
179348
179347
179347
179343
179339
179337
179338
179340
179338
179337
179336
179336
179337
179337
179336
179336
179339
179343
179344
179344
179345
179347
179347
179346
179344
179343
179344
179345
179344
179342
179341
179340
179339
179337
179334
179333
179333
179332
179329
179326
179324
179325
179324
179324
179322
179323
179325
179327
179327
179327
179327
179327
179328
179329
179329
179328
179329
179330
179329
179327
179328
179332
179334
179333
179331
179331
179332
179332
179331
179330
179330
179330
179331
179328
179323
179321
179322
179324
179323
179322
179323
179326
179327
179325
179324
179324
179327
179329
179327
179326
179328
179330
179330
179327
179325
179323
179322
179320
179317
179312
179312
179314
179314
179312
179312
179313
179316
179318
179316
179312
179311
179308
179304
179299
179294
179291
179289
179289
179288
179289
179291
179293
179294
179297
179300
179306
179312
179317
179318
179319
179320
179321
179321
179318
179313
179310
179309
179306
179302
179298
179297
179297
179298
179298
179297
179300
179304
179309
179311
179314
179318
179322
179328
179329
179330
179331
179334
179335
179335
179334
179335
179335
179335
179334
179331
179330
179331
179332
179330
179328
179329
179331
179333
179332
179332
179333
179334
179334
179332
179331
179331
179331
179330
179330
179329
179330
179332
179332
179332
179333
179335
179337
179341
179345
179347
179353
179357
179361
179361
179358
179359
179361
179361
179360
179360
179363
179365
179366
179365
179364
179366
179367
179368
179366
179366
179366
179368
179369
179368
179367
179367
179367
179366
179364
179361
179361
179360
179358
179354
179351
179350
179351
179350
179349
179349
179350
179352
179352
179352
179351
179350
179351
179351
179349
179345
179342
179341
179339
179336
179332
179329
179329
179327
179325
179322
179322
179324
179326
179325
179323
179325
179329
179331
179330
179330
179330
179331
179330
179327
179323
179320
179320
179320
179319
179316
179315
179315
179315
179314
179314
179316
179320
179323
179325
179326
179328
179333
179336
179336
179334
179337
179341
179343
179343
179343
179344
179345
179344
179341
179340
179341
179343
179346
179348
179349
179352
179354
179354
179353
179352
179352
179353
179354
179353
179352
179354
179356
179356
179354
179351
179351
179350
179350
179347
179344
179344
179344
179342
179337
179333
179330
179330
179329
179329
179327
179327
179328
179329
179327
179322
179321
179322
179322
179319
179315
179315
179317
179316
179313
179311
179312
179314
179315
179312
179310
179309
179310
179311
179309
179308
179307
179308
179310
179310
179306
179303
179302
179302
179299
179295
179294
179296
179297
179297
179297
179299
179303
179304
179304
179306
179307
179311
179313
179312
179313
179314
179316
179319
179319
179320
179322
179323
179324
179324
179324
179325
179328
179326
179325
179327
179329
179333
179334
179332
179330
179330
179330
179330
179328
179328
179330
179335
179338
179339
179339
179340
179342
179343
179341
179340
179340
179340
179340
179339
179337
179337
179338
179339
179338
179338
179339
179341
179341
179338
179334
179333
179333
179332
179329
179327
179327
179328
179326
179324
179322
179321
179322
179322
179322
179324
179326
179327
179327
179327
179326
179326
179327
179326
179325
179322
179322
179324
179326
179326
179327
179328
179330
179331
179331
179330
179332
179334
179334
179334
179334
179335
179336
179335
179333
179331
179330
179328
179326
179324
179322
179322
179323
179322
179320
179319
179320
179322
179322
179320
179316
179315
179316
179315
179313
179313
179314
179315
179315
179314
179315
179317
179319
179321
179321
179320
179321
179323
179323
179323
179322
179323
179323
179321
179318
179318
179320
179322
179321
179319
179320
179323
179324
179324
179323
179324
179326
179329
179328
179327
179328
179329
179329
179329
179329
179330
179332
179334
179336
179335
179334
179336
179338
179337
179336
179336
179338
179340
179339
179337
179334
179336
179337
179336
179334
179330
179329
179330
179330
179329
179329
179332
179335
179336
179335
179334
179334
179336
179336
179334
179333
179335
179337
179337
179336
179335
179336
179338
179339
179339
179339
179340
179342
179343
179343
179345
179348
179351
179351
179350
179350
179352
179355
179356
179356
179358
179362
179366
179365
179364
179365
179369
179371
179371
179368
179365
179365
179365
179365
179363
179360
179360
179361
179361
179359
179358
179360
179361
179360
179358
179356
179354
179353
179353
179350
179346
179346
179347
179346
179345
179345
179346
179348
179349
179349
179349
179350
179351
179352
179351
179351
179354
179357
179360
179360
179360
179364
179369
179371
179370
179369
179370
179372
179373
179373
179373
179375
179378
179379
179378
179376
179377
179377
179376
179372
179368
179367
179367
179362
179356
179350
179346
179343
179339
179333
179327
179320
179315
179309
179303
179298
179296
179294
179292
179287
179283
179283
179283
179281
179279
179275
179275
179278
179276
179271
179268
179270
179272
179270
179269
179268
179269
179271
179270
179266
179264
179267
179268
179267
179265
179264
179264
179266
179264
179263
179261
179263
179264
179263
179260
179259
179260
179260
179260
179258
179256
179258
179261
179261
179262
179263
179265
179268
179270
179270
179270
179273
179276
179277
179276
179277
179280
179282
179285
179285
179284
179284
179285
179285
179283
179282
179282
179284
179284
179282
179280
179282
179286
179287
179287
179288
179291
179293
179294
179295
179297
179300
179304
179307
179310
179313
179316
179319
179320
179320
179320
179321
179321
179321
179321
179321
179324
179327
179327
179327
179329
179333
179336
179336
179337
179339
179343
179347
179348
179347
179347
179348
179348
179345
179342
179341
179341
179342
179340
179338
179337
179336
179335
179334
179332
179333
179335
179336
179336
179338
179338
179340
179342
179342
179340
179340
179342
179344
179341
179340
179342
179345
179346
179345
179344
179343
179345
179347
179347
179346
179347
179350
179353
179353
179353
179355
179357
179358
179358
179356
179356
179358
179360
179361
179359
179358
179358
179359
179358
179354
179352
179352
179352
179350
179347
179346
179348
179349
179348
179347
179348
179352
179356
179357
179356
179357
179361
179364
179365
179365
179365
179366
179365
179361
179355
179354
179352
179351
179348
179343
179340
179340
179338
179337
179334
179333
179336
179336
179334
179332
179331
179332
179332
179331
179328
179327
179327
179326
179325
179323
179322
179323
179322
179322
179320
179320
179320
179321
179321
179318
179318
179318
179317
179315
179310
179306
179306
179305
179303
179300
179299
179300
179302
179301
179300
179300
179302
179303
179303
179301
179301
179302
179301
179297
179294
179293
179294
179292
179290
179289
179291
179295
179298
179300
179301
179304
179307
179309
179310
179311
179310
179309
179309
179306
179301
179300
179301
179302
179302
179299
179299
179302
179304
179305
179307
179309
179312
179316
179316
179314
179315
179316
179317
179316
179314
179313
179313
179312
179309
179308
179308
179308
179308
179305
179303
179305
179308
179311
179311
179311
179310
179310
179311
179311
179308
179306
179306
179306
179305
179304
179302
179303
179304
179304
179302
179302
179306
179310
179311
179311
179310
179311
179313
179312
179311
179312
179313
179315
179315
179313
179313
179313
179314
179310
179307
179306
179305
179304
179303
179301
179302
179303
179305
179306
179304
179305
179308
179309
179308
179307
179307
179308
179309
179307
179306
179306
179308
179309
179310
179309
179310
179311
179314
179314
179313
179313
179312
179311
179308
179303
179300
179300
179301
179301
179300
179301
179303
179302
179299
179298
179299
179301
179303
179303
179301
179303
179304
179303
179301
179300
179300
179300
179300
179300
179300
179301
179302
179305
179305
179305
179307
179310
179311
179312
179314
179318
179323
179325
179325
179324
179325
179327
179329
179329
179328
179329
179332
179334
179332
179330
179330
179331
179330
179327
179323
179323
179324
179325
179324
179322
179321
179322
179322
179318
179317
179315
179313
179313
179312
179310
179311
179311
179310
179308
179306
179306
179308
179311
179311
179311
179313
179316
179318
179316
179315
179314
179314
179314
179312
179311
179311
179313
179313
179311
179309
179308
179308
179309
179309
179309
179311
179314
179315
179315
179313
179313
179312
179311
179308
179306
179306
179306
179305
179304
179301
179300
179300
179299
179297
179294
179292
179289
179287
179282
179280
179279
179279
179279
179277
179274
179276
179279
179280
179279
179278
179280
179280
179279
179277
179277
179278
179278
179277
179277
179275
179277
179279
179279
179279
179277
179277
179280
179281
179279
179278
179280
179282
179282
179282
179281
179282
179285
179286
179287
179287
179289
179293
179295
179297
179298
179301
179305
179310
179311
179312
179315
179317
179319
179321
179322
179326
179330
179333
179334
179334
179334
179334
179335
179334
179335
179336
179336
179335
179331
179329
179330
179330
179329
179325
179321
179321
179321
179319
179315
179313
179315
179317
179319
179322
179324
179326
179328
179331
179330
179331
179334
179336
179333
179330
179329
179330
179332
179332
179330
179329
179332
179335
179337
179336
179338
179341
179346
179347
179346
179346
179347
179349
179350
179349
179349
179351
179354
179354
179354
179354
179355
179356
179357
179357
179357
179357
179359
179358
179356
179353
179351
179350
179348
179345
179343
179344
179345
179344
179342
179340
179340
179340
179339
179338
179339
179341
179344
179345
179345
179346
179347
179348
179348
179347
179346
179345
179346
179345
179343
179342
179343
179344
179344
179340
179337
179335
179334
179332
179329
179327
179327
179328
179328
179327
179326
179326
179326
179325
179322
179321
179321
179319
179317
179312
179310
179308
179307
179305
179301
179298
179300
179303
179305
179305
179305
179308
179310
179311
179309
179307
179307
179307
179306
179302
179298
179297
179295
179292
179287
179282
179281
179280
179277
179274
179272
179273
179275
179276
179275
179274
179275
179275
179274
179272
179270
179268
179268
179266
179264
179261
179260
179262
179263
179264
179267
179272
179278
179282
179285
179286
179289
179294
179296
179296
179297
179299
179300
179300
179300
179299
179301
179304
179307
179307
179310
179314
179318
179319
179321
179323
179326
179329
179331
179332
179332
179334
179335
179336
179335
179335
179337
179339
179339
179337
179337
179337
179338
179338
179338
179338
179340
179342
179341
179339
179340
179342
179344
179345
179344
179344
179346
179348
179349
179348
179347
179348
179350
179350
179349
179347
179347
179347
179346
179344
179344
179345
179345
179345
179343
179340
179340
179341
179342
179342
179342
179345
179347
179345
179342
179341
179342
179342
179340
179336
179333
179332
179334
179334
179333
179333
179334
179338
179339
179339
179339
179340
179342
179342
179341
179338
179338
179339
179337
179335
179335
179333
179332
179332
179332
179333
179335
179336
179334
179330
179326
179325
179324
179323
179319
179316
179316
179316
179315
179311
179310
179310
179310
179309
179306
179305
179307
179309
179308
179307
179306
179303
179301
179299
179297
179296
179296
179295
179292
179289
179287
179288
179289
179288
179287
179286
179285
179285
179284
179280
179277
179278
179282
179282
179282
179282
179285
179288
179291
179292
179293
179296
179299
179300
179295
179292
179291
179291
179289
179286
179285
179286
179288
179287
179285
179285
179286
179289
179289
179290
179292
179295
179297
179298
179297
179298
179302
179307
179309
179311
179314
179318
179322
179323
179325
179329
179333
179335
179335
179333
179329
179329
179329
179327
179324
179322
179320
179321
179321
179319
179319
179322
179324
179324
179323
179322
179324
179326
179323
179322
179321
179322
179323
179323
179321
179321
179321
179322
179322
179322
179322
179325
179325
179323
179321
179322
179322
179321
179321
179320
179319
179320
179321
179321
179319
179316
179314
179314
179313
179310
179308
179309
179310
179308
179305
179303
179301
179301
179301
179301
179302
179303
179303
179302
179301
179301
179301
179303
179302
179302
179303
179305
179308
179308
179305
179302
179299
179296
179292
179287
179283
179282
179281
179280
179279
179280
179280
179280
179279
179277
179276
179278
179280
179282
179283
179285
179288
179290
179289
179289
179288
179290
179294
179297
179299
179301
179305
179309
179312
179314
179317
179322
179328
179332
179333
179334
179338
179343
179345
179346
179348
179352
179356
179356
179354
179353
179355
179357
179358
179359
179360
179361
179362
179359
179357
179355
179354
179354
179352
179350
179349
179348
179347
179345
179342
179340
179339
179339
179338
179336
179336
179335
179334
179331
179328
179326
179326
179327
179328
179327
179329
179329
179330
179329
179328
179329
179331
179333
179334
179334
179333
179335
179335
179333
179332
179331
179330
179330
179329
179326
179324
179324
179325
179323
179321
179320
179320
179322
179320
179317
179315
179317
179319
179318
179316
179317
179318
179317
179315
179313
179311
179310
179309
179306
179302
179299
179299
179296
179293
179292
179292
179294
179295
179294
179292
179293
179295
179297
179297
179297
179298
179301
179304
179303
179302
179303
179304
179304
179301
179299
179299
179301
179302
179301
179299
179298
179300
179302
179300
179297
179296
179297
179298
179296
179295
179296
179299
179301
179301
179300
179300
179301
179302
179301
179299
179299
179300
179302
179301
179299
179300
179301
179301
179299
179296
179296
179298
179299
179295
179292
179289
179288
179285
179281
179277
179276
179277
179278
179277
179275
179277
179279
179280
179280
179279
179278
179279
179279
179277
179273
179271
179272
179274
179275
179275
179276
179279
179280
179280
179279
179279
179281
179283
179283
179282
179283
179284
179284
179284
179283
179285
179288
179290
179290
179289
179291
179293
179294
179293
179292
179294
179296
179296
179296
179296
179296
179298
179298
179298
179297
179297
179298
179299
179300
179300
179300
179302
179304
179303
179302
179304
179309
179311
179311
179310
179311
179315
179318
179319
179318
179320
179320
179321
179320
179318
179317
179317
179317
179316
179317
179318
179322
179325
179327
179326
179327
179329
179332
179332
179330
179332
179335
179337
179335
179332
179332
179334
179334
179331
179329
179330
179331
179332
179330
179329
179329
179330
179330
179328
179326
179326
179325
179322
179319
179314
179313
179314
179316
179315
179315
179316
179318
179318
179318
179316
179316
179317
179318
179317
179316
179318
179320
179321
179319
179316
179317
179319
179322
179323
179323
179324
179325
179324
179323
179322
179322
179323
179326
179327
179326
179328
179332
179335
179336
179338
179341
179344
179345
179345
179348
179351
179352
179353
179353
179352
179353
179356
179357
179354
179350
179348
179347
179345
179341
179336
179334
179334
179333
179331
179328
179326
179326
179325
179321
179318
179316
179315
179313
179307
179300
179296
179293
179290
179285
179282
179281
179279
179277
179273
179268
179266
179265
179264
179261
179257
179255
179254
179252
179250
179248
179249
179252
179255
179255
179255
179257
179261
179262
179262
179261
179263
179263
179263
179263
179264
179267
179271
179272
179271
179271
179272
179275
179276
179274
179274
179277
179282
179286
179286
179286
179289
179292
179294
179296
179298
179301
179304
179305
179304
179305
179308
179311
179313
179314
179317
179319
179322
179324
179324
179324
179327
179329
179330
179330
179330
179332
179333
179334
179333
179331
179332
179334
179335
179332
179330
179332
179335
179338
179339
179340
179344
179348
179351
179350
179349
179349
179351
179351
179347
179344
179344
179345
179344
179341
179341
179343
179345
179345
179345
179343
179344
179345
179344
179341
179340
179342
179345
179347
179348
179348
179350
179352
179353
179351
179349
179348
179348
179346
179344
179342
179342
179342
179342
179342
179341
179343
179346
179347
179346
179347
179348
179350
179350
179348
179345
179344
179344
179345
179344
179342
179341
179342
179341
179340
179340
179341
179344
179345
179346
179345
179347
179350
179351
179349
179345
179345
179346
179344
179341
179339
179340
179342
179341
179339
179336
179335
179337
179337
179336
179336
179340
179345
179350
179352
179353
179356
179357
179354
179352
179350
179350
179351
179349
179347
179347
179348
179351
179353
179355
179358
179362
179366
179367
179366
179366
179367
179367
179366
179364
179362
179360
179361
179360
179359
179358
179361
179364
179365
179365
179366
179369
179374
179377
179377
179376
179376
179376
179373
179369
179364
179362
179361
179359
179357
179357
179358
179358
179359
179360
179360
179362
179363
179364
179360
179356
179355
179353
179350
179346
179342
179341
179342
179344
179346
179349
179355
179360
179366
179369
179372
179378
179384
179387
179384
179382
179379
179375
179367
179358
179350
179344
179338
179332
179326
179322
179320
179320
179318
179316
179317
179321
179326
179328
179329
179330
179333
179334
179331
179330
179330
179332
179335
179337
179338
179339
179341
179342
179341
179340
179338
179338
179337
179334
179329
179325
179323
179323
179319
179314
179310
179307
179306
179301
179295
179292
179290
179288
179284
179281
179278
179279
179279
179278
179276
179275
179276
179278
179278
179277
179278
179280
179283
179286
179287
179289
179292
179295
179296
179296
179295
179294
179295
179296
179296
179296
179298
179301
179303
179304
179304
179309
179312
179313
179314
179315
179318
179320
179320
179319
179318
179317
179319
179316
179313
179310
179311
179310
179308
179306
179305
179306
179307
179307
179306
179306
179309
179313
179314
179315
179318
179324
179330
179334
179337
179339
179341
179343
179343
179343
179344
179345
179346
179345
179341
179338
179338
179339
179338
179334
179333
179334
179335
179335
179334
179334
179333
179333
179332
179330
179329
179329
179330
179330
179330
179330
179331
179334
179334
179333
179332
179333
179333
179333
179332
179330
179331
179332
179328
179324
179323
179324
179325
179324
179322
179322
179321
179322
179320
179318
179317
179318
179320
179320
179319
179316
179314
179313
179308
179304
179300
179299
179297
179296
179293
179291
179291
179292
179289
179287
179286
179289
179294
179297
179298
179301
179306
179311
179317
179319
179320
179323
179326
179327
179327
179327
179327
179328
179325
179321
179318
179316
179313
179309
179307
179305
179305
179303
179299
179295
179293
179293
179294
179294
179293
179295
179300
179304
179308
179312
179313
179316
179318
179320
179321
179323
179327
179329
179328
179327
179328
179332
179335
179338
179339
179342
179347
179349
179349
179349
179351
179353
179355
179355
179356
179355
179355
179356
179356
179356
179357
179358
179358
179360
179359
179360
179363
179366
179367
179366
179364
179363
179366
179365
179365
179365
179367
179368
179367
179364
179363
179362
179361
179359
179356
179353
179352
179351
179348
179346
179342
179341
179342
179341
179339
179338
179339
179339
179338
179335
179334
179333
179330
179329
179328
179327
179328
179328
179326
179325
179325
179324
179324
179321
179319
179318
179320
179322
179321
179319
179317
179317
179318
179316
179314
179313
179314
179316
179314
179312
179312
179312
179314
179312
179307
179306
179306
179306
179303
179298
179293
179289
179286
179280
179271
179264
179259
179254
179247
179240
179236
179232
179230
179228
179226
179225
179225
179226
179225
179223
179224
179227
179232
179234
179235
179237
179240
179244
179245
179246
179246
179249
179251
179251
179249
179247
179246
179243
179239
179237
179236
179236
179236
179234
179231
179229
179229
179231
179230
179229
179230
179232
179235
179237
179238
179239
179241
179242
179241
179242
179243
179247
179251
179251
179251
179253
179255
179257
179257
179256
179257
179261
179263
179263
179264
179265
179267
179271
179272
179273
179276
179279
179283
179286
179287
179291
179297
179302
179305
179306
179311
179318
179323
179324
179326
179330
179336
179341
179342
179343
179345
179347
179348
179346
179343
179341
179343
179344
179344
179345
179347
179352
179357
179361
179363
179369
179375
179379
179382
179385
179389
179394
179396
179397
179394
179393
179393
179393
179390
179386
179385
179386
179385
179383
179379
179379
179380
179380
179379
179379
179382
179385
179387
179388
179388
179390
179392
179394
179391
179389
179389
179388
179389
179386
179383
179383
179383
179382
179380
179378
179378
179377
179374
179370
179366
179366
179367
179367
179364
179363
179360
179360
179361
179359
179355
179353
179352
179350
179347
179344
179342
179340
179338
179334
179331
179330
179328
179323
179315
179308
179304
179303
179302
179298
179294
179293
179294
179294
179291
179290
179290
179292
179294
179293
179291
179290
179292
179294
179293
179292
179295
179297
179298
179296
179294
179294
179295
179296
179296
179296
179298
179300
179300
179301
179300
179299
179302
179303
179303
179303
179306
179310
179312
179310
179309
179311
179311
179311
179311
179307
179305
179305
179305
179304
179302
179301
179304
179305
179303
179302
179304
179307
179308
179306
179305
179306
179308
179309
179308
179306
179307
179309
179310
179309
179307
179306
179306
179307
179305
179301
179299
179299
179299
179298
179295
179296
179298
179299
179299
179299
179302
179304
179305
179304
179303
179304
179306
179307
179307
179305
179305
179308
179311
179313
179315
179319
179324
179327
179327
179327
179328
179330
179332
179333
179333
179335
179337
179341
179343
179343
179346
179351
179353
179353
179353
179355
179358
179361
179362
179362
179363
179365
179367
179367
179366
179367
179371
179374
179375
179378
179382
179387
179391
179392
179392
179393
179396
179398
179396
179394
179393
179392
179390
179386
179381
179380
179380
179380
179378
179376
179375
179375
179374
179371
179369
179369
179369
179368
179364
179357
179354
179351
179348
179342
179337
179337
179337
179336
179334
179333
179335
179336
179335
179334
179333
179333
179331
179328
179324
179321
179321
179321
179321
179319
179319
179319
179320
179319
179316
179313
179312
179313
179314
179312
179310
179311
179312
179313
179310
179305
179303
179303
179300
179294
179290
179290
179292
179291
179291
179291
179292
179294
179295
179295
179295
179298
179301
179302
179303
179302
179301
179302
179301
179298
179296
179296
179298
179299
179300
179300
179303
179307
179313
179317
179319
179323
179325
179326
179324
179323
179324
179326
179327
179326
179322
179321
179321
179320
179320
179320
179322
179324
179325
179325
179324
179326
179328
179329
179328
179329
179331
179333
179334
179333
179332
179332
179333
179336
179335
179334
179336
179337
179339
179340
179339
179339
179341
179340
179340
179340
179341
179342
179342
179340
179338
179340
179342
179343
179341
179339
179340
179342
179342
179341
179341
179344
179348
179352
179355
179357
179361
179366
179369
179370
179371
179375
179379
179381
179382
179381
179383
179386
179389
179389
179389
179390
179391
179392
179391
179390
179391
179393
179395
179394
179392
179392
179394
179396
179395
179393
179392
179392
179391
179390
179389
179388
179388
179389
179388
179387
179389
179389
179386
179380
179374
179370
179366
179360
179350
179341
179335
179329
179322
179315
179306
179300
179294
179287
179280
179273
179270
179268
179264
179259
179253
179250
179246
179242
179238
179235
179234
179235
179235
179231
179228
179227
179227
179226
179223
179221
179222
179222
179220
179217
179213
179214
179216
179218
179219
179218
179220
179219
179216
179214
179213
179215
179217
179217
179214
179212
179213
179214
179214
179212
179211
179214
179217
179217
179218
179218
179219
179221
179220
179216
179215
179215
179214
179213
179211
179208
179208
179209
179210
179210
179210
179215
179220
179223
179225
179228
179234
179241
179246
179251
179256
179261
179267
179271
179274
179275
179278
179282
179284
179284
179283
179283
179283
179282
179279
179277
179277
179278
179279
179282
179284
179290
179297
179302
179305
179310
179316
179323
179327
179331
179332
179336
179340
179342
179341
179338
179337
179335
179332
179327
179323
179322
179320
179319
179318
179318
179319
179321
179324
179325
179326
179329
179332
179334
179336
179339
179344
179350
179353
179354
179355
179357
179361
179364
179364
179363
179363
179364
179362
179359
179356
179357
179358
179357
179356
179354
179353
179352
179348
179343
179338
179335
179332
179326
179320
179315
179315
179316
179317
179318
179319
179324
179330
179333
179335
179335
179335
179336
179333
179328
179322
179319
179316
179312
179308
179305
179305
179305
179304
179302
179300
179302
179305
179306
179308
179313
179319
179327
179331
179334
179335
179338
179342
179344
179341
179338
179337
179336
179333
179330
179326
179325
179324
179321
179319
179316
179317
179319
179318
179317
179317
179316
179315
179313
179311
179310
179308
179306
179301
179297
179292
179292
179293
179292
179291
179292
179295
179299
179301
179305
179309
179314
179318
179320
179319
179317
179318
179318
179315
179309
179304
179301
179297
179291
179286
179282
179281
179282
179281
179280
179279
179281
179282
179283
179283
179284
179287
179289
179289
179289
179291
179292
179293
179293
179293
179293
179292
179291
179289
179286
179286
179288
179289
179288
179287
179286
179287
179289
179289
179289
179289
179290
179291
179291
179289
179290
179294
179296
179297
179297
179297
179300
179302
179303
179303
179303
179305
179306
179304
179302
179301
179301
179302
179301
179301
179301
179304
179306
179305
179304
179304
179305
179307
179308
179307
179305
179303
179303
179301
179298
179295
179295
179296
179296
179295
179297
179299
179300
179300
179300
179300
179303
179305
179306
179305
179305
179306
179308
179306
179303
179301
179300
179299
179296
179293
179291
179293
179294
179291
179288
179288
179290
179292
179293
179294
179296
179298
179301
179303
179303
179303
179306
179310
179312
179313
179316
179317
179318
179318
179317
179316
179315
179315
179313
179310
179307
179307
179308
179308
179308
179309
179310
179310
179309
179307
179308
179310
179312
179312
179311
179310
179309
179311
179310
179309
179311
179313
179317
179318
179319
179321
179325
179328
179327
179327
179327
179329
179331
179332
179332
179334
179335
179337
179337
179334
179333
179334
179335
179333
179330
179326
179325
179325
179321
179317
179315
179314
179315
179312
179309
179308
179310
179312
179312
179310
179310
179313
179316
179317
179318
179319
179322
179323
179321
179319
179317
179318
179320
179319
179318
179319
179320
179323
179323
179323
179322
179323
179324
179321
179318
179315
179314
179314
179313
179311
179308
179307
179307
179307
179304
179304
179307
179308
179307
179305
179305
179306
179308
179308
179309
179310
179314
179316
179315
179313
179311
179311
179312
179312
179308
179305
179305
179305
179304
179301
179299
179300
179302
179302
179301
179302
179304
179305
179305
179304
179305
179308
179311
179310
179309
179309
179311
179313
179313
179311
179310
179312
179313
179312
179310
179309
179311
179314
179314
179312
179312
179314
179315
179314
179312
179311
179311
179311
179307
179304
179305
179307
179308
179307
179303
179300
179298
179297
179293
179290
179287
179286
179285
179283
179280
179276
179276
179275
179272
179268
179267
179267
179268
179267
179266
179267
179267
179267
179266
179266
179267
179268
179267
179266
179266
179267
179268
179270
179271
179271
179271
179274
179276
179275
179274
179275
179272
179272
179270
179267
179266
179265
179263
179260
179257
179257
179259
179260
179259
179259
179262
179265
179268
179269
179268
179270
179273
179274
179274
179274
179273
179276
179278
179279
179278
179278
179281
179282
179280
179278
179278
179280
179281
179279
179278
179279
179280
179279
179275
179272
179272
179272
179272
179270
179268
179267
179269
179271
179270
179270
179272
179274
179276
179276
179274
179274
179277
179280
179280
179281
179284
179287
179290
179292
179294
179296
179299
179302
179302
179302
179303
179304
179305
179305
179303
179303
179305
179305
179303
179301
179302
179304
179306
179307
179306
179307
179309
179312
179313
179312
179313
179316
179317
179315
179314
179315
179316
179318
179316
179314
179314
179316
179318
179319
179317
179318
179319
179321
179318
179315
179315
179315
179315
179313
179309
179309
179311
179313
179311
179310
179311
179312
179313
179312
179310
179310
179310
179308
179306
179306
179304
179304
179304
179303
179302
179299
179299
179298
179295
179292
179291
179291
179291
179290
179289
179290
179293
179296
179298
179298
179300
179305
179308
179306
179305
179307
179309
179311
179309
179307
179307
179309
179310
179311
179310
179311
179314
179317
179317
179317
179318
179319
179320
179318
179317
179316
179317
179319
179319
179317
179316
179318
179318
179318
179318
179321
179325
179328
179330
179328
179329
179331
179331
179330
179329
179328
179327
179326
179325
179322
179321
179323
179324
179323
179322
179323
179325
179325
179323
179321
179320
179321
179321
179319
179314
179314
179314
179314
179311
179309
179308
179307
179306
179304
179301
179299
179299
179298
179295
179292
179292
179291
179290
179287
179284
179283
179283
179282
179280
179278
179278
179278
179278
179278
179278
179279
179281
179282
179280
179278
179277
179276
179274
179273
179271
179270
179269
179268
179265
179264
179265
179265
179265
179265
179264
179265
179268
179270
179270
179271
179273
179278
179281
179282
179282
179284
179286
179290
179293
179295
179299
179303
179305
179304
179302
179303
179305
179306
179304
179301
179300
179302
179302
179300
179301
179304
179307
179308
179309
179310
179312
179315
179317
179317
179320
179324
179328
179331
179332
179334
179337
179341
179342
179341
179340
179341
179343
179344
179342
179341
179341
179343
179344
179343
179340
179340
179340
179341
179339
179337
179338
179340
179341
179338
179336
179338
179339
179340
179339
179339
179340
179341
179342
179339
179335
179334
179333
179331
179327
179324
179323
179324
179326
179324
179320
179320
179321
179321
179320
179320
179322
179324
179326
179326
179327
179328
179330
179331
179328
179325
179325
179326
179324
179321
179316
179315
179314
179312
179310
179308
179310
179311
179310
179309
179307
179304
179304
179303
179300
179297
179297
179299
179299
179297
179294
179292
179293
179292
179290
179287
179287
179289
179289
179287
179285
179284
179284
179284
179282
179280
179279
179281
179281
179280
179280
179281
179283
179282
179280
179278
179278
179279
179280
179281
179281
179282
179282
179281
179279
179278
179279
179280
179280
179280
179281
179284
179285
179284
179283
179282
179285
179287
179289
179289
179288
179290
179291
179291
179290
179289
179291
179294
179295
179292
179292
179294
179295
179296
179295
179294
179297
179298
179299
179300
179301
179304
179307
179308
179307
179305
179305
179306
179305
179303
179302
179303
179305
179307
179306
179304
179305
179307
179308
179306
179306
179308
179311
179312
179314
179315
179317
179319
179319
179318
179317
179318
179318
179315
179313
179309
179308
179307
179307
179304
179302
179304
179305
179306
179305
179306
179309
179313
179315
179315
179315
179316
179317
179318
179316
179314
179314
179315
179313
179311
179308
179307
179306
179303
179301
179301
179302
179302
179301
179297
179296
179297
179296
179293
179290
179288
179288
179289
179289
179286
179283
179285
179287
179286
179283
179281
179281
179283
179283
179282
179282
179285
179286
179285
179284
179283
179284
179286
179286
179286
179286
179286
179287
179284
179281
179280
179281
179281
179280
179279
179279
179283
179287
179288
179286
179287
179289
179293
179293
179292
179294
179297
179300
179301
179299
179298
179299
179298
179296
179294
179293
179294
179296
179296
179295
179296
179297
179300
179302
179302
179302
179304
179307
179310
179310
179311
179313
179315
179315
179313
179312
179312
179313
179311
179308
179305
179304
179305
179303
179299
179298
179300
179301
179301
179301
179302
179304
179307
179309
179311
179313
179314
179315
179314
179311
179309
179308
179309
179308
179307
179306
179309
179311
179311
179313
179315
179317
179318
179319
179317
179316
179317
179318
179314
179311
179307
179304
179302
179298
179295
179294
179294
179296
179296
179294
179294
179297
179298
179296
179293
179292
179292
179293
179292
179291
179291
179293
179295
179295
179294
179293
179295
179297
179298
179297
179296
179297
179298
179295
179292
179290
179290
179291
179287
179282
179279
179280
179279
179277
179274
179273
179274
179275
179275
179274
179275
179277
179280
179279
179276
179275
179277
179280
179280
179279
179278
179280
179280
179279
179276
179274
179277
179279
179280
179280
179280
179282
179287
179290
179291
179292
179296
179301
179302
179300
179299
179299
179298
179296
179291
179288
179287
179289
179289
179288
179288
179290
179293
179296
179297
179298
179301
179303
179304
179302
179302
179305
179307
179306
179306
179304
179304
179307
179310
179311
179311
179315
179318
179320
179320
179319
179321
179325
179326
179326
179327
179330
179333
179332
179330
179330
179333
179334
179332
179330
179330
179332
179333
179333
179334
179334
179337
179338
179337
179334
179334
179334
179336
179335
179333
179332
179330
179330
179327
179322
179316
179313
179310
179307
179304
179300
179299
179298
179295
179291
179288
179285
179285
179283
179280
179278
179279
179280
179281
179278
179277
179278
179280
179280
179280
179279
179280
179281
179281
179279
179278
179280
179280
179278
179274
179273
179274
179274
179274
179272
179272
179274
179275
179274
179274
179276
179278
179281
179281
179279
179279
179280
179282
179281
179278
179275
179276
179279
179279
179277
179277
179279
179279
179278
179278
179279
179279
179281
179281
179280
179281
179283
179286
179287
179286
179287
179289
179292
179291
179290
179291
179293
179294
179293
179290
179288
179289
179292
179292
179291
179291
179295
179300
179301
179301
179303
179306
179310
179311
179310
179310
179314
179317
179318
179319
179320
179323
179326
179325
179323
179322
179323
179325
179325
179325
179326
179326
179328
179328
179327
179326
179327
179328
179328
179327
179327
179328
179330
179330
179329
179328
179330
179332
179331
179328
179327
179327
179328
179326
179324
179322
179322
179323
179321
179319
179318
179318
179319
179318
179317
179319
179322
179325
179326
179326
179327
179329
179331
179331
179329
179328
179328
179326
179322
179318
179316
179318
179320
179318
179316
179318
179321
179323
179322
179320
179319
179321
179322
179322
179322
179323
179324
179325
179323
179320
179319
179320
179321
179320
179318
179317
179320
179320
179318
179317
179316
179319
179322
179323
179323
179323
179326
179328
179327
179325
179323
179324
179324
179322
179321
179322
179324
179325
179323
179319
179316
179314
179314
179311
179308
179307
179307
179307
179304
179301
179300
179300
179301
179299
179298
179297
179299
179301
179300
179298
179299
179300
179301
179299
179297
179297
179298
179299
179297
179293
179291
179291
179292
179291
179289
179291
179295
179298
179298
179295
179294
179296
179297
179295
179294
179293
179294
179296
179297
179298
179299
179301
179303
179303
179303
179302
179302
179302
179301
179298
179298
179299
179301
179299
179299
179298
179298
179298
179296
179293
179292
179293
179294
179292
179290
179289
179291
179293
179291
179290
179290
179290
179288
179286
179283
179282
179283
179283
179280
179280
179282
179284
179283
179281
179279
179277
179278
179278
179276
179275
179277
179278
179278
179278
179277
179276
179277
179277
179276
179274
179274
179276
179277
179276
179274
179273
179273
179272
179270
179269
179268
179269
179270
179268
179266
179266
179268
179269
179269
179268
179270
179272
179273
179271
179269
179269
179271
179273
179274
179272
179273
179274
179273
179270
179267
179268
179270
179271
179272
179272
179275
179279
179282
179282
179280
179280
179284
179286
179288
179288
179288
179289
179288
179285
179281
179279
179281
179282
179280
179278
179277
179277
179278
179277
179275
179275
179278
179279
179275
179269
179267
179267
179266
179262
179258
179256
179257
179257
179256
179255
179256
179256
179256
179257
179257
179258
179260
179262
179263
179264
179268
179273
179278
179280
179283
179286
179292
179298
179300
179302
179303
179305
179307
179307
179304
179302
179303
179303
179301
179299
179300
179303
179306
179306
179304
179306
179309
179310
179310
179308
179309
179309
179309
179308
179309
179312
179313
179314
179315
179315
179316
179318
179319
179318
179317
179319
179320
179318
179316
179315
179317
179319
179322
179321
179320
179321
179321
179321
179319
179318
179319
179320
179319
179316
179313
179314
179316
179316
179313
179310
179311
179313
179313
179311
179307
179306
179306
179304
179303
179303
179304
179305
179304
179303
179302
179303
179306
179306
179303
179300
179299
179298
179297
179294
179291
179291
179291
179289
179286
179284
179283
179285
179283
179280
179278
179278
179280
179281
179280
179279
179281
179283
179284
179283
179281
179281
179281
179279
179277
179275
179276
179277
179278
179276
179276
179278
179280
179282
179280
179277
179276
179277
179277
179273
179270
179270
179271
179271
179268
179265
179267
179270
179271
179270
179267
179267
179267
179265
179261
179258
179256
179256
179254
179251
179248
179246
179245
179244
179242
179239
179237
179237
179234
179229
179226
179224
179224
179222
179220
179219
179220
179221
179221
179221
179221
179223
179225
179226
179224
179223
179224
179224
179224
179223
179222
179224
179225
179226
179226
179224
179226
179227
179226
179224
179224
179225
179225
179225
179224
179224
179225
179229
179230
179230
179233
179237
179242
179247
179248
179250
179256
179260
179264
179266
179268
179271
179275
179278
179280
179283
179288
179293
179296
179298
179297
179299
179303
179305
179307
179307
179309
179311
179311
179310
179308
179310
179314
179314
179313
179311
179311
179313
179313
179310
179306
179306
179307
179305
179304
179304
179306
179309
179310
179309
179310
179312
179316
179317
179317
179318
179321
179324
179325
179325
179325
179327
179327
179326
179324
179320
179320
179321
179321
179320
179320
179322
179323
179322
179318
179315
179314
179313
179311
179307
179303
179301
179301
179299
179297
179296
