179232
179235
179234
179236
179241
179244
179243
179242
179241
179242
179243
179242
179238
179234
179232
179231
179226
179220
179215
179212
179210
179205
179202
179199
179198
179196
179194
179191
179187
179185
179185
179184
179184
179182
179184
179185
179185
179184
179184
179185
179188
179190
179190
179190
179193
179198
179197
179196
179195
179195
179197
179198
179197
179198
179200
179203
179204
179205
179208
179211
179215
179217
179219
179220
179220
179220
179219
179217
179214
179214
179216
179216
179215
179215
179218
179222
179224
179224
179226
179231
179235
179236
179238
179240
179244
179247
179249
179249
179250
179254
179258
179259
179257
179257
179260
179264
179266
179266
179265
179267
179269
179268
179268
179267
179269
179270
179270
179268
179268
179269
179270
179269
179266
179267
179270
179272
179272
179271
179272
179274
179276
179275
179273
179271
179271
179271
179269
179266
179265
179264
179264
179265
179265
179267
179271
179276
179278
179279
179280
179282
179283
179283
179280
179278
179276
179274
179271
179266
179263
179262
179260
179257
179255
179253
179253
179251
179250
179248
179245
179245
179244
179241
179239
179236
179235
179233
179229
179225
179222
179222
179221
179219
179216
179215
179216
179216
179214
179214
179214
179214
179215
179214
179211
179209
179209
179206
179202
179196
179191
179189
179185
179180
179176
179171
179169
179165
179159
179152
179148
179147
179146
179143
179140
179140
179142
179144
179143
179139
179137
179137
179140
179140
179138
179137
179137
179138
179136
179134
179134
179136
179138
179139
179139
179139
179141
179143
179144
179143
179143
179145
179148
179149
179149
179148
179149
179151
179150
179148
179147
179148
179149
179147
179145
179144
179144
179143
179142
179141
179142
179145
179148
179149
179148
179150
179153
179155
179156
179156
179158
179163
179169
179171
179171
179172
179174
179176
179178
179176
179177
179180
179184
179186
179187
179189
179191
179193
179195
179197
179198
179200
179203
179205
179206
179208
179210
179211
179211
179209
179207
179207
179206
179204
179200
179199
179201
179205
179206
179207
179209
179215
179219
179221
179222
179225
179229
179232
179233
179231
179230
179232
179234
179232
179227
179224
179222
179220
179218
179215
179213
179213
179217
179217
179217
179218
179221
179224
179227
179227
179230
179233
179236
179235
179232
179232
179233
179231
179227
179223
179220
179220
179220
179218
179216
179215
179217
179219
179218
179216
179217
179220
179224
179226
179226
179227
179230
179231
179229
179227
179228
179231
179231
179228
179225
179223
179223
179224
179222
179220
179218
179218
179218
179219
179218
179217
179218
179219
179218
179216
179217
179219
179220
179219
179218
179218
179221
179224
179222
179219
179218
179219
179218
179215
179214
179215
179217
179218
179217
179215
179215
179216
179217
179215
179213
179212
179213
179216
179216
179214
179214
179214
179214
179213
179212
179212
179214
179215
179214
179211
179209
179210
179211
179210
179209
179209
179212
179213
179211
179209
179209
179210
179211
179210
179209
179208
179209
179210
179209
179209
179209
179212
179214
179215
179215
179217
179220
179221
179222
179222
179223
179226
179228
179230
179230
179230
179233
179236
179237
179239
179242
179245
179248
179247
179247
179249
179252
179253
179252
179249
179247
179247
179246
179244
179240
179240
179240
179240
179239
179237
179236
179235
179235
179234
179233
179233
179233
179234
179233
179230
179230
179232
179233
179232
179229
179229
179229
179227
179225
179221
179219
179218
179217
179213
179209
179206
179205
179205
179202
179198
179195
179195
179197
179197
179195
179195
179197
179196
179195
179194
179192
179192
179191
179188
179185
179185
179185
179184
179180
179174
179171
179170
179169
179167
179163
179161
179160
179161
179160
179157
179157
179162
179167
179167
179167
179168
179169
179169
179167
179165
179163
179164
179164
179161
179157
179157
179158
179159
179159
179156
179155
179155
179156
179156
179156
179156
179158
179159
179156
179152
179151
179150
179150
179149
179149
179150
179152
179154
179151
179151
179153
179155
179156
179157
179157
179158
179159
179160
179160
179159
179158
179157
179156
179153
179150
179149
179148
179149
179146
179143
179142
179142
179140
179138
179137
179137
179141
179144
179144
179143
179145
179148
179151
179151
179150
179151
179154
179156
179155
179152
179152
179153
179155
179155
179153
179152
179153
179156
179156
179155
179157
179159
179160
179161
179160
179160
179162
179162
179160
179158
179157
179156
179155
179154
179152
179151
179154
179155
179155
179155
179156
179160
179162
179163
179164
179167
179170
179171
179171
179168
179167
179168
179169
179168
179167
179167
179169
179170
179170
179170
179172
179174
179176
179176
179177
179180
179184
179188
179188
179187
179187
179189
179190
179188
179186
179187
179188
179190
179191
179191
179193
179196
179199
179199
179200
179202
179206
179208
179210
179210
179213
179216
179219
179220
179222
179224
179225
179227
179225
179224
179224
179227
179230
179229
179228
179228
179229
179232
179233
179231
179231
179232
179233
179231
179227
179225
179222
179220
179216
179214
179214
179215
179215
179213
179212
179213
179214
179214
179213
179212
179214
179216
179218
179218
179217
179218
179222
179223
179222
179221
179220
179222
179222
179221
179218
179217
179217
179216
179213
179209
179208
179208
179207
179206
179205
179205
179208
179210
179208
179205
179204
179204
179204
179203
179200
179198
179198
179200
179199
179197
179196
179197
179198
179198
179196
179198
179201
179203
179201
179198
179196
179197
179199
179199
179198
179197
179196
179194
179190
179187
179188
179188
179187
179185
179183
179183
179185
179185
179183
179179
179177
179177
179175
179173
179170
179171
179173
179172
179171
179171
179171
179173
179173
179171
179169
179169
179170
179170
179168
179166
179167
179168
179169
179167
179166
179168
179171
179173
179173
179172
179173
179175
179177
179177
179176
179177
179179
179180
179179
179177
179178
179180
179181
179179
179177
179176
179176
179176
179176
179175
179175
179175
179175
179174
179172
179175
179178
179178
179179
179179
179179
179182
179183
179182
179181
179181
179182
179182
179181
179180
179180
179182
179183
179181
179179
179179
179182
179183
179183
179183
179183
179184
179185
179184
179184
179185
179187
179190
179189
179188
179191
179195
179198
179198
179197
179199
179202
179203
179202
179200
179200
179202
179204
179205
179205
179206
179207
179208
179208
179209
179211
179214
179214
179214
179215
179215
179215
179214
179211
179207
179205
179204
179203
179200
179198
179200
179201
179203
179204
179206
179208
179210
179210
179207
179204
179204
179205
179205
179204
179201
179201
179204
179204
179202
179201
179203
179207
179210
179211
179211
179212
179213
179212
179210
179208
179208
179210
179210
179208
179205
179205
179205
179206
179207
179207
179210
179213
179215
179215
179214
179215
179214
179213
179210
179205
179206
179207
179207
179204
179201
179200
179199
179198
179197
179195
179199
179202
179203
179204
179204
179206
179207
179206
179203
179200
179200
179201
179202
179201
179200
179200
179201
179200
179199
179199
179200
179201
179203
179204
179204
179207
179209
179209
179207
179206
179206
179208
179208
179207
179206
179205
179207
179207
179204
179200
179201
179202
179203
179203
179203
179204
179206
179207
179205
179203
179202
179203
179204
179204
179203
179204
179204
179203
179202
179201
179202
179204
179203
179202
179201
179202
179204
179205
179205
179204
179205
179206
179204
179202
179201
179200
179200
179201
179200
179199
179199
179200
179198
179195
179194
179195
179196
179197
179195
179192
179191
179193
179193
179192
179191
179192
179192
179192
179191
179188
179190
179192
179193
179189
179185
179182
179181
179179
179176
179174
179174
179175
179175
179174
179172
179173
179175
179176
179174
179174
179174
179175
179175
179174
179174
179173
179173
179173
179172
179172
179173
179176
179178
179177
179177
179179
179182
179181
179180
179177
179175
179176
179174
179172
179170
179171
179172
179174
179172
179171
179173
179175
179177
179176
179176
179178
179178
179177
179175
179174
179174
179175
179174
179171
179168
179166
179166
179165
179163
179162
179162
179163
179165
179166
179167
179169
179173
179174
179173
179173
179174
179176
179176
179175
179174
179177
179178
179178
179177
179176
179176
179177
179175
179173
179173
179173
179175
179175
179174
179173
179175
179179
179181
179180
179178
179178
179180
179182
179182
179182
179186
179190
179191
179190
179190
179193
179197
179200
179199
179197
179198
179198
179199
179197
179195
179197
179198
179197
179196
179196
179198
179200
179200
179198
179195
179193
179194
179194
179192
179190
179191
179194
179194
179194
179193
179194
179196
179195
179192
179188
179188
179188
179188
179188
179186
179186
179187
179187
179186
179184
179185
179186
179186
179187
179187
179187
179188
179189
179188
179188
179189
179189
179189
179189
179188
179187
179188
179189
179188
179187
179186
179185
179182
179178
179175
179176
179177
179178
179176
179176
179177
179179
179179
179178
179177
179177
179178
179179
179177
179175
179175
179176
179174
179170
179167
179166
179166
179164
179161
179159
179159
179160
179159
179157
179156
179157
179161
179162
179161
179161
179162
179164
179166
179165
179164
179164
179166
179165
179163
179160
179159
179159
179158
179154
179150
179147
179146
179144
179140
179136
179134
179132
179129
179125
179122
179119
179117
179116
179114
179112
179112
179112
179111
179109
179107
179107
179108
179107
179106
179105
179106
179105
179105
179104
179104
179105
179106
179104
179103
179103
179104
179106
179106
179104
179103
179103
179105
179106
179104
179101
179103
179105
179105
179104
179104
179107
179109
179110
179109
179109
179109
179109
179107
179106
179107
179110
179113
179115
179116
179116
179117
179118
179119
179120
179119
179119
179121
179122
179121
179119
179121
179124
179124
179122
179120
179119
179116
179112
179109
179106
179103
179101
179100
179101
179101
179103
179107
179109
179109
179110
179114
179116
179115
179114
179115
179119
179122
179124
179124
179125
179127
179128
179128
179130
179131
179134
179136
179137
179136
179134
179134
179136
179138
179137
179137
179139
179140
179141
179141
179143
179148
179152
179155
179157
179158
179160
179162
179162
179160
179159
179160
179161
179159
179157
179156
179155
179155
179153
179150
179151
179152
179154
179153
179151
179148
179148
179147
179145
179142
179140
179142
179144
179145
179145
179146
179149
179153
179157
179158
179159
179163
179167
179167
179168
179169
179171
179173
179171
179168
179166
179166
179168
179170
179170
179171
179174
179177
179177
179174
179173
179174
179176
179174
179173
179172
179173
179174
179173
179173
179173
179174
179174
179175
179175
179174
179177
179180
179183
179184
179187
179191
179195
179197
179196
179197
179198
179201
179202
179203
179204
179207
179211
179213
179215
179217
179221
179224
179224
179222
179219
179218
179218
179218
179213
179211
179212
179211
179207
179205
179203
179200
179199
179196
179192
179190
179190
179191
179192
179191
179191
179194
179196
179195
179194
179192
179193
179194
179192
179190
179189
179191
179192
179190
179186
179184
179185
179186
179184
179181
179181
179181
179180
179178
179175
179173
179172
179173
179172
179171
179169
179169
179170
179169
179168
179166
179166
179166
179163
179157
179153
179151
179148
179143
179137
179133
179131
179129
179125
179121
179117
179114
179112
179109
179106
179104
179104
179105
179106
179104
179104
179104
179105
179104
179104
179105
179108
179112
179115
179116
179120
179125
179127
179125
179123
179123
179125
179127
179127
179125
179124
179125
179128
179128
179128
179128
179130
179134
179136
179135
179136
179139
179141
179140
179139
179139
179140
179141
179138
179137
179137
179138
179137
179133
179128
179124
179122
179122
179120
179120
179120
179122
179121
179119
179116
179113
179112
179112
179110
179106
179106
179106
179106
179105
179104
179106
179110
179114
179115
179114
179115
179119
179121
179119
179115
179114
179114
179113
179111
179108
179105
179106
179106
179105
179102
179098
179098
179099
179099
179099
179101
179104
179107
179107
179106
179107
179109
179111
179111
179110
179111
179112
179112
179110
179106
179103
179104
179106
179105
179102
179101
179101
179103
179104
179105
179106
179110
179112
179113
179112
179112
179113
179114
179114
179112
179112
179114
179116
179117
179118
179123
179128
179134
179137
179139
179141
179145
179149
179148
179146
179146
179147
179146
179143
179140
179139
179142
179145
179147
179149
179153
179158
179164
179168
179170
179174
179177
179181
179181
179181
179181
179182
179185
179187
179186
179188
179193
179197
179197
179199
179201
179205
179208
179210
179211
179213
179216
179218
179215
179213
179212
179213
179212
179210
179206
179202
179199
179195
179190
179184
179177
179173
179170
179164
179158
179154
179153
179152
179150
179150
179151
179152
179154
179154
179154
179157
179162
179166
179168
179169
179173
179178
179181
179182
179180
179178
179178
179177
179174
179169
179165
179162
179160
179156
179154
179155
179157
179157
179156
179158
179159
179162
179165
179166
179167
179168
179171
179175
179177
179176
179176
179178
179180
179179
179177
179175
179176
179177
179175
179171
179171
179169
179167
179162
179159
179157
179156
179155
179152
179148
179145
179144
179144
179144
179144
179144
179147
179150
179150
179151
179154
179159
179163
179164
179163
179163
179164
179165
179162
179155
179151
179148
179144
179138
179133
179125
179120
179114
179106
179097
179088
179081
179073
179065
179059
179056
179052
179050
179046
179043
179042
179043
179044
179044
179044
179047
179049
179052
179052
179054
179055
179056
179058
179059
179056
179056
179056
179056
179051
179047
179047
179048
179051
179052
179053
179056
179063
179068
179074
179077
179081
179087
179092
179095
179099
179103
179110
179115
179119
179122
179127
179133
179137
179140
179141
179145
179151
179156
179158
179160
179163
179166
179169
179172
179173
179177
179181
179184
179186
179187
179188
179191
179192
179189
179186
179186
179187
179187
179185
179182
179180
179179
179178
179175
179171
179168
179167
179166
179164
179161
179159
179157
179156
179154
179152
179150
179152
179152
179149
179147
179146
179148
179148
179148
179147
179147
179150
179152
179149
179146
179146
179148
179149
179149
179148
179150
179154
179157
179155
179153
179153
179154
179153
179150
179147
179147
179149
179150
179150
179146
179143
179144
179145
179145
179144
179145
179149
179150
179148
179147
179148
179148
179148
179146
179143
179141
179142
179143
179140
179137
179137
179137
179138
179136
179133
179133
179135
179136
179136
179134
179133
179134
179136
179137
179136
179138
179140
179141
179140
179138
179140
179141
179141
179139
179135
179133
179135
179135
179131
179128
179128
179128
179128
179126
179125
179124
179125
179127
179127
179124
179123
179126
179128
179127
179126
179126
179126
179128
179125
179123
179122
179123
179122
179119
179116
179114
179114
179111
179106
179102
179099
179098
179097
179092
179086
179081
179080
179080
179079
179078
179078
179078
179079
179079
179078
179080
179083
179085
179084
179085
179087
179091
179093
179092
179092
179094
179098
179100
179102
179104
179107
179110
179111
179109
179108
179111
179114
179116
179118
179118
179118
179119
179119
179118
179116
179117
179119
179119
179116
179114
179116
179118
179121
179122
179122
179123
179125
179127
179129
179130
179134
179140
179146
179147
179148
179152
179157
179163
179168
179170
179174
179180
179185
179187
179188
179191
179193
179193
179193
179191
179191
179192
179193
179191
179189
179187
179187
179185
179181
179177
179174
179172
179172
179168
179164
179161
179160
179160
179157
179155
179153
179152
179151
179149
179146
179144
179143
179144
179142
179141
179142
179143
179142
179139
179134
179133
179134
179134
179133
179132
179131
179131
179129
179125
179122
179120
179119
179117
179113
179109
179109
179110
179109
179106
179105
179106
179108
179107
179106
179107
179109
179113
179117
179117
179117
179119
179122
179124
179123
179124
179126
179131
179135
179137
179138
179141
179144
179144
179141
179138
179136
179135
179136
179135
179132
179132
179133
179132
179131
179128
179128
179129
179129
179126
179121
179120
179119
179116
179112
179108
179107
179110
179109
179109
179110
179114
179118
179120
179122
179123
179125
179127
179127
179126
179123
179123
179123
179123
179122
179118
179118
179119
179121
179120
179119
179120
179123
179124
179123
179121
179120
179122
179123
179121
179120
179119
179119
179119
179116
179113
179112
179114
179114
179114
179113
179113
179114
179114
179112
179109
179108
179109
179110
179108
179105
179103
179102
179100
179097
179095
179096
179098
179098
179096
179094
179096
179098
179098
179098
179098
179098
179098
179096
179091
179086
179084
179086
179088
179088
179089
179092
179097
179101
179104
179109
179117
179125
179130
179134
179139
179145
179151
179155
179157
179159
179160
179163
179166
179165
179163
179163
179163
179161
179158
179155
179154
179154
179152
179148
179144
179142
179141
179138
179135
179134
179135
179137
179138
179140
179142
179146
179152
179156
179159
179162
179166
179170
179172
179172
179175
179178
179182
179184
179184
179184
179187
179190
179193
179195
179195
179196
179199
179200
179200
179199
179201
179202
179200
179196
179190
179186
179183
179179
179173
179167
179163
179160
179154
179148
179142
179138
179135
179133
179130
179128
179127
179127
179125
179122
179120
179121
179122
179122
179122
179121
179121
179123
179125
179125
179125
179125
179126
179125
179123
179122
179122
179123
179123
179123
179123
179122
179124
179125
179124
179123
179125
179129
179130
179129
179127
179128
179127
179123
179120
179116
179114
179112
179108
179105
179103
179105
179107
179107
179108
179110
179115
179119
179122
179123
179124
179128
179132
179132
179131
179129
179132
179136
179139
179141
179143
179147
179153
179157
179158
179160
179165
179169
179171
179172
179173
179175
179179
179180
179178
179175
179176
179176
179173
179169
179166
179165
179165
179164
179162
179161
179161
179164
179165
179164
179164
179167
179169
179168
179165
179161
179162
179162
179161
179157
179152
179148
179145
179141
179136
179132
179132
179131
179127
179125
179123
179124
179126
179127
179128
179129
179129
179129
179127
179123
179120
179119
179120
179118
179114
179110
179108
179108
179107
179102
179098
179096
179093
179091
179088
179085
179085
179086
179087
179086
179085
179087
179090
179091
179092
179092
179096
179099
179097
179095
179095
179096
179098
179098
179096
179095
179094
179094
179093
179092
179091
179094
179096
179096
179094
179095
179097
179100
179102
179102
179102
179102
179102
179101
179098
179097
179099
179098
179099
179099
179100
179103
179107
179110
179112
179114
179121
179126
179129
179131
179134
179140
179146
179150
179153
179156
179162
179168
179172
179176
179178
179181
179187
179188
179188
179190
179193
179198
179199
179199
179199
179202
179205
179206
179206
179207
179211
179213
179213
179212
179210
179211
179212
179211
179207
179206
179207
179209
179207
179204
179202
179203
179203
179203
179203
179201
179202
179202
179201
179201
179201
179202
179203
179201
179197
179195
179193
179192
179189
179187
179185
179184
179183
179181
179178
179176
179175
179174
179169
179167
179167
179168
179169
179167
179166
179164
179163
179163
179161
179158
179155
179153
179151
179146
179139
179132
179127
179122
179116
179109
179104
179101
179099
179094
179089
179084
179081
179080
179080
179079
179079
179081
179083
179083
179082
179081
179083
179084
179082
179079
179074
179072
179070
179066
179062
179059
179058
179057
179054
179051
179050
179051
179051
179050
179048
179046
179045
179046
179046
179046
179046
179050
179053
179055
179055
179055
179057
179059
179060
179060
179061
179062
179063
179064
179063
179064
179064
179063
179060
179056
179054
179054
179054
179053
179051
179052
179058
179063
179066
179069
179072
179077
179082
179085
179088
179090
179094
179098
179100
179101
179101
179103
179103
179102
179100
179098
179098
179099
179098
179096
179095
179095
179097
179098
179099
179101
179105
179109
179110
179110
179111
179114
179118
179121
179124
179127
179131
179135
179136
179135
179136
179136
179137
179136
179133
179129
179127
179126
179122
179119
179118
179118
179119
179118
179116
179115
179117
179119
179120
179119
179121
179124
179128
179129
179129
179130
179133
179136
179136
179135
179135
179135
179134
179132
179129
179127
179127
179129
179127
179126
179125
179126
179126
179123
179120
179119
179117
179117
179117
179116
179116
179118
179120
179121
179121
179122
179124
179126
179126
179123
179122
179123
179124
179123
179122
179122
179124
179125
179125
179124
179123
179124
179125
179124
179123
179124
179127
179132
179134
179134
179136
179139
179142
179143
179143
179144
179147
179150
179150
179150
179150
179151
179151
179150
179148
179147
179148
179149
179148
179146
179146
179145
179145
179143
179139
179136
179133
179132
179130
179127
179128
179128
179128
179127
179126
179125
179126
179128
179129
179129
179130
179132
179134
179134
179134
179136
179141
179144
179144
179144
179147
179150
179153
179151
179149
179147
179148
179148
179146
179144
179142
179141
179138
179134
179130
179126
179126
179126
179124
179122
179121
179121
179122
179121
179119
179120
179121
179120
179118
179116
179114
179114
179114
179113
179111
179111
179113
179116
179116
179115
179115
179116
179117
179117
179115
179114
179115
179116
179116
179115
179116
179120
179123
179124
179124
179125
179126
179125
179124
179123
179122
179121
179120
179117
179113
179109
179107
179107
179105
179103
179104
179106
179105
179103
179102
179103
179104
179104
179103
179102
179103
179105
179106
179107
179106
179107
179108
179109
179109
179109
179109
179112
179114
179113
179113
179114
179116
179118
179115
179111
179108
179107
179106
179102
179097
179095
179097
179098
179096
179095
179097
179100
179104
179105
179105
179105
179107
179110
179108
179108
179108
179110
179111
179110
179109
179108
179108
179108
179107
179107
179109
179112
179115
179115
179116
179118
179121
179122
179121
179119
179117
179116
179116
179112
179108
179108
179109
179108
179106
179105
179106
179108
179107
179104
179102
179103
179104
179104
179102
179100
179099
179099
179100
179099
179098
179099
179100
179101
179101
179099
179101
179104
179106
179106
179104
179106
179107
179107
179107
179106
179107
179110
179112
179112
179111
179112
179112
179111
179109
179106
179103
179102
179101
179098
179095
179093
179093
179092
179089
179086
179085
179087
179087
179084
179081
179079
179079
179079
179077
179078
179080
179083
179085
179085
179085
179087
179090
179094
179093
179092
179094
179095
179097
179096
179096
179096
179099
179102
179102
179101
179103
179105
179106
179106
179104
179105
179106
179107
179105
179102
179101
179101
179101
179099
179097
179095
179094
179092
179090
179086
179085
179086
179088
179086
179086
179088
179092
179096
179097
179098
179101
179104
179106
179105
179103
179103
179104
179105
179102
179099
179097
179097
179096
179095
179093
179094
179097
179100
179101
179100
179101
179105
179105
179103
179101
179102
179102
179101
179100
179098
179099
179102
179102
179098
179094
179092
179094
179095
179094
179093
179094
179097
179097
179096
179094
179095
179096
179097
179096
179095
179098
179101
179101
179101
179099
179099
179100
179100
179098
179097
179098
179097
179095
179091
179088
179087
179088
179087
179087
179086
179088
179093
179096
179095
179095
179097
179100
179102
179099
179098
179099
179100
179099
179097
179096
179096
179099
179099
179096
179095
179096
179098
179100
179100
179100
179103
179106
179107
179105
179103
179103
179104
179103
179100
179097
179097
179098
179097
179095
179095
179096
179099
179102
179103
179103
179105
179108
179111
179111
179111
179112
179112
179111
179109
179107
179105
179106
179106
179104
179102
179101
179103
179104
179103
179102
179104
179107
179109
179109
179108
179110
179113
179112
179109
179104
179102
179101
179099
179094
179089
179088
179089
179087
179085
179084
179083
179084
179085
179082
179080
179081
179083
179086
179086
179085
179087
179088
179089
179088
179086
179086
179087
179087
179087
179087
179090
179097
179100
179100
179101
179101
179101
179101
179099
179096
179095
179095
179094
179090
179087
179087
179088
179089
179087
179085
179084
179085
179087
179086
179085
179086
179089
179092
179092
179091
179092
179094
179094
179092
179088
179088
179090
179088
179086
179085
179086
179087
179086
179084
179081
179081
179083
179083
179082
179083
179086
179088
179089
179089
179087
179086
179087
179086
179083
179081
179081
179083
179084
179087
179088
179090
179094
179097
179098
179098
179101
179104
179105
179105
179106
179107
179107
179107
179106
179103
179103
179102
179100
179099
179097
179097
179100
179100
179100
179100
179100
179102
179102
179102
179101
179102
179103
179103
179101
179099
179101
179104
179104
179103
179102
179104
179106
179105
179102
179100
179099
179100
179101
179098
179096
179097
179097
179096
179094
179092
179093
179095
179095
179093
179090
179090
179089
179086
179079
179075
179073
179072
179069
179065
179063
179062
179062
179063
179062
179061
179064
179067
179068
179068
179067
179068
179071
179073
179074
179074
179076
179080
179080
179080
179081
179083
179085
179086
179085
179084
179084
179084
179083
179081
179081
179083
179086
179086
179086
179087
179089
179090
179089
179087
179087
179089
179092
179092
179091
179090
179091
179090
179088
179086
179084
179085
179087
179088
179088
179089
179090
179093
179092
179088
179086
179085
179085
179084
179082
179081
179082
179084
179085
179083
179080
179080
179083
179084
179083
179084
179087
179089
179089
179088
179089
179090
179092
179092
179091
179089
179091
179094
179094
179094
179094
179094
179093
179090
179086
179084
179085
179086
179085
179084
179085
179086
179089
179088
179086
179084
179083
179084
179083
179083
179082
179084
179087
179087
179086
179086
179087
179088
179088
179087
179085
179085
179088
179089
179089
179089
179090
179092
179092
179091
179091
179092
179094
179094
179094
179093
179096
179099
179099
179097
179097
179098
179100
179099
179098
179098
179100
179100
179099
179097
179095
179095
179095
179093
179092
179093
179096
179097
179096
179094
179093
179094
179096
179096
179096
179099
179104
179109
179112
179114
179115
179117
179121
179123
179126
179128
179132
179135
179136
179137
179138
179142
179144
179145
179145
179145
179148
179150
179149
179149
179148
179149
179151
179151
179149
179147
179148
179150
179149
179147
179149
179151
179152
179152
179151
179148
179149
179150
179150
179148
179147
179148
179148
179145
179142
179140
179141
179141
179140
179138
179137
179138
179137
179134
179129
179125
179124
179122
179118
179114
179112
179109
179108
179105
179099
179093
179091
179089
179085
179081
179077
179076
179075
179072
179069
179069
179070
179071
179069
179066
179065
179065
179066
179063
179058
179053
179052
179052
179050
179046
179044
179043
179041
179038
179033
179029
179029
179029
179027
179025
179024
179024
179026
179025
179025
179025
179027
179029
179029
179027
179027
179029
179030
179030
179030
179031
179033
179037
179038
179038
179040
179043
179047
179048
179046
179046
179050
179053
179055
179055
179056
179058
179060
179059
179056
179056
179057
179058
179057
179055
179055
179056
179057
179057
179056
179054
179055
179057
179059
179059
179060
179062
179065
179066
179067
179068
179070
179074
179076
179077
179079
179084
179089
179089
179089
179090
179093
179095
179096
179096
179097
179098
179101
179101
179099
179100
179102
179104
179105
179105
179105
179108
179110
179110
179109
179108
179110
179111
179111
179109
179109
179112
179113
179112
179111
179111
179112
179112
179111
179109
179110
179112
179113
179111
179108
179108
179107
179108
179107
179105
179105
179105
179104
179103
179101
179100
179101
179101
179099
179097
179098
179100
179101
179099
179096
179094
179096
179098
179098
179099
179101
179105
179110
179109
179108
179110
179113
179115
179115
179113
179113
179113
179115
179115
179113
179113
179115
179118
179117
179115
179114
179114
179113
179112
179110
179108
179107
179105
179101
179098
179095
179095
179095
179093
179093
179093
179094
179095
179095
179093
179092
179093
179094
179092
179089
179087
179085
179084
179080
179076
179074
179075
179076
179074
179073
179070
179069
179066
179062
179058
179058
179058
179060
179058
179056
179055
179056
179056
179053
179051
179052
179054
179054
179052
179049
179050
179051
179052
179050
179048
179049
179051
179050
179049
179049
179049
179051
179052
179048
179044
179043
179044
179044
179042
179040
179041
179043
179045
179044
179043
179043
179044
179045
179044
179041
179041
179041
179042
179042
179041
179039
179041
179041
179037
179036
179037
179039
179041
179041
179040
179041
179043
179043
179042
179040
179041
179041
179039
179038
179038
179040
179043
179044
179044
179045
179046
179048
179049
179049
179048
179049
179052
179053
179051
179049
179050
179052
179054
179053
179053
179054
179057
179059
179058
179056
179056
179059
179061
179061
179060
179061
179064
179064
179061
179061
179061
179062
179062
179059
179059
179059
179059
179058
179057
179057
179058
179059
179060
179059
179059
179060
179062
179065
179066
179066
179068
179073
179076
179077
179078
179081
179084
179087
179087
179087
179088
179091
179091
179090
179090
179090
179091
179092
179092
179092
179092
179094
179093
179091
179090
179091
179091
179091
179090
179089
179090
179090
179092
179090
179088
179089
179092
179092
179091
179088
179087
179088
179088
179086
179084
179085
179088
179087
179083
179081
179082
179084
179084
179083
179082
179082
179084
179082
179080
179080
179080
179081
179080
179078
179075
179076
179078
179076
179073
179072
179073
179074
179075
179075
179074
179074
179077
179078
179076
179074
179076
179079
179080
179079
179077
179079
179082
179084
179080
179077
179077
179079
179080
179077
179074
179075
179076
179076
179077
179077
179077
179078
179077
179077
179076
179076
179076
179077
179077
179075
179075
179076
179077
179074
179072
179072
179074
179073
179071
179067
179066
179063
179060
179059
179058
179057
179059
179060
179060
179059
179060
179062
179063
179063
179062
179064
179067
179067
179067
179068
179072
179074
179074
179072
179071
179074
179077
179079
179078
179076
179076
179077
179076
179073
179070
179071
179074
179074
179072
179071
179073
179073
179073
179072
179071
179073
179074
179074
179072
179072
179074
179076
179077
179074
179072
179073
179073
179071
179067
179065
179067
179066
179064
179062
179062
179062
179062
179060
179057
179054
179052
179052
179051
179047
179045
179044
179043
179041
179037
179033
179033
179033
179031
179030
179029
179031
179034
179035
179034
179034
179037
179041
179043
179043
179044
179049
179052
179052
179052
179052
179053
179054
179055
179055
179055
179058
179061
179064
179063
179063
179065
179068
179070
179069
179068
179072
179076
179079
179079
179080
179081
179082
179083
179083
179084
179087
179091
179093
179092
179092
179095
179097
179098
179099
179101
179104
179106
179107
179106
179106
179107
179107
179106
179103
179101
179102
179103
179103
179102
179101
179103
179105
179104
179102
179101
179101
179101
179100
179096
179094
179092
179090
179088
179085
179083
179084
179087
179088
179088
179088
179088
179087
179086
179085
179084
179086
179086
179086
179084
179083
179084
179084
179081
179078
179073
179071
179071
179069
179067
179064
179064
179066
179064
179062
179061
179063
179067
179068
179067
179067
179068
179069
179066
179064
179061
179061
179062
179060
179056
179053
179051
179048
179043
179040
179039
179040
179041
179041
179041
179040
179041
179042
179040
179038
179036
179036
179038
179039
179036
179034
179036
179038
179038
179037
179035
179037
179039
179038
179036
179036
179038
179041
179042
179041
179042
179045
179048
179048
179048
179048
179050
179050
179048
179047
179047
179049
179053
179055
179054
179055
179059
179060
179059
179059
179060
179063
179067
179068
179067
179069
179073
179075
179076
179076
179076
179078
179082
179083
179084
179084
179087
179090
179089
179088
179086
179088
179090
179091
179091
179090
179093
179094
179092
179090
179088
179088
179088
179086
179084
179084
179084
179086
179085
179083
179084
179085
179085
179084
179081
179080
179082
179084
179084
179084
179083
179084
179085
179086
179086
179087
179090
179093
179094
179092
179092
179095
179098
179097
179096
179096
179097
179098
179098
179097
179098
179101
179104
179103
179102
179102
179104
179107
179107
179107
179109
179111
179113
179113
179110
179108
179108
179108
179106
179103
179101
179102
179104
179103
179102
179103
179105
179107
179105
179102
179101
179099
179098
179095
179091
179089
179088
179086
179082
179078
179076
179076
179076
179073
179069
179066
179067
179066
179062
179059
179056
179055
179055
179054
179052
179054
179058
179060
179061
179062
179063
179067
179070
179071
179070
179070
179071
179073
179073
179071
179070
179071
179070
179067
179062
179058
179057
179056
179052
179048
179045
179044
179045
179046
179044
179044
179046
179048
179047
179046
179046
179050
179055
179057
179056
179057
179059
179062
179062
179059
179056
179056
179056
179055
179054
179055
179057
179058
179057
179055
179056
179058
179059
179057
179056
179056
179057
179059
179056
179052
179048
179044
179043
179040
179036
179033
179035
179038
179039
179038
179039
179042
179045
179046
179048
179050
179055
179058
179061
179060
179060
179063
179065
179065
179062
179061
179061
179060
179056
179049
179044
179040
179037
179034
179031
179029
179029
179029
179028
179027
179025
179026
179027
179025
179023
179022
179022
179022
179021
179020
179020
179022
179024
179024
179025
179028
179032
179034
179035
179035
179034
179034
179034
179033
179030
179028
179030
179033
179034
179034
179034
179035
179037
179036
179036
179038
179040
179042
179041
179041
179042
179044
179046
179047
179047
179048
179049
179049
179048
179047
179045
179045
179046
179045
179044
179044
179044
179044
179043
179040
179038
179040
179041
179039
179036
179037
179039
179041
179041
179042
179042
179044
179046
179048
179049
179049
179049
179050
179047
179045
179044
179044
179045
179043
179037
179036
179038
179039
179038
179038
179039
179042
179045
179046
179046
179049
179051
179054
179054
179052
179051
179051
179050
179046
179044
179043
179043
179044
179044
179043
179043
179045
179048
179048
179048
179049
179051
179054
179054
179052
179051
179050
179050
179049
179046
179045
179046
179047
179046
179043
179044
179046
179048
179048
179047
179048
179051
179053
179052
179050
179051
179052
179054
179056
179054
179055
179058
179060
179061
179061
179061
179064
179065
179064
179064
179066
179068
179068
179067
179066
179065
179066
179068
179067
179066
179068
179070
179070
179069
179066
179065
179065
179063
179060
179057
179054
179054
179054
179051
179048
179048
179048
179048
179046
179043
179042
179044
179045
179044
179042
179044
179047
179051
179051
179052
179053
179057
179060
179060
179062
179066
179071
179076
179079
179081
179086
179091
179095
179097
179099
179103
179108
179111
179110
179108
179110
179113
179112
179110
179108
179109
179110
179109
179108
179107
179108
179109
179110
179110
179107
179105
179105
179105
179103
179101
179101
179102
179103
179100
179096
179095
179096
179097
179094
179091
179090
179092
179091
179088
179085
179083
179082
179083
179081
179080
179080
179080
179080
179080
179078
179077
179077
179076
179074
179071
179069
179070
179070
179068
179066
179066
179068
179069
179069
179067
179067
179068
179068
179069
179069
179070
179072
179074
179073
179072
179073
179073
179074
179072
179069
179071
179075
179077
179076
179073
179072
179072
179073
179071
179067
179067
179068
179068
179066
179064
179065
179067
179069
179070
179069
179069
179070
179069
179067
179064
179065
179067
179069
179068
179064
179065
179068
179070
179069
179069
179071
179074
179076
179076
179074
179076
179078
179078
179077
179074
179073
179075
179077
179076
179075
179076
179077
179079
179079
179078
179079
179082
179084
179083
179083
179086
179089
179089
179086
179084
179084
179085
179084
179082
179081
179082
179084
179083
179081
179080
179081
179082
179082
179082
179083
179084
179086
179088
179086
179085
179086
179088
179089
179087
179085
179084
179086
179085
179084
179081
179080
179081
179083
179083
179080
179080
179082
179083
179085
179084
179084
179085
179085
179085
179085
179085
179085
179083
179081
179080
179081
179080
179081
179081
179080
179081
179083
179083
179083
179082
179082
179083
179083
179081
179078
179078
179078
179078
179075
179074
179076
179076
179076
179074
179070
179069
179070
179070
179069
179068
179070
179073
179075
179075
179077
179078
179081
179083
179082
179082
179085
179089
179089
179088
179089
179092
179096
179099
179100
179101
179104
179105
179104
179102
179101
179103
179102
179100
179097
179095
179094
179093
179092
179091
179090
179091
179091
179089
179086
179082
179083
179083
179082
179079
179078
179079
179077
179074
179073
179071
179071
179072
179071
179068
179066
179067
179067
179065
179062
179059
179059
179059
179057
179052
179047
179045
179044
179040
179038
179036
179035
179033
179031
179026
179022
179020
179019
179016
179013
179011
179011
179011
179010
179006
179003
179004
179005
179005
179003
179000
179000
179001
179000
178999
178998
179000
179001
179001
179001
179001
179003
179006
179008
179009
179008
179011
179013
179013
179010
179010
179011
179012
179013
179014
179014
179016
179019
179017
179016
179017
179020
179023
179024
179023
179022
179024
179025
179026
179024
179025
179027
179028
179029
179027
179026
179026
179027
179027
179025
179023
179025
179029
179032
179033
179034
179038
179042
179044
179045
179046
179049
179051
179051
179050
179051
179051
179053
179054
179052
179051
179053
179055
179054
179051
179049
179050
179053
179052
179050
179050
179051
179054
179055
179054
179052
179053
179055
179055
179052
179052
179053
179052
179048
179046
179044
179045
179047
179046
179044
179044
179047
179046
179044
179042
179041
179042
179042
179041
179040
179039
179040
179040
179040
179039
179038
179040
179041
179041
179040
179038
179039
179041
179040
179038
179036
179037
179038
179037
179034
179034
179034
179036
179035
179034
179033
179034
179035
179034
179033
179035
179038
179041
179041
179042
179044
179047
179050
179051
179052
179056
179059
179060
179062
179063
179064
179066
179069
179070
179071
179071
179073
179076
179076
179075
179074
179076
179076
179074
179072
179071
179074
179078
179078
179077
179077
179079
179080
179079
179078
179077
179080
179079
179078
179075
179074
179075
179074
179070
179068
179067
179068
179067
179066
179065
179062
179062
179063
179061
179056
179053
179053
179054
179053
179051
179049
179050
179052
179051
179049
179049
179051
179053
179053
179051
179050
179050
179051
179050
179047
179044
179043
179043
179041
179039
179038
179038
179037
179034
179028
179025
179025
179026
179026
179025
179024
179027
179028
179026
179024
179023
179024
179026
179024
179023
179022
179024
179026
179025
179022
179022
179023
179024
179023
179021
179019
179020
179019
179016
179013
179012
179013
179014
179012
179011
179009
179007
179005
179000
178995
178992
178990
178988
178987
178983
178981
178981
178980
178978
178975
178974
178973
178973
178970
178967
178967
178969
178969
178966
178964
178964
178965
178965
178963
178962
178962
178964
178965
178963
178962
178962
178964
178966
178966
178966
178968
178972
178975
178977
178978
178980
178983
178985
178986
178986
178988
178991
178993
178991
178988
178987
178989
178991
178991
178991
178992
178994
178996
178995
178994
178996
178998
179001
179001
179000
179000
179003
179006
179007
179008
179010
179013
179016
179017
179016
179018
179022
179026
179025
179024
179026
179030
179033
179034
179033
179034
179037
179041
179042
179042
179044
179046
179048
179048
179048
179048
179051
179054
179053
179052
179053
179055
179059
179060
179060
179062
179063
179066
179065
179062
179063
179064
179067
179068
179068
179069
179069
179067
179064
179060
179060
179061
179062
179061
179060
179059
179059
179059
179057
179055
179055
179056
179057
179056
179053
179052
179056
179057
179055
179053
179052
179054
179054
179052
179051
179050
179051
179051
179050
179049
179048
179048
179048
179046
179045
179045
179045
179044
179041
179038
179038
179039
179039
179038
179036
179036
179036
179037
179035
179033
179033
179034
179035
179033
179030
179027
179028
179030
179029
179027
179027
179027
179026
179025
179023
179023
179025
179026
179026
179025
179026
179030
179033
179033
179033
179034
179037
179040
179043
179044
179046
179050
179053
179052
179051
179051
179051
179052
179051
179049
179049
179050
179052
179049
179046
179046
179048
179050
179050
179049
179050
179053
179054
179052
179050
179050
179051
179050
179049
179048
179049
179050
179051
179050
179048
179047
179048
179048
179045
179042
179044
179045
179043
179040
179036
179034
179034
179034
179033
179032
179032
179030
179030
179028
179025
179024
179024
179023
179021
179020
179020
179020
179021
179020
179020
179021
179024
179027
179027
179026
179027
179029
179030
179029
179027
179028
179029
179030
179027
179025
179026
179027
179026
179024
179022
179021
179021
179022
179020
179019
179019
179021
179021
179017
179014
179013
179014
179013
179009
179005
179004
179003
179003
179003
179001
179002
179004
179007
179007
179005
179005
179008
179012
179013
179012
179016
179020
179023
179023
179024
179026
179028
179030
179029
179028
179028
179030
179030
179030
179029
179031
179032
179034
179034
179033
179034
179036
179037
179037
179036
179036
179035
179033
179030
179027
179027
179030
179032
179032
179031
179032
179035
179036
179036
179035
179036
179037
179036
179034
179032
179030
179030
179028
179026
179023
179024
179026
179026
179025
179023
179025
179027
179027
179026
179024
179025
179028
179028
179024
179022
179020
179020
179020
179018
179016
179017
179017
179016
179013
179010
179011
179011
179011
179010
179009
179009
179012
179014
179013
179012
179013
179015
179017
179016
179014
179014
179015
179015
179013
179013
179015
179017
179017
179015
179014
179015
179017
179019
179019
179018
179018
179019
179020
179019
179017
179016
179015
179015
179014
179011
179010
179012
179014
179014
179014
179016
179018
179020
179020
179018
179019
179021
179022
179019
179016
179017
179017
179016
179013
179010
179011
179011
179011
179010
179008
179008
179009
179008
179008
179007
179008
179011
179012
179011
179010
179011
179013
179015
179016
179018
179020
179021
179022
179022
179020
179020
179021
179021
179019
179017
179016
179016
179013
179006
179001
178999
178996
178991
178985
178980
178978
178974
178971
178967
178964
178962
178960
178957
178953
178950
178949
178949
178949
178946
178945
178948
178951
178954
178956
178956
178959
178961
178964
178965
178964
178966
178969
178971
178969
178969
178972
178975
178977
178977
178976
178977
178978
178977
178974
178973
178974
178977
178979
178980
178981
178983
178984
178985
178982
178980
178980
178981
178983
178984
178982
178981
178982
178981
178979
178977
178976
178977
178977
178976
178974
178973
178973
178972
178970
178969
178969
178971
178973
178972
178971
178971
178972
178972
178971
178971
178974
178979
178979
178976
178977
178980
178984
178986
178987
178990
178993
178994
178995
178994
178993
178995
178999
178999
178997
178998
179001
179005
179006
179006
179006
179009
179014
179014
179013
179014
179018
179023
179027
179029
179028
179031
179035
179034
179033
179032
179032
179034
179034
179032
179030
179029
179028
179026
179024
179023
179025
179025
179023
179020
179018
179019
179018
179014
179010
179008
179010
179011
179011
179007
179007
179008
179011
179011
179007
179004
179005
179005
179004
179003
179003
179004
179006
179007
179005
179002
179002
179003
179003
179001
178999
178998
178998
178996
178993
178991
178991
178992
178991
178987
178986
178986
178986
178986
178986
178984
178984
178986
178987
178986
178986
178988
178990
178990
178987
178986
178986
178986
178985
178985
178984
178984
178985
178984
178983
178983
178983
178985
178986
178986
178986
178989
178991
178992
178991
178990
178990
178992
178991
178990
178989
178990
178992
178992
178992
178991
178992
178993
178992
178990
178988
178989
178992
178993
178991
178991
178993
178996
178996
178993
178991
178992
178994
178994
178994
178995
178997
179001
179002
179003
179004
179005
179005
179006
179005
179005
179007
179008
179009
179009
179008
179009
179011
179011
179009
179009
179010
179011
179011
179009
179007
179007
179006
179005
179003
179003
179004
179005
179005
179004
179003
179004
179007
179006
179005
179004
179005
179006
179007
179006
179006
179008
179009
179009
179007
179006
179006
179007
179008
179006
179005
179006
179007
179005
179003
179001
179001
179000
178998
178993
178991
178990
178989
178987
178986
178986
178988
178987
178985
178982
178981
178982
178982
178983
178982
178982
178983
178984
178982
178980
178979
178979
178982
178983
178982
178981
178983
178985
178983
178981
178980
178978
178977
178975
178971
178970
178971
178970
178968
178965
178965
178965
178965
178964
178961
178960
178961
178962
178961
178960
178961
178960
178961
178961
178960
178960
178961
178962
178962
178961
178959
178959
178962
178963
178963
178964
178967
178970
178971
178971
178972
178975
178977
178978
178979
178980
178983
178983
178984
178982
178982
178985
178988
178988
178986
178986
178987
178989
178987
178985
178984
178984
178986
178987
178986
178985
178985
178984
178983
178982
178981
178982
178984
178983
178982
178983
178986
178988
178989
178989
178990
178992
178993
178991
178989
178988
178987
178986
178982
178979
178976
178976
178978
178977
178976
178976
178978
178982
178984
178982
178979
178978
178978
178974
178969
178966
178964
178962
178959
178957
178956
178958
178963
178964
178965
178967
178970
178975
178977
178979
178980
178980
178981
178979
178977
178978
178979
178980
178979
178978
178978
178981
178986
178988
178989
178992
178997
179001
179003
179005
179007
179008
179009
179007
179003
179001
179002
179003
179003
179002
179004
179008
179011
179013
179013
179014
179019
179024
179027
179027
179029
179032
179033
179031
179028
179024
179023
179023
179021
179019
179019
179021
179022
179022
179021
179023
179025
179026
179026
179025
179025
179026
179027
179026
179024
179022
179022
179021
179017
179014
179011
179010
179010
179008
179005
179002
179001
179002
179001
178999
178999
179002
179005
179007
179005
179002
179002
179001
178996
178991
178987
178985
178984
178981
178976
178973
178973
178975
178975
178975
178978
178983
178988
178990
178992
178994
178998
178998
178995
178994
178992
178991
178991
178992
178990
178990
178992
178994
178996
178998
179000
179003
179006
179008
179009
179010
179011
179013
179012
179009
179006
179004
179002
179000
178997
178994
178993
178993
178991
178989
178990
178993
178995
178995
178994
178996
178999
179002
179003
179004
179004
179006
179006
179003
178999
178996
178996
178996
178993
178988
178986
178985
178982
178979
178974
178973
178973
178974
178972
178969
178966
178965
178961
178954
178948
178942
178937
178933
178926
178919
178914
178911
178908
178903
178900
178898
178897
178896
178896
178895
178896
178898
178899
178898
178897
178897
178898
178898
178895
178892
178891
178889
178888
178885
178884
178884
178885
178886
178885
178886
178889
178893
178897
178898
178897
178899
178901
178903
178904
178905
178908
178909
178910
178910
178910
178912
178915
178918
178920
178922
178926
178930
178934
178936
178939
178943
178948
178951
178951
178952
178952
178953
178954
178953
178951
178952
178955
178957
178960
178963
178968
178973
178977
178980
178981
178984
178989
178993
178995
178994
178995
178998
179001
179002
179001
179004
179007
179008
179007
179005
179005
179009
179012
179013
179015
179016
179017
179020
179018
179017
179018
179020
179022
179021
179019
179019
179022
179022
179021
179019
179020
179021
179022
179022
179021
179023
179026
179028
179028
179028
179030
179032
179033
179034
179033
179035
179038
179038
179038
179037
179037
179037
179038
179036
179033
179031
179030
179029
179027
179024
179024
179025
179025
179024
179023
179023
179026
179028
179028
179026
179027
179028
179028
179025
179023
179024
179025
179024
179022
179019
179018
179017
179014
179012
179009
179007
179008
179007
179003
178999
178998
178999
179000
178999
178999
178999
178999
178997
178994
178991
178990
178991
178992
178991
178991
178991
178992
178992
178992
178991
178991
178992
178993
178993
178992
178992
178993
178993
178990
178988
178988
178989
178987
178983
178979
178977
178976
178976
178976
178974
178974
178976
178976
178974
178972
178973
178975
178977
178977
178977
178979
178982
178984
178984
178985
178987
178990
178991
178991
178991
178995
178999
179002
179001
179001
179004
179006
179008
179007
179007
179009
179013
179016
179016
179016
179018
179022
179024
179025
179023
179024
179026
179026
179027
179026
179027
179030
179030
179030
179031
179035
179038
179038
179038
179037
179038
179041
179043
179042
179043
179044
179046
179046
179043
179041
179040
179040
179039
179038
179036
179038
179040
179040
179040
179039
179040
179040
179040
179038
179038
179038
179039
179038
179038
179037
179038
179040
179040
179038
179035
179034
179034
179031
179027
179023
179023
179022
179019
179014
179011
179010
179010
179010
179007
179007
179008
179010
179010
179007
179005
179005
179005
179005
179003
178999
178999
179000
179002
179000
178998
178998
178998
178997
178994
178991
178990
178991
178990
178988
178985
178985
178987
178988
178987
178987
178990
178991
178992
178991
178992
178994
178995
178994
178993
178993
178995
178997
178995
178992
178990
178989
178989
178987
178984
178980
178978
178978
178978
178976
178976
178978
178979
178977
178975
178972
178971
178972
178972
178970
178967
178967
178967
178965
178962
178959
178960
178962
178960
178958
178956
178957
178957
178957
178955
178954
178954
178956
178957
178955
178952
178952
178954
178954
178952
178950
178949
178949
178948
178948
178946
178946
178947
178947
178945
178946
178948
178951
178954
178953
178954
178956
178959
178960
178959
178958
178961
178963
178966
178966
178966
178968
178971
178971
178971
178972
178974
178977
178978
178980
178982
178984
178987
178987
178986
178983
178985
178988
178988
178989
178989
178989
178990
178990
178987
178987
178990
178992
178992
178991
178989
178989
178990
178989
178988
178987
178989
178991
178991
178992
178994
178997
178999
179000
178998
178996
178997
179000
178999
178999
178998
179000
179003
179005
179005
179004
179004
179005
179006
179006
179006
179009
179010
179009
179007
179005
179006
179007
179005
179002
179001
179002
179003
179003
179002
179000
179001
179001
178999
178995
178994
178996
178997
178997
178997
178996
178995
178995
178993
178990
178986
178985
178984
178983
178982
178979
178977
178977
178976
178974
178972
178972
178974
178971
178968
178965
178966
178968
178967
178966
178966
178966
178968
178968
178967
178966
178968
178971
178972
178971
178970
178970
178970
178968
178967
178965
178964
178966
178966
178964
178962
178961
178961
178958
178954
178951
178951
178952
178952
178949
178948
178950
178952
178953
178951
178949
178949
178950
178950
178946
178944
178944
178944
178941
178938
178937
178937
178938
178938
178936
178936
178938
178940
178940
178938
178938
178938
178938
178938
178936
178934
178935
178935
178934
178933
178933
178935
178937
178938
178938
178940
178944
178947
178950
178952
178954
178957
178960
178963
178965
178967
178971
178973
178972
178971
178972
178974
178977
178977
178975
178973
178973
178974
178974
178975
178976
178979
178983
178985
178984
178985
178989
178992
178995
178994
178994
178996
178998
179000
179001
179003
179008
179011
179013
179012
179012
179013
179012
179011
179007
179005
179004
179004
179002
178998
178996
178997
179000
179000
178999
178999
179002
179005
179005
179004
179005
179009
179012
179014
179012
179012
179013
179015
179014
179011
179009
179009
179008
179005
179002
179002
179003
179004
179005
179004
179003
179005
179006
179006
179005
179004
179004
179003
179000
178997
178995
178994
178993
178991
178989
178988
178989
178991
178993
178994
178997
178999
179001
179000
178999
178996
178996
178994
178990
178986
178982
178981
178982
178981
178980
178980
178982
178984
178985
178983
178983
178985
178987
178986
178983
178981
178980
178981
178977
178972
178968
178965
178962
178958
178956
178953
178954
178954
178954
178953
178954
178956
178958
178956
178954
178953
178952
178948
178943
178938
178937
178939
178940
178940
178940
178943
178946
178950
178952
178953
178957
178961
178965
178966
178966
178966
178965
178964
178963
178959
178955
178953
178950
178947
178944
178942
178942
178944
178943
178944
178947
178950
178955
178958
178958
178959
178964
178968
178969
178966
178965
178963
178960
178956
178952
178950
178949
178948
178947
