170882
170884
170881
170880
170884
170887
170887
170891
170893
170889
170890
170891
170892
170890
170891
170892
170894
170892
170884
170881
170887
170887
170888
170891
170893
170894
170893
170897
170902
170897
170884
170875
170888
170887
170881
170876
170876
170879
170878
170871
170868
170870
170868
170869
170870
170867
170866
170867
170871
170874
170867
170867
170867
170875
170886
170886
170882
170882
170884
170879
170877
170877
170875
170870
170872
170873
170870
170868
170872
170874
170874
170875
170876
170872
170869
170875
170875
170871
170872
170873
170877
170878
170877
170875
170873
170869
170874
170876
170877
170880
170882
170879
170876
170877
170876
170875
170874
170869
170869
170867
170868
170870
170870
170871
170872
170869
170870
170866
170867
170869
170870
170870
170866
170868
170872
170869
170875
170875
170874
170873
170868
170869
170872
170868
170868
170873
170871
170869
170868
170865
170868
170873
170872
170873
170877
170877
170876
170871
170867
170872
170873
170874
170873
170877
170881
170868
170860
170868
170869
170861
170858
170862
170861
170860
170856
170853
170855
170854
170849
170849
170851
170856
170855
170849
170846
170851
170850
170851
170853
170853
170854
170856
170853
170853
170855
170856
170856
170856
170854
170853
170853
170858
170858
170855
170857
170857
170854
170854
170856
170854
170854
170852
170851
170849
170854
170859
170858
170855
170853
170852
170850
170856
170856
170848
170846
170844
170850
170850
170843
170842
170849
170854
170855
170853
170850
170851
170854
170848
170836
170838
170843
170842
170836
170834
170845
170850
170844
170843
170841
170838
170842
170848
170848
170846
170842
170841
170847
170851
170847
170848
170855
170854
170851
170849
170845
170843
170842
170842
170843
170847
170847
170851
170849
170849
170849
170849
170846
170842
170843
170844
170847
170851
170850
170846
170844
170840
170837
170833
170833
170840
170843
170846
170846
170845
170845
170846
170847
170844
170842
170839
170844
170852
170849
170848
170847
170848
170848
170847
170845
170842
170844
170844
170840
170836
170837
170834
170832
170838
170843
170844
170845
170846
170844
170841
170842
170848
170853
170850
170850
170854
170852
170857
170854
170851
170851
170853
170854
170850
170850
170851
170851
170853
170852
170850
170850
170851
170857
170857
170854
170854
170852
170851
170848
170847
170850
170855
170856
170855
170856
170858
170861
170862
170859
170858
170857
170861
170864
170862
170858
170862
170863
170859
170862
170863
170861
170861
170863
170862
170856
170862
170868
170867
170863
170862
170861
170856
170853
170855
170854
170852
170847
170849
170852
170853
170857
170857
170858
170854
170853
170853
170857
170859
170857
170857
170859
170862
170866
170864
170861
170869
170869
170867
170866
170865
170864
170865
170865
170860
170859
170857
170861
170864
170862
170857
170853
170852
170850
170842
170838
170847
170852
170853
170855
170856
170859
170861
170855
170858
170858
170855
170856
170856
170855
170853
170855
170862
170866
170865
170862
170859
170857
170857
170855
170852
170853
170851
170848
170852
170855
170854
170856
170857
170854
170852
170850
170851
170856
170858
170856
170851
170850
170854
170852
170850
170851
170853
170849
170849
170855
170859
170864
170859
170842
170844
170852
170852
170854
170857
170856
170859
170862
170861
170858
170855
170852
170853
170859
170855
170853
170856
170859
170857
170857
170856
170858
170861
170861
170858
170854
170855
170856
170863
170861
170861
170859
170859
170859
170855
170859
170864
170862
170865
170864
170863
170869
170870
170864
170863
170867
170875
170877
170877
170875
170871
170872
170875
170875
170873
170869
170863
170863
170871
170872
170876
170877
170880
170881
170878
170875
170875
170877
170874
170870
170875
170884
170886
170878
170873
170876
170881
170887
170880
170874
170874
170877
170880
170880
170878
170877
170876
170884
170886
170882
170877
170879
170890
170892
170884
170883
170887
170887
170883
170882
170885
170890
170890
170889
170884
170875
170874
170883
170888
170885
170882
170882
170886
170889
170890
170885
170883
170885
170889
170885
170887
170896
170895
170887
170879
170879
170887
170892
170892
170887
170881
170882
170886
170888
170884
170876
170875
170880
170889
170888
170881
170877
170886
170893
170895
170889
170889
170896
170895
170890
170895
170894
170893
170889
170881
170877
170879
170887
170886
170886
170887
170892
170902
170905
170898
170896
170896
170896
170898
170903
170898
170898
170905
170908
170905
170901
170903
170905
170904
170906
170903
170895
170895
170901
170902
170894
170893
170892
170896
170895
170890
170883
170888
170892
170891
170890
170888
170893
170895
170895
170894
170894
170898
170895
170891
170891
170900
170904
170899
170890
170890
170896
170897
170894
170888
170885
170892
170894
170886
170884
170887
170884
170879
170877
170876
170876
170880
170882
170881
170876
170873
170880
170885
170886
170890
170886
170881
170879
170888
170893
170890
170893
170897
170895
170898
170899
170895
170897
170896
170892
170890
170889
170886
170885
170888
170889
170887
170886
170891
170890
170890
170891
170892
170892
170890
170886
170886
170893
170895
170893
170893
170893
170891
170888
170888
170886
170886
170888
170889
170889
170890
170894
170897
170894
170894
170891
170894
170896
170895
170893
170896
170900
170909
170913
170905
170897
170905
170904
170899
170892
170890
170884
170879
170879
170880
170876
170875
170874
170872
170872
170872
170871
170872
170877
170879
170878
170880
170883
170885
170885
170883
170883
170886
170886
170885
170882
170879
170883
170879
170875
170877
170881
170881
170881
170881
170881
170883
170887
170887
170891
170890
170887
170885
170881
170879
170876
170876
170877
170875
170874
170870
170869
170873
170872
170870
170870
170872
170873
170876
170874
170871
170876
170880
170871
170867
170874
170880
170882
170883
170886
170883
170880
170888
170888
170883
170885
170888
170891
170891
170888
170889
170889
170893
170889
170888
170891
170889
170886
170882
170881
170881
170882
170891
170894
170892
170892
170894
170893
170885
170881
170881
170877
170877
170877
170877
170878
170878
170880
170879
170879
170875
170873
170877
170878
170878
170877
170881
170884
170885
170882
170883
170885
170888
170887
170886
170886
170888
170893
170894
170889
170889
170890
170890
170887
170886
170882
170881
170886
170880
170880
170886
170889
170894
170893
170885
170882
170889
170889
170884
170883
170882
170885
170887
170885
170881
170882
170890
170892
170893
170890
170888
170890
170893
170893
170889
170886
170890
170891
170889
170887
170885
170885
170888
170887
170884
170880
170879
170884
170887
170887
170885
170884
170885
170887
170886
170881
170884
170892
170893
170891
170890
170891
170893
170889
170889
170890
170889
170894
170896
170897
170897
170897
170892
170887
170890
170892
170893
170895
170895
170890
170887
170889
170889
170890
170888
170885
170890
170892
170894
170896
170895
170891
170881
170884
170893
170892
170895
170899
170898
170895
170897
170900
170903
170902
170899
170898
170900
170903
170898
170896
170897
170893
170891
170892
170893
170893
170894
170891
170892
170896
170895
170897
170900
170901
170899
170894
170895
170900
170898
170896
170894
170895
170897
170896
170893
170894
170898
170898
170900
170898
170897
170899
170901
170900
170893
170888
170892
170896
170896
170895
170897
170897
170901
170896
170893
170890
170889
170893
170893
170893
170893
170891
170895
170897
170893
170895
170900
170898
170901
170901
170900
170902
170901
170898
170892
170891
170898
170902
170900
170899
170900
170899
170897
170895
170895
170893
170891
170892
170887
170882
170886
170888
170888
170894
170896
170895
170894
170895
170895
170895
170893
170896
170898
170897
170894
170896
170898
170897
170900
170895
170896
170903
170901
170894
170889
170889
170896
170895
170894
170895
170894
170896
170901
170904
170889
170872
170887
170890
170884
170880
170877
170879
170880
170875
170872
170873
170873
170873
170872
170868
170870
170873
170874
170870
170865
170861
170862
170866
170861
170858
170863
170862
170862
170863
170865
170865
170863
170863
170861
170855
170859
170864
170862
170858
170860
170862
170860
170860
170857
170855
170858
170863
170860
170858
170860
170867
170869
170867
170863
170863
170861
170858
170857
170856
170857
170863
170865
170867
170866
170865
170864
170866
170868
170862
170859
170862
170869
170868
170866
170862
170863
170868
170870
170872
170873
170872
170873
170872
170871
170868
170866
170864
170864
170863
170864
170865
170866
170867
170865
170860
170858
170867
170868
170865
170863
170860
170859
170857
170858
170860
170859
170862
170864
170864
170863
170867
170867
170867
170867
170864
170863
170864
170865
170862
170854
170857
170860
170864
170862
170857
170853
170855
170855
170855
170859
170864
170866
170867
170867
170865
170864
170862
170858
170860
170861
170861
170859
170859
170858
170855
170855
170855
170862
170866
170864
170863
170865
170864
170861
170862
170863
170866
170868
170870
170867
170867
170869
170873
170871
170867
170864
170866
170865
170859
170854
170866
170872
170872
170870
170869
170869
170873
170872
170870
170870
170870
170870
170870
170863
170860
170862
170864
170868
170865
170864
170867
170876
170883
170877
170873
170869
170880
170885
170878
170877
170888
170893
170891
170894
170895
170895
170890
170891
170899
170902
170897
170892
170890
170898
170907
170899
170895
170898
170904
170901
170893
170895
170901
170904
170900
170900
170903
170911
170910
170908
170914
170916
170912
170913
170913
170909
170914
170914
170907
170905
170908
170909
170907
170909
170909
170909
170916
170911
170910
170910
170910
170913
170914
170911
170910
170913
170917
170915
170913
170915
170920
170924
170920
170917
170918
170915
170918
170923
170919
170911
170917
170919
170915
170911
170913
170918
170920
170918
170918
170918
170916
170916
170921
170920
170920
170919
170920
170923
170917
170909
170912
170920
170918
170921
170925
170927
170928
170926
170925
170923
170924
170922
170920
170923
170922
170924
170927
170922
170921
170926
170935
170934
170930
170922
170919
170918
170921
170931
170928
170920
170914
170913
170919
170923
170923
170926
170927
170926
170935
170939
170941
170946
170945
170944
170955
170960
170957
170957
170956
170953
170958
170969
170970
170968
170965
170971
170978
170984
170981
170974
170977
170984
170985
170983
170978
170978
170988
170990
170983
170980
170980
170980
170978
170974
170970
170976
170986
170985
170980
170982
170985
170988
170986
170982
170986
170994
170998
170998
170998
170998
171000
171005
171008
171007
171005
171007
171012
171017
171007
171003
171007
171009
171007
171006
171000
170998
171005
171007
171009
171005
171005
171009
171011
171009
171006
171005
171006
171012
171013
171011
171009
171008
171006
171007
171010
171009
171012
171018
171017
171013
171016
171025
171026
171023
171014
171015
171022
171020
171013
171006
171006
171009
171014
171010
171007
171012
171014
171015
171014
171009
171008
171011
171014
171015
171010
171010
171016
171014
171012
171012
171016
171019
171018
171011
171005
171008
171014
171018
171014
171008
171002
171003
171011
171014
171011
171008
171003
171000
171006
171005
171007
171009
171007
171006
171008
171009
171006
171002
170998
170996
171006
171008
171005
171002
171001
171000
171002
171006
171006
171004
170998
171001
171008
171003
170998
170996
170997
170996
170994
170990
170993
170993
170991
170994
170995
170999
171001
170999
170995
170990
170992
170999
171001
170993
170992
170993
170994
170993
170992
170990
170993
170996
170995
170988
170990
170993
170995
170994
170998
170996
170997
170998
170999
170995
170991
170994
170992
170989
170993
170992
170991
170991
170990
170989
170989
170991
170992
170986
170982
170990
170995
170996
170994
170994
170992
170992
170995
170993
170988
170989
170993
170995
170998
170993
170993
170997
170995
170991
170989
170991
170993
170994
170995
170998
171000
170997
170996
170991
170984
170985
170991
170991
170987
170985
170992
170999
170999
170995
170991
170992
170997
170997
170998
170997
170993
170989
170988
170991
170994
170990
170988
170985
170988
170989
170989
170990
170994
170997
170996
170990
170987
170990
170996
170999
170997
170994
170995
170994
170991
170989
170990
170989
170988
170990
170988
170989
170991
170990
170987
170987
170988
170994
170993
170989
170985
170989
170990
170990
170990
170986
170987
170992
170995
170987
170985
170988
170988
170988
170986
170985
170988
170991
170991
170987
170989
170992
170996
170997
170995
170996
171000
171004
171004
170995
170994
171002
171007
171003
170998
170999
171003
171004
171000
171004
171005
171009
171011
171009
171007
171005
171002
171004
171006
171003
170997
170998
170998
171000
171005
171006
171005
171005
171006
171010
171007
171005
171005
171006
171005
171000
170999
171000
170998
170997
171000
171000
171002
171006
171005
171000
171000
171006
171009
171003
170996
170998
171002
171002
170999
170997
171000
171001
170998
170995
170990
170984
170990
170999
171001
171000
170999
170999
170996
170993
170991
170991
170990
170989
170986
170986
170990
170991
170991
170991
170990
170996
170999
170994
170991
170983
170985
170991
170992
170990
170985
170985
170990
170997
170998
170995
170995
170994
170987
170983
170984
170986
170990
170993
170991
170985
170980
170987
170992
170985
170983
170984
170985
170990
170982
170974
170978
170991
170992
170987
170982
170969
170969
170975
170979
170979
170976
170976
170976
170971
170964
170964
170967
170967
170963
170959
170964
170969
170965
170955
170954
170957
170956
170958
170960
170958
170953
170951
170951
170950
170951
170952
170950
170948
170945
170948
170953
170954
170951
170949
170947
170948
170949
170946
170945
170944
170944
170945
170943
170941
170939
170937
170942
170946
170944
170946
170948
170947
170946
170944
170942
170939
170938
170943
170939
170938
170940
170942
170945
170944
170943
170943
170943
170943
170943
170935
170931
170938
170950
170951
170948
170949
170952
170951
170947
170943
170939
170942
170952
170954
170944
170935
170942
170947
170946
170952
170954
170952
170946
170945
170944
170943
170942
170944
170946
170943
170943
170946
170946
170943
170942
170941
170938
170943
170944
170943
170945
170944
170944
170943
170946
170946
170946
170947
170942
170937
170936
170942
170944
170942
170939
170937
170933
170934
170938
170939
170941
170941
170942
170939
170936
170941
170946
170947
170939
170938
170946
170948
170941
170936
170937
170941
170942
170938
170931
170928
170933
170936
170931
170921
170918
170929
170938
170938
170936
170936
170939
170937
170936
170936
170941
170950
170946
170939
170930
170928
170937
170943
170940
170938
170933
170933
170939
170944
170941
170944
170949
170946
170939
170934
170939
170942
170939
170942
170941
170938
170937
170938
170940
170942
170942
170938
170940
170946
170942
170941
170939
170939
170944
170944
170945
170946
170945
170945
170948
170947
170949
170950
170944
170942
170942
170944
170944
170944
170948
170951
170950
170949
170946
170947
170951
170952
170950
170947
170946
170944
170940
170935
170936
170936
170932
170931
170939
170943
170944
170941
170944
170945
170948
170951
170944
170942
170947
170949
170944
170940
170939
170945
170954
170953
170947
170944
170944
170947
170946
170943
170943
170943
170944
170945
170944
170938
170938
170944
170944
170946
170950
170953
170952
170948
170947
170953
170957
170953
170952
170947
170946
170954
170952
170950
170951
170955
170957
170955
170952
170951
170950
170949
170947
170948
170947
170946
170950
170952
170948
170946
170947
170946
170939
170938
170945
170947
170951
170956
170958
170959
170960
170958
170956
170955
170951
170950
170951
170951
170949
170949
170949
170949
170948
170943
170947
170952
170952
170951
170949
170946
170947
170945
170946
170946
170946
170947
170946
170940
170941
170942
170941
170943
170941
170938
170938
170945
170955
170956
170943
170931
170941
170946
170942
170933
170934
170932
170927
170926
170923
170921
170924
170926
170922
170919
170924
170924
170927
170926
170926
170920
170921
170926
170923
170923
170921
170915
170920
170923
170924
170924
170921
170927
170926
170921
170922
170924
170923
170920
170922
170926
170924
170920
170922
170918
170915
170915
170922
170931
170929
170918
170913
170914
170915
170914
170912
170912
170911
170910
170911
170910
170913
170914
170911
170907
170905
170902
170905
170909
170911
170913
170911
170908
170911
170909
170910
170911
170911
170909
170908
170905
170909
170917
170915
170912
170915
170917
170914
170911
170910
170908
170912
170916
170915
170914
170911
170908
170907
170909
170911
170910
170911
170912
170913
170914
170915
170913
170907
170910
170914
170912
170915
170919
170913
170909
170917
170918
170918
170916
170911
170906
170909
170917
170915
170915
170916
170924
170924
170910
170910
170920
170920
170918
170916
170920
170922
170922
170920
170914
170913
170916
170915
170914
170914
170920
170918
170916
170918
170915
170914
170913
170913
170912
170917
170917
170916
170917
170916
170915
170912
170909
170913
170913
170914
170914
170917
170920
170923
170920
170914
170914
170912
170910
170910
170911
170910
170916
170922
170919
170917
170914
170915
170919
170921
170919
170921
170922
170921
170917
170915
170920
170924
170923
170921
170917
170918
170922
170921
170918
170917
170919
170916
170914
170917
170916
170912
170919
170921
170921
170918
170921
170922
170921
170919
170915
170917
170920
170922
170921
170915
170919
170917
170920
170924
170922
170923
170925
170927
170924
170916
170915
170924
170924
170923
170924
170925
170925
170921
170919
170917
170915
170917
170922
170926
170916
170913
170914
170917
170918
170913
170909
170908
170910
170908
170904
170898
170906
170912
170909
170904
170900
170901
170902
170906
170905
170905
170905
170905
170902
170903
170903
170901
170904
170906
170901
170898
170902
170907
170906
170900
170897
170900
170902
170897
170901
170909
170906
170907
170902
170900
170902
170901
170900
170897
170898
170903
170904
170903
170904
170906
170904
170902
170903
170904
170903
170902
170905
170912
170910
170905
170906
170913
170914
170914
170911
170906
170908
170911
170912
170911
170911
170909
170910
170912
170913
170910
170905
170908
170916
170906
170905
170919
170930
170927
170915
170907
170918
170924
170922
170917
170913
170921
170928
170922
170918
170920
170921
170919
170916
170915
170918
170920
170917
170912
170908
170913
170915
170918
170918
170915
170916
170919
170923
170922
170917
170913
170916
170920
170921
170920
170917
170918
170923
170922
170921
170920
170922
170921
170917
170915
170922
170927
170926
170925
170918
170919
170926
170926
170924
170918
170922
170925
170924
170925
170926
170928
170929
170930
170928
170925
170929
170935
170934
170930
170930
170931
170934
170930
170922
170916
170928
170933
170927
170927
170929
170922
170921
170925
170929
170937
170936
170938
170943
170940
170941
170944
170944
170942
170943
170943
170944
170942
170936
170932
170942
170949
170943
170939
170937
170940
170940
170944
170944
170942
170944
170944
170941
170940
170946
170949
170949
170947
170945
170945
170946
170950
170948
170946
170943
170940
170941
170946
170951
170954
170954
170952
170948
170951
170956
170962
170972
170973
170969
170968
170965
170962
170967
170969
170971
170976
170979
170976
170971
170966
170965
170965
170964
170967
170964
170958
170951
170956
170962
170962
170958
170956
170962
170966
170963
170962
170960
170964
170968
170966
170970
170968
170967
170968
170963
170960
170958
170955
170960
170963
170961
170965
170975
170979
170977
170968
170963
170969
170970
170962
170957
170954
170955
170958
170959
170958
170959
170960
170957
170951
170955
170955
170950
170947
170945
170946
170948
170949
170946
170947
170951
170957
170958
170959
170960
170955
170958
170961
170962
170959
170959
170960
170959
170955
170946
170946
170947
170950
170955
170956
170955
170955
170959
170957
170954
170953
170954
170952
170953
170949
170948
170950
170948
170949
170946
170941
170944
170948
170948
170948
170946
170945
170945
170952
170953
170948
170951
170961
170960
170959
170964
170967
170969
170969
170965
170963
170958
170954
170953
170956
170956
170957
170962
170965
170961
170958
170958
170957
170955
170953
170952
170953
170958
170965
170965
170961
170956
170960
170962
170960
170959
170960
170966
170967
170964
170960
170965
170973
170971
170969
170966
170964
170962
170958
170960
170958
170957
170960
170962
170964
170963
170961
170956
170959
170959
170956
170954
170958
170960
170961
170959
170958
170964
170969
170968
170970
170973
170977
170972
170971
170972
170972
170972
170969
170964
170965
170970
170970
170963
170966
170967
170970
170973
170970
170960
170958
170972
170975
170967
170961
170965
170965
170968
170967
170962
170964
170964
170965
170965
170962
170966
170972
170970
170967
170967
170963
170963
170963
170960
170961
170965
170969
170971
170971
170967
170966
170966
170964
170961
170960
170961
170964
170965
170962
170964
170966
170966
170968
170968
170966
170963
170961
170965
170965
170965
170964
170966
170971
170969
170963
170961
170963
170968
170972
170972
170972
170972
170978
170978
170979
170979
170974
170974
170979
170975
170972
170975
170979
170978
170974
170972
170972
170973
170973
170970
170967
170972
170975
170972
170968
170965
170966
170969
170970
170971
170969
170969
170974
170978
170969
170961
170967
170975
170973
170971
170970
170967
170963
170963
170963
170965
170967
170966
170962
170965
170968
170968
170970
170967
170965
170958
170960
170967
170964
170964
170963
170964
170964
170965
170965
170961
170961
170961
170965
170966
170963
170964
170966
170965
170961
170958
170962
170962
170962
170958
170955
170961
170963
170960
170960
170962
170959
170960
170965
170959
170956
170958
170960
170962
170966
170968
170970
170968
170963
170964
170957
170960
170967
170967
170966
170966
170965
170962
170964
170966
170961
170957
170958
170965
170962
170958
170967
170966
170963
170964
170966
170964
170963
170962
170959
170955
170953
170963
170966
170967
170967
170970
170973
170973
170971
170967
170964
170966
170968
170969
170966
170964
170965
170967
170965
170960
170959
170962
170965
170961
170959
170960
170962
170962
170962
170962
170961
170960
170962
170956
170956
170963
170962
170961
170960
170957
170960
170961
170960
170956
170949
170957
170965
170968
170968
170968
170968
170969
170968
170962
170963
170964
170966
170963
170960
170961
170967
170967
170967
170965
170963
170968
170973
170971
170968
170967
170964
170964
170964
170962
170966
170966
170963
170966
170965
170965
170963
170962
170960
170961
170959
170960
170959
170961
170971
170974
170967
170967
170977
170980
170977
170975
170979
170977
170973
170973
170971
170972
170976
170978
170977
170975
170977
170974
170968
170967
170968
170966
170969
170971
170971
170966
170964
170961
170957
170961
170967
170967
170963
170958
170960
170965
170966
170961
170964
170967
170968
170970
170972
170972
170970
170971
170973
170971
170973
170971
170970
170972
170966
170960
170960
170962
170968
170971
170966
170964
170968
170968
170965
170961
170960
170960
170959
170961
170964
170967
170967
170966
170965
170961
170961
170965
170970
170970
170969
170970
170972
170973
170973
170967
170964
170962
170965
170972
170975
170974
170976
170977
170976
170974
170969
170967
170972
170974
170975
170975
170975
170981
170979
170975
170974
170973
170972
170969
170963
170961
170971
170974
170977
170977
170978
170978
170979
170976
170968
170969
170977
170978
170979
170977
170973
170975
170978
170980
170977
170978
170982
170983
170980
170975
170974
170971
170971
170974
170972
170970
170971
170970
170964
170971
170975
170972
170980
170982
170978
170978
170979
170982
170981
170980
170982
170981
170976
170974
170973
170974
170974
170975
170973
170975
170979
170983
170988
170989
170987
170990
170989
170988
170982
170979
170977
170973
170974
170972
170975
170979
170978
170975
170970
170971
170975
170975
170974
170972
170978
170982
170978
170979
170976
170979
170982
170985
170987
170987
170983
170983
170982
170981
170979
170981
170978
170980
170985
170983
170977
170974
170975
170979
170978
170974
170976
170974
170978
170980
170978
170978
170980
170979
170978
170980
170979
170976
170974
170975
170970
170973
170977
170980
170980
170977
170974
170977
170975
170971
170972
170976
170977
170981
170983
170985
170984
170984
170984
170984
170984
170982
170983
170982
170981
170984
170976
170977
170983
170978
170977
170982
170983
170983
170981
170983
170978
170978
170979
170973
170972
170977
170984
170988
170987
170989
170990
170988
170993
170994
170990
170987
170986
170983
170982
170983
170985
170991
170997
170997
170994
170994
170995
170996
170992
170986
170982
170981
170982
170982
170981
170983
170987
170985
170983
170983
170981
170979
170992
170995
170992
170993
170991
170983
170982
170985
170987
170986
170988
170990
170990
170989
170988
170989
170991
170990
170988
170990
170992
170995
170994
170988
170992
170991
170988
170988
170988
170986
170987
170989
170993
170989
170991
170993
170995
170990
170985
170987
170988
170985
170982
170978
170975
170983
170987
170991
170992
170991
170993
170990
170983
170987
170988
170988
170988
170988
170988
170989
170986
170990
170991
170992
170997
170997
170995
170997
171001
171000
170997
170996
170995
170994
170991
170990
170990
170993
170996
170998
170998
170996
170996
170993
170995
170998
170996
170992
170997
170997
171000
170998
170993
170995
171000
171003
170996
170992
170999
170998
170996
170997
170997
170995
170995
170994
170992
170988
170992
170997
171001
171000
170999
170998
171001
171001
171003
171004
171006
171008
171009
171007
171004
171004
171008
171009
171004
171003
171003
171007
171008
171002
170997
171002
171005
171004
171001
171000
171000
171004
171002
170997
170996
170993
170995
170998
170992
170988
170994
170998
170995
170986
170991
170993
170996
170996
170995
170992
170992
170992
170989
170982
170985
170990
170992
170989
170989
170986
170983
170987
170989
170986
170984
170983
170983
170988
170989
170987
170991
170996
170996
170993
170990
170991
170992
170990
170987
170989
170994
170993
170991
170987
170991
170989
170989
170990
170990
170992
170990
170989
170995
170990
170986
170986
170988
170993
170993
170993
170993
170991
170993
170994
170988
170987
170989
170987
170984
170981
170983
170986
170989
170989
170984
170982
170981
170984
170987
170984
170981
170984
170991
170992
170989
170984
170988
170985
170982
170986
170986
170983
170980
170979
170977
170979
170985
170984
170981
170980
170977
170975
170977
170981
170979
170978
170979
170976
170976
170976
170977
170976
170976
170975
170972
170972
170977
170979
170979
170984
170987
170990
170988
170985
170988
170988
170988
170985
170981
170982
170982
170980
170981
170984
170983
170985
170987
170982
170981
170982
170980
170980
170980
170977
170976
170983
170982
170975
170979
170981
170982
170984
170983
170984
170987
170992
170997
170995
170990
170992
170992
170991
170986
170982
170978
170978
170986
170988
170988
170987
170985
170984
170980
170982
170985
170984
170982
170981
170984
170981
170977
170976
170980
170982
170981
170981
170981
170982
170980
170977
170981
170982
170981
170980
170980
170984
170987
170987
170986
170984
170984
170993
170994
170988
170987
170989
170984
170983
170980
170981
170985
170990
170991
170989
170988
170986
170987
170986
170985
170982
170983
170986
170984
170983
170982
170983
170987
170990
170988
170987
170984
170990
170993
170994
170993
170993
170993
170990
170991
170992
170991
170987
170989
170994
170995
170994
170992
170993
170992
170989
170985
170985
170990
170990
170988
170987
170988
170987
170983
170982
170982
170979
170975
170975
170978
170977
170978
170980
170977
170975
170975
170973
170973
170975
170973
170971
170969
170969
170966
170961
170959
170966
170968
170962
170959
170960
170960
170961
170958
170951
170956
170962
170963
170958
170954
170956
170950
170949
170952
170950
170951
170953
170954
170949
170944
170950
170951
170954
170949
170947
170949
170951
170952
170954
170956
170958
170962
170965
170968
170965
170964
170969
170967
170963
170961
170964
170968
170969
170966
170969
170970
170966
170963
170960
170951
170953
170956
170957
170958
170956
170956
170954
170958
170958
170958
170959
170962
170966
170964
170965
170965
170972
170979
170980
170975
170978
170981
170977
170978
170980
170979
170979
170981
170978
170973
170971
170970
170969
170969
170967
170968
170974
170974
170968
170963
170965
170971
170973
170979
170981
170978
170975
170977
170976
170973
170973
170975
170973
170973
170974
170976
170974
170976
170984
170983
170983
170987
170986
170985
170988
170990
170984
170984
170988
170995
170993
170986
170987
170990
170986
170987
170990
170989
170989
170981
170980
170985
170985
170981
170974
170979
170983
170982
170978
170984
170990
170994
170995
170998
170999
171006
171013
171015
171013
171013
171011
171015
171017
171010
171009
171013
171010
171013
171021
171019
171016
171022
171025
171021
171015
171017
171018
171016
171017
171013
171009
171014
171012
171009
171004
171005
171007
171007
170998
170999
171002
171009
171012
171011
171008
171011
171016
171017
171015
171015
171014
171013
171008
171006
171002
171003
171005
171005
171012
171017
171017
171015
171013
171010
171006
171001
170996
171000
171000
170998
170998
170996
170991
170988
170989
170993
170996
170996
170994
170995
170994
170987
170990
170996
170996
170996
170997
170999
171001
171000
171001
170995
171001
171000
170999
171000
170995
170990
170993
170995
170996
171001
171003
171002
171000
170999
171003
170999
170993
170995
170996
170991
170990
170988
170986
170987
170989
170986
170982
170983
170984
170982
170985
170987
170987
170992
170996
170992
170993
170996
170995
170999
170999
170997
170993
170993
170995
170994
170990
170990
170997
171007
171011
171008
171004
171004
171008
171006
171004
171001
170998
170999
170998
170999
170998
170999
171002
170999
170994
170999
171002
171005
171005
171006
171003
171004
171008
171009
171009
171016
171021
171024
171025
171022
171027
171030
171031
171028
171025
171023
171021
171020
171017
171014
171014
171010
171010
171010
171008
171009
171010
171014
171015
171014
171012
171010
171012
171011
171009
171006
171004
171007
171005
171005
171007
171012
171010
171003
171006
171006
171006
171004
170999
171001
171007
171013
171015
171017
171019
171020
171019
171014
171011
171006
171001
171002
171004
171008
171007
171005
171005
171012
171016
171016
171017
171019
171020
171018
171015
171015
171019
171022
171019
171012
171007
171010
171012
171009
171006
171003
170999
171001
171006
171009
171007
171011
171014
171011
171016
171017
171018
171014
171010
171016
171019
171022
171021
171017
171014
171014
171012
171010
171011
171011
171010
171009
171008
171009
171011
171013
171013
171011
171016
171013
171004
171007
171008
171004
171005
171002
170996
170992
170996
170995
170999
171000
171000
171000
170996
170998
171004
171002
171006
171008
171005
171008
171009
171006
171003
171002
171008
171010
171008
171004
171003
170999
171002
171007
171006
171003
171002
171006
171004
171002
171001
171004
171004
171001
171002
171002
171005
171007
171005
171000
171005
171010
171006
171001
171001
171004
171004
171004
171003
171001
171000
171004
171004
170999
170998
170999
171000
171004
171002
171003
171007
171007
171006
171004
171003
171003
171004
171007
171009
171009
171010
171009
171007
171009
171012
171012
171010
171013
171011
171007
171007
171011
171015
171015
171015
171016
171019
171020
171013
171015
171017
171017
171016
171013
171006
171004
171010
171012
171010
171006
171009
171012
171014
171013
171009
171006
171010
171016
171014
171008
171004
171006
171011
171009
171005
171008
171013
171013
171013
171011
171012
171012
171014
171013
171010
171009
171009
171005
171008
171012
171014
171017
171022
171022
171016
171013
171013
171019
171020
171014
171012
171013
171015
171016
171011
171011
171017
171016
171011
171005
171004
171006
171005
171004
171009
171009
171011
171013
171011
171008
171008
171011
171008
171006
171008
171012
171015
171014
171009
171006
171007
171006
171005
171008
171006
171006
171002
171003
171000
170997
170996
170998
170998
170997
170995
170993
170994
170998
170998
170998
170999
171000
171001
170997
170998
171003
171006
171008
171005
171003
171000
170996
171001
171003
171002
171000
170999
171003
171001
170995
170997
171000
170997
170993
170998
171000
171000
170999
170998
170996
170995
170997
170999
170997
170989
170990
170999
170998
170996
170997
170996
171001
171004
170999
170995
170997
171000
171004
171005
171002
171005
171005
171002
171002
171004
171003
171003
171001
171000
170997
170995
170998
171001
170999
170998
170998
171000
171000
170999
170994
170991
170989
170994
170997
170996
170996
170996
171003
171005
171001
171003
171010
171010
171005
171002
171000
171001
171002
171000
170996
170996
171005
171013
171012
171008
171008
171008
171007
171005
171001
171007
171010
171009
171007
171004
171003
171002
171000
171002
171008
171008
171004
171009
171015
171017
171014
171015
171019
171019
171013
171018
171023
171022
171019
171014
171011
171015
171016
171008
171002
171008
171012
171018
171016
171012
171019
171023
171018
171010
171010
171010
171007
171004
171004
171009
171014
171015
171018
171015
171015
171016
171014
171012
171015
171012
171015
171019
171020
171021
171026
171029
171030
171031
171031
171029
171027
171033
171038
171038
171031
171028
171030
171028
171026
171027
171027
171026
171029
171025
171028
171032
171031
171028
171031
171030
171026
171026
171035
171036
171032
171034
171040
171041
171036
171029
171031
171038
171038
171034
171032
171032
171034
171034
171028
171030
171033
171037
171036
171034
171032
171031
171032
171031
171026
171020
171022
171023
171021
171018
171015
171014
171018
171019
171014
171017
171023
171020
171022
171025
171021
171021
171026
171035
171038
171039
171043
171046
171046
171045
171051
171055
171053
171055
171052
171047
171047
171049
171050
171049
171046
171042
171047
171054
171052
171045
171050
171058
171055
171051
171054
171052
171048
171045
171043
171040
171036
171032
171030
171027
171022
171029
171033
171033
171037
171038
171038
171042
171049
171047
171041
171039
171040
171037
171030
171032
171037
171037
171038
171034
171031
171031
171031
171031
171028
171026
171027
171031
171034
171034
171030
171031
171033
171032
171031
171031
171033
171035
171038
171041
171041
171041
171043
171048
171045
171040
171044
171051
171050
171047
171045
171047
171049
171050
171045
171044
171051
171054
171052
171050
171046
171046
171051
171051
171052
171047
171043
171044
171047
171047
171043
171041
171042
171041
171037
171034
171036
171041
171047
171043
171039
171038
171040
171040
171038
171043
171045
171046
171048
171047
171046
171051
171055
171057
171054
171047
171053
171063
171061
171058
171055
171055
171056
171052
171048
171048
171047
171046
171048
171047
171048
171052
171053
171056
171055
171051
171047
171046
171054
171059
171055
171051
171050
171058
171055
171054
171054
171055
171061
171060
171055
171050
171054
171055
171051
171047
171049
171054
171056
171054
171055
171059
171059
171058
171058
171061
171064
171067
171066
171066
171065
171062
171057
171060
171065
171062
171056
171061
171064
171060
171058
171059
171060
171059
171057
171055
171054
171059
171065
171060
171058
171064
171067
171066
171063
171056
171056
171060
171061
171059
171058
171056
171055
171054
171058
171060
171060
171062
171057
171059
171060
171059
171057
171058
171052
171054
171060
171062
171060
171062
171063
171064
171068
171073
171073
171068
171069
171071
171069
171065
171058
171059
171065
171063
171063
171063
171061
171058
171058
171056
171048
171048
171052
171051
171050
171043
171043
171048
171051
171045
171045
171048
171047
171054
171057
171055
171056
171059
171063
171063
171061
171066
171070
171064
171059
171062
171071
171073
171064
171059
171063
171065
171065
171060
171053
171049
171054
171061
171061
171057
171056
171058
171059
171060
171060
171054
171054
171056
171057
171053
171050
171053
171053
171051
171045
171044
171048
171046
171041
171042
171047
171053
171056
171057
171055
171052
171054
171054
171053
171053
171046
171049
171056
171055
171052
171056
171061
171062
171059
171057
171054
171054
171051
171050
171049
171048
171046
171048
171050
171051
171051
171048
171047
171043
171046
171051
171054
171058
171059
171057
171055
171057
171060
171059
171056
171056
171056
171057
171055
171052
171056
171057
171055
171057
171056
171056
171055
171055
171053
171054
171054
171057
171056
171053
171051
171052
171056
171056
171054
171054
171052
171054
171057
171053
171054
171059
171060
171058
171052
171054
171056
171058
171059
171057
171057
171054
171051
171058
171063
171057
171053
171050
171046
171050
171050
171049
171051
171058
171058
171054
171053
171051
171052
171056
171053
171051
171056
171060
171057
171057
171060
171061
171060
171060
171059
171051
171050
171057
171056
171053
171055
171060
171059
171057
171063
171065
171065
171065
171061
171059
171058
171064
171063
171064
171066
171063
171061
171063
171064
171061
171057
171056
171057
171064
171061
171058
171061
171064
171061
171059
171053
171056
171066
171066
171062
171061
171064
171064
171063
171058
171053
171054
171061
171063
171066
171069
171065
171063
171063
171057
171053
171059
171062
171060
171058
171059
171059
171060
171059
171058
171057
171055
171061
171063
171060
171063
171065
171066
171065
171061
171057
171062
171066
171066
171067
171061
171061
171064
171060
171060
171059
171059
171064
171067
171064
171059
171058
171064
171064
171062
171060
171064
171065
171066
171064
171060
171065
171070
171072
171072
171071
171074
171074
171071
171073
171073
171074
171077
171073
171069
171074
171077
171073
171067
171067
171074
171071
171067
171062
171062
171068
171070
171066
171062
171067
171071
171070
171071
171071
171071
171073
171077
171078
171076
171076
171075
171073
171071
171065
171065
171065
171063
171062
171065
171066
171068
171069
171073
171074
171068
171067
171076
171079
171080
171080
171077
171074
171078
171078
171074
171074
171080
171081
171076
171073
171072
171070
171067
171071
171073
171072
171073
171077
171073
171071
171073
171073
171075
171072
171068
171065
171062
171068
171068
171067
171062
171065
171070
171075
171078
171078
171083
171087
171086
171082
171087
171091
171092
171088
171083
171079
171077
171083
171079
171072
171073
171074
171076
171074
171072
171076
171082
171082
171079
171082
171082
171076
171080
171084
171082
171076
171080
171082
171077
171079
171081
171081
171081
171085
171082
171082
171084
171087
171090
171087
171088
171090
171092
171088
171088
171082
171078
171079
171081
171082
171086
171088
171088
171087
171084
171078
171080
171087
171088
171081
171079
171078
171076
171076
171078
171079
171077
171071
171072
171076
171075
171077
171079
171075
171076
171078
171084
171083
171083
171077
171071
171075
171081
171081
171077
171076
171077
171077
171081
171082
171081
171081
171083
171084
171081
171080
171081
171077
171077
171083
171082
171088
171089
171084
171077
171076
171081
171085
171077
171074
171079
171083
171083
171079
171073
171075
171076
171077
171076
171070
171076
171079
171073
171072
171069
171070
171076
171078
171080
171077
171070
171075
171082
171076
171071
171073
171076
171076
171074
171073
171078
171080
171081
171080
171076
171074
171072
171072
171073
171072
171068
171066
171072
171072
171066
171064
171065
171069
171068
171064
171068
171070
171070
171068
171066
171070
171070
171066
171066
171068
171070
171075
171077
171075
171074
171071
171070
171076
171076
171071
171071
171071
171068
171069
171067
171065
171074
171075
171073
171074
171071
171076
171081
171076
171077
171083
171086
171083
171074
171079
171084
171089
171089
171085
171080
171079
171082
171083
171082
171076
171077
171086
171088
171085
171082
171082
171084
171084
171079
171075
171077
171081
171083
171083
171082
171082
171080
171083
171085
171079
171074
171072
171076
171076
171072
171070
171073
171075
171071
171066
171066
171071
171071
171071
171070
171070
171071
171073
171071
171066
171067
171069
171074
171074
171068
171070
171075
171073
171072
171073
171073
171076
171079
171076
171074
171071
171068
171073
171071
171072
171073
171072
171077
171078
171074
171074
171070
171071
171073
171072
171071
171073
171076
171077
171076
171078
171078
171078
171073
171071
171073
171071
171069
171065
171067
171079
171084
171081
171078
171077
171078
171079
171073
171075
171077
171077
171075
171079
171082
171079
171077
171077
171082
171082
171080
171079
171079
171076
171068
171067
171069
171071
171072
171073
171075
171073
171074
171079
171078
171077
171076
171072
171069
171072
171071
171070
171070
171074
171074
171074
171076
171077
171076
171077
171073
171067
171068
171073
171071
171071
171074
171075
171077
171074
171070
171079
171085
171085
171081
171075
171069
171074
171078
171076
171073
171072
171076
171079
171076
171078
171081
171079
171077
171078
171077
171075
171074
171078
171075
171071
171070
171069
171074
171070
171066
171071
171080
171081
171081
171080
171076
171071
171072
171075
171074
171071
171068
171069
171065
171063
171068
171073
171075
171073
171077
171084
171078
171072
171071
171072
171072
171076
171082
171078
171074
171080
171080
171077
171080
171078
171078
171084
171091
171092
171089
171086
171086
171084
171080
171081
171084
171086
171090
171088
171086
171086
171086
171084
171085
171085
171082
171089
171089
171086
171085
171083
171084
171085
171081
171082
171091
171094
171093
171090
171086
171088
171089
171091
171087
171083
171082
171082
171088
171089
171087
171086
171088
171085
171080
171081
171084
171085
171085
171088
171087
171087
171087
171087
171085
171080
171078
171081
171086
171084
171085
171089
171088
171089
171088
171085
171079
171083
171089
171085
171085
171090
171093
171095
171093
171093
171091
171087
171090
171092
171093
171097
171099
171099
171097
171101
171103
171101
171098
171094
171088
171093
171100
171100
171096
171090
171097
171103
171100
171099
171094
171089
171089
171087
171086
171086
171086
171087
171092
171095
171094
171086
171085
171086
171082
171078
171081
171084
171084
171081
171076
171080
171083
171084
171081
171081
171084
171084
171082
171082
171086
171088
171087
171085
171090
171085
171082
171086
171088
171089
171089
171089
171089
171089
171088
171085
171086
171087
171087
171088
171086
171090
171092
171089
171084
171083
171081
171077
171079
171083
171086
171091
171089
171086
171089
171086
171083
171087
171092
171088
171081
171085
171089
171092
171089
171081
171084
171092
171096
171088
171082
171087
171092
171091
171090
171086
171081
171078
171078
171084
171087
171089
171088
171086
171085
171083
171089
171088
171087
171079
171074
171076
171084
171087
171080
171079
171086
171089
171090
171085
171083
171082
171080
171079
171075
171074
171075
171075
171074
171070
171069
171070
171073
171074
171069
171068
171070
171073
171071
171065
171066
171067
171069
171068
171067
171061
171061
171068
171067
171066
171066
171065
171068
171069
171069
171069
171067
171068
171071
171069
171062
171064
171065
171065
171064
171058
171058
171062
171062
171060
171058
171058
171061
171064
171062
171063
171068
171066
171061
171053
171054
171061
171065
171067
171067
171068
171070
171072
171068
171062
171060
171062
171063
171063
171062
171057
171059
171060
171060
171059
171058
171059
171060
171058
171058
171062
171060
171060
171059
171058
171069
171076
171076
171068
171066
171068
171072
171070
171071
171071
171070
171070
171067
171064
171062
171063
171065
171065
171069
171066
171064
171066
171072
171074
171071
171067
171069
171069
171064
171064
171068
171066
171066
171070
171069
171066
171070
171075
171077
171078
171073
171075
171077
171075
171071
171067
171069
171073
171070
171069
171064
171061
171063
171066
171064
171063
171063
171064
171061
171068
171074
171077
171080
171078
171072
171069
171073
171074
171071
171072
171077
171078
171080
171083
171077
171076
171079
171078
171078
171074
171068
171075
171076
171075
171072
171065
171067
171074
171074
171070
171067
171066
171075
171080
171073
171069
171073
171073
171071
171077
171082
171085
171085
171085
171088
171093
171095
171095
171096
171097
171094
171093
171098
171095
171088
171085
171090
171092
171092
171092
171087
171085
171093
171097
171093
171088
171085
171089
171084
171081
171075
171072
171076
171083
171081
171082
171084
171088
171090
171086
171080
171084
171090
171085
171083
171085
171083
171083
171088
171087
171085
171086
171088
171087
171091
171093
171090
171092
171096
171095
171094
171094
171088
171086
171086
171087
171089
171087
171085
171077
171069
171069
171078
171083
171077
171073
171072
171080
171082
171082
171079
171078
171080
171082
171079
171076
171077
171080
171083
171078
171081
171092
171098
171097
171096
171094
171094
171092
171088
171092
171092
171088
171091
171087
171083
171079
171076
171077
171082
171087
171089
171094
171096
171093
171088
171091
171094
171094
171089
171080
171085
171089
171092
171093
171093
171093
171098
171098
171097
171098
171100
171103
171102
171097
171098
171101
171097
171100
171100
171096
171092
171094
171097
171095
171090
171087
171092
171098
171094
171088
171084
171094
171101
171100
171095
171092
171098
171103
171102
171100
171099
171101
171107
171111
171115
171118
171112
171107
171104
171105
171109
171110
171109
171108
171107
171103
171099
171098
171100
171100
171097
171095
171096
171098
171097
171096
171099
171102
171099
171101
171099
171099
171108
171113
171114
171107
171111
171112
171108
171110
171112
171106
171099
171103
171102
171099
171099
171099
171101
171098
171098
171102
171103
171102
171100
171097
171097
171099
171104
171101
171099
171097
171101
171097
171093
171097
171098
171104
171105
171103
171103
171104
171105
171104
171106
171108
171108
171112
171107
171098
171105
171109
171107
171108
171107
171104
171103
171103
171103
171101
171100
171103
171104
171104
171104
171099
171095
171094
171095
171092
171087
171091
171094
171095
171093
171091
171093
171095
171095
171092
171096
171099
171098
171101
171105
171107
171106
171105
171103
171098
171099
171103
171107
171111
171106
171101
171102
171103
171100
171099
171102
171103
171106
171104
171101
171101
171105
171107
171108
171106
171102
171103
171107
171106
171101
171105
171112
171117
171119
171113
171106
171110
171111
171111
171112
171107
171107
171111
171113
171111
171109
171108
171108
171106
171108
171106
171104
171110
171110
171106
171107
171107
171109
171110
171110
171107
171113
171119
171122
171122
171118
171115
171115
171111
171113
171111
171110
171115
171113
171112
171118
171120
171118
171118
171114
171107
171108
171109
171105
171102
171105
171104
171106
171106
171105
171105
171105
171109
171116
171116
171109
171108
171106
171101
171103
171102
171104
171106
171104
171112
171112
171109
171109
171105
171102
171104
171103
171099
171101
171106
171106
171105
171107
171104
171107
171108
171106
171109
171112
171111
171110
171110
171106
171105
171102
171103
171105
171106
171105
171103
171110
171110
171109
171107
171099
171100
171099
171099
171101
171103
171096
171092
171095
171095
171091
171089
171092
171097
171098
171098
171095
171097
171101
171102
171098
171096
171097
171095
171095
171100
171103
171100
171101
171097
171098
171100
171102
171100
171099
171099
171100
171097
171100
171103
171100
171094
171093
171099
171098
171093
171094
171096
171097
171094
171091
171093
171093
171098
171097
171096
171097
171096
171096
171100
171099
171095
171100
171103
171100
171098
171097
171099
171100
171100
171100
171099
171099
171100
171105
171104
171098
171097
171094
171093
171095
171094
171092
171094
171095
171094
171092
171094
171096
171096
171093
171093
171100
171104
171099
171097
171092
171088
171091
171091
171090
171089
171089
171094
171091
171086
171091
171095
171096
171098
171098
171096
171096
171093
171090
171085
171084
171089
171090
171089
171091
171087
171086
171085
171089
171092
171092
171092
171094
171092
171097
171098
171098
171097
171091
171089
171090
171092
171091
171092
171089
171085
171087
171089
171092
171095
171091
171092
171094
171089
171090
171097
171101
171099
171097
171095
171092
171092
171090
171084
171091
171101
171104
171101
171094
171092
171094
171092
171092
171090
171085
171092
171095
171098
171098
171095
171096
171092
171092
171094
171092
171092
171096
171096
171096
171096
171093
171094
171093
171094
171096
171096
171096
171095
171096
171095
171095
171095
171094
171091
171090
171092
171093
171098
171100
171096
171096
171096
171095
171093
171092
171091
171095
171098
171092
171090
171091
171096
171096
171093
171094
171096
171096
171094
171090
171090
171094
171093
171090
171094
171096
171095
171096
171097
171094
171088
171090
171098
171099
171097
171095
171097
171093
171093
171095
171092
171089
171089
171092
171089
171088
171091
171090
171090
171095
171090
171090
171092
171091
171093
171096
171098
171103
171105
171103
171099
171100
171101
171100
171100
171099
171097
171095
171096
171099
171093
171093
171094
171097
171101
171100
171098
171099
171099
171099
171103
171101
171100
171105
171104
171100
171098
171097
171101
171107
171104
171102
171100
171100
171105
171100
171102
171110
171105
171097
171105
171109
171111
171111
171106
171107
171110
171106
171106
171110
171111
171108
171108
171109
171106
171101
171104
171106
171105
171105
171104
171106
171106
171103
171100
171101
171101
171102
171106
171106
171104
171102
171111
171120
171118
171114
171110
171107
171108
171109
171109
171103
171099
171098
171096
171099
171104
171106
171110
171110
171106
171107
171108
171110
171110
171107
171107
171107
171104
171109
171106
171102
171110
171114
171112
171107
171108
171110
171112
171107
171104
171109
171110
171109
171110
171109
171108
171114
171118
171116
171111
171113
171112
171115
171115
171117
171117
171119
171118
171114
171114
171115
171118
171118
171119
171116
171109
171108
171114
171117
171116
171112
171109
171107
171107
171110
171114
171115
171117
171123
171125
171124
171127
171129
171124
171121
171122
171131
171135
171133
171131
171129
171133
171136
171135
171130
171128
171130
171130
171126
171121
171121
171125
171128
171125
171121
171123
171124
171119
171124
171126
171128
171131
171128
171125
171123
171128
171134
171136
171135
171129
171123
171127
171128
171129
171133
171133
171133
171134
171136
171133
171131
171128
171131
171131
171128
171132
171135
171135
171131
171124
171123
171129
171128
171126
171124
171130
171130
171132
171134
171128
171127
171133
171137
171137
171139
171137
171137
171134
171132
171126
171122
171130
171135
171129
171126
171129
171131
171130
171128
171127
171128
171130
171129
171128
171125
171122
171119
171121
171126
171125
171123
171126
171126
171128
171133
171135
171133
171131
171126
171124
171121
171123
171125
171127
171128
171129
171129
171130
171124
171122
171123
171124
171125
171124
171122
171125
171130
171135
171136
171131
171130
171128
171126
171124
171125
171126
171130
171132
171130
171122
171120
171128
171131
171131
171130
171128
171131
171134
171132
171131
171131
171131
171132
171130
171129
171131
171131
171129
171127
171129
171129
171128
171127
171125
171123
171129
171132
171130
171129
171125
171126
171129
171127
171130
171132
171135
171135
171130
171128
171134
171135
171134
171131
171127
171126
171126
171124
171127
171131
171133
171132
171133
171136
171136
171130
171122
171125
171129
171129
171131
171133
171131
171128
171134
171135
171130
171129
171125
171124
171125
171123
171120
171124
171125
171124
171129
171126
171125
171132
171131
171127
171132
171135
171135
171135
171132
171130
171133
171132
171127
171127
171132
171134
171132
171126
171128
171128
171124
171122
171126
171128
171132
171132
171130
171127
171130
171131
171132
171135
171134
171136
171140
171142
171141
171140
171138
171138
171140
171141
171137
171138
171142
171143
171143
171143
171147
171146
171144
171140
171135
171138
171144
171142
171138
171135
171137
171136
171135
171136
171134
171133
171135
171135
171134
171131
171130
171132
171136
171132
171124
171126
171133
171134
171131
171134
171138
171140
171137
171138
171138
171135
171132
171135
171133
171129
171132
171136
171135
171133
171131
171132
171136
171134
171132
171133
171133
171134
171133
171131
171130
171128
171130
171137
171137
171139
171143
171145
171145
171146
171146
171144
171140
171135
171135
171134
171131
171133
171137
171130
171127
171134
171144
171145
171137
171132
171144
171147
171141
171138
171138
171141
171142
171138
171138
171136
171136
171140
171144
171143
171140
171142
171141
171140
171144
171141
171140
171145
171143
171140
171140
171141
171142
171143
171142
171138
171142
171144
171145
171139
171137
171138
171138
171135
171137
171136
171138
171141
171140
171137
171137
171139
171138
171135
171132
171133
171130
171136
171142
171145
171145
171144
171148
171145
171148
171147
171146
171148
