177294
177292
177295
177298
177298
177297
177299
177307
177313
177315
177317
177319
177324
177328
177328
177328
177330
177334
177337
177337
177335
177338
177342
177345
177346
177344
177346
177349
177354
177357
177360
177362
177365
177367
177369
177370
177372
177374
177380
177382
177381
177382
177386
177388
177389
177389
177387
177386
177384
177378
177370
177364
177357
177351
177344
177337
177329
177323
177318
177312
177306
177300
177295
177292
177290
177286
177282
177279
177279
177278
177276
177274
177274
177276
177273
177270
177270
177270
177270
177267
177264
177261
177260
177262
177261
177260
177259
177259
177259
177257
177255
177253
177253
177254
177254
177253
177254
177256
177259
177259
177260
177262
177265
177268
177270
177270
177271
177272
177273
177273
177273
177275
177276
177277
177275
177273
177271
177273
177276
177276
177277
177280
177284
177287
177289
177288
177287
177290
177293
177296
177297
177298
177302
177307
177307
177305
177307
177310
177314
177315
177316
177317
177321
177327
177329
177328
177326
177326
177329
177330
177328
177325
177325
177325
177325
177322
177319
177321
177323
177324
177325
177327
177330
177333
177335
177335
177337
177340
177344
177345
177343
177343
177344
177341
177338
177335
177332
177332
177333
177332
177329
177330
177330
177329
177329
177329
177328
177330
177332
177329
177326
177324
177324
177322
177320
177320
177321
177321
177322
177324
177324
177325
177327
177328
177326
177326
177325
177324
177324
177321
177317
177315
177316
177316
177313
177309
177306
177305
177309
177310
177309
177311
177314
177315
177313
177309
177307
177309
177311
177309
177306
177303
177303
177302
177299
177297
177298
177299
177303
177304
177304
177303
177305
177308
177309
177308
177308
177309
177310
177308
177306
177304
177303
177306
177308
177308
177308
177310
177313
177315
177315
177317
177321
177324
177323
177319
177318
177318
177321
177320
177318
177316
177317
177319
177316
177315
177315
177316
177318
177320
177322
177324
177329
177332
177332
177330
177330
177333
177334
177335
177336
177339
177343
177343
177342
177341
177341
177344
177347
177349
177351
177352
177355
177358
177360
177361
177362
177366
177370
177370
177369
177369
177371
177373
177372
177369
177368
177370
177372
177371
177369
177367
177367
177365
177362
177355
177350
177351
177350
177344
177338
177336
177334
177331
177326
177324
177322
177320
177319
177318
177316
177313
177314
177316
177315
177312
177313
177315
177318
177316
177314
177314
177314
177312
177312
177311
177311
177311
177311
177310
177308
177306
177307
177308
177305
177302
177299
177297
177297
177295
177294
177293
177294
177294
177292
177290
177289
177291
177293
177292
177292
177292
177293
177294
177295
177292
177290
177292
177296
177296
177293
177289
177288
177290
177292
177292
177294
177299
177304
177306
177304
177306
177310
177312
177310
177308
177308
177309
177310
177309
177307
177306
177308
177312
177314
177313
177313
177314
177317
177316
177316
177316
177317
177318
177317
177317
177318
177321
177322
177323
177322
177321
177322
177324
177325
177325
177327
177332
177333
177335
177338
177339
177341
177343
177342
177341
177342
177344
177345
177344
177342
177343
177346
177346
177344
177341
177342
177342
177341
177341
177339
177339
177339
177339
177338
177337
177338
177339
177343
177342
177340
177340
177341
177343
177344
177344
177345
177347
177350
177350
177349
177349
177351
177351
177350
177349
177348
177349
177350
177351
177348
177345
177344
177346
177347
177344
177342
177342
177345
177346
177345
177344
177346
177347
177345
177340
177338
177340
177342
177341
177341
177339
177339
177342
177344
177342
177341
177341
177343
177343
177340
177339
177340
177340
177336
177333
177331
177332
177331
177329
177327
177325
177325
177325
177325
177323
177320
177322
177324
177323
177322
177322
177323
177325
177323
177321
177320
177320
177321
177322
177320
177318
177320
177322
177320
177318
177317
177317
177318
177318
177316
177314
177314
177315
177313
177309
177308
177309
177311
177310
177306
177303
177303
177305
177304
177303
177303
177304
177304
177300
177297
177298
177299
177299
177299
177299
177298
177298
177296
177293
177292
177294
177297
177300
177301
177300
177299
177298
177296
177295
177292
177292
177295
177298
177300
177298
177299
177301
177306
177307
177306
177306
177310
177310
177308
177305
177304
177301
177302
177301
177300
177299
177299
177299
177295
177291
177289
177288
177290
177292
177291
177291
177293
177296
177294
177294
177295
177296
177297
177297
177295
177294
177292
177291
177289
177287
177286
177286
177287
177287
177289
177291
177294
177294
177294
177293
177292
177295
177297
177297
177297
177297
177299
177299
177297
177297
177297
177299
177300
177299
177298
177299
177301
177302
177301
177299
177301
177302
177302
177302
177301
177300
177303
177307
177306
177304
177305
177309
177313
177313
177312
177313
177313
177313
177311
177306
177304
177304
177304
177303
177300
177298
177299
177300
177298
177296
177294
177294
177296
177296
177294
177293
177292
177293
177293
177291
177289
177289
177291
177292
177291
177290
177294
177298
177296
177294
177293
177294
177296
177294
177292
177292
177294
177295
177295
177293
177295
177298
177301
177301
177299
177301
177305
177308
177308
177306
177304
177306
177310
177311
177310
177312
177316
177320
177320
177319
177322
177326
177328
177329
177327
177327
177327
177324
177322
177319
177317
177318
177318
177315
177312
177310
177308
177306
177303
177299
177297
177295
177294
177291
177289
177290
177289
177289
177286
177282
177282
177281
177281
177279
177275
177275
177275
177271
177266
177262
177260
177261
177261
177258
177254
177253
177254
177253
177251
177249
177251
177254
177256
177257
177257
177258
177263
177264
177261
177258
177258
177259
177260
177258
177254
177255
177258
177260
177260
177260
177260
177264
177268
177269
177269
177270
177274
177278
177278
177277
177276
177277
177279
177277
177276
177278
177283
177286
177285
177285
177287
177291
177293
177294
177295
177298
177302
177305
177305
177303
177305
177309
177311
177311
177309
177311
177315
177317
177314
177314
177316
177317
177318
177317
177316
177318
177323
177325
177326
177324
177322
177324
177327
177327
177326
177328
177333
177337
177338
177337
177339
177345
177351
177355
177359
177364
177372
177379
177382
177384
177387
177392
177395
177395
177396
177401
177401
177401
177403
177402
177403
177405
177406
177406
177405
177404
177402
177401
177401
177399
177397
177397
177397
177395
177392
177390
177389
177385
177380
177377
177377
177377
177376
177373
177369
177367
177366
177365
177361
177357
177354
177354
177353
177349
177344
177341
177338
177336
177330
177324
177320
177319
177318
177312
177304
177302
177300
177298
177290
177283
177280
177280
177280
177278
177275
177274
177270
177268
177264
177261
177261
177262
177262
177257
177252
177250
177249
177248
177246
177244
177246
177246
177246
177245
177241
177241
177241
177242
177242
177242
177243
177244
177246
177247
177246
177247
177250
177253
177250
177249
177251
177253
177254
177253
177251
177252
177255
177257
177257
177258
177258
177259
177262
177261
177259
177260
177263
177267
177270
177273
177276
177280
177283
177282
177282
177284
177285
177285
177285
177282
177279
177276
177276
177274
177275
177279
177282
177285
177287
177286
177288
177289
177290
177290
177291
177295
177298
177297
177294
177290
177291
177292
177293
177292
177292
177291
177291
177291
177289
177288
177289
177291
177296
177296
177295
177295
177296
177296
177293
177292
177293
177294
177296
177296
177295
177297
177298
177300
177299
177295
177294
177297
177297
177296
177295
177296
177297
177298
177294
177290
177289
177290
177289
177288
177287
177288
177287
177287
177286
177283
177283
177287
177288
177290
177292
177293
177294
177294
177293
177292
177293
177293
177293
177292
177291
177291
177292
177294
177296
177296
177299
177300
177301
177303
177302
177303
177306
177308
177307
177305
177304
177304
177304
177302
177300
177298
177300
177302
177301
177300
177303
177304
177305
177302
177300
177300
177302
177302
177300
177298
177299
177300
177299
177296
177293
177291
177291
177291
177291
177291
177291
177293
177297
177297
177294
177292
177292
177294
177295
177295
177296
177299
177302
177302
177302
177301
177304
177306
177307
177305
177303
177306
177308
177306
177306
177307
177310
177312
177312
177312
177313
177318
177320
177320
177321
177326
177330
177331
177330
177328
177330
177333
177335
177336
177335
177337
177340
177340
177338
177335
177335
177336
177334
177331
177331
177329
177328
177327
177322
177319
177319
177320
177318
177314
177311
177311
177312
177313
177311
177309
177309
177311
177309
177305
177302
177301
177302
177303
177301
177297
177293
177293
177294
177293
177289
177287
177286
177284
177279
177274
177273
177274
177274
177275
177274
177274
177275
177276
177274
177273
177275
177278
177280
177280
177279
177280
177280
177281
177281
177278
177276
177275
177276
177275
177272
177271
177271
177272
177269
177265
177266
177268
177269
177270
177270
177274
177278
177280
177281
177282
177286
177291
177294
177298
177299
177301
177303
177305
177305
177304
177303
177305
177306
177307
177305
177306
177307
177309
177310
177309
177311
177316
177317
177317
177317
177321
177323
177322
177321
177320
177321
177324
177325
177327
177327
177328
177329
177330
177328
177329
177331
177334
177335
177334
177333
177333
177334
177332
177329
177327
177324
177323
177321
177319
177317
177317
177319
177320
177319
177318
177319
177321
177321
177318
177316
177316
177316
177316
177311
177310
177312
177310
177311
177311
177308
177307
177310
177312
177310
177306
177306
177308
177307
177303
177300
177301
177301
177301
177299
177294
177291
177293
177292
177290
177285
177283
177285
177286
177283
177278
177277
177277
177278
177278
177277
177278
177279
177280
177278
177275
177274
177274
177273
177274
177274
177275
177277
177278
177277
177276
177277
177279
177281
177282
177282
177284
177286
177287
177286
177286
177287
177287
177286
177286
177285
177286
177289
177292
177292
177290
177288
177287
177287
177287
177285
177286
177289
177290
177289
177287
177288
177289
177288
177287
177284
177284
177285
177285
177282
177276
177276
177279
177279
177277
177276
177278
177281
177280
177279
177276
177277
177278
177279
177279
177279
177281
177284
177288
177289
177288
177291
177293
177294
177292
177292
177292
177295
177297
177296
177294
177295
177297
177300
177300
177300
177303
177308
177309
177310
177311
177315
177320
177322
177322
177322
177324
177325
177327
177326
177324
177325
177326
177326
177325
177324
177324
177325
177326
177325
177322
177323
177323
177323
177320
177318
177317
177318
177318
177318
177317
177316
177315
177315
177313
177312
177311
177310
177310
177310
177308
177309
177310
177310
177307
177305
177304
177304
177303
177300
177299
177300
177301
177303
177303
177302
177302
177302
177302
177300
177298
177298
177297
177297
177296
177292
177289
177288
177288
177287
177286
177288
177290
177290
177289
177287
177287
177287
177285
177281
177275
177272
177269
177265
177260
177255
177256
177257
177255
177251
177248
177248
177250
177251
177248
177246
177246
177247
177247
177244
177240
177239
177238
177237
177237
177235
177235
177238
177241
177243
177245
177248
177251
177253
177252
177250
177252
177253
177254
177254
177252
177252
177252
177253
177253
177253
177257
177261
177262
177263
177264
177268
177272
177277
177279
177281
177285
177287
177288
177290
177289
177291
177291
177292
177295
177293
177293
177293
177294
177293
177293
177297
177303
177305
177305
177305
177306
177308
177309
177307
177305
177303
177302
177300
177298
177293
177291
177293
177293
177291
177288
177290
177290
177291
177292
177295
177300
177305
177308
177309
177309
177310
177311
177309
177305
177303
177302
177303
177304
177302
177300
177302
177305
177304
177303
177304
177308
177312
177313
177311
177308
177305
177304
177301
177296
177293
177288
177283
177281
177278
177275
177274
177275
177272
177269
177266
177266
177267
177269
177270
177268
177266
177269
177267
177263
177259
177257
177257
177256
177251
177248
177250
177254
177253
177251
177250
177253
177258
177263
177264
177267
177268
177271
177270
177268
177267
177266
177266
177263
177259
177254
177252
177253
177253
177250
177248
177249
177254
177255
177256
177259
177266
177271
177273
177273
177271
177272
177275
177275
177273
177270
177272
177273
177272
177268
177264
177264
177265
177265
177263
177262
177263
177265
177266
177267
177270
177273
177275
177276
177273
177272
177273
177273
177272
177271
177270
177271
177272
177272
177271
177271
177275
177277
177278
177275
177274
177274
177276
177279
177278
177277
177281
177285
177288
177289
177289
177289
177291
177290
177287
177285
177283
177284
177283
177281
177277
177275
177275
177272
177267
177264
177265
177268
177267
177265
177263
177262
177263
177263
177260
177257
177257
177258
177257
177254
177250
177247
177245
177244
177244
177243
177243
177244
177244
177241
177238
177239
177242
177243
177241
177241
177241
177243
177245
177244
177241
177243
177247
177251
177251
177251
177253
177257
177261
177261
177261
177263
177268
177272
177275
177277
177284
177290
177295
177297
177300
177305
177310
177312
177314
177313
177315
177318
177319
177316
177314
177316
177318
177318
177318
177313
177311
177312
177311
177309
177307
177308
177311
177311
177311
177312
177313
177316
177318
177317
177316
177319
177320
177319
177318
177318
177321
177323
177325
177326
177327
177330
177331
177332
177332
177332
177334
177334
177333
177332
177332
177334
177334
177330
177327
177324
177324
177324
177320
177316
177312
177311
177311
177309
177304
177300
177297
177295
177292
177285
177279
177277
177277
177273
177269
177268
177268
177268
177267
177263
177262
177265
177266
177265
177264
177265
177267
177268
177268
177265
177263
177262
177260
177259
177256
177253
177254
177254
177251
177248
177247
177248
177250
177249
177244
177240
177240
177241
177239
177235
177231
177229
177229
177228
177223
177220
177221
177223
177223
177222
177220
177220
177220
177218
177214
177213
177213
177212
177212
177208
177205
177204
177203
177200
177195
177192
177190
177187
177181
177178
177175
177174
177172
177170
177166
177163
177163
177165
177165
177166
177167
177171
177177
177184
177189
177194
177201
177209
177217
177224
177229
177235
177243
177248
177252
177255
177259
177263
177266
177268
177267
177269
177271
177274
177272
177272
177276
177278
177276
177275
177276
177278
177280
177283
177283
177283
177286
177289
177291
177293
177296
177299
177303
177308
177314
177315
177320
177326
177330
177332
177334
177338
177344
177346
177346
177347
177348
177350
177351
177350
177350
177349
177351
177352
177350
177347
177345
177347
177347
177345
177344
177343
177345
177344
177342
177341
177343
177344
177342
177342
177343
177343
177342
177341
177340
177342
177343
177345
177347
177343
177339
177340
177341
177340
177337
177336
177336
177336
177333
177329
177325
177322
177321
177321
177315
177310
177307
177304
177300
177299
177297
177297
177297
177296
177293
177290
177289
177292
177294
177293
177293
177294
177295
177298
177297
177296
177297
177298
177297
177294
177292
177289
177287
177286
177282
177278
177277
177279
177278
177275
177273
177274
177275
177276
177274
177274
177278
177279
177278
177278
177278
177279
177282
177285
177285
177281
177282
177286
177286
177284
177285
177285
177285
177282
177280
177276
177274
177272
177268
177263
177258
177257
177258
177256
177251
177248
177248
177248
177244
177241
177239
177239
177239
177236
177236
177236
177235
177235
177234
177232
177231
177230
177230
177231
177228
177226
177227
177228
177228
177228
177228
177228
177229
177228
177224
177222
177223
177226
177226
177223
177224
177225
177227
177228
177229
177231
177235
177237
177241
177242
177243
177247
177251
177255
177258
177261
177265
177267
177267
177267
177266
177267
177268
177268
177266
177264
177265
177265
177263
177261
177259
177257
177257
177253
177249
177245
177244
177243
177240
177237
177236
177235
177235
177233
177231
177231
177230
177231
177230
177229
177227
177228
177229
177228
177226
177225
177223
177222
177221
177220
177216
177215
177215
177213
177210
177209
177211
177214
177215
177216
177216
177219
177223
177227
177227
177227
177231
177235
177238
177237
177237
177240
177244
177244
177245
177245
177246
177248
177249
177246
177244
177244
177246
177245
177246
177247
177250
177252
177251
177249
177251
177254
177253
177253
177253
177253
177252
177253
177254
177255
177256
177258
177262
177264
177265
177270
177274
177277
177277
177278
177277
177278
177280
177280
177279
177278
177279
177280
177280
177279
177279
177281
177283
177284
177281
177279
177280
177281
177283
177282
177281
177283
177285
177286
177284
177282
177283
177283
177280
177277
177274
177270
177265
177258
177252
177246
177238
177233
177229
177223
177217
177214
177212
177210
177206
177204
177203
177204
177206
177205
177203
177204
177206
177207
177206
177206
177207
177208
177207
177204
177202
177202
177203
177203
177201
177200
177202
177205
177205
177203
177200
177203
177204
177203
177201
177201
177199
177196
177193
177189
177184
177181
177179
177175
177173
177172
177172
177174
177175
177175
177177
177183
177191
177193
177192
177195
177201
177207
177209
177211
177214
177218
177220
177219
177219
177220
177223
177224
177223
177218
177216
177216
177217
177215
177213
177213
177213
177213
177213
177211
177210
177212
177215
177215
177215
177214
177215
177216
177215
177215
177214
177217
177220
177222
177225
177228
177233
177238
177242
177246
177250
177256
177263
177264
177265
177267
177271
177275
177274
177272
177271
177273
177275
177274
177274
177274
177275
177277
177278
177279
177278
177280
177280
177277
177277
177278
177279
177280
177280
177279
177277
177276
177279
177279
177277
177279
177284
177288
177288
177288
177290
177292
177295
177296
177296
177298
177301
177302
177300
177298
177294
177292
177294
177293
177292
177291
177293
177294
177294
177295
177294
177296
177299
177296
177293
177293
177295
177298
177296
177295
177297
177301
177303
177303
177303
177304
177306
177307
177305
177304
177303
177303
177302
177299
177296
177294
177292
177292
177292
177288
177288
177287
177287
177286
177283
177280
177279
177281
177281
177278
177278
177281
177281
177281
177279
177277
177279
177280
177279
177277
177275
177275
177274
177273
177271
177274
177276
177278
177279
177279
177279
177280
177280
177278
177274
177274
177276
177276
177275
177272
177270
177269
177269
177266
177263
177261
177259
177259
177258
177258
177259
177262
177263
177260
177257
177253
177250
177249
177245
177242
177241
177239
177239
177236
177236
177236
177237
177239
177239
177237
177237
177237
177237
177236
177234
177232
177234
177236
177236
177235
177234
177239
177242
177241
177239
177237
177237
177236
177231
177228
177223
177222
177223
177220
177218
177220
177223
177226
177228
177229
177231
177235
177240
177244
177244
177247
177253
177257
177258
177256
177256
177256
177255
177253
177249
177245
177240
177236
177233
177227
177223
177221
177220
177220
177218
177217
177219
177222
177223
177223
177224
177227
177231
177231
177231
177233
177237
177238
177235
177233
177233
177233
177234
177234
177234
177235
177235
177234
177231
177228
177228
177228
177228
177226
177224
177223
177224
177226
177225
177223
177220
177219
177221
177218
177214
177213
177214
177216
177215
177214
177213
177214
177215
177215
177214
177214
177216
177216
177217
177217
177217
177218
177220
177222
177219
177215
177217
177218
177218
177216
177213
177212
177209
177205
177203
177202
177201
177201
177197
177193
177189
177188
177187
177183
177177
177175
177177
177176
177174
177172
177172
177172
177173
177172
177172
177173
177174
177175
177175
177171
177172
177174
177178
177180
177180
177181
177186
177190
177191
177192
177195
177200
177202
177202
177202
177203
177205
177208
177210
177211
177215
177221
177222
177225
177229
177234
177239
177245
177250
177250
177255
177260
177263
177264
177265
177267
177270
177273
177274
177274
177275
177279
177282
177284
177285
177286
177288
177292
177294
177294
177296
177298
177303
177302
177300
177302
177306
177310
177310
177310
177310
177312
177314
177315
177315
177317
177322
177326
177329
177330
177331
177335
177339
177341
177342
177344
177348
177349
177348
177346
177345
177348
177350
177349
177347
177346
177344
177344
177343
177339
177339
177340
177340
177336
177333
177331
177331
177332
177332
177330
177329
177329
177328
177326
177324
177323
177323
177323
177321
177318
177313
177312
177311
177310
177307
177304
177302
177300
177297
177292
177291
177290
177289
177289
177287
177287
177289
177289
177288
177285
177280
177282
177282
177279
177275
177271
177269
177265
177261
177255
177253
177254
177254
177251
177247
177246
177245
177244
177241
177238
177237
177237
177237
177234
177228
177224
177222
177220
177217
177211
177209
177206
177206
177204
177201
177199
177197
177197
177195
177190
177187
177186
177182
177179
177173
177172
177170
177168
177165
177160
177155
177155
177157
177157
177156
177156
177157
177156
177152
177149
177149
177150
177151
177151
177152
177152
177150
177152
177154
177154
177155
177158
177159
177158
177158
177159
177161
177162
177162
177161
177161
177162
177163
177163
177161
177161
177162
177162
177160
177158
177158
177158
177158
177156
177155
177158
177163
177166
177165
177165
177166
177168
177171
177174
177176
177179
177182
177187
177188
177185
177186
177190
177195
177197
177198
177199
177202
177202
177200
177197
177195
177197
177199
177198
177194
177194
177196
177196
177195
177192
177190
177193
177196
177194
177194
177197
177201
177203
177204
177204
177204
177210
177213
177211
177208
177209
177214
177218
177219
177220
177224
177229
177235
177239
177243
177246
177249
177251
177252
177254
177256
177259
177262
177260
177258
177261
177264
177267
177269
177270
177271
177275
177280
177285
177287
177289
177294
177298
177299
177297
177297
177299
177300
177297
177293
177292
177296
177296
177294
177291
177290
177291
177293
177295
177294
177293
177295
177297
177296
177295
177296
177298
177299
177298
177297
177298
177300
177302
177302
177301
177301
177302
177307
177308
177306
177305
177305
177305
177303
177300
177297
177296
177295
177295
177294
177295
177296
177298
177298
177294
177290
177289
177289
177287
177283
177282
177282
177283
177276
177271
177270
177269
177268
177264
177260
177259
177260
177258
177253
177248
177247
177248
177249
177247
177244
177244
177245
177243
177241
177240
177240
177240
177241
177240
177237
177236
177237
177237
177236
177234
177233
177232
177228
177223
177221
177219
177218
177217
177214
177210
177209
177209
177208
177207
177203
177202
177203
177204
177203
177202
177201
177200
177201
177201
177200
177199
177201
177203
177204
177205
177205
177208
177211
177211
177211
177213
177215
177214
177210
177208
177208
177209
177209
177206
177204
177202
177203
177204
177201
177199
177198
177199
177199
177197
177197
177199
177203
177209
177211
177211
177214
177218
177220
177221
177223
177226
177229
177231
177231
177230
177233
177236
177239
177237
177237
177237
177239
177238
177234
177232
177230
177229
177230
177229
177222
177219
177218
177218
177217
177216
177217
177217
177216
177214
177211
177210
177212
177212
177213
177212
177213
177215
177215
177214
177213
177215
177218
177221
177222
177221
177223
177227
177231
177232
177234
177235
177239
177240
177241
177240
177241
177242
177245
177246
177247
177249
177255
177260
177263
177262
177265
177267
177268
177268
177266
177267
177272
177275
177276
177276
177277
177279
177280
177278
177276
177278
177283
177285
177282
177281
177281
177282
177281
177280
177278
177276
177276
177274
177271
177267
177267
177267
177267
177267
177266
177266
177266
177265
177264
177261
177260
177260
177259
177258
177258
177260
177264
177267
177268
177270
177275
177282
177288
177292
177292
177295
177300
177304
177307
177311
177313
177313
177313
177309
177306
177305
177303
177302
177299
177295
177294
177293
177293
177290
177286
177285
177285
177284
177280
177277
177277
177276
177277
177277
177274
177272
177273
177272
177269
177267
177265
177263
177263
177261
177258
177256
177255
177252
177246
177242
177241
177241
177241
177237
177235
177233
177233
177234
177233
177232
177232
177233
177235
177234
177233
177237
177239
177242
177241
177239
177242
177242
177241
177240
177238
177238
177237
177239
177240
177238
177237
177238
177239
177237
177233
177231
177231
177230
177226
177225
177226
177228
177229
177227
177227
177229
177232
177235
177236
177236
177236
177237
177237
177235
177231
177229
177232
177233
177230
177224
177222
177223
177224
177222
177221
177223
177223
177223
177222
177219
177219
177220
177221
177220
177219
177219
177220
177222
177224
177225
177227
177231
177233
177230
177230
177233
177238
177239
177237
177235
177236
177238
177238
177237
177237
177237
177240
177240
177240
177241
177242
177244
177246
177248
177247
177249
177253
177255
177255
177255
177257
177261
177263
177262
177261
177260
177260
177260
177255
177250
177248
177249
177248
177243
177239
177238
177238
177237
177235
177233
177232
177231
177229
177225
177222
177223
177225
177223
177221
177217
177215
177212
177206
177201
177198
177197
177198
177197
177192
177187
177186
177186
177184
177181
177180
177182
177184
177184
177183
177183
177186
177190
177192
177194
177195
177199
177205
177206
177206
177207
177209
177215
177218
177218
177218
177222
177226
177228
177229
177230
177233
177236
177239
177240
177240
177243
177248
177250
177251
177251
177253
177255
177255
177254
177250
177248
177249
177250
177249
177246
177247
177249
177251
177250
177250
177253
177254
177256
177256
177255
177256
177256
177255
177253
177250
177250
177251
177249
177248
177247
177245
177245
177243
177240
177236
177236
177236
177235
177232
177231
177230
177231
177229
177227
177228
177228
177230
177230
177228
177225
177225
177224
177223
177221
177221
177221
177222
177222
177220
177219
177220
177222
177222
177221
177221
177225
177227
177227
177226
177225
177226
177227
177226
177225
177226
177229
177230
177228
177226
177224
177227
177228
177228
177226
177227
177228
177229
177227
177225
177225
177225
177226
177227
177226
177224
177225
177228
177229
177229
177228
177229
177232
177233
177233
177232
177233
177236
177238
177238
177240
177240
177241
177242
177241
177241
177243
177246
177248
177248
177246
177248
177250
177252
177253
177252
177254
177259
177259
177257
177255
177257
177261
177262
177260
177259
177261
177261
177260
177258
177256
177258
177260
177257
177254
177252
177252
177252
177250
177249
177246
177247
177248
177250
177248
177246
177249
177251
177250
177249
177249
177250
177252
177254
177253
177254
177256
177257
177257
177254
177255
177256
177257
177256
177253
177253
177253
177256
177256
177256
177256
177254
177257
177259
177259
177257
177257
177260
177260
177256
177253
177251
177249
177249
177248
177247
177248
177250
177250
177247
177245
177246
177248
177250
177250
177252
177254
177257
177256
177253
177252
177253
177252
177249
177248
177249
177250
177251
177248
177247
177244
177243
177243
177242
177241
177241
177242
177242
177242
177239
177237
177239
177242
177242
177239
177239
177241
177242
177242
177240
177240
177240
177241
177241
177241
177243
177245
177244
177242
177241
177241
177241
177242
177241
177240
177236
177237
177241
177241
177240
177238
177240
177242
177240
177239
177237
177240
177244
177244
177242
177240
177242
177246
177245
177241
177239
177239
177237
177234
177232
177229
177227
177227
177226
177223
177219
177218
177217
177215
177211
177209
177208
177209
177209
177207
177205
177204
177203
177200
177198
177199
177200
177201
177200
177199
177197
177196
177195
177192
177192
177190
177189
177190
177188
177185
177185
177185
177186
177187
177188
177187
177186
177186
177185
177183
177185
177187
177188
177188
177186
177185
177186
177186
177188
177188
177187
177187
177188
177187
177187
177187
177187
177189
177189
177186
177184
177186
177189
177190
177188
177186
177187
177190
177192
177189
177186
177188
177190
177190
177190
177189
177190
177192
177193
177195
177196
177199
177203
177205
177206
177207
177208
177210
177210
177211
177212
177212
177213
177214
177215
177217
177220
177224
177225
177223
177222
177224
177228
177232
177233
177234
177235
177238
177237
177234
177233
177236
177238
177238
177239
177241
177243
177245
177244
177242
177243
177246
177249
177249
177250
177253
177257
177257
177256
177258
177260
177264
177267
177270
177270
177271
177275
177276
177275
177275
177276
177278
177281
177281
177280
177280
177282
177285
177285
177283
177284
177286
177290
177293
177293
177293
177296
177299
177302
177300
177299
177302
177305
177305
177304
177304
177308
177310
177309
177309
177309
177309
177312
177312
177309
177307
177307
177308
177307
177307
177306
177306
177307
177303
177299
177297
177296
177296
177294
177293
177290
177289
177287
177282
177278
177275
177275
177276
177272
177270
177268
177266
177264
177261
177258
177257
177257
177257
177255
177254
177253
177254
177254
177254
177252
177252
177254
177255
177251
177249
177248
177247
177247
177246
177245
177244
177244
177242
177240
177237
177237
177239
177240
177238
177238
177237
177237
177237
177235
177232
177232
177232
177230
177226
177221
177221
177225
177228
177228
177226
177225
177228
177229
177229
177230
177233
177237
177240
177243
177243
177244
177248
177250
177248
177245
177246
177250
177253
177253
177252
177252
177255
177257
177258
177257
177258
177261
177261
177259
177257
177259
177263
177266
177267
177266
177268
177271
177272
177271
177271
177273
177277
177279
177277
177275
177275
177274
177273
177270
177267
177264
177264
177265
177262
177259
177257
177257
177256
177254
177252
177251
177252
177252
177251
177247
177245
177246
177246
177245
177244
177244
177247
177248
177246
177241
177238
177239
177240
177237
177235
177235
177237
177239
177237
177234
177232
177234
177237
177237
177235
177236
177236
177237
177236
177233
177232
177232
177232
177229
177227
177226
177225
177223
177219
177214
177212
177211
177208
177204
177200
177199
177200
177202
177203
177200
177197
177201
177203
177202
177201
177203
177207
177210
177210
177209
177208
177208
177207
177204
177202
177201
177202
177202
177201
177200
177198
177199
177200
177201
177201
177202
177205
177208
177209
177209
177210
177210
177209
177210
177208
177209
177212
177213
177213
177213
177213
177217
177220
177220
177222
177226
177226
177227
177226
177223
177222
177223
177224
177222
177219
177216
177216
177216
177212
177209
177208
177208
177208
177207
177206
177208
177211
177214
177218
177220
177222
177223
177226
177227
177226
177223
177221
177220
177217
177216
177215
177216
177216
177215
177217
177218
177218
177219
177217
177215
177216
177220
177221
177220
177219
177219
177221
177223
177221
177219
177219
177222
177223
177221
177219
177219
177219
177217
177216
177216
177219
177223
177224
177222
177221
177222
177223
177226
177226
177226
177226
177229
177232
177233
177233
177237
177241
177244
177242
177242
177245
177248
177250
177250
177251
177251
177251
177252
177252
177254
177256
177258
177261
177261
177260
177262
177263
177265
177266
177265
177266
177270
177271
177271
177270
177272
177274
177274
177273
177271
177272
177275
177274
177271
177269
177269
177269
177270
177269
177269
177271
177276
177278
177277
177279
177282
177283
177283
177283
177283
177284
177286
177288
177287
177283
177283
177287
177289
177288
177287
177289
177290
177289
177286
177283
177283
177282
177282
177280
177275
177273
177275
177276
177273
177270
177268
177269
177267
177262
177258
177257
177258
177256
177255
177252
177252
177254
177256
177254
177251
177249
177247
177245
177242
177238
177235
177238
177241
177238
177235
177236
177238
177239
177237
177235
177234
177234
177236
177235
177233
177233
177235
177236
177234
177231
177231
177231
177233
177233
177231
177232
177235
177238
177239
177238
177239
177242
177241
177239
177236
177232
177232
177232
177229
177225
177225
177227
177228
177226
177223
177224
177227
177230
177230
177229
177230
177231
177231
177229
177225
177223
177224
177225
177225
177223
177222
177223
177227
177228
177226
177227
177230
177233
177234
177234
177233
177233
177237
177236
177234
177233
177231
177230
177229
177227
177225
177225
177228
177231
177230
177232
177235
177237
177235
177233
177232
177233
177232
177230
177227
177226
177226
177226
177225
177222
177224
177226
177226
177226
177227
177227
177229
177227
177224
177222
177221
177221
177217
177213
177208
177208
177205
177200
177196
177192
177190
177191
177190
177188
177187
177188
177193
177196
177194
177194
177195
177195
177192
177191
177188
177189
177192
177191
177190
177189
177190
177192
177193
177193
177197
177203
177206
177209
177211
177209
177211
177214
177216
177215
177215
177215
177217
177216
177215
177211
177210
177212
177212
177211
177211
177213
177214
177215
177215
177214
177215
177216
177218
177218
177217
177216
177216
177216
177215
177214
177215
177218
177220
177222
177221
177223
177227
177229
177229
177228
177229
177231
177233
177231
177228
177227
177228
177229
177228
177228
177229
177232
177234
177233
177235
177240
177243
177244
177244
177243
177245
177248
177248
177246
177242
177239
177239
177235
177231
177227
177224
177224
177221
177217
177213
177214
177215
177216
177216
177217
177220
177222
177221
177219
177218
177220
177222
177221
177219
177218
177217
177217
177218
177217
177216
177219
177223
177223
177223
177222
177223
177224
177224
177222
177219
177219
177218
177215
177212
177210
177211
177210
177210
177208
177205
177205
177206
177206
177206
177204
177207
177212
177216
177215
177216
177221
177227
177228
177226
177224
177226
177229
177230
177229
177227
177228
177229
177227
177225
177224
177223
177224
177225
177226
177227
177232
177237
177238
177239
177239
177240
177241
177241
177240
177239
177239
177242
177242
177238
177236
177236
177236
177235
177235
177234
177236
177241
177243
177242
177242
177244
177246
177248
177248
177248
177249
177250
177249
177248
177247
177250
177249
177245
177242
177242
177242
177243
177242
177238
177235
177235
177236
177235
177233
177228
177227
177229
177230
177228
177226
177228
177229
177229
177227
177224
177224
177227
177227
177225
177224
177226
177227
177228
177227
177227
177230
177230
177230
177230
177229
177231
177231
177229
177228
177229
177228
177227
177224
177219
177215
177213
177211
177205
177200
177196
177195
177196
177192
177188
177185
177183
177183
177184
177181
177180
177182
177184
177184
177182
177179
177179
177180
177181
177181
177181
177179
177177
177176
177174
177174
177177
177181
177184
177183
177183
177187
177190
177191
177190
177189
177191
177195
177196
177195
177193
177195
177198
177196
177194
177194
177195
177197
177198
177197
177196
177198
177201
177204
177204
177203
177205
177208
177209
177210
177211
177214
177214
177213
177213
177213
177212
177214
177215
177214
177214
177215
177216
177216
177214
177214
177218
177224
177227
177229
177230
177234
177237
177240
177240
177242
177245
177249
177250
177248
177247
177250
177254
177256
177257
177259
177260
177261
177261
177259
177257
177257
177258
177256
177253
177251
177252
177253
177254
177253
177254
177256
177257
177259
177259
177260
177264
177268
177270
177270
177269
177269
177270
177270
177270
177268
177268
177269
177271
177270
177266
177265
177266
177265
177264
177265
177266
177266
177262
177259
177257
177258
177258
177255
177252
177251
177251
177251
177251
177252
177252
177252
177256
177256
177255
177255
177256
177258
177257
177255
177254
177254
177256
177255
177251
177252
177252
177253
177251
177249
177248
177249
177250
177251
177250
177247
177248
177247
177245
177241
177239
177237
177236
177233
177230
177229
177227
177225
177222
177220
177220
177221
177222
177221
177221
177222
177223
177225
177225
177225
177226
177228
177230
177230
177230
177230
177231
177232
177229
177224
177224
177227
177229
177230
177228
177228
177231
177233
177232
177231
177231
177233
177235
177234
177233
177233
177233
177234
177232
177230
177233
177236
177237
177235
177233
177231
177230
177231
177229
177228
177227
177228
177229
177225
177219
177216
177217
177219
177217
177212
177213
177215
177216
177216
177213
177211
177212
177213
177211
177210
177210
177211
177210
177209
177209
177208
177208
177208
177210
177210
177212
177210
177210
177211
177208
177207
177208
177207
177207
177203
177203
177203
177203
177202
177201
177201
177205
177210
177210
177208
177209
177211
177212
177210
177207
177207
177208
177210
177208
177207
177204
177202
177203
177199
177195
177192
177191
177191
177188
177186
177184
177185
177183
177181
177177
177175
177174
177174
177172
177170
177170
177170
177169
177166
177163
177162
177161
177159
177158
177157
177156
177156
177155
177150
177146
177146
177144
177145
177144
177143
177142
177142
177144
177144
177143
177140
177141
177144
177144
177146
177150
177153
177158
177161
177162
177162
177164
177167
177167
177167
177170
177174
177177
177178
177179
177179
177182
177186
177185
177184
177186
177190
177192
177194
177196
177196
177197
177200
177202
177204
177207
177212
177215
177217
177218
177220
177224
177227
177228
177228
177229
177232
177234
177232
177230
177230
177232
177233
177231
177228
177229
177231
177232
177233
177233
177232
177234
177234
177231
177227
177226
177228
177228
177227
177227
177227
177229
177229
177229
177229
177232
177234
177237
177239
177239
177240
177241
177241
177240
177238
177237
177240
177243
177243
177242
177241
177242
177242
177240
177238
177239
177236
177232
177229
177224
177223
177224
177226
177227
177227
177228
177228
177228
177227
177224
177224
177225
177228
177227
177225
177224
177225
177227
177226
177225
177225
177228
177225
177223
177222
177224
177225
177230
177230
177231
177233
177233
177233
177232
177229
177228
177229
177227
177227
177225
177222
177221
177220
177218
177216
177217
177219
177218
177216
177217
177219
177220
177220
177219
177218
177219
177219
177218
177216
177214
177211
177211
177209
177208
177208
177207
177208
177209
177209
177211
177215
177217
177221
177223
177221
177223
177227
177231
177232
177233
177234
177236
177238
177238
177237
177239
177241
177240
177238
177235
177237
177239
177241
177240
177240
177239
177237
177236
177233
177231
177233
177234
177232
177230
177225
177222
177222
177221
177218
177216
177217
177219
177219
177217
177218
177220
177223
177227
177224
177220
177220
177220
177219
177214
177211
177211
177212
177212
177212
177209
177209
177207
177207
177203
177200
177201
177204
177205
177202
177201
177200
177200
177199
177195
177192
177192
177191
177190
177188
177184
177183
177185
177184
177182
177181
177183
177187
177190
177193
177196
177200
177207
177210
177211
177212
177215
177219
177222
177220
177221
177225
177229
177231
177230
177229
177232
177235
177237
177237
177240
177241
177243
177244
177245
177246
177246
177247
177246
177245
177248
177253
177255
177257
177257
177258
177261
177263
177265
177265
177265
177264
177264
177265
177263
177263
177265
177267
177270
177270
177266
177266
177268
177267
177263
177261
177261
177263
177263
177262
177261
177263
177263
177263
177261
177260
177261
177264
177266
177265
177266
177267
177267
177266
177264
177262
177262
177263
177264
177264
177264
177265
177267
177267
177265
177264
177266
177269
177268
177266
177265
177266
177266
177265
177264
177264
177265
177268
177269
177268
177264
177262
177260
177260
177256
177252
177251
177252
177252
177250
177246
177246
177248
177248
177245
177244
177244
177243
177240
177236
177233
177234
177234
177234
177232
177227
177228
177228
177229
177229
177228
177232
177236
177238
177239
177240
177243
177245
177248
177248
177249
177250
177251
177251
177251
177250
177252
177256
177259
177260
177261
177262
177262
177260
177259
177256
177256
177258
177254
177249
177246
177246
177244
177239
177235
177234
177233
177231
177228
177224
177219
177217
177216
177212
177206
177203
177202
177201
177198
177195
177191
177190
177189
177187
177181
177179
177178
177178
177178
177179
177180
177184
177186
177184
177181
177180
177181
177180
177179
177178
177179
177180
177184
177186
177187
177190
177193
177197
177197
177196
177196
177198
177199
177200
177199
177197
177197
177197
177196
177193
177190
177191
177191
177190
177188
177187
177188
177188
177186
177185
177184
177187
177190
177193
177194
177196
177199
177202
177203
177202
177203
177208
177213
177214
177213
177211
177212
177217
177219
177219
177221
177224
177227
177228
177228
177228
177230
177230
177229
177228
177225
177225
177226
177226
177223
177220
177221
177222
177222
177221
177220
177222
177224
177221
177218
177217
177220
177223
177221
177219
177219
177219
177220
177219
177219
177217
177219
177221
177221
177220
177219
177221
177220
177219
177217
177218
177220
177218
177215
177211
177208
177208
177210
177208
177207
177208
177208
177209
177207
177203
177202
177203
177204
177205
177206
177207
177210
177211
177211
177213
177214
177218
177222
177223
177222
177221
177223
177229
177230
177228
177229
177231
177232
177231
177233
177235
177237
177241
177247
177249
177252
177256
177260
177262
177263
177265
177268
177270
177270
177269
177266
177265
177265
177263
177262
177260
177258
177258
177255
177252
177251
177250
177248
177244
177240
177237
177233
177231
177229
177226
177224
177221
177219
177218
177216
177215
177217
177217
177217
177217
177214
177212
177214
177212
177210
177211
177212
177213
177211
177209
177207
177209
177212
177213
177211
177211
177214
177217
177218
177217
177218
177220
177221
177221
177221
177220
177221
177222
177223
177222
177220
177222
177223
177223
177221
177220
177223
177224
177221
177220
177218
177218
177220
177221
177219
177218
177221
177224
177227
177226
177224
177225
177226
177226
177226
177227
177229
177230
177232
177231
177229
177230
177230
177229
177227
177227
177229
177229
177227
177226
177224
177226
177229
177228
177226
177226
177228
177231
177232
177232
177233
177236
177238
177235
177234
177232
177232
177231
177228
177224
177223
177222
177221
177219
177217
177218
177223
177225
177227
177230
177232
177233
177233
177229
177226
177227
177228
177228
177225
177220
177216
177217
177218
177216
177215
177215
177215
177216
177217
177216
177217
177220
177221
177220
177218
177216
177216
177216
177215
177214
177212
177212
177213
177211
177209
177211
177216
177220
177220
177219
177220
177223
177225
177225
177223
177224
177224
177222
177219
177215
177214
177217
177219
177217
177216
177217
177221
177225
177225
177224
177224
177226
177228
177228
177226
177225
177225
177224
177222
177218
177215
177215
177216
177215
177215
177216
177219
177219
177217
177215
177216
177216
177217
177216
177214
177214
177213
177212
177212
177210
177211
177216
177219
177217
177216
177218
177220
177221
177222
177225
177228
177232
177234
177236
177237
177238
177240
177243
177243
177240
177239
177241
177243
177241
177239
177240
177243
177243
177238
177236
177237
177239
177239
177238
177238
177239
177242
177243
177242
177240
177240
177241
177242
177239
177236
177236
177237
177237
177236
177234
177234
177236
177240
177241
177239
177241
177244
177248
177251
177253
177255
177260
177263
177264
177265
177267
177272
177275
177274
177275
177279
177283
177285
177288
177288
177290
177293
177295
177298
177300
177301
177302
177303
177301
177301
177302
177303
177302
177299
177297
177297
177297
177297
177295
177294
177292
177292
177292
177291
177288
177288
177291
177292
177289
177286
177287
177290
177291
177289
177291
177293
177296
177298
177298
177298
177298
177300
177301
177299
177297
177297
177297
177294
177292
177290
177290
177288
177286
177282
177276
177272
177271
177271
177269
177265
177263
177259
177256
177254
177252
177252
177255
177256
177253
177251
177249
177250
177252
177250
177250
177250
177251
177250
177247
177246
177244
177242
177242
177238
177234
177231
177230
177229
177226
177226
177225
177224
177224
177223
177223
177223
177224
177223
177223
177222
177222
177222
177223
177221
177219
177220
177222
177222
177219
177217
177219
177220
177222
177220
177216
177215
177218
177218
177216
177215
177216
177216
177215
177215
177215
177214
177217
177217
177215
177213
177217
177220
177220
177218
177219
177220
177223
177222
177219
177218
177217
177218
177220
177219
177216
177215
177218
177218
177217
177217
177220
177226
177229
177229
177230
177232
177237
177238
177238
177237
177238
177240
177239
177238
177237
177238
177240
177238
177236
177236
177237
177238
177240
177243
177242
177241
177242
177241
177239
177238
177236
177237
177239
177236
177233
177231
177231
177230
177226
177222
177221
177222
177223
177224
177225
177226
177228
177230
177229
177226
177225
177226
177226
177224
177221
177220
177218
177217
177217
177214
177210
177210
177209
177205
177204
177204
177205
177204
177202
177200
177200
177200
177200
177198
177198
177197
177198
177200
177200
177197
177199
177202
177204
177203
177203
177205
177207
177209
177210
177210
177212
177215
177218
177219
177221
177223
177225
177226
177226
177225
177227
177230
177234
177234
177234
177237
177241
177242
177242
177243
177245
177246
177246
177244
177241
177244
177245
177246
177246
177245
177246
177248
177248
177248
177247
177250
177253
177253
177253
177255
177259
177262
177262
177262
177263
177265
177267
177267
177266
177266
177265
177265
177267
177266
177267
177271
177273
177274
177275
177277
177279
177279
177278
177279
177279
177281
177282
177281
177279
177275
177273
177274
177273
177270
177270
177270
177272
177273
177274
177274
177273
177274
177275
177272
177272
177274
177276
177278
177277
177276
177276
177278
177278
177273
177268
177269
177271
177270
177265
177264
177266
177268
177266
177263
177261
177264
177265
177263
177260
177259
177262
177266
177265
177264
177263
177263
177264
177263
177262
177261
177262
177263
177262
177258
177254
177255
177255
177254
177252
177249
177251
177250
177248
177243
177240
177239
177238
177234
177232
177229
177227
177225
177221
177215
177210
177211
177213
177213
177208
177204
177205
177207
177208
177209
177208
177209
177212
177213
177212
177213
177215
177217
177217
177216
177215
177216
177217
177216
177214
177213
177214
177215
177215
177212
177211
177211
177208
177207
177207
177210
177212
177211
177208
177206
177205
177207
177208
177207
177207
177204
177203
177203
177202
177200
177201
177204
177204
177203
177202
177201
177204
177207
177209
177210
177211
177214
177219
177221
177221
177224
177228
177235
177237
177237
177236
177240
177245
177245
177244
177245
177247
177248
177246
177246
177247
177249
177252
177252
177250
177250
177251
177253
177253
177254
177254
177254
177257
177259
177260
177261
177264
177267
177268
177267
177266
177266
177266
177266
177264
177263
177265
177264
177262
177259
177257
177255
177254
177253
177252
177249
177249
177250
177249
177245
177242
177240
177240
177237
177232
177226
177224
177221
177216
177210
177208
177203
177201
177198
177193
177190
177190
177190
177192
177192
177191
177192
177194
177193
177192
177193
177192
177191
177190
177187
177186
177188
177190
177190
177188
177185
177188
177191
177189
177188
177187
177188
177189
177188
177185
177183
177185
177187
177186
177187
177187
177188
177192
177192
177190
177191
177195
177200
177202
177203
177205
177207
177207
177206
177205
177205
177205
177206
177204
177203
177202
177202
177202
177198
177194
177194
177194
177194
177193
177194
177195
177195
177195
177194
177191
177191
177192
177191
177190
177189
177187
177189
177192
177192
177193
177196
177200
177204
177206
177207
177209
177212
177217
177219
177221
177224
177227
177230
177233
177234
177233
177236
177236
177235
177230
177227
177227
177226
177224
177224
177226
177231
177236
177238
177238
177238
177238
177241
177240
177234
177233
177234
177235
177233
177229
177226
177229
177232
177231
177229
177232
177238
177244
177247
177248
177248
177249
177252
177251
177247
177247
177249
177248
177246
177242
177242
177246
177248
177249
177248
177248
177250
177250
177247
177243
177239
177237
177234
177228
177225
177226
177227
177228
177231
177234
177236
177241
177244
177243
177243
177247
177249
177250
177251
177249
177248
177249
177249
177246
177243
177241
177239
177241
177242
177243
177241
177243
177244
177241
177239
177238
177239
177240
177236
177231
177230
177232
177233
177232
177234
177236
177240
177243
177243
177242
177243
177243
177242
177241
177241
177241
177243
177243
177241
177237
177234
177233
177233
177232
177229
177229
177231
177232
177232
177231
177232
177235
177236
177232
177230
177230
177228
177227
177226
177222
177220
177221
177221
177221
177220
177220
177222
177222
177219
177214
177212
177212
177210
177206
177203
177200
177201
177203
177204
177206
177208
177212
177217
177221
177224
177230
177238
177246
177247
177248
177252
177257
177261
177263
177265
177269
177271
177274
177274
177274
177276
177277
177277
177275
177272
177272
177271
177270
177268
177266
177265
177262
177260
177255
177249
177246
177244
177241
177237
177232
177231
177230
177227
177225
177224
177224
177225
177225
177224
177224
177225
177225
177225
177223
177218
177217
177217
177217
177213
177209
177206
177205
177204
177199
177196
177196
177196
177197
177195
177193
177194
177194
177194
177191
177185
177183
177184
177186
177184
177182
177182
177183
177184
177181
177177
177177
177180
177178
177176
177174
177174
177175
177175
177173
177171
177170
177170
177170
177171
177170
177170
177173
177173
177171
177168
177167
177169
177169
177166
177164
177162
177161
177159
177156
177154
177154
177157
177160
177160
177158
177158
177161
177163
177165
177167
177169
177171
177173
177175
177174
177176
177179
177181
177183
177183
177186
177189
177189
177190
177191
177193
177195
177196
177194
177192
177194
177195
177194
177195
177195
177194
177194
177194
177193
177191
177191
177192
177191
177189
177188
177188
177190
177192
177191
177191
177195
177197
177196
177195
177196
177199
177203
177204
177206
177208
177212
177215
177219
177218
177215
177218
177220
177219
177218
177218
177220
177221
177221
177220
177220
177220
177220
177222
177223
177224
177226
177228
177230
177230
177228
177230
177232
177233
177231
177229
177232
177235
177233
177230
177229
177229
177229
177228
177227
177227
177227
177227
177227
177226
177223
177223
177223
177220
177218
177216
177216
177217
177219
177220
177218
177220
177224
177224
177222
177221
177223
177223
177221
177217
177216
177219
177223
177224
177224
177224
177225
177226
177227
177225
177223
177224
177227
177226
177223
177220
177220
177220
177219
177216
177213
177210
177209
177209
177207
177204
177203
177203
177203
177201
177198
177199
177200
177200
177201
177199
177200
177202
177202
177198
177195
177194
177194
177194
177194
177193
177193
177196
177195
177195
177194
177195
177198
177199
177198
177195
177194
177195
177194
177190
177188
177190
177192
177192
177190
177187
177189
177192
177193
177190
177188
177191
177193
177193
177193
177192
177195
177198
177200
177200
177198
177197
177199
177199
177197
177195
177194
177195
177195
177192
177188
177187
177186
177185
177184
177181
177181
177182
177182
177179
177176
177175
177175
177173
177172
177171
177172
177176
177178
177177
177177
177178
177181
177182
177182
177182
177185
177188
177190
177191
177189
177189
177192
177192
177191
177191
177193
177193
177192
177189
177188
177189
177192
177195
177194
177192
177190
177192
177194
177194
177195
177198
177203
177205
177204
177202
177205
177209
177212
177209
177208
177210
177211
177210
177208
177204
177205
177207
177207
177208
177209
177212
177217
177218
177219
177220
177224
177227
177231
177230
177228
177231
177232
177230
177227
177223
177222
177219
177214
177210
177209
177210
177211
177209
177206
177206
177207
177208
177204
177202
177203
177206
177208
177206
177202
177201
177201
177200
177196
177191
177190
177189
177188
177188
177187
177185
177187
177192
177193
177193
177193
177197
177204
177209
177211
177212
177217
177224
177223
177224
177225
177228
177230
177231
177230
177229
177230
177228
177225
177219
177214
177212
177210
177207
177202
177198
177197
177197
177194
177189
177187
177189
177188
177187
177186
177185
177188
177188
177187
177183
177183
177187
177189
177188
177188
177187
177188
177191
177191
177188
177188
177190
177190
177188
177188
177190
177194
177198
177197
177196
177198
177202
177205
177208
177209
177209
177213
177214
177212
177213
177214
177219
177223
177225
177227
177228
177232
177234
177232
177232
177232
177234
177235
177234
177233
177233
177237
177240
177239
177239
177242
177246
177247
177246
177246
177245
177245
177245
177242
177238
177236
177237
177238
177237
177235
177235
177237
177237
177234
177233
177234
177235
177236
177235
177235
177236
177238
177242
177240
177238
177240
177242
177242
177240
177239
177239
177238
177239
177239
177237
177236
177237
177238
177236
177233
177232
177231
177230
177229
177225
177222
177221
177220
177219
177215
177215
177216
177215
177215
177212
177212
177212
177211
177211
177212
