177180
177176
177175
177177
177176
177173
177173
177174
177177
177179
177180
177178
177179
177184
177184
177184
177182
177182
177184
177185
177185
177181
177179
177180
177183
177183
177182
177185
177189
177192
177193
177194
177198
177200
177203
177203
177204
177208
177213
177217
177217
177216
177218
177220
177220
177219
177220
177222
177225
177222
177218
177217
177218
177219
177221
177221
177220
177219
177219
177220
177219
177218
177222
177226
177228
177226
177225
177227
177228
177229
177228
177224
177222
177220
177217
177213
177209
177206
177202
177197
177190
177182
177178
177174
177171
177166
177162
177161
177159
177157
177156
177154
177152
177152
177152
177150
177148
177148
177149
177151
177150
177149
177151
177152
177152
177149
177148
177147
177150
177153
177151
177148
177146
177146
177143
177140
177138
177140
177141
177139
177134
177132
177131
177132
177128
177127
177126
177127
177128
177127
177126
177126
177129
177130
177129
177127
177124
177126
177131
177132
177130
177131
177133
177135
177137
177135
177134
177135
177138
177138
177136
177136
177137
177139
177140
177139
177140
177142
177144
177145
177143
177140
177139
177140
177142
177142
177143
177145
177148
177147
177147
177147
177150
177154
177153
177151
177148
177148
177148
177146
177145
177143
177146
177148
177146
177141
177140
177140
177141
177141
177139
177139
177140
177140
177140
177137
177134
177135
177135
177132
177132
177133
177135
177136
177135
177135
177135
177137
177140
177140
177141
177143
177147
177152
177153
177154
177155
177157
177157
177156
177155
177154
177157
177160
177161
177161
177164
177168
177169
177171
177171
177173
177176
177180
177180
177180
177179
177181
177181
177182
177180
177180
177182
177185
177184
177184
177186
177189
177193
177194
177198
177197
177198
177199
177198
177197
177194
177194
177197
177197
177193
177190
177191
177194
177193
177191
177189
177189
177191
177190
177187
177186
177187
177185
177182
177180
177178
177179
177181
177179
177176
177171
177171
177173
177172
177171
177171
177171
177173
177173
177170
177169
177169
177169
177169
177167
177169
177171
177172
177169
177168
177167
177169
177170
177167
177165
177166
177169
177171
177171
177170
177171
177172
177174
177173
177172
177170
177171
177174
177174
177174
177173
177175
177176
177175
177174
177173
177175
177175
177173
177170
177168
177169
177169
177169
177170
177169
177169
177172
177172
177171
177172
177174
177173
177170
177168
177169
177172
177174
177173
177171
177171
177172
177173
177175
177175
177177
177181
177184
177186
177184
177184
177186
177188
177186
177184
177183
177184
177185
177184
177182
177179
177180
177181
177180
177179
177179
177180
177180
177178
177173
177170
177169
177166
177163
177159
177157
177157
177159
177159
177159
177159
177160
177159
177156
177154
177153
177155
177157
177158
177157
177155
177154
177154
177153
177148
177147
177147
177146
177146
177145
177145
177146
177148
177148
177147
177147
177147
177148
177147
177145
177144
177145
177147
177145
177145
177147
177148
177148
177147
177146
177146
177147
177148
177147
177144
177142
177144
177146
177146
177144
177143
177145
177146
177145
177144
177144
177147
177149
177148
177145
177147
177148
177149
177148
177148
177146
177146
177146
177144
177142
177143
177144
177144
177144
177143
177145
177147
177147
177147
177145
177146
177148
177149
177148
177147
177148
177152
177155
177154
177152
177152
177153
177154
177154
177154
177154
177156
177157
177159
177159
177157
177161
177164
177163
177162
177163
177166
177168
177167
177167
177167
177169
177169
177167
177165
177168
177170
177172
177172
177173
177175
177176
177177
177179
177180
177183
177186
177189
177192
177194
177195
177197
177202
177203
177204
177206
177209
177210
177210
177211
177212
177215
177217
177217
177218
177218
177219
177221
177221
177219
177217
177217
177218
177216
177212
177210
177211
177211
177210
177208
177207
177211
177215
177214
177210
177209
177214
177217
177213
177210
177211
177213
177211
177205
177202
177200
177197
177195
177193
177188
177184
177181
177179
177176
177174
177173
177176
177177
177176
177175
177176
177175
177175
177174
177170
177167
177166
177164
177159
177155
177156
177158
177156
177153
177147
177147
177150
177152
177150
177148
177148
177151
177150
177146
177147
177149
177149
177148
177143
177142
177141
177140
177140
177139
177135
177134
177134
177136
177136
177133
177133
177134
177135
177134
177131
177130
177130
177129
177126
177124
177122
177122
177123
177120
177118
177117
177115
177115
177113
177111
177113
177117
177121
177122
177119
177118
177123
177122
177120
177119
177120
177122
177123
177122
177119
177118
177120
177123
177124
177123
177126
177129
177131
177132
177130
177132
177135
177139
177140
177140
177143
177145
177147
177147
177144
177146
177148
177148
177149
177151
177151
177153
177155
177155
177154
177155
177156
177156
177155
177155
177157
177156
177155
177157
177157
177157
177159
177162
177163
177165
177166
177171
177175
177174
177173
177176
177179
177180
177179
177178
177178
177180
177180
177179
177178
177178
177177
177177
177177
177175
177175
177178
177181
177182
177183
177185
177187
177190
177192
177190
177193
177198
177201
177201
177202
177204
177207
177209
177210
177210
177211
177214
177214
177213
177212
177214
177216
177216
177216
177216
177216
177216
177216
177218
177218
177219
177220
177222
177220
177215
177214
177217
177218
177216
177213
177214
177214
177213
177211
177207
177207
177207
177206
177203
177202
177201
177201
177202
177200
177196
177194
177195
177195
177192
177189
177186
177184
177181
177176
177172
177172
177170
177166
177161
177158
177156
177155
177153
177151
177148
177149
177153
177157
177155
177153
177153
177155
177155
177152
177152
177155
177156
177157
177156
177154
177155
177158
177159
177157
177157
177160
177161
177159
177159
177157
177154
177151
177150
177146
177143
177143
177142
177141
177140
177137
177138
177140
177141
177142
177140
177140
177144
177146
177144
177143
177145
177148
177149
177146
177145
177145
177143
177143
177144
177145
177148
177151
177150
177150
177152
177156
177157
177162
177163
177164
177165
177164
177164
177164
177164
177165
177167
177169
177170
177171
177173
177175
177178
177178
177176
177177
177180
177180
177180
177180
177184
177187
177186
177184
177183
177184
177185
177184
177180
177177
177178
177181
177181
177178
177178
177178
177178
177178
177178
177178
177179
177182
177183
177185
177187
177188
177188
177188
177186
177185
177188
177189
177187
177186
177185
177184
177186
177186
177185
177183
177185
177188
177189
177189
177189
177191
177191
177190
177189
177190
177192
177193
177194
177194
177194
177195
177197
177198
177199
177200
177202
177203
177202
177201
177201
177202
177203
177205
177205
177205
177208
177209
177208
177206
177204
177203
177205
177205
177203
177201
177201
177202
177200
177196
177196
177197
177196
177194
177192
177191
177192
177195
177195
177194
177195
177198
177199
177200
177201
177201
177203
177206
177207
177204
177204
177208
177210
177210
177210
177209
177210
177211
177211
177206
177204
177205
177206
177203
177197
177195
177197
177198
177196
177193
177193
177193
177194
177195
177197
177197
177198
177201
177202
177201
177199
177202
177206
177207
177206
177206
177206
177208
177210
177210
177210
177213
177214
177214
177212
177210
177210
177209
177208
177204
177200
177200
177200
177197
177196
177193
177195
177196
177191
177187
177183
177182
177183
177184
177182
177179
177179
177180
177179
177175
177173
177175
177174
177171
177168
177166
177168
177172
177173
177172
177170
177170
177171
177172
177170
177168
177167
177167
177168
177165
177163
177164
177164
177165
177166
177167
177169
177171
177173
177174
177174
177176
177179
177178
177175
177172
177173
177173
177175
177176
177174
177175
177177
177178
177178
177176
177178
177180
177181
177181
177181
177184
177187
177186
177185
177185
177187
177189
177187
177187
177185
177184
177186
177185
177184
177183
177183
177186
177188
177186
177185
177187
177190
177189
177186
177186
177188
177189
177188
177187
177186
177186
177188
177188
177186
177183
177186
177188
177188
177187
177189
177191
177193
177193
177191
177189
177189
177189
177184
177182
177182
177184
177187
177188
177189
177190
177191
177193
177194
177194
177193
177194
177198
177198
177197
177199
177201
177202
177201
177200
177200
177203
177204
177206
177207
177208
177211
177214
177214
177212
177210
177212
177212
177212
177211
177209
177210
177213
177212
177209
177207
177207
177207
177206
177204
177202
177204
177206
177208
177209
177210
177212
177212
177212
177211
177209
177210
177212
177212
177211
177210
177209
177210
177210
177208
177208
177207
177208
177208
177206
177204
177206
177209
177209
177208
177207
177208
177209
177209
177208
177209
177211
177212
177212
177212
177212
177212
177211
177210
177209
177209
177210
177213
177212
177209
177208
177210
177211
177208
177205
177206
177208
177209
177209
177208
177208
177212
177214
177210
177209
177209
177209
177212
177214
177214
177215
177218
177221
177221
177218
177217
177217
177219
177219
177221
177222
177223
177224
177223
177222
177223
177223
177224
177223
177220
177218
177217
177217
177215
177212
177209
177208
177206
177204
177201
177201
177203
177203
177201
177197
177195
177193
177188
177184
177180
177176
177177
177178
177177
177174
177175
177177
177178
177177
177176
177179
177183
177184
177183
177181
177180
177182
177184
177184
177184
177184
177187
177188
177185
177181
177181
177182
177183
177182
177180
177179
177178
177179
177176
177173
177172
177171
177171
177170
177167
177165
177166
177168
177167
177165
177166
177167
177170
177169
177168
177169
177170
177170
177170
177167
177164
177164
177163
177161
177159
177159
177159
177159
177159
177158
177157
177155
177155
177153
177150
177149
177149
177151
177149
177147
177148
177149
177148
177148
177148
177149
177148
177148
177147
177147
177147
177150
177152
177152
177151
177151
177151
177151
177149
177149
177151
177154
177157
177159
177160
177162
177165
177165
177164
177165
177166
177166
177166
177165
177164
177160
177158
177159
177157
177155
177157
177161
177166
177167
177166
177167
177170
177171
177171
177171
177172
177172
177172
177170
177168
177168
177171
177173
177173
177175
177178
177181
177184
177185
177186
177189
177193
177195
177196
177195
177196
177200
177200
177199
177199
177201
177202
177202
177199
177195
177197
177198
177197
177196
177198
177202
177205
177207
177207
177206
177208
177211
177212
177211
177209
177209
177211
177211
177208
177206
177205
177206
177206
177204
177203
177205
177206
177207
177206
177202
177202
177204
177203
177201
177198
177196
177196
177197
177195
177193
177193
177194
177193
177190
177188
177189
177193
177195
177195
177194
177194
177195
177195
177191
177188
177186
177185
177183
177180
177179
177176
177173
177172
177167
177162
177158
177156
177157
177157
177158
177158
177158
177157
177157
177154
177150
177151
177152
177150
177150
177151
177151
177149
177145
177140
177136
177136
177134
177130
177126
177125
177126
177124
177121
177120
177120
177122
177123
177119
177114
177115
177116
177114
177112
177112
177113
177115
177117
177116
177115
177117
177119
177119
177116
177115
177116
177118
177119
177119
177119
177119
177120
177121
177120
177118
177118
177120
177123
177125
177126
177126
177129
177131
177129
177128
177131
177130
177131
177133
177134
177134
177135
177137
177135
177135
177134
177136
177137
177134
177131
177132
177135
177135
177134
177131
177132
177136
177137
177133
177132
177133
177136
177139
177139
177138
177141
177141
177138
177135
177133
177133
177134
177136
177136
177135
177136
177137
177136
177135
177134
177137
177138
177138
177136
177134
177134
177135
177137
177136
177137
177138
177140
177140
177138
177136
177138
177138
177136
177134
177131
177130
177131
177131
177129
177128
177128
177130
177129
177126
177125
177127
177129
177130
177130
177127
177125
177125
177127
177127
177123
177124
177125
177126
177124
177123
177125
177128
177130
177131
177133
177133
177137
177138
177137
177136
177139
177143
177146
177147
177147
177148
177150
177150
177148
177149
177151
177153
177153
177150
177148
177150
177154
177154
177153
177153
177157
177160
177161
177161
177161
177162
177164
177164
177161
177158
177157
177157
177156
177155
177152
177153
177155
177156
177156
177155
177157
177160
177160
177160
177158
177159
177164
177165
177166
177168
177173
177175
177176
177175
177175
177176
177178
177181
177181
177181
177182
177182
177180
177175
177173
177173
177172
177169
177166
177163
177161
177161
177160
177157
177157
177158
177158
177158
177156
177155
177156
177159
177158
177155
177154
177154
177155
177155
177153
177151
177154
177157
177156
177153
177149
177147
177147
177148
177147
177147
177148
177149
177151
177150
177152
177155
177158
177158
177157
177158
177162
177166
177166
177164
177167
177170
177173
177177
177178
177181
177184
177187
177188
177191
177190
177189
177192
177193
177193
177191
177192
177194
177194
177192
177190
177192
177194
177192
177191
177190
177191
177194
177194
177192
177191
177190
177191
177189
177186
177183
177183
177184
177183
177181
177180
177180
177183
177184
177183
177182
177184
177188
177189
177188
177189
177191
177192
177193
177190
177185
177182
177181
177180
177179
177177
177180
177185
177189
177190
177189
177188
177189
177190
177188
177184
177184
177186
177185
177185
177182
177183
177187
177189
177191
177191
177193
177196
177196
177192
177190
177189
177189
177186
177182
177178
177178
177178
177176
177174
177173
177177
177180
177181
177184
177186
177189
177193
177194
177192
177190
177188
177185
177182
177177
177171
177169
177169
177167
177165
177164
177169
177174
177176
177176
177177
177178
177180
177180
177177
177174
177174
177175
177175
177173
177170
177170
177173
177174
177174
177176
177180
177184
177188
177190
177190
177193
177200
177202
177200
177200
177202
177203
177202
177197
177193
177192
177190
177185
177183
177181
177181
177181
177179
177180
177179
177176
177176
177175
177173
177172
177171
177169
177167
177165
177162
177163
177162
177158
177156
177154
177153
177151
177148
177145
177142
177143
177144
177142
177138
177136
177135
177138
177135
177132
177131
177131
177133
177130
177127
177126
177128
177132
177130
177128
177127
177126
177127
177127
177125
177123
177126
177127
177128
177125
177124
177125
177126
177126
177126
177125
177127
177129
177131
177129
177128
177129
177131
177131
177129
177127
177128
177130
177131
177130
177131
177133
177135
177137
177137
177136
177136
177139
177139
177139
177138
177139
177139
177138
177137
177137
177138
177137
177134
177133
177133
177135
177137
177134
177131
177129
177130
177132
177129
177129
177128
177129
177132
177129
177126
177126
177128
177131
177133
177133
177133
177136
177138
177136
177135
177136
177140
177142
177140
177139
177139
177141
177144
177144
177145
177147
177152
177155
177155
177155
177157
177160
177163
177164
177159
177156
177158
177158
177157
177156
177155
177157
177159
177157
177156
177155
177158
177160
177161
177161
177164
177169
177173
177172
177170
177172
177175
177179
177180
177181
177181
177180
177181
177179
177177
177175
177176
177179
177181
177183
177182
177183
177186
177186
177184
177183
177184
177185
177183
177182
177181
177180
177181
177179
177176
177175
177176
177178
177179
177180
177181
177183
177185
177184
177184
177184
177183
177184
177184
177184
177185
177187
177189
177189
177188
177186
177188
177192
177192
177192
177191
177192
177194
177191
177188
177187
177190
177189
177187
177183
177180
177180
177181
177180
177177
177177
177178
177179
177178
177174
177174
177176
177178
177178
177176
177174
177174
177174
177175
177172
177170
177171
177174
177173
177167
177166
177167
177169
177168
177168
177170
177172
177175
177175
177175
177176
177177
177180
177180
177178
177177
177179
177179
177177
177173
177172
177175
177175
177173
177170
177169
177170
177174
177170
177168
177165
177163
177164
177163
177160
177160
177161
177161
177159
177155
177153
177150
177150
177147
177143
177144
177146
177144
177142
177141
177140
177140
177138
177134
177131
177130
177129
177129
177130
177128
177127
177129
177130
177126
177125
177127
177128
177129
177128
177124
177121
177122
177122
177122
177122
177123
177124
177124
177122
177117
177116
177117
177117
177114
177113
177113
177115
177117
177114
177110
177110
177110
177108
177105
177102
177100
177099
177099
177098
177098
177100
177101
177103
177103
177102
177105
177108
177110
177111
177111
177114
177118
177121
177121
177121
177122
177124
177127
177128
177126
177125
177129
177132
177132
177133
177135
177138
177140
177141
177140
177137
177140
177143
177144
177142
177143
177145
177146
177146
177144
177144
177145
177145
177142
177139
177141
177143
177145
177146
177147
177150
177154
177157
177159
177160
177162
177165
177167
177166
177166
177166
177168
177169
177170
177168
177167
177168
177170
177170
177170
177170
177172
177174
177172
177170
177171
177175
177175
177172
177168
177170
177173
177174
177172
177171
177170
177174
177176
177175
177177
177180
177185
177187
177188
177189
177193
177198
177200
177199
177198
177199
177201
177201
177198
177197
177198
177199
177200
177199
177200
177201
177202
177203
177201
177199
177198
177199
177199
177198
177194
177193
177194
177193
177191
177190
177188
177188
177188
177185
177181
177181
177182
177180
177176
177175
177173
177172
177172
177169
177166
177164
177164
177162
177161
177156
177156
177156
177154
177151
177147
177146
177145
177146
177143
177143
177143
177145
177145
177143
177142
177144
177145
177145
177143
177140
177140
177143
177143
177142
177141
177144
177148
177150
177149
177148
177150
177153
177155
177154
177155
177159
177165
177170
177171
177171
177173
177176
177178
177179
177180
177181
177182
177182
177179
177177
177176
177175
177172
177167
177164
177162
177161
177157
177154
177152
177153
177153
177151
177148
177146
177147
177149
177149
177148
177149
177149
177152
177152
177152
177150
177152
177154
177155
177153
177149
177147
177147
177148
177147
177146
177149
177150
177150
177148
177145
177146
177149
177149
177147
177146
177149
177151
177152
177151
177149
177149
177153
177152
177148
177144
177144
177145
177146
177144
177142
177143
177145
177144
177142
177141
177144
177149
177151
177150
177151
177153
177154
177154
177153
177152
177153
177154
177155
177156
177155
177155
177156
177156
177153
177152
177154
177156
177157
177155
177151
177149
177149
177149
177148
177148
177151
177153
177151
177151
177150
177153
177155
177156
177156
177156
177157
177158
177157
177154
177152
177154
177154
177154
177153
177153
177155
177156
177155
177152
177150
177151
177151
177152
177153
177155
177158
177161
177163
177163
177165
177168
177172
177173
177173
177171
177174
177178
177180
177181
177180
177181
177184
177185
177181
177179
177179
177179
177179
177177
177174
177173
177174
177173
177169
177166
177165
177165
177163
177161
177159
177160
177163
177161
177161
177162
177163
177161
177160
177157
177155
177155
177156
177156
177154
177151
177149
177148
177145
177142
177140
177141
177143
177142
177140
177138
177139
177140
177137
177136
177136
177137
177138
177139
177138
177137
177140
177142
177142
177142
177141
177143
177145
177148
177147
177146
177146
177146
177148
177149
177149
177150
177152
177151
177147
177146
177146
177146
177147
177145
177144
177144
177146
177146
177144
177144
177147
177148
177147
177146
177145
177146
177146
177147
177145
177146
177147
177146
177146
177146
177147
177150
177151
177151
177150
177146
177147
177147
177147
177146
177144
177145
177148
177149
177149
177148
177149
177151
177152
177151
177151
177152
177156
177159
177160
177158
177160
177162
177163
177164
177164
177167
177173
177178
177177
177178
177179
177180
177180
177178
177178
177180
177180
177179
177178
177175
177175
177179
177180
177180
177180
177183
177181
177178
177175
177172
177173
177174
177172
177171
177171
177173
177174
177172
177172
177171
177169
177170
177170
177170
177170
177171
177174
177177
177176
177174
177177
177180
177184
177186
177188
177192
177196
177198
177199
177199
177198
177198
177199
177199
177199
177199
177200
177201
177201
177200
177198
177197
177197
177195
177192
177192
177195
177194
177190
177190
177190
177187
177183
177178
177173
177170
177168
177164
177160
177159
177161
177163
177164
177163
177164
177166
177169
177169
177168
177168
177170
177172
177171
177165
177163
177164
177163
177159
177157
177156
177158
177159
177156
177152
177149
177150
177152
177153
177150
177148
177148
177149
177146
177142
177139
177139
177139
177137
177135
177132
177131
177130
177131
177128
177125
177124
177126
177123
177120
177121
177124
177124
177123
177121
177119
177118
177119
177118
177112
177107
177106
177107
177102
177097
177093
177091
177090
177088
177085
177086
177089
177088
177087
177085
177084
177088
177093
177096
177094
177096
177099
177101
177103
177105
177110
177114
177117
177118
177119
177123
177126
177128
177132
177136
177139
177144
177149
177151
177153
177155
177159
177162
177164
177164
177166
177169
177172
177172
177171
177171
177173
177176
177176
177175
177175
177176
177178
177179
177178
177177
177178
177180
177181
177179
177180
177182
177182
177180
177177
177175
177175
177176
177176
177173
177171
177169
177169
177169
177168
177168
177170
177171
177173
177173
177172
177176
177179
177175
177171
177170
177169
177172
177171
177169
177166
177166
177166
177166
177166
177167
177169
177168
177165
177163
177165
177166
177166
177165
177163
177161
177162
177159
177157
177155
177153
177154
177154
177153
177152
177155
177159
177163
177165
177167
177168
177171
177174
177176
177176
177175
177175
177177
177176
177174
177171
177171
177171
177170
177171
177168
177168
177171
177172
177171
177172
177175
177178
177179
177178
177179
177181
177180
177179
177177
177178
177180
177185
177188
177191
177195
177198
177201
177203
177204
177207
177210
177214
177217
177220
177221
177223
177224
177223
177221
177220
177219
177216
177211
177209
177209
177206
177206
177206
177205
177205
177207
177206
177204
177202
177200
177197
177197
177196
177193
177193
177193
177193
177194
177193
177195
177196
177198
177201
177203
177206
177209
177214
177214
177215
177215
177216
177214
177211
177206
177203
177202
177201
177194
177187
177185
177185
177185
177182
177180
177182
177185
177187
177186
177185
177186
177189
177189
177188
177187
177189
177192
177192
177194
177193
177196
177201
177202
177201
177202
177204
177204
177207
177208
177206
177205
177207
177208
177204
177201
177204
177206
177205
177202
177200
177198
177198
177198
177194
177189
177187
177188
177188
177185
177183
177183
177185
177187
177187
177186
177186
177190
177190
177188
177186
177188
177189
177189
177189
177187
177185
177186
177185
177183
177182
177181
177181
177179
177175
177172
177172
177172
177172
177168
177164
177164
177163
177161
177159
177158
177155
177154
177152
177152
177152
177154
177157
177159
177159
177158
177160
177160
177160
177160
177160
177159
177159
177158
177158
177156
177155
177156
177157
177155
177153
177152
177152
177152
177149
177145
177143
177144
177145
177142
177141
177141
177141
177142
177142
177140
177142
177146
177148
177146
177144
177146
177148
177150
177150
177149
177149
177149
177149
177149
177148
177151
177153
177156
177154
177152
177154
177158
177159
177159
177159
177160
177164
177166
177166
177166
177169
177170
177174
177174
177170
177172
177176
177177
177176
177178
177182
177186
177190
177192
177193
177196
177198
177200
177199
177198
177201
177204
177206
177205
177207
177210
177212
177212
177212
177211
177209
177210
177211
177211
177211
177211
177212
177211
177208
177206
177207
177208
177209
177208
177206
177206
177207
177204
177202
177200
177201
177201
177201
177200
177196
177195
177194
177193
177193
177192
177191
177192
177193
177194
177191
177188
177189
177188
177186
177185
177187
177190
177190
177187
177183
177184
177185
177184
177182
177179
177178
177177
177177
177176
177173
177173
177175
177173
177169
177169
177170
177172
177173
177173
177172
177174
177177
177179
177176
177174
177176
177179
177181
177182
177182
177181
177182
177184
177181
177177
177178
177180
177181
177179
177180
177181
177182
177184
177180
177177
177177
177178
177179
177176
177173
177173
177174
177171
177168
177167
177168
177169
177167
177164
177163
177164
177165
177164
177164
177165
177166
177167
177169
177166
177162
177163
177165
177164
177162
177161
177162
177164
177163
177160
177158
177158
177158
177157
177154
177153
177154
177154
177152
177148
177146
177146
177148
177148
177146
177145
177145
177145
177144
177141
177139
177136
177136
177138
177137
177134
177132
177131
177131
177129
177126
177127
177128
177128
177125
177124
177125
177125
177123
177121
177121
177125
177126
177127
177129
177130
177132
177136
177138
177140
177143
177145
177148
177150
177153
177153
177155
177158
177159
177160
177160
177161
177162
177163
177163
177164
177165
177168
177170
177170
177171
177172
177176
177178
177180
177183
177183
177185
177185
177183
177184
177188
177191
177193
177194
177192
177191
177193
177194
177194
177193
177195
177201
177203
177203
177204
177206
177206
177208
177208
177208
177211
177212
177212
177211
177210
177210
177212
177213
177212
177211
177211
177214
177215
177215
177215
177219
177221
177221
177217
177216
177217
177220
177221
177220
177220
177221
177223
177224
177222
177219
177218
177218
177217
177214
177210
177206
177204
177202
177196
177190
177191
177192
177188
177183
177180
177178
177179
177176
177172
177170
177172
177173
177169
177166
177164
177165
177165
177162
177159
177158
177161
177164
177163
177161
177160
177163
177166
177167
177166
177166
177165
177166
177165
177161
177156
177155
177154
177150
177149
177148
177147
177147
177145
177142
177141
177143
177145
177148
177149
177150
177152
177154
177154
177150
177148
177148
177146
177142
177138
177134
177132
177132
177131
177131
177132
177135
177138
177141
177143
177145
177145
177146
177144
177142
177139
177139
177138
177135
177128
177124
177124
177126
177127
177127
177129
177133
177139
177145
177149
177153
177162
177171
177179
177187
177191
177197
177204
177210
177212
177215
177220
177224
177228
177228
177227
177230
177233
177234
177232
177233
177237
177239
177237
177233
177231
177233
177236
177237
177236
177239
177239
177239
177237
177235
177234
177237
177240
177240
177237
177233
177233
177233
177232
177230
177229
177232
177232
177228
177224
177222
177220
177218
177215
177213
177210
177206
177203
177199
177191
177185
177181
177178
177174
177171
177168
177166
177166
177162
177159
177154
177153
177152
177149
177146
177144
177143
177141
177140
177137
177134
177133
177133
177132
177129
177128
177127
177127
177122
177120
177120
177122
177126
177128
177130
177131
177132
177137
177137
177138
177140
177145
177148
177146
177145
177146
177147
177148
177150
177151
177154
177158
177161
177162
177161
177163
177165
177166
177164
177163
177164
177167
177169
177168
177168
177169
177171
177173
177174
177173
177174
177177
177179
177177
177176
177177
177177
177178
177177
177175
177174
177174
177175
177175
177173
177171
177171
177172
177171
177169
177167
177167
177166
177165
177163
177162
177164
177165
177163
177162
177164
177165
177167
177168
177167
177168
177170
177173
177171
177168
177168
177172
177174
177175
177174
177176
177179
177181
177179
177177
177178
177178
177179
177176
177175
177176
177179
177179
177177
177174
177174
177175
177175
177173
177171
177170
177173
177177
177175
177172
177170
177170
177171
177170
177166
177164
177165
177166
177166
177164
177163
177163
177162
177161
177161
177159
177158
177160
177159
177159
177160
177161
177162
177161
177161
177161
177160
177162
177162
177160
177159
177158
177156
177153
177149
177146
177145
177144
177140
177136
177134
177134
177133
177132
177130
177130
177130
177129
177127
177126
177128
177131
177136
177136
177135
177134
177135
177135
177133
177132
177135
177137
177138
177138
177139
177142
177144
177146
177147
177146
177147
177151
177153
177152
177151
177149
177148
177149
177147
177143
177143
177145
177145
177144
177143
177143
177144
177145
177143
177142
177144
177147
177150
177150
177147
177145
177145
177145
177141
177140
177142
177146
177149
177149
177149
177148
177150
177151
177150
177151
177153
177154
177157
177157
177153
177153
177155
177158
177159
177160
177163
177166
177168
177167
177165
177167
177169
177171
177173
177175
177175
177176
177178
177177
177173
177171
177172
177177
177176
177172
177173
177175
177177
177175
177174
177176
177175
177173
177170
177167
177165
177167
177167
177168
177168
177167
177168
177168
177167
177166
177165
177166
177168
177168
177165
177165
177164
177163
177162
177159
177157
177158
177160
177156
177153
177153
177154
177154
177153
177150
177150
177149
177147
177144
177143
177143
177143
177142
177141
177141
177142
177143
177145
177144
177144
177143
177145
177147
177147
177144
177142
177141
177139
177136
177132
177130
177129
177127
177122
177117
177115
177115
177115
177112
177112
177110
177109
177109
177108
177106
177109
177113
177115
177115
177117
177120
177123
177124
177123
177123
177126
177127
177128
177125
177122
177121
177123
177123
177121
177117
177117
177118
177116
177112
177110
177110
177113
177115
177116
177117
177118
177120
177121
177120
177118
177118
177122
177124
177124
177123
177124
177125
177126
177124
177121
177120
177121
177123
177120
177117
177116
177115
177117
177116
177114
177115
177118
177120
177119
177120
177120
177120
177120
177119
177118
177119
177121
177123
177122
177123
177125
177127
177129
177130
177131
177134
177138
177141
177139
177139
177142
177143
177145
177145
177143
177145
177149
177150
177148
177148
177147
177147
177148
177145
177143
177145
177148
177149
177148
177147
177147
177147
177146
177144
177143
177145
177148
177148
177146
177144
177145
177146
177148
177145
177143
177142
177144
177143
177140
177137
177134
177134
177132
177128
177127
177127
177128
177129
177127
177125
177125
177126
177128
177127
177125
177126
177127
177126
177123
177121
177122
177125
177127
177124
177120
177121
177122
177118
177115
177114
177113
177112
177111
177109
177107
177106
177105
177103
177101
177099
177100
177102
177103
177100
177098
177100
177101
177101
177103
177102
177103
177106
177109
177109
177107
177109
177111
177112
177112
177111
177111
177113
177113
177111
177111
177109
177109
177110
177107
177105
177105
177107
177106
177104
177103
177104
177105
177106
177106
177105
177107
177110
177112
177112
177113
177116
177121
177124
177125
177125
177128
177131
177132
177133
177132
177132
177136
177139
177139
177137
177137
177139
177140
177138
177137
177138
177140
177140
177138
177139
177138
177141
177142
177138
177135
177136
177139
177141
177141
177142
177142
177144
177145
177143
177143
177146
177148
177150
177151
177153
177153
177154
177153
177152
177152
177154
177158
177159
177158
177156
177155
177159
177160
177158
177160
177163
177165
177165
177165
177164
177162
177161
177159
177156
177151
177147
177145
177142
177140
177138
177138
177142
177145
177146
177146
177148
177153
177156
177153
177150
177149
177149
177148
177143
177137
177133
177131
177127
177123
177120
177118
177119
177121
177122
177123
177124
177125
177123
177120
177115
177114
177114
177113
177110
177105
177104
177106
177105
177101
177099
177104
177110
177114
177115
177117
177121
177124
177126
177126
177125
177125
177125
177125
177124
177120
177119
177119
177118
177116
177112
177112
177113
177113
177111
177109
177109
177108
177106
177103
177100
177102
177101
177099
177098
177097
177097
177097
177097
177097
177098
177101
177104
177106
177105
177104
177107
177110
177111
177109
177105
177104
177103
177103
177101
177097
177095
177096
177096
177095
177096
177101
177106
177112
177114
177117
177122
177127
177128
177130
177130
177132
177135
177136
177134
177134
177138
177142
177143
177143
177146
177150
177154
177155
177154
177154
177157
177162
177165
177165
177164
177167
177170
177168
177165
177164
177167
177166
177164
177161
177159
177162
177164
177162
177163
177164
177165
177168
177170
177169
177170
177172
177173
177172
177169
177168
177167
177167
177165
177161
177159
177161
177164
177164
177164
177163
177163
177163
177162
177160
177160
177161
177161
177159
177156
177152
177149
177150
177150
177148
177146
177146
177146
177144
177144
177144
177147
177148
177148
177146
177143
177145
177148
177146
177143
177141
177138
177139
177137
177133
177133
177134
177137
177135
177131
177131
177132
177134
177133
177130
177131
177134
177135
177135
177133
177132
177134
177136
177134
177134
177135
177136
177137
177138
177136
177133
177133
177134
177132
177128
177129
177131
177130
177129
177127
177127
177127
177127
177125
177124
177123
177121
177119
177116
177112
177110
177108
177109
177109
177107
177107
177109
177111
177108
177106
177104
177106
177109
177109
177109
177110
177111
177112
177114
177115
177113
177113
177115
177116
177114
177112
177114
177116
177117
177116
177114
177114
177116
177113
177109
177108
177110
177111
177109
177108
177104
177103
177103
177101
177099
177099
177099
177099
177099
177095
177094
177094
177093
177091
177089
177089
177091
177093
177091
177089
177090
177095
177096
177094
177092
177093
177096
177097
177096
177096
177097
177101
177102
177100
177098
177096
177096
177097
177096
177095
177096
177099
177102
177099
177097
177098
177099
177103
177106
177108
177111
177113
177115
177115
177116
177117
177120
177124
177126
177127
177128
177130
177131
177132
177133
177133
177134
177136
177135
177133
177135
177139
177142
177143
177141
177141
177144
177148
177148
177148
177148
177150
177152
177151
177149
177149
177149
177149
177149
177148
177147
177148
177151
177152
177153
177153
177154
177158
177159
177160
177162
177166
177167
177165
177165
177166
177170
177175
177177
177177
177177
177180
177181
177182
177182
177183
177188
177189
177186
177183
177182
177183
177184
177182
177180
177180
177181
177182
177181
177180
177178
177177
177176
177173
177169
177166
177166
177168
177167
177162
177161
177162
177161
177157
177151
177148
177149
177150
177147
177144
177142
177140
177138
177135
177132
177131
177132
177131
177129
177126
177124
177123
177124
177124
177124
177123
177125
177127
177128
177125
177125
177128
177129
177128
177126
177127
177129
177127
177126
177125
177125
177126
177127
177126
177123
177122
177122
177120
177117
177112
177109
177110
177108
177104
177100
177097
177096
177093
177092
177091
177091
177093
177095
177094
177094
177096
177100
177102
177103
177104
177104
177105
177106
177105
177104
177105
177107
177109
177109
177108
177109
177110
177112
177110
177108
177109
177110
177110
177108
177107
177106
177105
177106
177105
177103
177105
177106
177104
177104
177104
177105
177105
177106
177106
177104
177105
177108
177112
177110
177108
177108
177110
177113
177113
177111
177112
177114
177117
177118
177117
177119
177123
177123
177120
177119
177120
177120
177120
177117
177116
177115
177116
177115
177114
177112
177112
177113
177115
177115
177115
177115
177117
177116
177113
177110
177111
177115
177117
177117
177119
177121
177124
177127
177130
177131
177132
177132
177134
177136
177135
177137
177141
177142
177141
177141
177144
177147
177149
177149
177147
177149
177152
177153
177150
177148
177150
177151
177152
177150
177148
177149
177151
177153
177150
177149
177148
177149
177151
177151
177150
177149
177149
177146
177139
177132
177130
177131
177131
177131
177129
177129
177129
177129
177126
177124
177125
177127
177128
177127
177124
177124
177124
177124
177122
177122
177124
177127
177128
177125
177123
177124
177125
177127
177129
177129
177132
177134
177133
177132
177132
177134
177135
177137
177136
177133
177133
177134
177135
177134
177134
177137
177138
177137
177138
177140
177142
177144
177147
177149
177147
177146
177147
177147
177147
177147
177148
177151
177152
177151
177148
177145
177146
177145
177143
177140
177139
177138
177138
177134
177131
177132
177134
177133
177131
177126
177124
177124
177125
177123
177118
177116
177116
177115
177112
177109
177108
177109
177110
177106
177102
177099
177099
177097
177095
177092
177092
177092
177089
177084
177079
177077
177078
177076
177075
177073
177072
177074
177076
177076
177076
177078
177082
177084
177082
177080
177082
177085
177084
177083
177083
177086
177088
177088
177087
177084
177083
177084
177084
177083
177082
177085
177087
177087
177086
177087
177090
177093
177093
177092
177093
177095
177099
177102
177104
177106
177107
177110
177115
177117
177117
177121
177126
177129
177129
177129
177131
177137
177141
177141
177141
177145
177148
177149
177148
177148
177147
177149
177148
177146
177147
177148
177148
177150
177151
177152
177155
177155
177158
177159
177160
177162
177164
177164
177163
177166
177168
177170
177171
177170
177166
177165
177165
177165
177163
177160
177160
177161
177159
177156
177153
177153
177154
177155
177153
177152
177155
177159
177162
177162
177162
177165
177167
177168
177166
177164
177166
177168
177169
177167
177163
177163
177162
177158
177153
177151
177150
177150
177151
177152
177151
177150
177149
177146
177142
177139
177138
177137
177134
177130
177129
177130
177130
177129
177126
177127
177128
177128
177129
177129
177128
177129
177131
177131
177128
177126
177126
177126
177124
177124
177126
177126
177128
177127
177128
177128
177129
177131
177133
177135
177134
177135
177136
177135
177136
177134
177134
177134
177133
177130
177128
177128
177129
177125
177121
177119
177118
177115
177110
177103
177100
177099
177097
177094
177092
177091
177091
177091
177091
177089
177090
177092
177094
177096
177097
177096
177097
177097
177098
177098
177099
177102
177104
177105
177104
177104
177107
177107
177106
177105
177105
177107
177108
177107
177105
177102
177106
177107
177108
177110
177111
177112
177114
177115
177115
177115
177115
177117
177119
177120
177120
177119
177120
177118
177116
177112
177110
177109
177106
177102
177100
177102
177104
177103
177100
177099
177102
177104
177104
177103
177105
177105
177104
177104
177104
177105
177106
177108
177108
177106
177106
177108
177111
177112
177112
177113
177116
177118
177120
177123
177125
177129
177131
177131
177130
177129
177130
177131
177130
177128
177127
177126
177126
177125
177125
177124
177123
177122
177119
177118
177116
177114
177115
177116
177116
177116
177118
177119
177120
177120
177121
177125
177130
177131
177130
177131
177133
177135
177135
177135
177133
177133
177131
177126
177124
177122
177123
177125
177125
177123
177124
177126
177130
177132
177134
177137
177139
177140
177139
177137
177138
177139
177140
177138
177134
177133
177136
177137
177136
177134
177131
177132
177134
177134
177134
177135
177136
177139
177138
177137
177136
177137
177136
177132
177129
177127
177126
177125
177124
177120
177118
177117
177118
177118
177120
177121
177123
177128
177130
177129
177131
177136
177139
177140
177136
177132
177131
177128
177125
177122
177121
177118
177119
177118
177117
177117
177119
177119
177117
177117
177118
177122
177126
177129
177131
177134
177137
177137
177137
177137
177136
177135
177133
177130
177128
177128
177128
177129
177130
177131
177131
177132
177132
177135
177137
177139
177142
177148
177149
177148
177147
177147
177147
177144
177142
177140
177138
177136
177134
177133
177130
177132
177135
177136
177134
177134
177139
177144
177145
177146
177147
177148
177150
177152
177151
177150
177149
177146
177144
177142
177143
177142
177143
177143
177143
177143
177144
177144
177144
177144
177145
177147
177150
177151
177150
177148
177149
177149
177146
177143
177142
177142
177142
177141
177140
177139
177138
177142
177145
177142
177139
177140
177142
177141
177138
177137
177137
177136
177133
177130
177127
177127
177129
177129
177131
177131
177130
177130
177129
177129
177130
177132
177135
177137
177136
177135
177135
177135
177135
177134
177132
177135
177137
177136
177134
177134
177135
177136
177138
177138
177137
177138
177141
177140
177139
177139
177140
177141
177140
177134
177130
177129
177129
177125
177121
177121
177121
177123
177121
177120
177123
177128
177131
177133
177137
177140
177145
177147
177148
177151
177154
177157
177158
177159
177158
177158
177157
177156
177153
177152
177151
177149
177150
177149
177147
177148
177150
177151
177153
177152
177149
177148
177148
177145
177141
177138
177135
177133
177129
177125
177122
177122
177122
177124
177125
177126
177127
177130
177132
177133
177135
177139
177144
177149
177152
177155
177157
177159
177161
177161
177159
177160
177161
177160
177157
177156
177156
177155
177154
177154
177156
177157
177156
177154
177151
177152
177155
177159
177161
177161
177164
177170
177176
177176
177177
177180
177184
177187
177187
177187
177187
177189
177191
177188
177184
177183
177183
177182
177179
177179
177178
177177
177175
177171
177166
177165
177164
177161
177161
177161
177159
177157
177156
177154
177151
177150
177149
177149
177146
177143
177140
177137
177136
177133
177129
177125
177125
177125
177122
177119
177118
177117
177115
177112
177109
177109
177109
177106
177103
177101
177099
177097
177095
177092
177088
177087
177087
177084
177080
177077
177074
177074
177074
177071
177070
177070
177072
177075
177075
177075
177078
177082
177085
177084
177083
177083
177083
177083
177079
177077
177079
177081
177083
177083
177081
177082
177084
177086
177087
177086
177087
177089
177091
177090
177089
177090
177090
177089
177088
177086
177087
177090
177091
177088
177087
177088
177090
177092
177090
177090
177094
177097
177098
177100
177102
177103
177105
177106
177106
177106
177106
177108
177110
177109
177108
177112
177117
177119
177118
177118
177118
177120
177122
177119
177117
177118
177120
177123
177122
177120
177123
177126
177126
177126
177127
177130
177133
177134
177134
177132
177133
177135
177136
177137
177138
177137
177137
177138
177137
177133
177131
177133
177134
177134
177135
177139
177142
177146
177145
177144
177147
177150
177152
177153
177154
177157
177162
177166
177166
177164
177165
177167
177167
177167
177166
177168
177171
177174
177174
177172
177173
177176
177177
177177
177176
177176
177176
177176
177175
177175
177175
177176
177177
177176
177175
177174
177175
177177
177175
177173
177174
177176
177178
177176
177175
177178
177182
177183
177184
177184
177187
177192
177197
177199
177200
177204
177210
177215
177216
177217
177220
177224
177229
177232
177230
177231
177233
177234
177232
177232
177234
177239
177242
177242
177241
177243
177245
177247
177247
177247
177247
177249
177251
177250
177246
177244
177245
177245
177240
177234
177230
177230
177229
177228
177222
177220
177218
177215
177212
177210
177210
177211
177209
177206
177200
177197
177194
177191
177188
177185
177181
177180
177180
177177
177175
177173
177172
177171
177170
177167
177165
177163
177160
177159
177158
177158
177159
177160
177160
177161
177163
177163
177161
177158
177156
177156
177157
177157
177155
177154
177155
177156
177156
177154
177155
177156
177160
177161
177162
177162
177162
177162
177160
177157
177154
177151
177149
177149
177147
177146
177147
177149
177150
177150
177148
177150
177152
177155
177155
177152
177150
177150
177149
177144
177141
177141
177142
177142
177140
177140
177141
177142
177141
177139
177139
177142
177145
177144
177143
177142
177145
177146
177145
177144
177144
177145
177144
177142
177138
177137
177138
177137
177136
177136
177134
177132
177130
177128
177123
177119
177117
177117
177118
177116
177112
177111
177110
177109
177106
177102
177100
177100
177098
177096
177094
177094
177096
177097
177095
177095
177096
177099
177102
177104
177101
177101
177102
177099
177096
177096
177099
177100
177099
177098
177093
177091
177090
177089
177087
177083
177082
177083
177083
177080
177076
177076
177078
177078
177075
177073
177077
177080
177079
177078
177078
177078
177078
177080
177080
177079
177083
177088
177092
177093
177094
177097
177101
177102
177100
177099
177100
177103
177105
177104
177103
177105
177116
177127
177131
177132
177132
177134
177134
177134
177133
177135
177137
177136
177136
177134
177132
177133
177133
177133
177134
177137
177139
177140
177140
177141
177141
177143
177143
177141
177138
177139
177141
177144
177143
177143
177144
177146
177149
177151
177153
177155
177157
177159
177161
177161
177161
177162
177161
177160
177159
177160
177161
177161
177162
177163
177164
177165
177168
177169
177168
177168
177169
177168
177166
177167
177167
177167
177165
177164
177164
177162
177161
177161
177158
177155
177156
177158
177158
177157
177154
177153
177153
177151
177150
177151
177154
177157
177156
177155
177154
177156
177158
177157
177155
177153
177156
177158
177157
177152
177151
177151
177154
177152
177147
177144
177146
177148
177147
177145
177143
177142
177143
177141
177140
177139
177138
177140
177141
177142
177143
177144
177144
177145
177144
177143
177144
177146
177147
177146
177145
177146
177148
177150
177151
177151
177154
177158
177160
177159
177159
177162
177167
177167
177165
177164
177166
177169
177168
177168
177168
177170
177173
177173
177173
177174
177174
177175
177175
177173
177171
177172
177170
177167
177166
177166
177163
177161
177158
177154
177151
177151
177149
177145
177140
177138
177140
177140
177139
177137
177137
177137
177140
177139
177137
177137
177139
177141
177140
177138
177138
177138
177140
177140
177139
177139
177139
177141
177143
177142
177139
177141
177143
177143
177141
177138
177138
177140
177137
177135
177132
177130
177132
177130
177128
177127
177127
177127
177124
177123
177123
177125
177126
177124
177123
177123
177125
177128
177131
177130
177128
177130
177132
177131
177131
177129
177130
177131
177130
177128
177127
177130
177132
177129
177126
177121
177119
177117
177115
177113
177113
177114
177115
177113
177107
177103
177102
177100
177099
177099
177098
177099
177098
177094
177093
177094
177096
177099
177100
177100
177103
177106
177111
177113
177115
177117
177119
177122
177122
177121
177118
177116
177115
177115
177114
177113
177113
177115
177114
177113
177114
177117
177119
177119
177119
177118
177119
177122
177120
177118
177119
177119
177119
177118
177113
177109
177108
177109
177106
177103
177102
177103
177101
177098
177095
177093
177091
177089
177088
177088
177089
177092
177093
177093
177092
177089
177089
177090
177089
177086
177086
177088
177087
177087
177087
177087
177088
177091
177093
177093
177093
177094
177093
177091
177085
177082
177081
177080
177078
177075
177075
177072
177070
177067
177065
177066
177068
177069
177068
177069
177068
177070
177075
177076
177076
177077
177077
177079
177078
177075
177075
177076
177074
177071
177070
177072
177072
177075
177078
177079
177082
177087
177093
177097
177098
177099
177101
177101
177099
177097
177094
177094
177093
177090
177086
177083
177084
177084
177083
177080
177081
177085
177091
177092
177092
177093
177096
177099
177099
177100
177102
177106
177109
177111
177111
177109
177113
177117
177118
177118
177120
177124
177127
177129
177133
177138
177146
177157
177164
177169
177173
177178
177181
177183
177184
177183
177185
177189
177189
177188
177190
177194
177199
177202
177202
177205
177207
177211
177213
177212
177213
177216
177217
177217
177217
177218
177222
177225
177225
177226
177229
177232
177233
177232
177232
177231
177232
177232
177229
177227
177225
177223
177219
177215
177210
177207
177207
177205
177203
177203
177203
177203
177203
177201
177199
177197
177194
177193
177191
177186
177181
177180
177181
177178
177173
177172
177172
177169
177165
177158
177154
177152
177150
177145
177140
177137
177135
177133
177129
177122
177117
177116
177114
177108
177104
177103
177103
177102
177099
177095
177092
177090
177087
177085
177083
177081
177082
177083
177081
177075
177071
177072
177071
177070
177069
177071
177074
177077
177074
177071
177070
177072
177073
177069
177066
177065
177066
177064
177064
177062
177061
177065
177069
177069
177068
177068
177069
177070
177069
177069
177070
177071
177073
177073
177070
177067
177069
177068
177066
177064
177065
177068
177066
177063
177061
177063
177065
177066
177065
177065
177066
177065
177063
177061
177058
177056
177055
177054
177053
177051
177049
177050
177051
177052
177052
177052
177056
177059
177060
177062
177063
177063
177061
177057
177055
177055
177056
177055
177053
177054
177056
177058
177061
177063
177067
177074
177086
177096
177101
177105
177109
177112
177113
177110
177106
177102
177099
177095
177094
177093
177093
177095
177097
177098
177097
177100
177104
177107
177108
177108
177110
177111
177108
177103
177100
177099
177098
177094
177091
177091
177093
177092
177092
177091
177091
177094
177101
177104
177106
177108
177110
177113
177116
177117
177117
177121
177125
177126
177123
177124
177127
177128
177129
177129
177128
177130
177132
177135
177136
177136
177138
177142
177145
177146
177146
177148
177150
177151
177150
177149
177150
177154
177154
177153
177151
177152
177154
177152
177149
177147
177147
177149
177150
177147
177146
177148
177150
177150
177147
177144
177143
177145
177146
177147
177146
177149
177154
177157
177158
177158
177160
177163
177166
177167
177169
177173
177178
177180
177178
177178
177180
177182
177184
177184
177184
177185
177186
177185
177181
177178
177177
177178
177176
177175
177174
177171
177170
177167
177165
177162
177164
177166
177166
177163
177162
177161
177160
177156
177154
177154
177154
177155
177155
177152
177149
177150
177149
177145
177143
177141
177141
177142
177141
177141
177142
177143
177143
177142
177140
177139
177138
177137
177136
177133
177130
177130
177128
177127
177124
177119
177117
177118
177119
177118
177115
177116
177118
177115
177108
177104
177104
177108
177109
177108
177109
177111
177113
177114
177116
177115
177116
177118
177117
177117
177116
177117
177121
177123
177123
177123
177127
177129
177127
177125
177124
177126
177132
177134
177135
177137
177140
177143
177143
177143
177144
177149
177153
177153
177151
177151
177153
177155
177155
177150
177148
177147
177143
177138
177135
177133
177133
177133
177133
177130
177127
177126
177126
177126
177123
177121
177121
177123
177121
177118
177115
177114
177115
177117
177117
177118
177122
177121
177121
177121
177122
177121
177120
177119
177118
177117
177115
177115
177114
177113
177112
177111
177109
177107
177103
177102
177103
177106
177107
177107
177110
177111
177113
177113
177112
177113
177114
177114
177114
177110
177110
177108
177110
177111
177110
177110
177112
177115
177116
177115
177115
177116
177118
177115
177112
177110
177110
177111
177109
177106
177105
177107
177108
177107
177107
177107
177108
177110
177109
177107
177107
177107
177109
177109
177108
177108
177110
177111
177111
177111
177111
177114
177115
177116
177116
177114
177114
177114
177110
177108
177106
177105
177105
177103
177099
177097
177097
177096
177093
177090
177089
177091
177092
177092
177089
177085
177085
177087
177087
177083
177079
177077
177077
177074
177069
177066
177063
177061
177058
177054
177050
177049
177047
177044
177041
177037
177038
177041
177043
177042
177043
177047
177051
177053
177055
177056
177060
177068
177072
177074
177077
177083
177091
177094
177095
177099
177104
177110
177112
177113
177115
177119
177124
177127
177127
177128
177131
177136
177139
177141
177142
177144
177147
177148
177145
177142
177143
177145
177145
177145
177144
177146
177150
177150
177151
177152
177151
177151
177150
177149
177150
177153
177158
177162
177164
177166
177167
177168
177170
177171
177171
177173
177176
177176
177176
177176
177178
177179
177178
177175
177173
177174
177176
177174
177172
177169
177168
177168
177167
177165
177161
177158
177158
177156
177153
177150
177148
177147
177144
177141
177140
177137
177137
177136
177134
177134
177135
177138
177139
177138
177139
177139
177137
177134
177132
177132
177134
177136
177134
177133
177131
177128
177126
177123
177121
177123
177127
177130
177131
177134
177135
177138
177140
177139
177137
177136
177136
177137
177136
177133
177132
177133
177135
177134
177131
177134
177138
177140
177139
177137
177135
177135
177136
177136
177133
177129
177129
177129
177126
177123
177121
177121
177123
177122
177119
177117
177118
177119
177119
177118
177118
177117
177117
177117
177114
177114
177113
177110
177105
177102
177097
177093
177088
177083
177078
177072
177069
177065
177062
177060
177061
177063
177062
177058
177055
177052
177052
177052
177051
177050
177050
177053
177054
177053
177052
177052
177055
177059
177057
177055
177054
177055
177057
177056
177055
177053
177055
177056
177055
177053
177052
177053
177056
177056
177054
177053
177053
177052
177050
177047
177044
177044
177046
177045
177043
177042
177042
177042
177042
177043
177042
177044
177046
177043
177040
177039
177039
177040
177040
177038
177039
177043
177045
177044
177044
177047
177049
177051
177053
177054
177053
177054
177055
177054
177052
177053
177056
177059
177056
177052
177054
177056
177058
177058
177058
177061
177064
177067
177069
177070
177074
177076
177080
177082
177083
177085
177089
177092
177093
177094
177098
177103
177106
177104
177104
177107
177111
177114
177114
177115
177116
177118
177119
177119
177119
177122
177126
