176948
176948
176948
176949
176948
176949
176953
176954
176955
176956
176959
176963
176965
176966
176969
176972
176974
176977
176979
176980
176983
176985
176984
176984
176986
176988
176992
176992
176991
176990
176991
176993
176993
176992
176993
176994
176995
176997
176995
176992
176994
176998
177001
176999
176999
177000
177002
177004
177002
177004
177007
177010
177012
177011
177013
177018
177021
177021
177019
177022
177025
177028
177029
177029
177031
177032
177034
177035
177033
177034
177035
177036
177036
177035
177033
177034
177037
177036
177032
177031
177031
177031
177029
177028
177029
177032
177033
177033
177032
177031
177031
177028
177024
177020
177018
177019
177019
177017
177012
177008
177007
177006
177003
177000
176998
176996
176998
176998
176993
176991
176991
176992
176990
176986
176985
176984
176983
176981
176978
176975
176975
176976
176974
176970
176965
176963
176961
176958
176953
176951
176949
176947
176946
176944
176941
176942
176944
176941
176939
176938
176942
176940
176938
176937
176936
176937
176938
176936
176934
176936
176935
176934
176931
176927
176924
176925
176927
176929
176928
176928
176930
176932
176932
176930
176928
176933
176936
176933
176931
176931
176933
176935
176937
176940
176941
176943
176946
176948
176947
176949
176952
176955
176955
176953
176951
176950
176953
176954
176951
176951
176950
176949
176948
176948
176948
176949
176952
176953
176952
176952
176954
176957
176956
176955
176956
176957
176956
176952
176951
176951
176953
176954
176952
176949
176947
176945
176941
176939
176937
176935
176936
176936
176934
176932
176932
176934
176934
176933
176934
176934
176937
176938
176936
176936
176938
176937
176939
176937
176933
176932
176935
176937
176935
176934
176936
176940
176943
176944
176945
176948
176952
176954
176956
176959
176962
176964
176967
176967
176970
176974
176977
176982
176986
176988
176992
176997
177004
177004
177005
177008
177010
177013
177014
177015
177017
177019
177022
177024
177024
177025
177029
177033
177037
177038
177040
177042
177041
177039
177038
177038
177039
177041
177041
177040
177039
177041
177043
177041
177040
177043
177045
177049
177048
177044
177044
177045
177042
177038
177036
177039
177039
177038
177037
177034
177034
177037
177037
177037
177035
177034
177035
177036
177033
177032
177033
177035
177035
177033
177031
177032
177035
177036
177032
177029
177029
177030
177030
177029
177026
177024
177023
177023
177021
177017
177014
177015
177017
177017
177015
177015
177016
177015
177011
177007
177008
177011
177012
177011
177009
177009
177009
177008
177004
177001
177001
177003
177003
176999
176996
176997
176999
176999
176996
176994
176995
176997
176998
176997
176992
176990
176991
176991
176988
176988
176988
176989
176987
176986
176985
176985
176986
176987
176986
176984
176983
176983
176984
176982
176981
176983
176984
176982
176980
176978
176976
176975
176970
176966
176962
176959
176959
176958
176954
176952
176952
176954
176955
176955
176956
176958
176962
176963
176961
176958
176957
176956
176953
176950
176945
176943
176945
176944
176939
176933
176933
176934
176936
176936
176937
176940
176945
176950
176951
176951
176953
176955
176955
176952
176950
176948
176950
176952
176951
176950
176953
176956
176960
176964
176968
176972
176979
176985
176986
176984
176985
176985
176981
176976
176971
176969
176967
176966
176962
176957
176958
176962
176964
176964
176966
176972
176978
176984
176986
176990
176996
177002
177005
177005
177004
177005
177006
177007
177007
177006
177009
177015
177021
177024
177027
177034
177042
177047
177048
177050
177055
177059
177059
177059
177059
177061
177062
177060
177059
177059
177059
177060
177059
177058
177056
177057
177059
177060
177060
177059
177061
177064
177063
177059
177055
177052
177050
177046
177043
177043
177042
177041
177040
177037
177038
177037
177038
177038
177038
177039
177041
177042
177041
177038
177035
177034
177032
177030
177029
177027
177026
177024
177020
177018
177018
177019
177019
177019
177019
177020
177020
177020
177021
177021
177016
177015
177013
177009
177006
177001
176998
176996
176992
176989
176985
176983
176984
176982
176978
176977
176978
176979
176983
176984
176983
176986
176987
176987
176987
176985
176986
176986
176984
176980
176977
176976
176976
176977
176976
176972
176971
176974
176977
176975
176973
176975
176977
176975
176973
176972
176971
176973
176971
176968
176968
176968
176968
176968
176967
176970
176973
176977
176980
176981
176984
176988
176992
176995
176996
176996
177000
177002
176999
176995
176991
176989
176987
176984
176981
176979
176979
176978
176974
176970
176967
176965
176965
176965
176964
176964
176966
176967
176967
176965
176965
176965
176966
176966
176965
176963
176962
176962
176958
176952
176947
176948
176951
176952
176949
176947
176948
176951
176951
176951
176950
176954
176957
176957
176956
176953
176954
176957
176958
176959
176959
176960
176964
176966
176969
176970
176974
176979
176983
176982
176983
176984
176984
176983
176981
176979
176979
176980
176980
176979
176977
176976
176977
176978
176978
176978
176980
176983
176983
176982
176984
176988
176991
176992
176995
176998
177001
177005
177008
177010
177011
177014
177017
177022
177022
177022
177025
177027
177028
177026
177026
177031
177035
177038
177039
177040
177041
177043
177043
177042
177042
177044
177047
177047
177046
177049
177051
177052
177052
177050
177049
177050
177050
177049
177048
177046
177048
177049
177046
177044
177043
177042
177041
177041
177038
177036
177037
177041
177041
177037
177035
177035
177035
177032
177029
177027
177027
177029
177027
177023
177019
177016
177015
177013
177010
177008
177010
177011
177009
177005
177001
176998
176996
176994
176994
176994
176994
176994
176992
176990
176987
176986
176986
176985
176983
176980
176979
176980
176981
176979
176977
176976
176978
176978
176976
176976
176978
176978
176975
176973
176973
176973
176973
176970
176967
176966
176967
176970
176970
176970
176971
176973
176973
176971
176969
176968
176970
176971
176973
176973
176971
176971
176971
176968
176964
176962
176962
176963
176961
176957
176958
176960
176961
176960
176958
176957
176958
176958
176957
176956
176957
176958
176960
176962
176960
176960
176963
176967
176966
176965
176965
176967
176968
176967
176965
176965
176964
176962
176959
176955
176953
176952
176951
176949
176947
176947
176948
176949
176948
176947
176946
176946
176947
176947
176944
176943
176944
176944
176940
176938
176937
176938
176941
176939
176938
176937
176937
176939
176938
176936
176938
176942
176947
176949
176949
176952
176957
176963
176965
176964
176966
176973
176977
176978
176981
176986
176991
176996
176998
176997
176998
177001
177003
177003
177002
177003
177007
177008
177005
177005
177005
177004
177004
177002
177000
177000
177002
177004
177004
177002
177001
177002
177003
177002
177002
177001
177000
177000
177001
177000
177000
177004
177007
177004
177001
177001
177001
177002
176999
176996
176996
176998
176998
176995
176994
176994
176996
176996
176995
176993
176994
176997
176999
176996
176993
176993
176992
176990
176991
176991
176989
176988
176990
176990
176987
176987
176990
176992
176992
176991
176991
176991
176990
176989
176986
176987
176987
176987
176985
176982
176981
176981
176982
176980
176979
176981
176981
176982
176981
176980
176981
176983
176987
176988
176986
176985
176988
176988
176986
176983
176983
176983
176981
176978
176975
176974
176975
176975
176972
176971
176970
176970
176970
176970
176969
176970
176973
176973
176972
176971
176972
176973
176972
176971
176971
176973
176976
176976
176974
176974
176976
176977
176979
176977
176976
176974
176971
176971
176970
176967
176963
176963
176963
176960
176960
176962
176966
176971
176973
176975
176977
176979
176980
176981
176983
176983
176985
176987
176985
176983
176983
176984
176984
176982
176982
176984
176986
176988
176991
176994
176995
176998
177002
177003
177000
177000
177002
177003
177004
177000
177002
177005
177006
177007
177006
177006
177008
177010
177009
177007
177006
177008
177010
177009
177008
177009
177013
177011
177005
177001
177000
177001
177001
176999
176994
176991
176989
176986
176982
176978
176976
176975
176972
176968
176964
176961
176959
176958
176954
176952
176949
176947
176947
176945
176942
176938
176939
176939
176936
176932
176931
176933
176936
176935
176932
176931
176933
176934
176932
176930
176931
176933
176933
176931
176930
176931
176934
176936
176934
176934
176937
176940
176939
176939
176940
176944
176947
176949
176949
176949
176948
176951
176955
176959
176959
176959
176961
176963
176964
176964
176965
176966
176969
176970
176970
176973
176978
176982
176983
176982
176983
176985
176988
176988
176987
176987
176989
176992
176991
176991
176993
176994
176996
176994
176993
176993
176995
176995
176993
176991
176990
176989
176989
176986
176983
176982
176983
176981
176977
176977
176978
176980
176981
176980
176979
176980
176984
176986
176988
176988
176989
176991
176992
176990
176989
176991
176995
176996
176997
176997
176998
176998
176999
176998
176996
176994
176993
176994
176992
176988
176988
176989
176989
176986
176984
176983
176983
176982
176980
176978
176977
176976
176974
176972
176970
176969
176967
176966
176966
176964
176963
176964
176966
176968
176968
176971
176975
176975
176974
176973
176971
176973
176974
176972
176972
176972
176972
176970
176968
176968
176968
176972
176974
176973
176973
176975
176979
176983
176984
176984
176987
176988
176987
176984
176982
176984
176986
176987
176985
176984
176982
176983
176982
176981
176979
176979
176980
176978
176972
176968
176969
176970
176968
176966
176966
176965
176961
176958
176954
176951
176951
176951
176952
176951
176948
176948
176950
176951
176950
176949
176949
176947
176944
176942
176943
176945
176948
176949
176949
176947
176949
176949
176949
176946
176945
176945
176948
176947
176946
176944
176945
176946
176946
176947
176948
176950
176953
176953
176953
176955
176958
176961
176963
176961
176961
176964
176965
176964
176965
176966
176968
176969
176969
176970
176972
176973
176976
176978
176980
176981
176982
176984
176986
176985
176984
176986
176990
176991
176992
176993
176994
176995
176997
176995
176995
176998
177000
177002
177003
177003
177005
177006
177005
177005
177003
177004
177007
177011
177011
177012
177013
177016
177015
177013
177015
177018
177023
177025
177027
177028
177030
177032
177033
177032
177031
177035
177041
177044
177044
177043
177044
177044
177043
177041
177038
177037
177039
177038
177036
177034
177034
177035
177035
177030
177024
177024
177026
177025
177023
177023
177024
177025
177023
177021
177021
177021
177020
177018
177014
177012
177013
177014
177012
177009
177006
177004
177001
176999
176996
176993
176992
176993
176991
176987
176984
176982
176981
176980
176978
176976
176978
176980
176976
176973
176968
176966
176969
176966
176963
176961
176960
176960
176958
176955
176953
176954
176955
176954
176951
176948
176947
176946
176944
176944
176942
176940
176939
176939
176935
176932
176932
176935
176934
176930
176927
176925
176925
176924
176919
176914
176913
176913
176913
176910
176908
176908
176907
176904
176900
176897
176898
176899
176899
176897
176898
176899
176900
176900
176898
176895
176895
176897
176898
176897
176896
176896
176897
176897
176895
176893
176892
176896
176896
176896
176898
176902
176902
176902
176902
176904
176905
176906
176907
176908
176908
176910
176913
176914
176913
176913
176917
176922
176925
176926
176927
176931
176937
176942
176942
176946
176952
176960
176968
176973
176977
176983
176990
176996
176998
177000
177003
177008
177011
177009
177009
177013
177017
177016
177016
177014
177017
177018
177014
177011
177009
177009
177008
177005
177002
176999
176998
176997
176995
176990
176986
176983
176983
176981
176979
176979
176979
176977
176977
176977
176977
176977
176978
176977
176975
176977
176980
176983
176985
176985
176987
176991
176992
176994
176995
176995
176999
177003
177003
177002
177004
177006
177007
177009
177009
177009
177013
177014
177012
177007
177005
177005
177007
177006
177002
177001
177001
177000
176996
176992
176989
176989
176990
176990
176987
176986
176991
176995
176995
176995
176996
176999
177002
177002
177000
176998
176999
177000
176998
176997
176996
176998
176997
176993
176990
176986
176985
176986
176987
176983
176983
176984
176984
176983
176983
176982
176985
176988
176989
176988
176988
176989
176989
176987
176985
176983
176984
176985
176984
176983
176982
176980
176983
176984
176985
176986
176989
176990
176988
176988
176989
176990
176991
176992
176992
176992
176993
176994
176995
176996
176997
177001
177007
177008
177007
177008
177009
177009
177008
177004
177001
177000
176998
176995
176993
176994
176994
176997
176995
176993
176993
176994
176995
176994
176994
176994
176996
176995
176994
176993
176993
176994
176996
176997
176997
176997
177001
177002
177002
177001
177002
177006
177006
177003
177001
177001
177002
176999
176995
176992
176989
176987
176988
176986
176985
176986
176988
176990
176988
176985
176985
176986
176984
176979
176975
176975
176975
176977
176977
176979
176981
176984
176986
176986
176988
176991
176994
177000
177004
177006
177006
177005
177003
176998
176991
176985
176981
176977
176973
176969
176965
176963
176963
176961
176959
176958
176959
176961
176960
176960
176960
176961
176962
176960
176959
176958
176957
176957
176955
176951
176948
176947
176947
176944
176939
176936
176934
176934
176930
176924
176920
176922
176921
176917
176914
176910
176907
176904
176901
176896
176892
176891
176888
176885
176882
176882
176885
176888
176891
176893
176894
176899
176903
176903
176902
176902
176905
176908
176909
176908
176908
176910
176911
176909
176908
176911
176917
176922
176923
176925
176930
176936
176940
176942
176945
176949
176953
176956
176957
176957
176958
176960
176963
176964
176966
176968
176971
176973
176974
176973
176976
176981
176987
176988
176989
176991
176993
176994
176995
176994
176995
176999
177000
176997
176994
176992
176992
176994
176992
176991
176990
176991
176991
176989
176986
176984
176986
176986
176984
176982
176980
176981
176981
176979
176977
176977
176977
176980
176982
176983
176986
176989
176990
176990
176988
176988
176989
176986
176984
176981
176979
176979
176979
176977
176974
176976
176977
176977
176975
176972
176971
176971
176973
176974
176974
176975
176976
176979
176978
176978
176980
176982
176986
176987
176983
176983
176986
176985
176982
176981
176980
176982
176983
176982
176980
176978
176980
176981
176981
176979
176979
176978
176976
176973
176970
176967
176964
176962
176961
176958
176955
176954
176954
176952
176948
176947
176948
176950
176949
176945
176943
176944
176946
176946
176945
176946
176948
176949
176950
176948
176948
176946
176944
176941
176939
176941
176942
176942
176939
176934
176933
176932
176930
176926
176923
176922
176923
176923
176920
176916
176914
176914
176912
176909
176905
176904
176905
176905
176905
176903
176900
176902
176903
176899
176896
176896
176897
176895
176893
176892
176894
176894
176893
176893
176892
176895
176898
176899
176901
176900
176900
176900
176902
176902
176902
176903
176906
176910
176911
176908
176910
176914
176919
176922
176923
176923
176926
176931
176931
176931
176934
176938
176942
176944
176943
176943
176947
176950
176951
176951
176954
176959
176962
176964
176963
176963
176965
176967
176969
176967
176968
176972
176976
176976
176975
176977
176979
176980
176981
176983
176985
176987
176989
176987
176986
176987
176988
176990
176990
176990
176990
176991
176989
176986
176986
176989
176992
176992
176990
176989
176990
176990
176989
176988
176986
176988
176992
176993
176991
176991
176991
176991
176990
176988
176987
176987
176990
176989
176985
176983
176983
176983
176980
176977
176973
176973
176975
176973
176970
176966
176965
176967
176969
176967
176963
176962
176963
176964
176961
176960
176961
176962
176962
176957
176953
176952
176953
176952
176950
176948
176948
176947
176947
176942
176943
176945
176947
176947
176944
176941
176939
176938
176938
176937
176934
176933
176935
176936
176931
176927
176925
176926
176925
176922
176919
176918
176918
176915
176912
176909
176905
176905
176904
176901
176898
176898
176898
176897
176897
176894
176894
176896
176897
176892
176887
176886
176886
176885
176882
176879
176878
176878
176875
176872
176871
176870
176871
176871
176870
176869
176871
176872
176872
176871
176869
176870
176873
176874
176874
176873
176875
176877
176877
176875
176870
176870
176872
176873
176874
176873
176875
176880
176882
176883
176884
176883
176883
176886
176886
176886
176889
176891
176893
176894
176897
176900
176901
176903
176905
176906
176909
176912
176913
176914
176916
176918
176921
176924
176925
176927
176932
176937
176940
176944
176946
176948
176951
176955
176955
176955
176956
176958
176960
176964
176965
176966
176969
176973
176973
176974
176976
176977
176979
176978
176977
176979
176983
176985
176985
176985
176988
176992
176995
176994
176997
176998
176997
176998
176995
176992
176993
176996
176996
176995
176996
176998
177000
177000
176998
176996
176996
176996
176996
176995
176993
176993
176994
176994
176991
176989
176989
176989
176987
176985
176983
176981
176979
176977
176974
176974
176976
176977
176976
176974
176974
176973
176974
176975
176974
176976
176979
176982
176980
176981
176982
176983
176985
176987
176985
176982
176983
176986
176985
176984
176985
176988
176991
176991
176991
176990
176991
176996
176996
176995
176994
176996
176996
176996
176996
176994
176996
176996
176993
176992
176990
176989
176989
176988
176986
176982
176982
176983
176982
176977
176973
176974
176976
176975
176975
176971
176973
176975
176973
176968
176966
176967
176966
176966
176961
176957
176959
176963
176961
176956
176954
176956
176958
176958
176954
176952
176954
176956
176956
176954
176953
176953
176954
176952
176950
176949
176949
176950
176948
176944
176942
176940
176937
176935
176932
176931
176930
176927
176925
176922
176920
176920
176921
176920
176919
176917
176916
176918
176918
176917
176914
176916
176918
176914
176908
176904
176903
176904
176902
176899
176894
176892
176892
176890
176888
176886
176887
176886
176886
176885
176883
176882
176883
176883
176882
176881
176883
176886
176885
176882
176881
176884
176885
176886
176887
176886
176887
176887
176883
176880
176878
176879
176880
176880
176880
176881
176880
176881
176881
176880
176881
176881
176881
176881
176881
176881
176883
176881
176880
176880
176880
176880
176881
176880
176877
176875
176876
176877
176875
176873
176870
176869
176868
176865
176862
176861
176862
176865
176866
176866
176865
176867
176871
176871
176869
176871
176872
176873
176873
176874
176874
176877
176881
176882
176883
176883
176887
176892
176896
176897
176898
176902
176905
176903
176900
176899
176901
176901
176900
176900
176899
176897
176897
176897
176896
176896
176897
176898
176899
176900
176901
176904
176905
176907
176908
176909
176909
176909
176907
176905
176904
176906
176907
176906
176907
176909
176912
176915
176917
176916
176917
176920
176921
176918
176914
176912
176913
176914
176914
176915
176916
176917
176920
176920
176921
176924
176928
176932
176933
176929
176928
176927
176924
176921
176917
176914
176915
176916
176917
176916
176918
176921
176928
176930
176929
176930
176932
176930
176925
176919
176915
176912
176910
176905
176902
176902
176904
176907
176909
176908
176908
176911
176915
176917
176918
176919
176920
176921
176920
176918
176915
176914
176915
176912
176909
176908
176910
176913
176912
176909
176910
176914
176916
176918
176921
176925
176931
176935
176936
176936
176936
176936
176934
176931
176929
176927
176923
176922
176922
176921
176920
176922
176925
176925
176923
176922
176924
176926
176925
176925
176926
176924
176921
176918
176913
176910
176910
176910
176911
176909
176912
176917
176921
176921
176920
176923
176928
176931
176932
176931
176933
176934
176934
176931
176928
176927
176927
176928
176926
176923
176923
176925
176925
176926
176926
176927
176929
176932
176931
176929
176930
176930
176927
176923
176920
176915
176911
176909
176906
176903
176903
176903
176904
176903
176902
176904
176903
176905
176905
176904
176902
176903
176903
176901
176896
176890
176889
176887
176883
176879
176878
176879
176879
176880
176881
176882
176885
176888
176888
176889
176891
176892
176893
176890
176886
176885
176885
176884
176881
176877
176875
176875
176875
176876
176874
176876
176879
176883
176887
176888
176890
176893
176896
176897
176895
176896
176896
176894
176891
176887
176885
176886
176888
176889
176891
176891
176893
176897
176901
176902
176903
176909
176912
176912
176910
176909
176910
176912
176911
176905
176901
176900
176898
176896
176891
176888
176887
176883
176880
176878
176877
176879
176884
176885
176887
176888
176889
176891
176891
176891
176892
176894
176896
176894
176893
176895
176899
176900
176900
176901
176904
176906
176906
176905
176904
176905
176912
176915
176916
176918
176921
176923
176926
176926
176926
176927
176927
176923
176921
176919
176919
176919
176920
176921
176919
176919
176921
176924
176923
176924
176926
176928
176928
176925
176923
176925
176927
176927
176925
176924
176924
176924
176923
176919
176917
176917
176916
176917
176916
176915
176915
176918
176919
176916
176916
176917
176919
176919
176919
176918
176919
176921
176920
176918
176913
176913
176915
176919
176920
176920
176919
176920
176920
176916
176912
176915
176917
176916
176914
176911
176911
176913
176912
176911
176907
176906
176908
176910
176908
176908
176910
176912
176914
176915
176914
176919
176921
176922
176921
176919
176919
176922
176922
176922
176920
176919
176920
176922
176922
176920
176922
176926
176927
176924
176921
176920
176921
176921
176919
176918
176918
176918
176916
176913
176912
176913
176913
176914
176912
176909
176910
176911
176914
176913
176913
176914
176914
176915
176913
176911
176914
176916
176918
176915
176912
176913
176917
176917
176917
176916
176917
176918
176918
176917
176917
176917
176917
176917
176914
176908
176904
176904
176905
176904
176903
176900
176900
176900
176897
176894
176893
176896
176896
176895
176892
176893
176894
176895
176894
176893
176895
176900
176902
176900
176897
176898
176899
176899
176898
176898
176898
176898
176900
176900
176900
176902
176905
176907
176908
176905
176904
176907
176907
176905
176904
176905
176907
176909
176907
176907
176908
176910
176913
176913
176911
176911
176914
176914
176913
176912
176911
176910
176908
176905
176902
176898
176898
176898
176896
176895
176896
176895
176894
176892
176890
176891
176893
176894
176894
176892
176892
176895
176896
176894
176890
176889
176890
176891
176890
176887
176889
176890
176890
176888
176888
176890
176894
176895
176895
176895
176898
176901
176903
176904
176904
176904
176905
176905
176903
176901
176902
176905
176909
176908
176908
176911
176913
176915
176913
176911
176912
176915
176916
176914
176913
176915
176918
176919
176919
176917
176920
176924
176924
176923
176923
176924
176926
176928
176929
176931
176936
176940
176940
176939
176939
176940
176941
176942
176940
176937
176939
176940
176940
176937
176935
176936
176938
176936
176932
176929
176930
176930
176928
176927
176927
176929
176930
176926
176923
176921
176922
176921
176921
176921
176920
176922
176924
176925
176926
176928
176932
176935
176933
176930
176930
176931
176932
176933
176935
176936
176936
176936
176934
176933
176933
176936
176940
176941
176940
176939
176938
176939
176936
176932
176929
176928
176927
176925
176923
176920
176921
176925
176927
176927
176927
176932
176935
176935
176933
176931
176931
176931
176928
176924
176919
176915
176913
176913
176910
176907
176907
176909
176909
176908
176910
176915
176918
176919
176917
176916
176917
176917
176916
176914
176912
176911
176911
176911
176910
176909
176911
176913
176915
176916
176917
176920
176924
176926
176926
176925
176921
176922
176921
176918
176916
176917
176918
176917
176914
176912
176911
176914
176916
176917
176919
176922
176926
176924
176921
176918
176919
176920
176920
176919
176918
176919
176920
176919
176917
176916
176917
176922
176925
176924
176921
176925
176927
176925
176924
176925
176928
176928
176926
176923
176921
176919
176919
176919
176917
176915
176915
176916
176915
176915
176914
176915
176916
176915
176914
176912
176913
176913
176910
176907
176905
176903
176902
176900
176898
176896
176896
176895
176894
176892
176889
176890
176891
176890
176892
176893
176896
176898
176900
176899
176898
176899
176903
176904
176906
176907
176910
176913
176915
176917
176920
176923
176928
176930
176931
176931
176933
176933
176931
176931
176930
176929
176931
176930
176930
176929
176930
176931
176929
176928
176927
176926
176926
176927
176925
176927
176928
176930
176931
176928
176925
176924
176924
176923
176918
176914
176912
176912
176912
176910
176908
176910
176913
176912
176910
176907
176908
176911
176912
176911
176912
176915
176920
176919
176915
176912
176914
176917
176916
176914
176915
176918
176920
176919
176918
176918
176921
176923
176921
176916
176915
176918
176920
176919
176917
176916
176918
176919
176917
176915
176913
176916
176919
176918
176915
176914
176916
176916
176913
176908
176907
176908
176910
176907
176904
176903
176905
176905
176905
176906
176907
176908
176911
176912
176913
176916
176920
176924
176926
176925
176927
176930
176934
176935
176935
176936
176937
176940
176939
176939
176941
176944
176948
176949
176944
176941
176943
176946
176947
176947
176948
176949
176952
176952
176951
176955
176958
176959
176957
176956
176956
176958
176961
176958
176955
176953
176953
176952
176948
176946
176946
176947
176949
176947
176946
176947
176947
176948
176944
176941
176940
176940
176939
176938
176934
176932
176932
176934
176931
176927
176929
176931
176934
176935
176934
176936
176939
176943
176943
176943
176947
176947
176949
176949
176949
176948
176947
176950
176950
176948
176945
176945
176947
176945
176939
176935
176933
176930
176924
176920
176918
176916
176916
176913
176909
176905
176902
176901
176898
176896
176895
176897
176900
176901
176899
176898
176901
176901
176902
176900
176901
176903
176905
176905
176904
176903
176905
176907
176908
176907
176907
176908
176910
176911
176910
176910
176913
176915
176913
176910
176909
176910
176910
176909
176907
176907
176908
176905
176902
176898
176896
176897
176897
176897
176897
176897
176896
176896
176895
176895
176896
176898
176902
176903
176902
176905
176909
176912
176914
176915
176918
176923
176925
176928
176930
176932
176936
176940
176942
176941
176940
176943
176947
176947
176946
176947
176952
176954
176951
176948
176949
176952
176953
176950
176948
176948
176949
176948
176947
176948
176949
176951
176953
176952
176950
176947
176948
176951
176952
176954
176958
176961
176963
176960
176958
176959
176961
176963
176963
176964
176964
176963
176961
176958
176954
176951
176951
176951
176947
176944
176943
176944
176945
176945
176946
176944
176945
176950
176952
176949
176949
176951
176954
176953
176950
176952
176955
176957
176955
176956
176956
176957
176957
176956
176954
176953
176953
176953
176951
176949
176947
176945
176944
176944
176943
176942
176943
176944
176940
176936
176933
176932
176933
176932
176931
176929
176928
176927
176927
176925
176924
176926
176930
176927
176921
176919
176917
176915
176911
176908
176906
176903
176899
176894
176888
176884
176881
176877
176871
176863
176858
176855
176852
176847
176843
176842
176840
176838
176836
176836
176837
176838
176839
176838
176835
176834
176834
176835
176833
176831
176831
176834
176835
176833
176832
176833
176839
176844
176844
176846
176848
176852
176855
176853
176853
176855
176858
176859
176858
176859
176860
176862
176866
176866
176866
176870
176871
176873
176873
176871
176873
176876
176877
176878
176880
176879
176880
176881
176881
176880
176880
176880
176882
176882
176880
176879
176878
176879
176878
176877
176878
176880
176882
176883
176884
176886
176886
176886
176886
176887
176888
176890
176891
176891
176892
176891
176891
176892
176891
176889
176890
176893
176895
176897
176898
176899
176901
176905
176907
176906
176908
176912
176914
176916
176913
176914
176916
176917
176916
176917
176918
176919
176920
176919
176916
176916
176916
176918
176916
176914
176916
176919
176922
176923
176923
176925
176927
176928
176927
176926
176929
176930
176929
176928
176926
176925
176923
176921
176919
176915
176913
176915
176914
176911
176909
176912
176915
176916
176917
176918
176918
176917
176917
176916
176913
176912
176913
176914
176912
176908
176909
176912
176916
176918
176919
176923
176924
176926
176930
176933
176933
176934
176935
176934
176931
176929
176927
176924
176922
176920
176920
176922
176923
176922
176920
176923
176927
176929
176931
176933
176937
176940
176938
176933
176929
176926
176927
176926
176923
176922
176923
176922
176919
176917
176916
176919
176923
176923
176923
176924
176925
176927
176928
176927
176928
176930
176929
176929
176928
176925
176926
176928
176928
176926
176924
176925
176926
176927
176925
176923
176922
176923
176922
176920
176915
176911
176908
176905
176898
176892
176890
176887
176884
176882
176880
176879
176880
176883
176884
176887
176892
176897
176903
176904
176906
176909
176912
176914
176913
176913
176915
176917
176918
176918
176918
176917
176919
176921
176921
176920
176923
176925
176926
176928
176928
176931
176933
176933
176933
176934
176933
176931
176927
176924
176920
176918
176919
176918
176916
176915
176916
176916
176914
176912
176911
176911
176913
176913
176911
176911
176913
176912
176911
176910
176911
176913
176915
176916
176914
176914
176917
176919
176919
176919
176920
176921
176924
176924
176923
176923
176925
176926
176927
176924
176924
176924
176924
176924
176923
176922
176924
176925
176926
176926
176923
176923
176924
176924
176925
176925
176925
176927
176928
176927
176927
176927
176928
176929
176932
176932
176932
176932
176932
176930
176928
176928
176930
176931
176930
176930
176932
176935
176937
176938
176940
176942
176946
176949
176948
176947
176949
176951
176950
176946
176942
176942
176944
176946
176944
176943
176946
176948
176949
176950
176950
176953
176956
176959
176958
176958
176958
176958
176958
176956
176952
176953
176955
176953
176952
176953
176955
176958
176960
176958
176957
176957
176959
176959
176958
176955
176955
176955
176955
176953
176952
176954
176957
176957
176956
176955
176956
176955
176953
176950
176947
176946
176946
176943
176939
176936
176937
176937
176938
176937
176935
176936
176940
176938
176937
176938
176939
176942
176943
176942
176941
176940
176940
176938
176937
176936
176939
176940
176939
176938
176938
176942
176944
176943
176943
176943
176945
176946
176945
176942
176942
176943
176944
176944
176944
176944
176946
176948
176949
176949
176949
176951
176952
176954
176954
176954
176954
176955
176956
176957
176958
176958
176961
176962
176959
176959
176962
176963
176963
176962
176960
176961
176966
176966
176965
176965
176967
176969
176969
176968
176964
176966
176969
176969
176969
176969
176969
176971
176972
176971
176969
176970
176972
176972
176969
176964
176964
176964
176962
176959
176957
176959
176959
176958
176956
176955
176956
176957
176957
176956
176954
176953
176953
176952
176951
176949
176948
176952
176954
176952
176948
176948
176949
176949
176947
176943
176944
176947
176947
176945
176944
176943
176944
176944
176941
176939
176937
176937
176937
176937
176937
176938
176940
176941
176940
176939
176941
176945
176947
176946
176946
176947
176948
176945
176942
176942
176944
176942
176941
176938
176938
176938
176939
176939
176936
176934
176937
176937
176935
176932
176931
176930
176929
176927
176924
176921
176921
176922
176921
176920
176921
176921
176920
176921
176920
176919
176921
176924
176925
176925
176926
176927
176928
176929
176929
176932
176934
176936
176937
176938
176939
176940
176942
176945
176945
176946
176947
176950
176952
176951
176951
176951
176952
176951
176949
176948
176947
176947
176946
176946
176945
176944
176947
176947
176945
176944
176945
176949
176951
176949
176948
176949
176952
176950
176947
176947
176945
176942
176941
176938
176936
176935
176937
176938
176937
176937
176938
176939
176939
176936
176935
176938
176940
176938
176935
176935
176938
176936
176935
176935
176933
176933
176934
176935
176932
176929
176930
176929
176925
176921
176921
176922
176923
176921
176918
176918
176918
176920
176920
176920
176922
176924
176925
176926
176924
176922
176922
176925
176924
176923
176922
176921
176923
176919
176912
176907
176909
176911
176909
176905
176905
176905
176908
176907
176905
176903
176904
176904
176903
176900
176898
176898
176900
176900
176897
176895
176895
176897
176897
176896
176896
176897
176896
176895
176896
176899
176902
176905
176909
176907
176905
176908
176911
176912
176911
176908
176911
176913
176912
176911
176910
176914
176919
176921
176923
176925
176927
176928
176929
176927
176926
176927
176928
176925
176921
176917
176916
176917
176916
176911
176909
176909
176911
176909
176906
176907
176911
176914
176914
176911
176911
176915
176918
176919
176916
176916
176915
176916
176916
176913
176911
176912
176914
176913
176911
176909
176909
176912
176914
176914
176914
176915
176916
176917
176917
176915
176915
176914
176913
176911
176910
176911
176909
176906
176905
176907
176909
176908
176907
176909
176913
176914
176914
176915
176917
176919
176922
176924
176927
176928
176927
176927
176925
176922
176920
176920
176919
176917
176914
176911
176909
176910
176911
176909
176908
176907
176907
176909
176908
176908
176910
176914
176916
176914
176911
176911
176913
176914
176913
176912
176911
176910
176908
176907
176903
176902
176904
176905
176904
176901
176902
176904
176908
176909
176909
176911
176915
176918
176916
176912
176913
176913
176914
176913
176913
176910
176909
176909
176907
176905
176905
176906
176910
176909
176907
176908
176911
176913
176913
176914
176917
176919
176921
176921
176921
176921
176921
176921
176921
176920
176920
176923
176925
176926
176926
176927
176929
176930
176929
176928
176929
176929
176929
176928
176927
176927
176929
176931
176930
176929
176928
176929
176932
176929
176928
176927
176927
176927
176927
176923
176922
176923
176922
176919
176918
176918
176919
176920
176919
176918
176917
176920
176920
176917
176916
176917
176918
176918
176917
176914
176914
176917
176918
176918
176917
176919
176921
176923
176923
176916
176913
176911
176911
176907
176904
176903
176903
176900
176898
176894
176890
176888
176888
176884
176879
176876
176874
176870
176865
176860
176857
176855
176853
176850
176846
176845
176845
176845
176843
176843
176845
176846
176849
176848
176844
176845
176846
176848
176847
176848
176851
176850
176850
176848
176847
176847
176849
176851
176852
176853
176855
176857
176861
176860
176857
176859
176863
176865
176862
176861
176864
176866
176868
176868
176866
176868
176872
176876
176878
176881
176887
176895
176900
176901
176903
176906
176909
176912
176914
176916
176920
176924
176927
176929
176929
176929
176930
176929
176928
176927
176929
176931
176933
176935
176937
176939
176943
176945
176949
176952
176956
176961
176965
176968
176972
176976
176981
176983
176983
176983
176984
176987
176990
176990
176988
176987
176987
176986
176983
176981
176981
176982
176982
176980
176980
176978
176977
176975
176973
176971
176970
176968
176965
176961
176956
176955
176956
176954
176952
176951
176950
176949
176950
176949
176945
176941
176939
176937
176934
176931
176929
176927
176923
176917
176909
176904
176899
176895
176889
176882
176879
176877
176874
176870
176863
176861
176859
176859
176858
176856
176854
176853
176852
176849
176843
176842
176841
176838
176833
176829
176827
176826
176826
176823
176822
176823
176823
176824
176824
176824
176827
176830
176833
176834
176832
176833
176837
176839
176837
176837
176840
176842
176844
176843
176840
176840
176840
176839
176839
176839
176838
176839
176839
176839
176838
176840
176843
176849
176850
176851
176853
176857
176860
176859
176858
176860
176864
176867
176866
176864
176866
176867
176870
176870
176869
176870
176874
176879
176880
176882
176885
176889
176892
176893
176891
176891
176895
176897
176897
176897
176899
176902
176903
176903
176902
176904
176905
176907
176909
176908
176910
176913
176916
176915
176914
176917
176920
176922
176920
176918
176916
176919
176919
176918
176919
176921
176923
176924
176925
176926
176928
176930
176933
176935
176935
176937
176939
176938
176936
176934
176933
176932
176931
176929
176927
176928
176930
176930
176927
176930
176932
176934
176935
176934
176932
176933
176933
176932
176930
176927
176925
176926
176927
176925
176926
176930
176934
176935
176935
176935
176936
176939
176938
176936
176935
176936
176936
176935
176934
176934
176934
176937
176939
176940
176941
176944
176949
176952
176954
176953
176952
176953
176953
176949
176945
176943
176941
176937
176932
176924
176919
176917
176916
176916
176916
176917
176920
176920
176918
176918
176922
176926
176927
176926
176924
176924
176924
176921
176914
176908
176903
176901
176896
176888
176880
176874
176869
176864
176856
176850
176845
176840
176836
176831
176825
176820
176817
176814
176810
176801
176795
176792
176789
176785
176782
176781
176783
176784
176783
176781
176781
176780
176779
176777
176773
176773
176773
176771
176768
176768
176772
176777
176778
176777
176778
176779
176781
176783
176785
176788
176788
176792
176796
176798
176800
176803
176808
176812
176814
176814
176818
176824
176829
176830
176832
176839
176844
176848
176851
176855
176858
176862
176865
176866
176866
176868
176872
176874
176873
176872
176874
176877
176880
176879
176880
176883
176887
176888
176888
176887
176888
176890
176889
176888
176885
176884
176886
176887
176887
176886
176887
176889
176891
176891
176891
176894
176898
176902
176904
176907
176914
176917
176920
176922
176924
176927
176928
176929
176930
176931
176933
176933
176932
176930
176932
176933
176933
176934
176933
176931
176930
176928
176924
176919
176915
176912
176909
176907
176904
176903
176901
176899
176897
176890
176884
176882
176880
176876
176872
176869
176867
176865
176862
176858
176855
176855
176856
176857
176858
176858
176859
176860
176859
176858
176857
176856
176856
176856
176855
176853
176853
176854
176852
176849
176848
176852
176852
176852
176852
176851
176851
176852
176854
176854
176854
176855
176857
176856
176855
176852
176850
176848
176847
176848
176849
176849
176849
176847
176846
176843
176842
176843
176843
176843
176842
176844
176848
176847
176847
176847
176849
176850
176849
176849
176851
176853
176853
176851
176850
176850
176853
176854
176854
176854
176858
176862
176866
176870
176871
176872
176874
176878
176878
176878
176876
176877
176878
176878
176877
176876
176876
176877
176877
176877
176877
176879
176882
176883
176884
176884
176884
176886
176889
176890
176894
176900
176908
176915
176920
176924
176928
176932
176935
176938
176938
176940
176942
176942
176942
176944
176945
176946
176946
176945
176946
176947
176950
176949
176948
176948
176948
176948
176947
176946
176945
176946
176947
176946
176947
176947
176949
176952
176955
176956
176956
176958
176959
176958
176954
176955
176956
176957
176954
176949
176944
176944
176944
176943
176943
176943
176943
176944
176945
176943
176943
176946
176949
176950
176948
176945
176944
176943
176942
176939
176936
176936
176938
176935
176935
176933
176936
176940
176942
176940
176940
176942
176941
176940
176935
176934
176935
176936
176934
176931
176928
176927
176928
176925
176923
176922
176925
176926
176925
176921
176920
176922
176922
176918
176914
176911
176911
176909
176905
176903
176899
176897
176897
176895
176893
176889
176888
176889
176889
176886
176882
176881
176880
176875
176868
176865
176863
176862
176859
176858
176857
176859
176860
176860
176861
176863
176865
176866
176866
176862
176861
176861
176860
176857
176857
176856
176857
176857
176858
176861
176862
176864
176866
176867
176866
176865
176865
176865
176865
176861
176859
176858
176858
176854
176849
176848
176849
176850
176850
176850
176854
176860
176862
176863
176864
176866
176869
176873
176873
176871
176871
176872
176873
176873
176872
176872
176874
176876
176877
176876
176878
176882
176882
176883
176881
176881
176883
176884
176884
176884
176884
176885
176885
176883
176880
176881
176881
176882
176882
176883
176884
176888
176891
176892
176892
176894
176897
176899
176897
176897
176899
176901
176903
176903
176901
176900
176900
176900
176899
176898
176900
176902
176904
176904
176903
176903
176904
176904
176900
176897
176896
176896
176894
176891
176888
176887
176889
176891
176889
176887
176886
176887
176886
176885
176883
176882
176882
176882
176880
176878
176875
176874
176873
176870
176866
176864
176865
176866
176863
176861
176863
176866
176869
176871
176874
176878
176883
176887
176888
176889
176891
176891
176891
176891
176889
176887
176886
176884
176880
176877
176875
176874
176873
176871
176868
176867
176867
176866
176863
176859
176856
176854
176851
176845
176841
176838
176836
176834
176830
176828
176828
176830
176830
176829
176829
176827
176829
176830
176831
176833
176835
176838
176840
176839
176838
176837
176838
176839
176837
176834
176832
176832
176832
176831
176830
176830
176832
176832
176831
176830
176830
176833
176836
176837
176837
176839
176841
176844
176846
176848
176851
176856
176859
176861
176863
176866
176870
176877
176880
176882
176884
176889
176893
176894
176896
176898
176902
176907
176909
176911
176913
176917
176920
176920
176920
176922
176924
176925
176925
176926
176927
176928
176929
176926
176925
176925
176926
176928
176928
176927
176927
176931
176932
176933
176931
176930
176930
176929
176926
176923
176923
176922
176919
176916
176912
176911
176911
176912
176912
176911
176913
176913
176913
176910
176907
176906
176907
176906
176902
176897
176896
176895
176894
176892
176887
176887
176888
176889
176887
176885
176883
176884
176884
176884
176882
176882
176885
176887
176889
176890
176890
176892
176895
176893
176891
176891
176892
176892
176889
176887
176886
176885
176883
176880
176880
176880
176881
176881
176877
176875
176875
176875
176874
176870
176868
176868
176870
176869
176866
176864
176863
176863
176862
176861
176856
176855
176855
176856
176855
176855
176854
176855
176855
176855
176854
176852
176852
176852
176852
176850
176849
176850
176850
176850
176849
176847
176846
176846
176845
176844
176844
176844
176846
176849
176849
176848
176850
176851
176850
176848
176848
176850
176850
176848
176846
176847
176849
176849
176847
176845
176842
176843
176844
176844
176842
176842
176844
176845
176843
176842
176845
176847
176850
176852
176854
176858
176862
176866
176868
176870
176873
176876
176877
176876
176875
176875
176879
176884
176887
176886
176889
176894
176897
176898
176899
176904
176911
176916
176918
176919
176922
176926
176930
176932
176932
176935
176937
176937
176935
176931
176932
176932
176928
176925
176923
176920
176921
176923
176920
176917
176914
176913
176914
176911
176909
176909
176911
176912
176910
176912
176914
176915
176916
176913
176909
176907
176906
176902
176897
176893
176888
176881
176875
176868
176859
176853
176849
176842
176834
176830
176827
176824
176820
176816
176811
176806
176806
176805
176803
176801
176800
176801
176804
176806
176806
176810
176813
176815
176812
176810
176811
176814
176814
176814
176814
176816
176818
176819
176820
176823
176825
176826
176827
176825
176824
176824
176822
176820
176816
176811
176810
176809
176806
176803
176803
176807
176811
176813
176813
176814
176817
176820
176822
176822
176822
176824
176825
176826
176824
176822
176823
176824
176826
176827
176828
176833
176838
176842
176845
176847
176849
176852
176854
176854
176854
176855
176857
176858
176857
176855
176855
176857
176857
176857
176855
176855
176854
176854
176854
176854
176855
176858
176859
176859
176857
176857
176858
176857
176854
176852
176851
176852
176853
176854
176851
176852
176857
176861
176862
176861
176864
176868
176869
176871
176873
176875
176877
176879
176876
176874
176874
176875
176875
176873
176872
176877
176882
176881
176885
176889
176894
176897
176899
176901
176903
176906
176909
176912
176913
176914
176914
176917
176917
176918
176920
176921
176924
176925
176922
176920
176923
176925
176926
176925
176924
176927
176929
176929
176928
176926
176925
176926
176927
176926
176923
176923
176925
176924
176923
176921
176921
176921
176919
176917
176914
176912
176913
176912
176911
176909
176909
176910
176910
176910
176908
176906
176907
176905
176901
176899
176899
176899
176897
176894
176889
176889
176889
176888
176885
176885
176886
176887
176884
176880
176876
176873
176869
176866
176863
176862
176860
176858
176858
176858
176857
176858
176858
176857
176854
176853
176855
176858
176860
176861
176860
176859
176860
176858
176854
176852
176852
176853
176852
176848
176845
176845
176844
176842
176841
176839
176840
176842
176841
176840
176836
176835
176836
176835
176833
176832
176831
176832
176832
176830
176828
176829
176831
176833
176833
176834
176838
176842
176843
176842
176841
176843
176844
176847
176846
176846
176848
176853
176854
176852
176850
176851
176855
176855
176855
176856
176859
176863
176863
176861
176861
176866
176869
176872
176870
176870
176869
176868
176866
176865
176865
176867
176868
176869
176867
176865
176865
176865
176865
176863
176866
176867
176868
176868
176864
176863
176864
176867
176866
176862
176861
176861
176861
176859
176854
176852
176853
176854
176852
176849
176846
176847
176848
176847
176846
176845
176847
176849
176848
176846
176844
176846
176845
176844
176845
176845
176847
176850
176851
176848
176846
176849
176849
176848
176848
176848
176849
176849
176850
176850
176849
176848
176848
176846
176845
176846
176849
176851
176852
176852
176850
176850
176853
176854
176855
176854
176858
176862
176864
176864
176864
176868
176872
176875
176877
176876
176877
176879
176879
176876
176874
176874
176877
176876
176873
176871
176872
176874
176875
176876
176877
176878
176881
176883
176885
176885
176887
176889
176891
176890
176888
176887
176888
176889
176886
176886
176888
176892
176891
176889
176890
176891
176892
176893
176890
176888
176889
176890
176891
176890
176890
176890
176890
176891
176890
176891
176892
176893
176891
176889
176888
176889
176889
176891
176891
176890
176892
176894
176893
176892
176893
176895
176895
176893
176890
176887
176884
176882
176878
176872
176867
176864
176862
176855
176846
176841
176838
176836
176829
176822
176819
176818
176815
176810
176806
176800
176798
176797
176794
176790
176788
176789
176790
176789
176784
176782
176783
176784
176783
176781
176777
176774
176775
176777
176774
176769
176768
176768
176770
176769
176769
176773
176775
176777
176777
176777
176782
176786
176787
176788
176789
176793
176798
176802
176802
176804
176808
176810
176809
176807
176806
176807
176810
176811
176810
176810
176812
176813
176812
176812
176812
176816
176817
176817
176818
176820
176821
176823
176825
176824
176825
176826
176828
176827
176825
176827
176830
176830
176829
176827
176828
176831
176835
176837
176840
176844
176847
176848
176851
176854
176856
176859
176865
176869
176871
176873
176877
176880
176885
176887
176889
176894
176902
176905
176906
176909
176914
176917
176918
176917
176918
176920
176924
176924
176923
176922
176924
176924
176923
176921
176921
176921
176921
176918
176914
176913
176911
176909
176904
176899
176895
176894
176894
176894
176893
176893
176894
176895
176895
176893
176892
176894
176895
176894
176894
176895
176897
176898
176894
176891
176890
176890
176890
176890
176889
176888
176891
176894
176895
176894
176895
176895
176897
176896
176891
176886
176885
176884
176882
176881
176881
176883
176883
176882
176881
176881
176883
176885
176885
176884
176884
176884
176885
176882
176880
176878
176877
176878
176875
176873
176873
176872
176873
176872
176870
176869
176869
176871
176869
176864
176862
176860
176859
176856
176852
176851
176853
176852
176848
176842
176840
176839
176840
176838
176836
176835
176837
176837
176838
176835
176835
176836
176838
176834
176830
176827
176826
176824
176821
176819
176818
176819
176820
176820
176819
176819
176822
176826
176826
176826
176828
176830
176832
176833
176835
176837
176837
176839
176840
176841
176842
176845
176847
176848
176848
176848
176851
176854
176855
176855
176856
176859
176860
176861
176859
176857
176859
176862
176864
176865
176863
176865
176867
176867
176866
176867
176872
176875
176876
176874
176877
176880
176884
176885
176886
176887
176890
176893
176894
176894
176893
176893
176896
176896
176896
176896
176896
176900
176898
176896
176898
176899
176898
176897
176896
176897
176899
176901
176900
176898
176896
176896
176895
176894
176892
176891
176892
176894
176890
176887
176886
176887
176888
176888
176884
176884
176884
176883
176881
176880
176878
176879
176882
176882
176881
176882
176884
176887
176886
176882
176880
176883
176888
176889
176890
176890
176890
176888
176886
176883
176881
176883
176886
176886
176883
176880
176880
176879
176877
176874
176871
176872
176872
176869
176867
176867
176868
176868
176866
176861
176859
176861
176862
176859
176858
176856
176854
176854
176852
176848
176846
176848
176845
176842
176838
176836
176837
176838
176837
176837
176838
176838
176836
176834
176832
176829
176828
176823
176819
176814
176813
176812
176811
176809
176804
176800
176800
176797
176793
176790
176791
176793
176792
176789
176784
176783
176783
176783
176781
176776
176775
176777
176778
176777
176778
176781
176783
176785
176786
176786
176787
176791
176794
176793
176791
176791
176794
176797
176797
176796
176797
176798
176801
176801
176802
176804
176806
176809
176809
176808
176810
176813
176817
176816
176815
176817
176819
176821
176822
176823
176826
176829
176832
176832
176831
176833
176837
176842
176844
176846
176850
176852
176855
176857
176858
176863
176870
176872
176873
176873
176874
176873
176873
176871
176868
176867
176865
176862
176858
176854
176852
176850
176847
176842
176838
176837
176836
176836
176835
176835
176835
176834
176831
176829
176830
176829
176831
176836
176836
176835
176838
176841
176842
176844
176846
176848
176850
176852
176853
176855
176861
176864
176868
176869
176870
176872
176874
176876
176875
176874
176876
176877
176877
176872
176869
176871
176873
176875
176874
176870
176871
176870
176870
176868
176867
176870
176874
176877
176881
176883
176884
176888
176890
176889
176884
176882
176882
176882
176880
176877
176875
176875
176876
176872
176868
176867
176867
176868
176866
176864
176864
176867
176869
176870
176872
176874
176876
176879
176879
176879
176880
176883
176885
176885
176882
176882
176885
176887
176887
176888
176892
176898
176898
176897
176895
176895
176898
176898
176897
176895
176894
176893
176893
176892
176887
176883
176882
176879
176873
176869
176867
176865
176864
176858
176854
176852
176852
176850
176850
176847
176846
176847
176850
176850
176849
176850
176853
176856
176857
176855
176856
176858
176860
176860
176858
176857
176859
176860
176861
176857
176855
176858
176859
176857
176854
176854
176855
176856
176854
176852
176849
176847
176846
176842
176838
176837
176837
176837
176834
176831
176832
176830
176830
176826
176821
176820
176821
176821
176820
176816
176817
176818
176817
176815
176812
176811
176812
176814
176812
176808
176809
176809
176806
176801
176797
176797
176798
176797
176793
176790
176788
176790
176789
176788
176787
176787
176787
176788
176787
176787
176788
176790
176792
176792
176792
176793
176792
176792
176792
176791
176792
176795
176797
176797
176795
176796
176799
176800
176797
176795
176795
176796
176796
176794
176793
176793
176795
176797
176797
176798
176801
176807
176811
176813
176814
176816
176819
176822
176824
176824
176828
176832
176835
176836
176837
176839
176842
176844
176844
176843
176844
176846
176848
176848
176846
176847
176850
176849
176846
176846
176845
176845
176845
176841
176837
176837
176838
176837
176836
176837
176839
176840
176839
176837
176836
176836
176838
176840
176841
176841
176843
176846
176848
176847
176847
176849
176852
176854
176853
176854
176856
176861
176863
176862
176862
176865
176868
176868
176868
176867
176868
176870
176872
176871
176870
176872
176875
176875
176874
176873
176875
176880
176882
176880
176877
176878
176879
176879
176876
176874
176875
176878
176879
176876
176873
176875
176876
176875
176873
176872
176873
176873
176873
176873
176869
176866
176866
176865
176863
176859
176857
176857
176854
176849
176844
176843
176842
176841
176837
176832
176829
176828
176827
176826
176825
176824
176824
176823
176820
176816
176815
176815
176815
176814
176812
176813
176812
176810
176808
176807
176808
176808
176809
176809
176809
176812
176813
176813
176812
176810
176811
176813
176814
176816
176815
176815
176815
176816
176816
176813
176816
176820
176822
176823
176822
176825
176828
176829
176828
176826
176826
176830
176830
176827
176825
176825
176827
176827
176825
176823
176824
176826
176828
176828
176827
176829
176832
176833
176834
176832
176833
176835
176835
176834
176832
176831
176830
176829
176826
176825
176826
176827
176828
176827
176828
176831
176833
176835
176837
176841
176843
176846
176850
176851
176850
176852
176855
176854
176851
176849
176849
176849
176847
176846
176847
176850
176853
176855
176854
176853
176854
176857
176858
176856
176854
176856
176859
176857
