171147
171143
171141
171144
171143
171142
171143
171144
171140
171142
171141
171139
171141
171141
171141
171142
171136
171134
171145
171148
171150
171146
171147
171150
171149
171151
171151
171144
171144
171149
171152
171149
171144
171148
171151
171149
171144
171143
171146
171146
171151
171159
171160
171159
171158
171157
171157
171158
171158
171157
171158
171159
171161
171161
171159
171151
171150
171154
171156
171158
171160
171159
171158
171160
171160
171159
171152
171153
171157
171163
171162
171159
171156
171155
171156
171159
171156
171150
171149
171152
171153
171145
171144
171150
171150
171153
171154
171159
171160
171158
171158
171155
171149
171146
171150
171153
171151
171152
171155
171156
171156
171153
171150
171149
171150
171155
171155
171154
171156
171157
171158
171160
171156
171153
171154
171148
171150
171155
171155
171155
171156
171158
171161
171164
171162
171156
171154
171152
171149
171149
171155
171157
171156
171153
171154
171156
171153
171151
171152
171155
171159
171157
171154
171159
171158
171156
171156
171157
171161
171164
171165
171163
171163
171158
171160
171155
171146
171152
171158
171156
171155
171153
171155
171158
171157
171157
171162
171166
171164
171162
171162
171158
171157
171163
171169
171171
171170
171164
171162
171170
171174
171172
171170
171174
171179
171174
171166
171166
171166
171164
171167
171167
171163
171162
171165
171168
171172
171170
171165
171169
171174
171170
171166
171166
171169
171172
171171
171170
171172
171171
171170
171167
171163
171166
171170
171173
171171
171171
171174
171174
171172
171169
171162
171169
171171
171171
171171
171172
171174
171174
171170
171170
171167
171161
171164
171168
171167
171166
171167
171170
171170
171169
171170
171169
171166
171166
171168
171163
171165
171167
171163
171160
171162
171170
171170
171158
171158
171157
171157
171159
171161
171160
171157
171160
171162
171163
171161
171158
171164
171166
171166
171164
171159
171158
171162
171164
171163
171168
171169
171171
171172
171169
171168
171168
171169
171169
171167
171164
171163
171169
171175
171170
171162
171163
171166
171165
171161
171158
171156
171158
171158
171159
171163
171164
171165
171164
171161
171161
171158
171166
171172
171172
171170
171165
171163
171164
171160
171157
171163
171165
171163
171163
171167
171174
171180
171178
171172
171168
171162
171160
171166
171167
171162
171159
171162
171165
171166
171162
171159
171163
171163
171158
171152
171161
171169
171170
171169
171170
171171
171168
171172
171172
171169
171169
171164
171165
171169
171169
171170
171177
171175
171171
171174
171172
171171
171169
171164
171163
171173
171176
171169
171168
171167
171163
171161
171164
171159
171152
171158
171164
171170
171169
171167
171167
171169
171169
171165
171165
171170
171174
171172
171166
171163
171165
171168
171166
171168
171167
171164
171165
171168
171162
171156
171160
171164
171162
171159
171159
171157
171154
171151
171142
171145
171150
171151
171158
171161
171158
171162
171164
171163
171162
171162
171164
171164
171163
171158
171161
171164
171161
171160
171160
171160
171161
171162
171162
171162
171156
171158
171162
171161
171159
171156
171153
171151
171149
171150
171154
171157
171161
171161
171157
171158
171161
171166
171168
171166
171157
171156
171163
171163
171164
171167
171169
171174
171178
171175
171172
171171
171174
171176
171173
171164
171158
171160
171163
171162
171160
171156
171152
171148
171147
171141
171143
171144
171140
171140
171142
171144
171143
171144
171143
171141
171143
171146
171151
171152
171148
171149
171154
171157
171157
171155
171155
171153
171152
171151
171146
171148
171146
171144
171143
171147
171148
171145
171143
171148
171147
171143
171142
171140
171140
171142
171144
171143
171141
171140
171133
171133
171144
171149
171145
171144
171149
171150
171149
171145
171138
171139
171142
171146
171146
171148
171149
171143
171144
171149
171145
171145
171149
171148
171142
171138
171135
171139
171138
171141
171138
171135
171145
171150
171144
171140
171138
171139
171141
171140
171138
171138
171143
171146
171147
171144
171141
171144
171144
171143
171143
171146
171144
171140
171145
171146
171145
171142
171139
171139
171144
171147
171147
171148
171148
171149
171146
171148
171150
171144
171142
171149
171155
171156
171150
171147
171150
171145
171141
171138
171136
171139
171143
171145
171142
171141
171143
171145
171149
171145
171142
171147
171143
171135
171133
171137
171140
171137
171133
171129
171126
171126
171128
171124
171117
171116
171120
171123
171121
171122
171120
171119
171119
171124
171123
171122
171125
171126
171127
171126
171124
171128
171133
171135
171138
171136
171137
171138
171134
171128
171126
171127
171127
171120
171118
171117
171110
171114
171118
171117
171114
171115
171110
171105
171095
171091
171098
171099
171096
171094
171093
171095
171098
171101
171096
171094
171091
171092
171091
171088
171084
171085
171096
171101
171101
171098
171106
171111
171110
171108
171110
171112
171109
171106
171110
171108
171109
171113
171111
171106
171101
171100
171100
171102
171103
171103
171102
171101
171105
171105
171102
171101
171099
171103
171106
171105
171112
171119
171120
171119
171118
171114
171117
171116
171114
171116
171119
171124
171124
171124
171125
171127
171129
171121
171120
171123
171125
171128
171124
171123
171121
171116
171115
171118
171115
171116
171118
171118
171119
171116
171115
171122
171128
171129
171127
171121
171125
171132
171136
171135
171129
171130
171140
171141
171134
171136
171136
171132
171132
171130
171128
171126
171124
171122
171117
171113
171114
171122
171125
171126
171126
171123
171120
171117
171118
171118
171123
171127
171125
171128
171127
171122
171122
171126
171121
171117
171118
171120
171122
171123
171127
171134
171139
171134
171131
171129
171124
171120
171117
171115
171122
171126
171127
171129
171132
171132
171128
171128
171129
171127
171124
171123
171123
171118
171119
171124
171123
171121
171131
171128
171127
171132
171134
171133
171134
171136
171139
171138
171133
171130
171132
171137
171140
171139
171137
171137
171143
171145
171139
171134
171131
171130
171131
171130
171129
171132
171136
171136
171132
171129
171127
171131
171133
171132
171129
171127
171130
171128
171126
171132
171134
171136
171137
171138
171138
171140
171137
171134
171131
171132
171132
171128
171122
171124
171139
171146
171142
171139
171148
171151
171150
171150
171153
171149
171146
171145
171151
171154
171150
171146
171143
171143
171144
171140
171136
171140
171143
171147
171143
171142
171141
171142
171146
171143
171141
171143
171142
171141
171140
171139
171143
171145
171146
171144
171143
171144
171145
171144
171145
171147
171147
171145
171144
171144
171146
171145
171149
171147
171144
171143
171145
171146
171143
171143
171148
171144
171145
171154
171152
171147
171145
171145
171148
171144
171139
171143
171152
171153
171153
171151
171147
171148
171152
171150
171148
171146
171147
171151
171145
171144
171151
171153
171154
171149
171147
171145
171145
171149
171146
171143
171143
171143
171140
171145
171148
171147
171149
171150
171150
171147
171138
171137
171146
171153
171154
171151
171157
171158
171153
171154
171156
171159
171158
171159
171163
171160
171160
171160
171158
171156
171157
171155
171155
171157
171157
171154
171154
171161
171161
171157
171158
171159
171160
171161
171156
171150
171153
171159
171161
171165
171160
171163
171166
171158
171153
171156
171156
171156
171157
171157
171155
171157
171161
171161
171156
171153
171156
171157
171155
171155
171161
171166
171169
171166
171153
171154
171159
171158
171153
171147
171146
171148
171147
171150
171151
171147
171145
171153
171154
171152
171152
171154
171154
171155
171151
171146
171152
171152
171149
171146
171147
171149
171152
171153
171152
171151
171153
171156
171150
171138
171141
171158
171163
171158
171156
171151
171155
171157
171154
171150
171146
171150
171154
171156
171157
171155
171155
171155
171152
171148
171151
171153
171155
171152
171152
171150
171147
171149
171150
171145
171141
171146
171151
171148
171149
171145
171145
171149
171147
171146
171147
171151
171154
171152
171151
171151
171150
171152
171155
171153
171152
171154
171155
171153
171152
171154
171154
171151
171151
171153
171154
171154
171150
171150
171151
171149
171149
171155
171151
171143
171153
171161
171162
171166
171161
171153
171152
171158
171157
171154
171150
171155
171159
171156
171154
171152
171151
171150
171146
171144
171151
171151
171152
171150
171147
171145
171149
171154
171155
171158
171159
171156
171156
171154
171152
171155
171155
171157
171157
171159
171155
171152
171155
171154
171153
171155
171158
171158
171156
171153
171151
171156
171156
171154
171154
171151
171148
171150
171148
171148
171154
171160
171158
171154
171158
171160
171158
171159
171159
171157
171157
171158
171164
171164
171165
171163
171164
171169
171169
171155
171145
171155
171163
171161
171158
171161
171166
171170
171165
171163
171171
171171
171174
171175
171168
171162
171176
171180
171176
171173
171170
171173
171173
171169
171170
171169
171165
171163
171171
171175
171171
171173
171179
171172
171166
171167
171171
171180
171186
171177
171168
171165
171170
171180
171183
171175
171176
171181
171177
171172
171171
171167
171161
171169
171188
171188
171182
171182
171177
171175
171186
171186
171173
171174
171178
171181
171192
171190
171180
171185
171191
171190
171185
171180
171183
171198
171197
171185
171181
171177
171173
171187
171198
171193
171184
171177
171175
171181
171196
171195
171188
171182
171187
171192
171188
171185
171195
171198
171196
171196
171196
171190
171193
171202
171203
171203
171199
171198
171198
171198
171198
171204
171206
171206
171203
171203
171207
171210
171211
171208
171201
171200
171197
171199
171199
171194
171199
171202
171201
171199
171199
171199
171205
171206
171203
171203
171206
171204
171207
171206
171204
171206
171212
171214
171214
171212
171211
171210
171204
171200
171206
171208
171207
171208
171204
171200
171198
171204
171208
171206
171205
171204
171206
171209
171209
171205
171202
171210
171208
171202
171201
171198
171202
171208
171205
171203
171207
171207
171209
171206
171202
171201
171205
171203
171203
171202
171202
171200
171197
171195
171190
171189
171199
171205
171208
171210
171204
171206
171212
171213
171212
171207
171204
171208
171208
171205
171208
171210
171210
171208
171204
171202
171202
171205
171203
171199
171203
171207
171205
171204
171204
171205
171204
171202
171194
171195
171201
171205
171206
171203
171203
171202
171197
171201
171200
171194
171198
171202
171199
171198
171198
171203
171204
171203
171205
171205
171204
171203
171199
171199
171202
171203
171203
171202
171202
171204
171206
171210
171207
171204
171204
171203
171207
171207
171203
171202
171204
171206
171206
171202
171198
171201
171205
171201
171196
171194
171200
171203
171203
171202
171198
171202
171208
171207
171202
171202
171201
171202
171202
171200
171202
171212
171217
171214
171212
171208
171208
171210
171210
171208
171206
171206
171214
171212
171205
171204
171205
171203
171200
171207
171208
171207
171209
171209
171209
171212
171216
171215
171211
171214
171216
171218
171221
171218
171213
171209
171212
171217
171216
171214
171212
171216
171218
171214
171210
171213
171214
171213
171210
171210
171209
171216
171221
171215
171206
171208
171214
171217
171214
171212
171214
171217
171223
171224
171221
171224
171229
171229
171223
171221
171222
171222
171222
171219
171217
171225
171226
171228
171229
171220
171216
171218
171217
171216
171212
171213
171218
171220
171218
171222
171224
171224
171223
171215
171215
171220
171223
171226
171229
171228
171225
171227
171227
171226
171226
171227
171222
171217
171220
171226
171229
171232
171235
171231
171228
171232
171231
171229
171226
171224
171225
171227
171228
171222
171222
171223
171220
171219
171218
171221
171229
171235
171240
171242
171243
171234
171226
171227
171228
171227
171227
171232
171232
171229
171225
171223
171227
171229
171222
171219
171222
171226
171224
171226
171230
171230
171227
171222
171224
171225
171222
171218
171221
171229
171233
171232
171232
171237
171236
171228
171226
171230
171232
171233
171230
171223
171217
171226
171227
171214
171219
171224
171229
171236
171238
171238
171233
171225
171223
171230
171232
171237
171241
171236
171231
171228
171231
171231
171231
171220
171218
171237
171245
171244
171241
171244
171243
171238
171235
171228
171230
171232
171231
171233
171231
171235
171239
171236
171230
171218
171218
171225
171231
171230
171233
171239
171240
171237
171236
171230
171233
171237
171234
171228
171229
171236
171237
171233
171231
171228
171224
171221
171228
171231
171227
171221
171224
171232
171233
171226
171223
171225
171226
171227
171228
171226
171221
171218
171221
171220
171221
171228
171233
171230
171224
171220
171215
171215
171227
171234
171231
171228
171232
171226
171224
171231
171237
171234
171229
171224
171227
171234
171237
171237
171234
171234
171235
171236
171233
171234
171235
171237
171234
171232
171241
171245
171246
171239
171231
171239
171242
171245
171246
171242
171239
171233
171233
171238
171237
171236
171234
171230
171237
171243
171244
171246
171248
171246
171243
171241
171240
171242
171241
171243
171247
171247
171249
171248
171244
171240
171244
171247
171243
171241
171243
171242
171242
171239
171235
171235
171236
171233
171235
171234
171233
171232
171235
171241
171241
171240
171238
171238
171234
171232
171233
171232
171237
171234
171228
171226
171223
171231
171231
171226
171228
171236
171241
171242
171243
171248
171242
171241
171241
171240
171238
171238
171233
171239
171242
171235
171232
171234
171246
171251
171246
171244
171244
171244
171244
171240
171238
171236
171233
171236
171237
171245
171250
171248
171246
171244
171242
171244
171243
171245
171249
171245
171244
171246
171247
171243
171240
171240
171237
171238
171242
171240
171242
171241
171239
171241
171246
171249
171251
171256
171254
171243
171240
171249
171250
171245
171245
171248
171248
171247
171244
171238
171234
171241
171243
171245
171244
171243
171244
171242
171240
171239
171244
171249
171248
171246
171245
171246
171240
171244
171245
171247
171251
171254
171253
171249
171244
171242
171248
171251
171249
171248
171251
171256
171246
171242
171250
171252
171249
171252
171251
171250
171249
171253
171255
171256
171254
171252
171256
171258
171255
171252
171256
171257
171261
171254
171254
171260
171261
171260
171257
171258
171262
171262
171256
171257
171259
171257
171255
171248
171249
171253
171255
171260
171264
171265
171258
171261
171266
171261
171260
171262
171258
171255
171258
171266
171261
171254
171251
171250
171253
171251
171249
171255
171258
171251
171248
171250
171251
171253
171249
171250
171257
171256
171253
171249
171244
171251
171257
171258
171253
171245
171247
171254
171254
171248
171243
171246
171250
171247
171233
171233
171243
171242
171238
171233
171236
171242
171241
171235
171235
171239
171239
171242
171248
171246
171239
171235
171233
171234
171234
171235
171238
171239
171240
171236
171235
171238
171242
171243
171240
171241
171241
171240
171244
171243
171246
171254
171257
171257
171256
171255
171259
171260
171260
171259
171263
171268
171270
171269
171268
171266
171264
171263
171264
171263
171260
171260
171257
171255
171252
171253
171262
171263
171265
171265
171265
171268
171271
171273
171273
171270
171274
171277
171272
171274
171271
171268
171267
171265
171265
171268
171268
171266
171267
171267
171268
171276
171275
171272
171273
171272
171270
171270
171266
171262
171268
171272
171272
171271
171272
171269
171268
171267
171267
171266
171263
171260
171258
171261
171261
171263
171265
171268
171266
171264
171261
171263
171263
171256
171254
171255
171255
171258
171266
171271
171269
171273
171273
171273
171273
171273
171275
171280
171280
171281
171275
171264
171265
171276
171277
171269
171271
171272
171267
171274
171278
171280
171279
171281
171278
171274
171276
171279
171278
171275
171275
171272
171273
171272
171267
171264
171269
171272
171269
171264
171264
171268
171271
171271
171263
171264
171272
171274
171271
171265
171265
171267
171269
171269
171272
171274
171275
171276
171273
171268
171259
171257
171267
171277
171275
171272
171274
171276
171269
171264
171265
171266
171266
171263
171264
171264
171263
171269
171271
171271
171266
171266
171269
171268
171263
171267
171275
171273
171271
171268
171268
171272
171274
171273
171274
171271
171267
171272
171272
171272
171266
171265
171268
171269
171269
171273
171275
171274
171274
171277
171278
171276
171276
171273
171269
171269
171274
171277
171275
171271
171272
171275
171278
171275
171274
171269
171270
171277
171276
171275
171273
171278
171281
171279
171279
171278
171279
171279
171276
171275
171276
171278
171278
171278
171273
171267
171273
171273
171270
171270
171267
171274
171276
171275
171272
171271
171274
171273
171275
171276
171275
171273
171274
171276
171277
171278
171283
171292
171286
171267
171264
171267
171268
171275
171271
171267
171265
171270
171276
171272
171273
171274
171270
171270
171271
171268
171264
171266
171273
171275
171272
171265
171266
171266
171262
171264
171266
171262
171269
171275
171272
171271
171275
171269
171276
171294
171295
171287
171284
171295
171297
171289
171282
171282
171285
171290
171294
171294
171287
171287
171288
171288
171293
171289
171282
171287
171288
171284
171285
171284
171287
171287
171285
171285
171282
171277
171281
171282
171280
171276
171277
171281
171285
171278
171271
171268
171267
171267
171264
171265
171265
171261
171262
171258
171254
171254
171253
171251
171250
171248
171247
171246
171244
171241
171241
171237
171234
171236
171231
171231
171238
171241
171240
171235
171237
171240
171242
171242
171236
171230
171225
171227
171237
171237
171230
171228
171233
171239
171239
171236
171235
171231
171229
171230
171231
171234
171237
171241
171241
171235
171235
171238
171240
171240
171236
171236
171240
171237
171234
171228
171235
171250
171248
171241
171239
171242
171242
171238
171239
171244
171249
171257
171262
171258
171257
171264
171272
171274
171273
171272
171270
171267
171274
171280
171277
171273
171279
171288
171292
171295
171297
171299
171300
171296
171292
171299
171307
171311
171309
171308
171314
171315
171311
171314
171321
171323
171317
171317
171320
171318
171321
171325
171330
171330
171329
171331
171331
171330
171332
171338
171338
171342
171342
171340
171334
171332
171334
171337
171336
171340
171336
171334
171335
171334
171331
171336
171343
171347
171345
171343
171345
171346
171349
171348
171343
171340
171337
171341
171344
171342
171344
171347
171351
171351
171351
171349
171351
171351
171345
171338
171338
171343
171347
171349
171346
171344
171345
171342
171336
171339
171342
171346
171347
171346
171344
171340
171342
171338
171335
171328
171329
171331
171330
171331
171334
171329
171320
171326
171338
171340
171340
171341
171337
171328
171327
171335
171339
171337
171326
171326
171329
171328
171327
171324
171321
171323
171327
171328
171323
171321
171325
171327
171325
171319
171317
171318
171316
171313
171315
171314
171311
171312
171309
171304
171304
171308
171307
171306
171304
171301
171302
171305
171304
171298
171294
171296
171297
171292
171291
171291
171286
171283
171285
171286
171280
171274
171279
171284
171282
171279
171277
171275
171277
171281
171280
171276
171272
171272
171267
171260
171257
171256
171255
171254
171251
171243
171245
171248
171246
171242
171242
171250
171257
171254
171257
171263
171265
171265
171260
171255
171255
171258
171259
171258
171258
171257
171257
171258
171261
171265
171266
171267
171272
171269
171266
171269
171273
171270
171266
171262
171262
171266
171266
171264
171260
171263
171267
171263
171261
171260
171260
171267
171274
171276
171275
171273
171275
171278
171277
171268
171259
171262
171270
171270
171267
171267
171272
171276
171274
171271
171270
171274
171279
171279
171280
171279
171278
171280
171278
171269
171270
171275
171276
171276
171280
171282
171282
171281
171279
171279
171279
171278
171277
171279
171278
171280
171284
171287
171288
171284
171284
171287
171287
171283
171286
171290
171290
171289
171287
171282
171276
171279
171286
171281
171278
171280
171282
171283
171279
171281
171288
171292
171289
171289
171285
171283
171282
171278
171279
171280
171283
171282
171283
171284
171287
171288
171290
171292
171290
171287
171285
171287
171287
171284
171284
171285
171286
171288
171286
171286
171287
171285
171284
171289
171287
171288
171292
171284
171282
171284
171285
171287
171291
171291
171289
171290
171293
171294
171292
171285
171287
171293
171294
171292
171290
171291
171291
171294
171291
171288
171290
171295
171291
171286
171287
171286
171286
171291
171290
171288
171290
171291
171290
171286
171281
171279
171280
171283
171286
171288
171290
171291
171292
171292
171296
171296
171297
171294
171291
171293
171295
171298
171300
171299
171294
171291
171294
171295
171291
171286
171291
171296
171296
171291
171289
171291
171295
171296
171297
171299
171298
171294
171290
171293
171294
171293
171297
171302
171303
171300
171295
171297
171301
171304
171305
171298
171292
171294
171292
171289
171284
171288
171291
171290
171288
171292
171296
171300
171303
171300
171294
171290
171289
171292
171298
171300
171300
171295
171293
171288
171285
171286
171284
171284
171288
171292
171294
171298
171297
171295
171298
171299
171298
171299
171295
171291
171291
171295
171295
171294
171292
171288
171286
171288
171290
171290
171292
171293
171292
171291
171291
171292
171290
171293
171294
171288
171292
171295
171292
171290
171292
171294
171297
171294
171289
171289
171297
171297
171296
171297
171295
171296
171296
171296
171298
171297
171296
171299
171302
171302
171301
171302
171301
171302
171300
171298
171298
171301
171300
171302
171306
171309
171312
171313
171306
171302
171305
171306
171302
171300
171297
171299
171302
171301
171305
171308
171312
171313
171312
171309
171306
171303
171303
171309
171309
171308
171310
171310
171308
171303
171306
171312
171314
171312
171314
171313
171311
171316
171315
171313
171309
171307
171310
171306
171305
171304
171302
171304
171306
171304
171302
171305
171307
171309
171311
171308
171312
171318
171315
171310
171310
171315
171317
171315
171303
171303
171310
171310
171308
171305
171301
171300
171298
171301
171298
171292
171293
171291
171290
171291
171291
171291
171295
171298
171296
171298
171301
171294
171288
171295
171293
171290
171295
171290
171287
171291
171290
171288
171290
171288
171285
171288
171291
171293
171289
171287
171289
171291
171287
171277
171276
171279
171282
171281
171277
171270
171270
171278
171281
171276
171275
171274
171270
171269
171268
171265
171268
171270
171267
171265
171268
171276
171279
171277
171273
171274
171281
171281
171274
171274
171279
171279
171275
171275
171273
171272
171272
171273
171273
171276
171275
171275
171276
171273
171262
171261
171270
171271
171271
171269
171269
171271
171272
171270
171264
171260
171267
171272
171267
171271
171272
171269
171268
171271
171271
171272
171274
171272
171272
171270
171274
171276
171273
171274
171271
171268
171272
171278
171279
171278
171275
171276
171275
171275
171272
171272
171279
171280
171277
171270
171273
171275
171276
171274
171273
171273
171272
171273
171271
171270
171272
171273
171272
171271
171274
171277
171276
171275
171274
171268
171267
171269
171272
171272
171268
171271
171275
171277
171275
171276
171276
171278
171280
171276
171273
171268
171266
171270
171270
171271
171274
171273
171271
171271
171268
171266
171268
171273
171272
171269
171268
171270
171272
171271
171268
171267
171270
171278
171279
171276
171277
171279
171278
171277
171282
171284
171286
171280
171279
171281
171281
171282
171286
171284
171279
171277
171282
171282
171278
171275
171273
171278
171280
171279
171277
171272
171273
171278
171277
171277
171278
171283
171283
171279
171276
171281
171283
171279
171274
171272
171276
171279
171281
171282
171280
171279
171281
171281
171283
171280
171276
171285
171291
171289
171284
171285
171284
171283
171281
171280
171282
171283
171283
171278
171274
171274
171275
171279
171278
171279
171284
171288
171287
171285
171286
171286
171287
171290
171287
171289
171288
171284
171281
171283
171286
171284
171281
171281
171279
171280
171278
171279
171285
171287
171284
171285
171290
171290
171285
171284
171289
171292
171291
171289
171292
171291
171288
171287
171285
171280
171282
171289
171291
171291
171291
171290
171288
171291
171293
171288
171285
171289
171290
171288
171285
171285
171286
171286
171286
171283
171282
171283
171285
171289
171287
171286
171288
171284
171279
171284
171285
171284
171285
171287
171285
171284
171285
171286
171288
171288
171287
171291
171293
171292
171291
171289
171291
171295
171293
171290
171288
171289
171293
171293
171286
171285
171292
171290
171285
171282
171289
171292
171291
171289
171292
171290
171290
171290
171288
171293
171293
171289
171291
171294
171291
171283
171280
171291
171291
171286
171288
171290
171292
171291
171289
171288
171283
171282
171288
171290
171289
171291
171291
171295
171297
171295
171295
171298
171299
171300
171295
171287
171280
171279
171289
171293
171290
171289
171288
171287
171287
171288
171289
171292
171293
171290
171290
171292
171296
171294
171289
171292
171301
171297
171291
171288
171292
171295
171291
171288
171292
171296
171300
171303
171303
171304
171305
171302
171298
171302
171306
171304
171300
171299
171303
171305
171304
171300
171304
171310
171310
171308
171312
171310
171305
171303
171303
171302
171308
171312
171313
171314
171316
171314
171312
171308
171311
171313
171314
171309
171310
171314
171314
171312
171313
171309
171303
171304
171310
171317
171318
171315
171317
171315
171308
171304
171307
171312
171313
171312
171312
171311
171310
171312
171312
171311
171315
171318
171317
171318
171316
171314
171313
171315
171316
171317
171319
171321
171318
171311
171314
171317
171315
171312
171306
171304
171311
171315
171314
171311
171310
171311
171313
171314
171315
171315
171313
171314
171315
171314
171314
171307
171308
171311
171311
171312
171312
171309
171308
171307
171309
171313
171315
171315
171319
171321
171323
171323
171323
171321
171317
171315
171318
171316
171317
171317
171319
171318
171320
171319
171316
171317
171319
171320
171314
171310
171314
171316
171316
171314
171312
171312
171313
171316
171316
171316
171320
171324
171320
171313
171311
171320
171323
171319
171315
171314
171314
171314
171315
171313
171311
171313
171318
171320
171319
171320
171319
171318
171323
171323
171319
171319
171323
171323
171320
171317
171316
171317
171312
171315
171317
171315
171316
171318
171316
171318
171320
171324
171322
171319
171319
171326
171324
171325
171323
171318
171320
171324
171325
171323
171321
171318
171318
171322
171322
171318
171319
171323
171321
171322
171325
171326
171328
171326
171324
171323
171322
171319
171326
171329
171325
171324
171328
171331
171337
171334
171334
171335
171335
171331
171332
171333
171331
171333
171334
171328
171325
171331
171335
171334
171331
171336
171338
171338
171333
171331
171332
171332
171328
171333
171337
171337
171340
171342
171341
171342
171347
171348
171345
171340
171339
171340
171340
171333
171329
171326
171320
171318
171319
171317
171318
171321
171318
171320
171325
171323
171322
171321
171320
171319
171318
171319
171323
171319
171315
171320
171324
171325
171324
171321
171320
171319
171317
171320
171322
171322
171323
171325
171326
171322
171321
171320
171318
171319
171324
171329
171333
171333
171329
171329
171333
171334
171336
171337
171335
171336
171337
171339
171337
171337
171338
171338
171340
171337
171340
171337
171339
171340
171339
171342
171342
171347
171347
171343
171342
171340
171338
171342
171340
171338
171338
171338
171345
171349
171344
171341
171342
171346
171349
171351
171352
171351
171348
171347
171346
171339
171340
171344
171340
171339
171336
171341
171346
171343
171338
171338
171341
171341
171340
171341
171339
171337
171344
171346
171344
171340
171338
171335
171334
171335
171335
171336
171340
171338
171338
171338
171341
171347
171343
171343
171346
171341
171346
171349
171352
171349
171344
171342
171344
171345
171343
171346
171345
171345
171348
171344
171346
171351
171350
171351
171349
171348
171345
171343
171347
171348
171344
171347
171346
171343
171349
171356
171358
171354
171349
171349
171346
171341
171336
171339
171338
171340
171345
171342
171337
171336
171339
171343
171343
171341
171345
171344
171346
171343
171342
171346
171348
171350
171349
171349
171347
171347
171344
171344
171349
171352
171351
171351
171352
171353
171351
171355
171356
171353
171343
171342
171344
171348
171350
171353
171351
171353
171353
171350
171350
171351
171347
171349
171349
171345
171347
171351
171352
171355
171352
171345
171347
171352
171351
171352
171356
171359
171359
171360
171358
171356
171357
171363
171366
171365
171357
171356
171363
171361
171359
171361
171361
171365
171364
171357
171357
171365
171368
171365
171359
171357
171363
171367
171365
171363
171362
171366
171366
171366
171364
171358
171354
171362
171363
171361
171358
171354
171361
171361
171362
171360
171359
171358
171361
171361
171359
171358
171361
171354
171352
171360
171365
171365
171361
171362
171364
171362
171366
171365
171358
171355
171359
171355
171351
171361
171363
171364
171369
171364
171363
171366
171367
171371
171368
171364
171365
171366
171367
171370
171370
171372
171372
171374
171375
171379
171375
171372
171372
171369
171370
171367
171368
171371
171374
171370
171371
171374
171375
171374
171378
171378
171380
171384
171383
171379
171374
171370
171368
171370
171372
171370
171369
171372
171374
171374
171373
171374
171374
171376
171376
171374
171377
171381
171379
171378
171380
171378
171374
171377
171379
171376
171376
171375
171375
171379
171379
171376
171377
171380
171378
171379
171382
171383
171384
171381
171380
171381
171377
171372
171376
171379
171375
171378
171384
171381
171375
171374
171373
171361
171360
171368
171372
171373
171375
171375
171375
171376
171372
171371
171366
171365
171370
171372
171372
171371
171368
171371
171373
171372
171372
171369
171369
171374
171375
171371
171369
171371
171370
171366
171368
171371
171370
171366
171370
171372
171371
171371
171373
171372
171369
171372
171374
171377
171379
171375
171369
171371
171372
171372
171365
171364
171375
171379
171377
171375
171373
171379
171379
171376
171374
171370
171367
171370
171368
171364
171364
171371
171376
171382
171380
171376
171372
171370
171371
171368
171374
171377
171374
171370
171370
171374
171373
171370
171372
171377
171378
171378
171377
171375
171376
171375
171378
171379
171373
171375
171376
171379
171379
171378
171376
171373
171369
171371
171375
171373
171372
171376
171378
171376
171371
171374
171379
171381
171381
171381
171383
171382
171380
171385
171385
171382
171379
171382
171382
171380
171380
171380
171379
171382
171382
171381
171382
171379
171382
171383
171381
171379
171376
171378
171376
171374
171375
171377
171376
171371
171370
171369
171376
171378
171378
171382
171382
171383
171381
171381
171382
171384
171383
171382
171380
171377
171378
171374
171376
171377
171375
171380
171385
171383
171376
171376
171378
171377
171379
171378
171378
171378
171381
171383
171380
171378
171379
171381
171379
171378
171372
171371
171380
171387
171382
171382
171385
171383
171384
171386
171383
171382
171389
171392
171390
171388
171388
171389
171391
171390
171389
171392
171397
171395
171393
171391
171389
171390
171392
171391
171388
171390
171392
171391
171390
171385
171387
171392
171387
171385
171386
171387
171386
171384
171382
171385
171386
171386
171389
171391
171394
171398
171398
171397
171397
171395
171395
171393
171390
171384
171382
171384
171390
171392
171392
171394
171393
171392
171389
171388
171390
171392
171392
171389
171384
171383
171388
171395
171395
171394
171393
171396
171395
171389
171396
171401
171402
171405
171400
171391
171393
171402
171403
171401
171398
171397
171398
171392
171393
171393
171394
171398
171396
171397
171396
171392
171391
171391
171392
171388
171388
171392
171393
171392
171390
171388
171388
171392
171396
171397
171395
171400
171402
171402
171399
171397
171399
171398
171400
171401
171401
171401
171396
171392
171398
171402
171400
171400
171404
171402
171401
171403
171404
171402
171400
171401
171399
171402
171405
171406
171407
171405
171407
171410
171408
171406
171409
171410
171408
171406
171404
171401
171402
171406
171408
171405
171406
171406
171403
171402
171397
171401
171402
171399
171393
171389
171395
171402
171401
171401
171399
171401
171403
171401
171400
171398
171401
171407
171405
171406
171408
171409
171408
171406
171405
171406
171406
171410
171412
171409
171406
171405
171405
171403
171406
171411
171409
171404
171405
171406
171406
171411
171412
171410
171408
171408
171404
171407
171408
171405
171405
171408
171411
171408
171407
171409
171409
171412
171408
171407
171405
171404
171411
171412
171408
171406
171410
171415
171411
171408
171406
171405
171404
171396
171400
171404
171404
171409
171409
171409
171405
171407
171415
171414
171410
171405
171406
171411
171415
171411
171410
171411
171413
171411
171403
171406
171408
171408
171411
171413
171415
171412
171413
171417
171414
171411
171415
171423
171424
171412
171404
171405
171407
171406
171397
171396
171397
171400
171397
171395
171398
171397
171393
171394
171391
171390
171392
171394
171393
171391
171389
171394
171395
171395
171395
171394
171393
171396
171400
171399
171396
171394
171400
171399
171398
171395
171397
171400
171398
171396
171392
171390
171388
171389
171392
171390
171390
171391
171396
171393
171391
171391
171393
171393
171388
171387
171388
171385
171389
171394
171394
171396
171399
171399
171398
171398
171402
171405
171402
171401
171404
171404
171405
171399
171396
171399
171401
171403
171399
171398
171398
171395
171397
171391
171389
171393
171392
171390
171388
171386
171386
171383
171388
171392
171388
171384
171385
171387
171385
171381
171385
171387
171387
171383
171378
171378
171378
171374
171372
171380
171386
171390
171393
171393
171388
171387
171386
171385
171381
171375
171378
171379
171379
171380
171377
171376
171377
171375
171375
171377
171381
171383
171382
171384
171384
171383
171385
171390
171388
171390
171389
171387
171388
171391
171388
171387
171395
171400
171400
171395
171392
171391
171392
171392
171388
171390
171395
171396
171395
171388
171383
171384
171381
171377
171381
171381
171381
171380
171379
171383
171384
171384
171387
171389
171391
171391
171391
171394
171394
171395
171395
171395
171394
171392
171389
171392
171394
171393
171398
171406
171412
171413
171413
171407
171401
171403
171403
171401
171401
171396
171392
171397
171401
171399
171396
171394
171396
171400
171399
171401
171402
171398
171399
171405
171408
171407
171409
171410
171408
171404
171400
171405
171405
171403
171403
171400
171402
171408
171407
171406
171404
171401
171401
171394
171397
171401
171398
171400
171402
171398
171395
171395
171394
171395
171397
171400
171403
171405
171400
171401
171404
171406
171407
171409
171409
171407
171408
171411
171413
171413
171409
171408
171411
171411
171407
171405
171405
171403
171407
171410
171410
171411
171414
171410
171406
171406
171404
171404
171407
171408
171405
171411
171412
171411
171408
171405
171410
171417
171419
171417
171418
171418
171414
171416
171416
171410
171410
171415
171414
171412
171414
171415
171412
171409
171403
171399
171403
171410
171412
171412
171413
171414
171416
171413
171413
171411
171412
171415
171411
171413
171417
171418
171418
171417
171416
171414
171414
171414
171413
171416
171421
171420
171423
171425
171420
171420
171419
171421
171421
171419
171422
171422
171419
171419
171417
171414
171412
171411
171414
171412
171415
171424
171423
171419
171417
171415
171420
171425
171424
171417
171416
171419
171417
171415
171418
171418
171418
171416
171413
171417
171419
171423
171428
171429
171427
171427
171427
171424
171421
171423
171422
171422
171426
171427
171426
171426
171427
171425
171424
171416
171414
171423
171424
171426
171429
171428
171426
171425
171424
171416
171416
171421
171420
171423
171425
171426
171430
171433
171433
171429
171426
171424
171428
171428
171426
171421
171423
171429
171433
171431
171428
171432
171435
171430
171427
171422
171424
171427
171428
171423
171424
171428
171429
171425
171417
171417
171420
171432
171436
171432
171432
171437
171443
171442
171437
171437
171438
171437
171435
171431
171427
171429
171431
171434
171432
171434
171440
171442
171438
171430
171437
171438
171435
171431
171427
171426
171430
171434
171432
171436
171442
171441
171437
171440
171441
171439
171438
171437
171438
171436
171437
171441
171439
171435
171434
171434
171436
171435
171434
171429
171432
171436
171433
171431
171429
171424
171424
171433
171434
171434
171439
171442
171442
171439
171437
171435
171431
171435
171436
171435
171439
171443
171443
171446
171446
171444
171440
171438
171433
171435
171439
171443
171441
171440
171439
171441
171440
171439
171433
171431
171433
171438
171437
171440
171438
171435
171434
171432
171436
171437
171433
171436
171441
171437
171432
171427
171433
171436
171436
171437
171436
171434
171435
171434
171428
171429
171429
171426
171427
171427
171429
171433
171437
171436
171433
171428
171430
171435
171436
171434
171436
171435
171434
171440
171442
171443
171444
171446
171446
171441
171437
171442
171444
171447
171443
171438
171436
171441
171441
171438
171438
171439
171443
171441
171438
171440
171447
171449
171445
171444
171443
171444
171448
171451
171453
171453
171452
171449
171450
171450
171448
171447
171446
171442
171439
171435
171442
171451
171448
171448
171449
171450
171447
171442
171445
171447
171447
171450
171451
171450
171448
171449
171454
171454
171449
171448
171453
171454
171456
171454
171454
171453
171453
171449
171449
171453
171452
171452
171451
171449
171449
171452
171450
171446
171448
171450
171450
171450
171453
171451
171450
171446
171444
171443
171442
171443
171446
171451
171449
171447
171452
171456
171455
171453
171451
171449
171448
171446
171450
171454
171453
171451
171449
171450
171451
171449
171454
171457
171456
171455
171454
171451
171453
171455
171450
171447
171450
171456
171455
171452
171454
171456
171456
171451
171449
171449
171448
171452
171453
171450
171450
171450
171446
171442
171442
171445
171445
171447
171447
171442
171444
171449
171454
171456
171452
171453
171457
171461
171459
171454
171458
171461
171459
171457
171453
171450
171452
171455
171452
171449
171446
171442
171445
171448
171446
171443
171446
171452
171454
171453
171453
171455
171452
171448
171449
171447
171454
171456
171454
171453
171452
171451
171454
171454
171451
171446
171446
171455
171461
171456
171454
171457
171461
171459
171457
171464
171468
171466
171461
171459
171459
171458
171458
171459
171452
171451
171456
171461
171462
171460
171462
171459
171462
171462
171459
171461
171462
171464
171465
171463
171464
171465
171464
171464
171460
171462
171464
171464
171466
171463
171464
171471
171472
171469
171467
171466
171467
171461
171459
171463
171462
171459
171463
171465
171463
171458
171460
171468
171466
171462
171459
171467
171470
171469
171462
171455
171456
171464
171469
171465
171457
171457
171464
171466
171462
171461
171466
171466
171466
171467
171466
171470
171473
171469
171469
171470
171476
171478
171476
171477
171477
171480
171485
171482
171477
171479
171480
171478
171474
171474
171477
171477
171480
171484
171483
171482
171483
171486
171485
171488
171488
171485
171480
171480
171481
171481
171484
171482
171479
171478
171477
171480
171480
171478
171482
171487
171486
171483
171480
171482
171481
171482
171485
171486
171487
171484
171487
171490
171490
171486
171481
171486
171492
171489
171486
171486
171490
171495
171491
171483
171487
171491
171488
171485
171487
171486
171485
171484
171480
171478
171477
171486
171491
171489
171485
171485
171490
171489
171487
171485
171479
171483
171488
171482
171480
171476
171477
171478
171477
171480
171482
171484
171484
171481
171480
171480
171482
171483
171482
171480
171480
171485
171487
171484
171479
171477
171479
171484
171486
171485
171486
171488
171486
171486
171486
171485
171485
171490
171491
171484
171479
171480
171483
171484
171480
171485
171492
171484
171474
171478
171475
171474
171479
171476
171474
171475
171471
171472
171468
171463
171465
171469
171470
171471
171468
171464
171465
171462
171458
171459
171460
171461
171466
171471
171466
171462
171466
171466
171465
171463
171460
171460
171465
171472
171469
171466
171468
171470
171466
171462
171464
171468
171466
171464
171464
171463
171467
171468
171464
171467
171468
171468
171469
171469
171464
171462
171473
171477
171474
171474
171475
171473
171470
171467
171472
171473
171474
171476
171476
171473
171468
171467
171468
171470
171468
171465
171468
171474
171476
171471
171472
171474
171473
171474
171472
171470
171470
171477
171477
171472
171470
171472
171472
171467
171468
171471
171473
171476
171482
171485
171485
171483
171483
171479
171476
171480
171476
171479
171482
171481
171479
171475
171474
171473
171473
171476
171482
171484
171480
171473
171470
171466
171468
171474
171475
171474
171474
171477
171482
171483
171478
171476
171484
171491
171488
171485
171485
171485
171489
171486
171481
171486
171488
171486
171485
171482
171485
171484
171482
171487
171489
171485
171484
171482
171480
171485
171487
171485
171483
171483
171480
171473
171477
171488
171488
171484
171485
171486
171489
171488
171485
171485
171483
171481
171477
171477
171479
171486
171486
171485
171488
171490
171489
171485
171479
171477
171480
171479
171476
171475
171477
171476
171471
171472
171477
171477
171478
171477
171473
171468
171473
171483
171483
171477
171471
171470
171477
171481
171482
171481
171475
171477
171478
171470
171466
171466
171466
171466
171472
171471
171468
171471
171476
171473
171467
171470
171473
171476
171476
171474
171471
171472
171470
171473
171475
171473
171470
171467
171464
171467
171472
171472
171474
171480
171481
171482
171486
171487
171480
171479
171486
171485
171481
171481
171477
171475
171476
171478
171474
171479
171487
171488
171492
171496
171499
171500
171497
171499
171505
171506
171502
171501
171502
171497
171492
171491
171491
171491
171490
171492
171495
171502
171502
171505
171505
171506
171513
171517
171515
171515
171517
171522
171522
171519
171526
171529
171527
171531
171528
171513
171508
171514
171517
171514
171516
171517
171517
171517
171516
171516
171515
171519
171519
171519
171512
171508
171507
171505
171503
171504
171498
171496
171497
171493
171488
171488
171493
171495
171491
171493
171494
171497
171503
171499
171495
171496
171494
171500
171497
171493
171494
171498
171499
171500
171505
171504
171505
171508
171509
171508
171508
171513
171517
171519
171514
171511
171510
171515
171508
171504
171501
171497
171496
171493
171493
171500
171501
171501
171509
171516
171520
171522
171521
171521
171524
171527
171523
171524
171524
171521
171523
171521
171519
171518
171519
171520
171522
171522
171522
171524
171524
171527
171530
171531
171532
171532
171534
171533
171531
171525
171521
171522
171523
171522
171522
171521
171522
171530
171534
171535
171540
171543
171544
171541
171537
171532
171535
171538
171536
171540
171539
171540
171543
171541
171542
171548
171545
171543
171538
171533
171538
171543
171541
171540
171538
171542
171544
171546
171548
171545
171547
171549
171548
171546
171544
171546
171554
171559
171559
171557
171556
171553
171553
171552
171546
171544
171546
171548
171547
171546
171547
171553
171555
171549
171546
171551
171554
171558
171561
171560
171560
171562
171564
171563
171559
171555
171550
171553
171559
171560
171561
171562
171562
171562
171559
171556
171553
171555
171559
171560
171556
171554
171560
171561
171560
171559
171560
171564
171562
171558
171557
171560
171564
171563
171563
171566
171568
171568
171563
171562
171565
171563
171561
171564
171563
171562
171562
171559
171557
171557
171556
171555
171558
171559
171556
171559
171569
171573
171574
171571
171571
171570
171572
171569
171566
171566
171567
171565
171566
171569
171566
171566
171568
171566
171565
171564
171565
171568
171565
171559
171556
171559
171562
171561
171560
171565
171572
171574
171572
171567
171562
171559
171560
171558
171554
171555
171557
171557
171556
171555
171548
171552
171554
171549
171542
171537
171538
171539
171537
171535
171529
171530
171536
171534
171531
171531
171534
171538
171539
171538
171538
171538
171537
171534
171526
171526
171531
171532
171530
171530
171528
171529
171532
171532
171527
171525
171527
171530
171528
171525
171524
171525
171528
171528
171528
171527
171524
171526
171528
171524
171522
171524
171526
171524
171519
171521
171524
171524
171519
171520
171523
171524
171522
171520
171519
171517
171518
171519
171519
171515
171518
171522
171523
171523
171523
171521
171520
171523
171525
171523
171515
171518
171523
171522
171519
171521
171522
171522
171519
171512
171510
171512
171518
171518
171517
171514
171520
171528
171526
171526
171529
171529
171530
171530
171529
171528
171530
171530
171525
171524
171526
171528
171529
171528
171526
171527
171525
171527
171528
171525
171522
171524
171529
171524
171517
171523
171533
171539
171537
171538
171540
171543
171544
171538
171537
171543
171549
171552
171548
171544
171550
171558
171559
171555
171552
171550
171549
171555
171554
171554
171559
171561
171563
171560
171559
171562
171563
171566
171567
171568
171569
171570
171571
171571
171566
171566
171567
171569
171574
171576
171576
171581
171580
171577
171577
171578
171579
171581
171581
171581
171581
171579
171583
171582
171579
171581
171584
171582
171580
171579
171579
171581
171579
171577
171581
171581
171582
171587
171588
171584
171587
171591
171593
171594
171592
171588
171590
171594
171594
171591
171589
171590
171591
171590
171591
171594
171595
171598
171594
171591
171594
171598
171596
171594
171594
171594
171592
171591
171591
171590
171585
171585
171590
171591
171590
171590
171591
171592
171585
171583
171586
171588
171591
171593
171592
171590
171591
171593
171592
171588
171587
171587
171590
171588
171584
171581
171580
171581
171578
171573
171572
171569
171568
171573
171573
171574
171578
171580
171578
171573
171576
171577
171575
171571
171572
171575
171580
171581
171580
171578
171575
171577
171574
171573
171576
171575
171577
171581
171581
171582
171583
171582
171584
171581
171577
171574
171574
171575
171574
171576
171581
171582
171582
171579
171578
171577
171580
171579
171575
171571
171569
171569
171567
171564
171568
171575
171578
171577
171574
171573
171574
171582
171587
171582
171578
171578
171578
171578
171574
171572
171573
171578
171580
171579
171580
171580
171583
171582
171577
171576
171578
171579
171580
171581
171579
171581
171581
171581
171579
171580
171583
171587
171590
171589
171588
171592
171595
171593
171590
171585
171580
171588
171594
171590
171588
171590
171590
171589
171583
171580
171579
171579
171580
171577
171578
171575
171575
171578
171578
171580
171582
171588
171591
171592
171594
171593
171591
171592
171594
171593
171589
171587
171596
171599
171597
171599
171606
171609
171609
171609
171607
171607
171605
171596
171596
171595
171588
171584
171584
171580
171575
171571
171573
171582
171583
171584
171586
171588
171587
171582
171579
171582
171583
171578
171576
171577
171577
171578
171581
171580
171581
171583
171580
171580
171580
171584
171588
171590
171587
171585
171588
171590
171592
171587
171584
171584
171588
171591
171589
171589
171589
171591
171589
171584
171578
171577
171578
171575
171571
171574
171575
171579
171582
171582
171581
171580
171578
171583
171583
171580
171581
171585
171584
171580
171576
171580
171582
171583
171581
171580
171584
171588
171589
171584
171582
171583
171581
171586
171589
171589
171589
171590
171593
171593
171590
171589
171584
171582
171584
171582
171585
171585
171584
171583
171581
171582
171589
171594
171592
171592
171596
171596
171594
171600
171600
171597
171595
171595
171593
171594
171590
171591
171597
171594
171587
171587
171592
171594
171590
171589
171589
171593
171595
171597
171598
171595
171596
171599
171600
171596
171594
171597
171603
171603
171601
171599
171601
171603
171604
171602
171603
171603
171603
171603
171604
171606
171607
171602
171601
171603
171603
171603
171607
171607
171605
171602
171602
171606
171607
171603
171602
171607
171609
171607
171604
171601
171602
171606
171605
171603
171604
171605
171604
171602
171598
171599
171603
171604
171601
171600
171604
171608
171608
171609
171607
171606
171608
171610
171608
171607
171609
171611
171610
171610
171610
171613
171611
171610
171612
171611
171610
171610
171610
171607
171606
171607
171611
171612
171611
171610
171612
171613
171612
171607
171606
171611
171617
171618
171617
171614
171610
171610
171612
171611
171607
171610
171614
171618
171617
171614
171613
171616
171618
171618
171614
171612
171614
171615
171611
171609
171610
171614
171615
171609
171607
171610
171612
171613
171614
171614
171614
171617
171620
171617
171614
171609
171604
171605
171607
171610
171613
171615
171615
171612
171607
171607
171609
171608
171608
171603
171602
171610
171614
171613
171610
171608
171610
171614
171613
171610
171610
171612
171609
171609
171615
171619
171621
171620
171617
171615
171615
171618
171621
171620
171613
171615
171622
171622
171617
171615
171614
171616
171617
171613
171610
171615
171618
171618
171614
171612
171614
171612
171612
171615
171618
171620
171623
171623
171620
171619
171616
171617
171624
171627
171625
171623
171623
171622
171621
171620
171616
171620
171622
171621
171623
171624
171625
171626
171624
171622
171625
171625
171622
171620
171621
171622
171625
171627
171623
171619
171616
171616
171619
171619
171618
171617
171622
171627
171628
171626
171624
171621
171617
171610
171611
171614
171618
171621
171620
171620
171620
171621
171623
171619
171618
171618
171621
171622
171618
171617
171619
171618
171618
171616
171614
171614
171616
171615
171614
171613
171611
171612
171620
171620
171615
171614
171616
171616
171611
171611
171614
171616
171614
171609
171610
171615
171619
171617
171611
171606
171605
171607
171611
171609
171603
171600
171610
171617
171614
171610
171607
171610
171613
171613
171611
171609
171611
171614
171611
171607
171604
171605
171611
171612
171612
171612
171611
171612
171613
171614
171616
171612
171618
171621
171617
171617
171620
171621
171618
171617
171618
171619
171617
171617
171618
171617
171620
171620
171618
171617
171617
171618
171618
171616
171614
171609
171610
171620
171619
171616
171614
171614
171616
171616
171615
171613
171615
171619
171619
171620
171620
171620
171620
171615
171616
171618
171619
171620
171618
171620
171624
171624
171621
171620
171619
171620
171620
171621
171621
171616
171615
171620
171620
171617
171618
171621
171622
171624
171623
171620
171620
171620
171615
171609
171611
171612
171617
171619
171616
171613
171611
171610
171610
171610
171607
171607
171609
171609
171611
171612
171615
171615
171614
171613
171612
171613
171614
171616
171616
171614
171614
171611
171613
171615
171615
171615
171615
171616
171618
171614
171612
171614
171615
171613
171607
171610
171613
171614
171613
171610
171609
171613
171618
171621
171620
171616
171617
171619
171619
171618
171616
171617
171622
171629
171625
171623
171623
171623
171623
171620
171618
171618
171616
171618
171618
171616
171617
171615
171610
171611
171612
171612
171614
171617
171620
171622
171620
171619
171619
171617
171618
171623
171626
171623
171620
171620
171621
171622
171621
171619
171616
171619
171621
171622
171625
171627
171629
171631
171627
171623
171622
171622
171622
171621
171622
171622
171625
171624
171626
171631
171632
171630
171629
171629
171626
171626
171626
171627
171626
171626
171626
171627
171626
171624
171620
171618
171622
171623
171628
171628
171624
171626
171628
171626
171625
171626
171630
171636
171639
171639
171638
171639
171636
171632
171633
171638
171640
171639
171638
171637
171638
171641
171639
171636
171632
171632
171635
171635
171634
171632
171635
171637
171636
171638
171639
171638
171639
171643
171645
171645
171646
171647
171647
171646
171647
171646
171648
171650
171647
171646
171647
171648
171652
171654
171652
171650
171651
171651
171649
171646
171644
171644
171642
171642
171641
171639
171644
171644
171642
171641
171641
171643
171645
171644
171645
171649
171651
171652
171650
171649
171648
171648
171653
171655
171655
171656
171655
171653
171651
171651
171650
171655
171665
171662
171658
171658
171657
171657
171652
171648
171650
171652
171652
171652
171653
171652
171652
171653
171652
171650
171651
171653
171653
171650
171649
171653
171656
171658
171658
171657
171660
171666
171666
171664
171662
171659
171657
171664
171663
171658
171663
171668
171669
171668
171664
171665
171665
171665
171665
171663
171664
171668
171667
171664
171660
171660
171664
171665
171661
171660
171662
171665
171667
171668
171664
171660
171660
171663
171662
171658
171655
171659
171663
171661
171663
171665
171668
171669
171666
171661
171665
171671
171668
171667
171669
171673
171677
171679
171677
171672
171666
171664
171665
171665
171661
171667
171674
171676
171673
171670
171668
171670
171670
