176215
176216
176217
176218
176221
176224
176223
176222
176223
176228
176231
176231
176231
176233
176236
176240
176239
176237
176239
176241
176244
176243
176241
176240
176243
176240
176240
176239
176238
176241
176241
176239
176237
176238
176237
176240
176239
176238
176238
176241
176243
176245
176245
176246
176249
176250
176249
176247
176246
176249
176248
176246
176246
176246
176246
176246
176246
176245
176244
176247
176247
176247
176247
176247
176248
176253
176252
176252
176253
176256
176255
176256
176257
176256
176256
176259
176258
176256
176260
176263
176266
176266
176264
176263
176265
176265
176261
176259
176258
176259
176260
176259
176257
176256
176258
176258
176258
176259
176258
176259
176262
176258
176253
176252
176254
176256
176257
176254
176255
176256
176259
176259
176259
176258
176260
176259
176257
176253
176251
176254
176258
176259
176258
176258
176261
176263
176258
176255
176254
176257
176257
176257
176256
176257
176256
176255
176253
176249
176247
176246
176246
176245
176242
176236
176236
176236
176232
176228
176225
176225
176227
176226
176222
176223
176226
176227
176224
176222
176221
176221
176221
176220
176218
176220
176222
176221
176220
176218
176217
176219
176221
176220
176217
176216
176216
176214
176209
176207
176207
176208
176208
176206
176202
176201
176201
176199
176196
176193
176191
176192
176194
176191
176190
176189
176189
176191
176191
176190
176191
176192
176192
176191
176191
176193
176195
176196
176198
176195
176194
176196
176197
176192
176187
176187
176189
176189
176188
176187
176188
176190
176191
176192
176192
176191
176191
176192
176192
176192
176192
176194
176196
176196
176194
176192
176191
176193
176191
176188
176188
176189
176188
176184
176181
176183
176187
176190
176191
176190
176190
176193
176194
176192
176193
176195
176196
176198
176199
176196
176194
176195
176199
176198
176198
176201
176206
176211
176211
176212
176214
176217
176217
176215
176215
176215
176215
176217
176219
176217
176216
176215
176213
176211
176210
176212
176214
176217
176218
176217
176220
176222
176222
176221
176220
176220
176219
176220
176216
176214
176215
176215
176216
176215
176213
176213
176217
176218
176219
176218
176219
176221
176223
176221
176218
176217
176217
176217
176214
176210
176210
176211
176212
176209
176206
176206
176208
176212
176213
176213
176214
176214
176213
176211
176211
176208
176207
176208
176205
176204
176204
176204
176202
176199
176196
176197
176201
176203
176203
176204
176206
176208
176210
176210
176210
176209
176209
176210
176209
176206
176205
176205
176204
176200
176199
176199
176200
176201
176200
176199
176202
176206
176208
176208
176206
176207
176208
176206
176204
176202
176200
176199
176200
176196
176191
176190
176191
176190
176185
176183
176182
176182
176183
176182
176181
176182
176183
176185
176184
176181
176181
176182
176184
176185
176186
176188
176190
176195
176196
176196
176199
176203
176206
176207
176209
176212
176214
176214
176213
176211
176209
176209
176208
176207
176202
176199
176197
176195
176191
176186
176185
176184
176185
176182
176180
176182
176183
176186
176186
176185
176185
176187
176190
176193
176193
176198
176203
176207
176207
176206
176205
176207
176211
176213
176212
176211
176210
176211
176213
176211
176210
176211
176212
176211
176209
176207
176209
176210
176210
176207
176206
176208
176210
176210
176210
176211
176213
176217
176218
176218
176223
176226
176225
176226
176224
176225
176227
176229
176229
176229
176231
176236
176241
176244
176244
176245
176247
176247
176248
176249
176252
176253
176252
176250
176249
176252
176253
176251
176250
176248
176246
176245
176244
176240
176238
176236
176236
176236
176234
176232
176233
176233
176234
176232
176230
176227
176228
176229
176226
176224
176224
176224
176227
176231
176230
176231
176234
176236
176234
176233
176232
176236
176237
176234
176231
176231
176233
176232
176227
176222
176224
176224
176221
176218
176217
176220
176223
176222
176218
176214
176210
176210
176208
176206
176204
176205
176207
176208
176206
176202
176203
176204
176204
176203
176202
176202
176205
176207
176204
176203
176205
176208
176210
176210
176208
176209
176211
176208
176205
176201
176199
176200
176198
176196
176196
176195
176194
176192
176192
176191
176192
176193
176194
176191
176189
176188
176190
176188
176184
176181
176180
176180
176179
176173
176171
176174
176176
176174
176171
176173
176173
176173
176175
176175
176176
176180
176183
176185
176187
176188
176188
176192
176194
176192
176192
176192
176194
176195
176193
176192
176192
176193
176193
176191
176191
176192
176193
176191
176191
176192
176196
176201
176204
176205
176205
176206
176207
176209
176210
176212
176215
176219
176223
176227
176227
176232
176238
176239
176240
176241
176243
176244
176242
176239
176237
176237
176237
176235
176229
176224
176221
176217
176216
176213
176210
176209
176208
176211
176213
176213
176212
176215
176216
176216
176216
176217
176221
176222
176221
176221
176223
176224
176224
176223
176222
176221
176221
176223
176222
176220
176220
176220
176223
176219
176215
176216
176218
176217
176217
176218
176218
176218
176215
176216
176217
176219
176221
176220
176217
176214
176216
176217
176217
176216
176215
176217
176218
176218
176216
176218
176219
176218
176220
176220
176218
176218
176221
176224
176225
176226
176227
176230
176231
176226
176223
176222
176224
176225
176224
176224
176228
176229
176229
176230
176234
176237
176241
176243
176244
176245
176245
176242
176241
176240
176238
176239
176241
176240
176236
176234
176232
176232
176232
176232
176231
176232
176233
176233
176230
176229
176228
176229
176231
176231
176230
176233
176236
176236
176235
176236
176239
176243
176242
176241
176239
176239
176240
176241
176239
176237
176237
176240
176240
176236
176235
176235
176236
176235
176228
176223
176222
176220
176217
176215
176213
176213
176213
176213
176211
176209
176208
176209
176208
176206
176204
176204
176206
176204
176199
176199
176199
176200
176199
176199
176200
176201
176203
176205
176202
176201
176203
176206
176208
176207
176207
176209
176213
176215
176213
176212
176214
176215
176216
176217
176215
176214
176216
176217
176215
176213
176214
176215
176215
176212
176208
176209
176210
176209
176205
176203
176204
176205
176205
176201
176199
176203
176203
176204
176203
176203
176207
176209
176208
176207
176206
176209
176207
176207
176205
176205
176204
176203
176201
176199
176195
176195
176197
176196
176198
176200
176199
176199
176195
176189
176187
176187
176185
176181
176178
176175
176172
176172
176171
176168
176166
176164
176164
176163
176162
176158
176156
176157
176158
176158
176159
176161
176164
176166
176165
176162
176162
176163
176165
176164
176163
176164
176164
176164
176161
176161
176163
176166
176167
176166
176165
176166
176167
176168
176165
176160
176160
176160
176159
176155
176154
176154
176155
176156
176154
176152
176155
176160
176161
176162
176162
176167
176173
176177
176179
176182
176184
176188
176191
176189
176191
176193
176197
176197
176197
176195
176196
176201
176201
176200
176202
176205
176205
176204
176203
176203
176206
176208
176208
176207
176208
176210
176213
176213
176214
176217
176221
176224
176223
176224
176226
176229
176230
176231
176232
176230
176232
176234
176235
176234
176235
176234
176236
176237
176236
176236
176238
176240
176241
176241
176241
176243
176244
176242
176238
176234
176233
176233
176231
176228
176230
176229
176231
176232
176230
176231
176235
176238
176240
176240
176238
176240
176242
176240
176238
176238
176240
176243
176244
176241
176241
176242
176243
176243
176244
176245
176250
176256
176258
176256
176253
176253
176254
176254
176251
176249
176249
176250
176248
176244
176240
176238
176238
176236
176236
176233
176231
176233
176232
176230
176229
176229
176231
176229
176225
176222
176223
176220
176217
176214
176214
176214
176212
176209
176208
176210
176214
176214
176211
176212
176209
176208
176208
176205
176202
176199
176195
176190
176184
176175
176169
176166
176162
176156
176148
176141
176136
176127
176117
176113
176110
176106
176104
176101
176094
176091
176086
176085
176082
176079
176076
176077
176078
176075
176068
176069
176071
176072
176072
176072
176074
176076
176077
176076
176076
176078
176078
176080
176082
176080
176080
176085
176089
176094
176096
176100
176105
176109
176112
176114
176115
176118
176121
176121
176122
176121
176119
176121
176122
176121
176125
176130
176134
176137
176138
176140
176142
176145
176144
176145
176147
176151
176152
176151
176150
176150
176152
176152
176154
176156
176158
176158
176158
176159
176160
176162
176164
176167
176169
176170
176170
176172
176174
176176
176176
176177
176181
176187
176189
176190
176192
176195
176202
176205
176204
176205
176208
176210
176211
176212
176213
176218
176222
176223
176221
176221
176226
176227
176226
176224
176226
176228
176229
176228
176227
176229
176230
176232
176232
176231
176230
176231
176233
176232
176229
176227
176228
176228
176223
176220
176220
176222
176226
176225
176223
176223
176224
176223
176221
176219
176217
176217
176217
176213
176210
176206
176206
176208
176208
176206
176205
176205
176207
176202
176201
176204
176205
176207
176207
176204
176203
176204
176204
176201
176198
176198
176201
176202
176200
176197
176195
176196
176196
176194
176193
176195
176197
176199
176198
176194
176193
176195
176197
176195
176192
176193
176195
176195
176190
176187
176186
176187
176186
176181
176178
176177
176177
176175
176172
176168
176165
176165
176163
176157
176150
176151
176153
176153
176152
176150
176152
176157
176159
176158
176156
176158
176161
176163
176162
176159
176160
176162
176161
176159
176158
176157
176157
176156
176153
176151
176152
176150
176147
176144
176139
176136
176136
176134
176133
176131
176131
176130
176130
176127
176127
176127
176127
176128
176131
176129
176129
176132
176131
176129
176128
176130
176132
176136
176136
176135
176137
176142
176143
176140
176140
176141
176144
176145
176145
176145
176147
176151
176152
176152
176153
176155
176157
176157
176156
176158
176160
176162
176164
176165
176167
176168
176168
176172
176174
176173
176173
176175
176177
176177
176175
176176
176182
176187
176188
176189
176192
176196
176198
176197
176197
176200
176204
176206
176207
176209
176211
176212
176214
176210
176207
176206
176207
176209
176209
176205
176205
176207
176209
176209
176205
176206
176208
176209
176206
176203
176204
176206
176206
176206
176203
176204
176207
176208
176209
176208
176210
176215
176218
176221
176221
176225
176231
176235
176239
176241
176245
176248
176251
176251
176252
176255
176258
176259
176260
176263
176263
176263
176266
176266
176266
176266
176268
176269
176268
176265
176267
176270
176270
176268
176265
176264
176267
176265
176258
176257
176259
176260
176260
176260
176262
176265
176270
176269
176267
176267
176268
176269
176269
176266
176262
176261
176261
176259
176258
176257
176259
176261
176260
176258
176255
176257
176257
176254
176249
176244
176242
176240
176234
176227
176221
176213
176207
176200
176192
176184
176179
176174
176166
176159
176152
176145
176143
176141
176136
176131
176128
176129
176125
176121
176117
176114
176113
176110
176106
176100
176098
176099
176098
176095
176089
176089
176090
176088
176085
176084
176087
176092
176094
176093
176092
176093
176094
176093
176092
176091
176094
176095
176094
176091
176089
176089
176091
176091
176091
176093
176094
176096
176098
176098
176099
176104
176108
176111
176114
176114
176115
176117
176117
176116
176115
176116
176119
176121
176121
176122
176127
176131
176133
176136
176140
176146
176152
176156
176159
176164
176167
176167
176166
176164
176162
176161
176158
176159
176159
176160
176161
176162
176165
176167
176167
176172
176178
176185
176188
176192
176197
176200
176200
176201
176203
176207
176209
176211
176213
176211
176212
176212
176209
176207
176204
176207
176211
176212
176212
176212
176214
176214
176216
176216
176215
176219
176224
176224
176221
176218
176218
176217
176216
176213
176211
176211
176212
176208
176206
176207
176209
176210
176207
176205
176204
176203
176203
176201
176199
176198
176200
176202
176202
176202
176202
176201
176199
176197
176197
176198
176200
176203
176207
176206
176206
176205
176205
176204
176203
176202
176202
176202
176205
176202
176199
176199
176200
176200
176201
176200
176200
176201
176200
176196
176195
176195
176197
176197
176196
176198
176201
176203
176205
176208
176210
176212
176213
176214
176213
176211
176209
176210
176207
176206
176203
176200
176198
176197
176195
176191
176193
176194
176192
176188
176187
176186
176186
176184
176181
176179
176179
176180
176177
176176
176175
176175
176175
176173
176174
176172
176173
176178
176180
176178
176180
176181
176181
176181
176179
176177
176177
176174
176171
176166
176162
176158
176156
176154
176151
176148
176149
176151
176149
176147
176148
176149
176152
176154
176155
176157
176159
176160
176161
176159
176159
176161
176161
176159
176159
176162
176164
176166
176167
176162
176161
176162
176163
176163
176161
176161
176163
176166
176166
176164
176165
176167
176167
176167
176166
176165
176167
176168
176167
176165
176165
176165
176168
176165
176163
176162
176163
176165
176165
176163
176162
176164
176166
176165
176165
176166
176169
176172
176172
176171
176171
176177
176179
176179
176179
176182
176189
176191
176190
176190
176190
176191
176189
176187
176186
176185
176187
176189
176187
176184
176185
176186
176186
176185
176184
176183
176182
176184
176185
176184
176184
176184
176184
176185
176184
176185
176187
176190
176192
176192
176190
176193
176193
176190
176189
176189
176190
176193
176193
176191
176191
176192
176190
176189
176188
176191
176195
176198
176199
176198
176197
176198
176200
176200
176199
176198
176200
176204
176205
176201
176200
176202
176206
176205
176205
176208
176209
176210
176207
176204
176203
176203
176203
176199
176194
176192
176194
176194
176192
176188
176186
176187
176189
176188
176186
176185
176188
176190
176191
176190
176192
176195
176196
176194
176192
176194
176200
176204
176206
176208
176212
176216
176218
176218
176222
176228
176234
176238
176238
176238
176242
176247
176252
176250
176249
176252
176254
176254
176253
176252
176254
176257
176260
176261
176258
176256
176257
176258
176254
176252
176249
176249
176247
176242
176237
176233
176230
176228
176224
176222
176219
176219
176217
176214
176208
176206
176205
176201
176197
176191
176188
176188
176186
176180
176176
176175
176173
176171
176170
176168
176167
176166
176167
176166
176165
176166
176165
176163
176161
176160
176157
176158
176159
176156
176153
176152
176149
176147
176147
176143
176141
176142
176144
176141
176136
176134
176132
176130
176126
176124
176122
176121
176119
176114
176111
176111
176109
176108
176108
176104
176103
176103
176103
176103
176104
176103
176106
176109
176110
176112
176115
176117
176118
176116
176117
176119
176119
176119
176119
176119
176121
176125
176125
176126
176125
176127
176131
176135
176139
176142
176142
176146
176148
176147
176149
176153
176157
176158
176157
176156
176158
176158
176158
176159
176158
176158
176159
176158
176157
176155
176154
176155
176156
176157
176158
176160
176161
176162
176160
176161
176165
176169
176171
176171
176171
176171
176171
176173
176173
176172
176172
176174
176175
176173
176173
176172
176173
176174
176176
176176
176179
176183
176185
176186
176187
176188
176189
176192
176193
176194
176192
176196
176198
176197
176198
176197
176194
176193
176191
176185
176183
176184
176187
176188
176188
176189
176189
176190
176189
176187
176190
176193
176194
176191
176188
176188
176186
176183
176181
176180
176178
176179
176180
176180
176180
176178
176181
176183
176182
176184
176187
176190
176192
176189
176184
176185
176188
176188
176185
176183
176182
176185
176183
176181
176179
176178
176179
176177
176175
176174
176176
176179
176182
176182
176181
176184
176187
176190
176191
176189
176189
176193
176195
176191
176188
176192
176195
176195
176194
176193
176195
176198
176199
176198
176196
176197
176196
176197
176194
176191
176191
176192
176193
176190
176187
176188
176186
176183
176180
176176
176174
176174
176171
176166
176164
176163
176161
176159
176158
176156
176154
176154
176153
176151
176149
176149
176150
176149
176148
176147
176147
176148
176147
176145
176145
176144
176143
176143
176142
176141
176145
176151
176154
176156
176157
176158
176159
176161
176159
176161
176163
176166
176168
176169
176167
176169
176171
176170
176170
176171
176174
176176
176177
176177
176176
176177
176180
176182
176182
176181
176181
176181
176181
176181
176179
176183
176187
176186
176184
176182
176182
176185
176183
176179
176176
176176
176178
176176
176173
176174
176177
176179
176179
176178
176178
176178
176180
176183
176183
176184
176183
176186
176186
176185
176184
176185
176187
176188
176188
176186
176184
176187
176187
176186
176185
176186
176189
176190
176190
176189
176189
176190
176189
176187
176185
176189
176190
176190
176189
176188
176190
176192
176191
176190
176191
176191
176194
176195
176196
176195
176195
176196
176196
176191
176188
176190
176190
176190
176190
176188
176189
176189
176187
176187
176187
176187
176188
176188
176188
176184
176182
176183
176183
176180
176175
176174
176174
176173
176172
176170
176171
176174
176176
176174
176173
176176
176181
176181
176181
176181
176183
176189
176190
176188
176188
176192
176194
176193
176192
176191
176193
176193
176190
176189
176187
176188
176188
176188
176188
176188
176188
176187
176188
176187
176189
176193
176197
176199
176199
176199
176201
176202
176200
176200
176199
176198
176198
176198
176193
176190
176193
176192
176191
176189
176190
176191
176191
176186
176183
176180
176178
176179
176176
176172
176171
176169
176168
176168
176166
176166
176167
176170
176171
176174
176178
176183
176188
176190
176190
176190
176193
176196
176197
176198
176200
176200
176200
176200
176198
176197
176199
176199
176196
176192
176189
176190
176191
176192
176191
176191
176193
176193
176190
176185
176183
176184
176184
176182
176181
176181
176180
176180
176181
176180
176178
176180
176184
176183
176182
176180
176181
176183
176186
176185
176183
176186
176187
176185
176184
176183
176184
176186
176184
176183
176178
176176
176175
176173
176171
176169
176167
176165
176163
176160
176156
176154
176154
176152
176149
176148
176148
176149
176149
176144
176142
176140
176141
176142
176140
176140
176142
176142
176139
176137
176136
176136
176136
176137
176136
176132
176131
176129
176127
176123
176121
176123
176123
176121
176120
176119
176119
176120
176121
176120
176119
176117
176120
176121
176120
176119
176121
176122
176123
176123
176122
176124
176127
176130
176130
176131
176135
176139
176143
176143
176142
176147
176151
176153
176153
176154
176159
176162
176161
176162
176163
176163
176163
176162
176161
176162
176163
176164
176163
176161
176164
176168
176167
176164
176165
176166
176166
176168
176168
176170
176171
176174
176176
176175
176176
176175
176178
176182
176182
176184
176187
176189
176193
176192
176192
176192
176194
176195
176195
176193
176193
176191
176189
176186
176183
176181
176181
176182
176181
176179
176176
176176
176179
176178
176174
176172
176174
176177
176178
176176
176179
176182
176188
176187
176185
176187
176190
176194
176192
176193
176195
176196
176200
176200
176197
176196
176195
176195
176193
176191
176188
176189
176189
176190
176185
176185
176188
176187
176183
176180
176177
176178
176180
176180
176177
176176
176175
176176
176174
176172
176169
176171
176172
176171
176166
176163
176160
176160
176160
176159
176158
176159
176160
176159
176160
176163
176164
176167
176168
176164
176163
176164
176164
176163
176164
176166
176166
176169
176169
176167
176169
176172
176175
176175
176174
176178
176180
176181
176181
176180
176181
176183
176183
176182
176184
176183
176182
176182
176182
176180
176179
176180
176180
176180
176179
176181
176184
176187
176185
176184
176185
176186
176187
176186
176184
176184
176188
176189
176188
176185
176183
176183
176183
176181
176181
176182
176184
176185
176183
176181
176181
176183
176186
176185
176184
176186
176186
176188
176186
176183
176183
176184
176185
176184
176180
176178
176177
176175
176172
176168
176166
176164
176162
176156
176150
176145
176144
176144
176142
176137
176134
176133
176135
176135
176130
176129
176131
176132
176130
176127
176126
176128
176129
176129
176129
176130
176132
176133
176134
176135
176137
176142
176146
176148
176149
176151
176153
176159
176162
176160
176163
176168
176171
176171
176169
176169
176173
176175
176175
176173
176173
176173
176175
176176
176177
176177
176180
176183
176184
176182
176181
176182
176184
176183
176180
176181
176182
176184
176184
176180
176180
176182
176181
176181
176182
176184
176186
176188
176188
176187
176187
176191
176195
176196
176196
176195
176196
176198
176193
176188
176186
176187
176188
176187
176185
176186
176189
176187
176185
176183
176183
176184
176185
176185
176181
176179
176181
176181
176180
176176
176174
176176
176176
176174
176171
176172
176176
176178
176174
176170
176168
176167
176165
176161
176156
176155
176155
176155
176152
176149
176147
176147
176149
176149
176147
176148
176152
176153
176151
176148
176148
176151
176151
176147
176142
176143
176142
176142
176140
176139
176140
176141
176143
176141
176138
176136
176136
176134
176134
176131
176130
176133
176136
176138
176139
176142
176146
176150
176154
176157
176162
176166
176167
176168
176168
176170
176171
176170
176169
176166
176161
176157
176153
176149
176146
176141
176140
176140
176138
176135
176135
176134
176133
176129
176126
176126
176126
176124
176117
176114
176110
176109
176109
176110
176110
176113
176118
176121
176121
176124
176126
176128
176131
176133
176134
176135
176137
176136
176134
176129
176129
176131
176131
176128
176127
176130
176130
176130
176130
176133
176137
176142
176143
176144
176146
176149
176150
176149
176148
176147
176145
176146
176147
176147
176147
176147
176152
176155
176156
176157
176160
176164
176171
176177
176182
176186
176192
176197
176197
176195
176197
176200
176203
176200
176195
176194
176195
176195
176191
176190
176191
176193
176193
176194
176195
176196
176199
176202
176205
176209
176211
176215
176219
176222
176222
176223
176224
176227
176229
176227
176229
176234
176238
176239
176240
176241
176244
176245
176246
176244
176245
176250
176250
176249
176244
176241
176238
176236
176231
176229
176229
176229
176224
176222
176221
176221
176221
176219
176220
176220
176222
176223
176224
176222
176219
176219
176218
176218
176217
176217
176217
176216
176215
176214
176212
176212
176213
176214
176214
176210
176208
176212
176213
176212
176212
176216
176218
176220
176220
176219
176217
176220
176221
176219
176219
176223
176226
176226
176225
176225
176228
176230
176230
176227
176225
176226
176227
176227
176227
176229
176231
176237
176237
176239
176241
176245
176246
176246
176244
176242
176241
176237
176232
176228
176223
176219
176217
176213
176208
176204
176205
176202
176200
176199
176196
176194
176195
176194
176190
176189
176189
176187
176186
176181
176174
176171
176171
176168
176162
176156
176154
176154
176153
176149
176144
176145
176146
176147
176147
176148
176153
176157
176159
176156
176155
176158
176162
176163
176165
176167
176173
176177
176180
176180
176179
176180
176183
176186
176185
176184
176186
176189
176185
176181
176179
176179
176179
176179
176180
176179
176181
176184
176184
176185
176185
176185
176187
176188
176186
176186
176188
176185
176182
176181
176179
176179
176178
176177
176177
176176
176175
176171
176169
176167
176165
176168
176169
176168
176168
176165
176167
176170
176169
176169
176169
176171
176172
176173
176170
176171
176175
176179
176182
176182
176180
176181
176178
176177
176177
176176
176177
176179
176174
176173
176168
176168
176171
176172
176172
176171
176172
176173
176173
176168
176167
176169
176172
176173
176172
176170
176172
176170
176168
176167
176166
176166
176168
176167
176166
176163
176166
176168
176170
176171
176172
176174
176177
176177
176175
176176
176177
176180
176180
176179
176181
176182
176181
176181
176180
176179
176179
176180
176179
176177
176174
176175
176175
176173
176168
176166
176170
176175
176171
176170
176168
176170
176170
176169
176167
176168
176169
176168
176170
176170
176168
176169
176171
176171
176172
176172
176175
176181
176183
176183
176185
176188
176191
176192
176190
176191
176194
176196
176198
176199
176199
176200
176202
176202
176202
176202
176206
176209
176209
176210
176210
176213
176215
176215
176212
176212
176215
176217
176218
176218
176218
176220
176222
176222
176221
176219
176221
176224
176224
176222
176220
176221
176220
176219
176217
176217
176218
176221
176222
176219
176222
176226
176228
176229
176227
176229
176230
176231
176229
176227
176226
176228
176228
176226
176223
176223
176225
176226
176226
176225
176226
176230
176234
176231
176226
176227
176227
176226
176225
176223
176223
176224
176225
176225
176223
176223
176223
176224
176225
176223
176219
176220
176220
176217
176217
176217
176219
176220
176219
176216
176214
176215
176212
176212
176210
176205
176202
176199
176196
176191
176185
176183
176184
176183
176182
176180
176181
176183
176182
176179
176181
176181
176180
176179
176179
176179
176181
176182
176181
176179
176177
176176
176177
176175
176174
176172
176172
176174
176170
176166
176163
176164
176164
176163
176160
176160
176162
176160
176156
176154
176154
176158
176161
176162
176161
176162
176165
176166
176166
176166
176166
176169
176170
176167
176166
176166
176167
176166
176161
176160
176160
176162
176165
176164
176163
176162
176161
176163
176163
176159
176158
176159
176161
176162
176161
176161
176164
176165
176165
176164
176167
176167
176167
176165
176163
176162
176166
176168
176167
176169
176169
176174
176174
176174
176174
176176
176179
176181
176181
176179
176180
176178
176178
176177
176176
176177
176179
176182
176181
176178
176180
176181
176182
176182
176181
176180
176180
176181
176177
176171
176167
176165
176163
176159
176155
176155
176155
176150
176146
176143
176142
176139
176139
176137
176134
176133
176128
176128
176127
176125
176126
176130
176131
176131
176130
176129
176132
176136
176137
176140
176143
176148
176150
176148
176150
176154
176158
176162
176163
176165
176167
176170
176170
176168
176167
176167
176167
176171
176172
176170
176169
176170
176167
176166
176163
176162
176163
176166
176165
176164
176168
176171
176174
176174
176176
176182
176184
176183
176183
176183
176184
176184
176186
176185
176184
176184
176184
176183
176182
176181
176180
176180
176181
176181
176178
176178
176180
176181
176179
176176
176177
176179
176180
176177
176175
176177
176179
176179
176177
176177
176175
176174
176176
176175
176173
176172
176173
176170
176168
176169
176166
176163
176164
176165
176164
176166
176168
176170
176173
176171
176172
176175
176175
176172
176171
176175
176174
176174
176172
176170
176172
176173
176172
176170
176172
176174
176174
176174
176173
176171
176171
176172
176174
176173
176172
176171
176172
176174
176172
176169
176168
176169
176172
176173
176170
176170
176174
176176
176175
176174
176175
176179
176182
176183
176181
176183
176188
176191
176190
176192
176195
176194
176194
176192
176192
176194
176198
176200
176200
176200
176199
176202
176203
176202
176200
176201
176203
176203
176200
176197
176196
176195
176194
176191
176188
176188
176187
176185
176180
176175
176173
176174
176173
176168
176164
176163
176162
176162
176158
176153
176152
176153
176152
176150
176148
176151
176154
176153
176151
176151
176153
176155
176155
176152
176150
176152
176156
176157
176156
176156
176159
176161
176159
176156
176156
176157
176160
176161
176160
176160
176162
176165
176166
176166
176164
176167
176171
176174
176172
176169
176168
176169
176171
176170
176167
176166
176169
176171
176169
176169
176167
176167
176165
176163
176161
176160
176161
176163
176160
176154
176153
176156
176155
176151
176147
176146
176146
176145
176144
176146
176149
176151
176152
176152
176154
176155
176155
176156
176154
176153
176151
176150
176151
176149
176148
176150
176152
176153
176153
176153
176155
176156
176157
176157
176156
176158
176162
176161
176155
176153
176153
176153
176152
176149
176148
176148
176147
176146
176147
176145
176145
176149
176152
176151
176150
176149
176151
176150
176147
176144
176145
176144
176143
176144
176143
176144
176148
176150
176152
176153
176154
176158
176159
176160
176158
176159
176162
176158
176155
176154
176152
176154
176153
176150
176148
176147
176147
176148
176147
176147
176152
176156
176155
176152
176151
176151
176156
176158
176156
176153
176152
176155
176155
176153
176151
176152
176153
176153
176152
176150
176149
176147
176151
176153
176156
176156
176139
176136
176144
176146
176147
176149
176157
176166
176150
176152
176147
176147
176154
176168
176155
176143
176146
176166
176170
176168
176168
176171
176157
176152
176172
176172
176162
176159
176159
176162
176166
176161
176161
176163
176161
176162
176168
176171
176163
176170
176170
176165
176174
176183
176168
176153
176162
176171
176164
176172
176156
176142
176167
176164
176150
176159
176162
176168
176161
176154
176150
176161
176165
176163
176157
176168
176166
176151
176148
176159
176148
176149
176149
176132
176140
176148
176143
176134
176151
176147
176137
176141
176144
176145
176117
176135
176162
176145
176150
176172
176145
176148
176171
176171
176160
176162
176171
176172
176184
176176
176176
176175
176170
176167
176171
176176
176170
176173
176159
176162
176162
176154
176152
176153
176157
176155
176144
176144
176137
176143
176148
176148
176151
176151
176151
176152
176151
176153
176154
176152
176156
176152
176142
176149
176158
176161
176161
176162
176163
176162
176163
176163
176163
176164
176168
176172
176171
176171
176171
176172
176173
176172
176169
176169
176173
176174
176174
176174
176173
176175
176177
176175
176171
176169
176173
176177
176178
176176
176178
176181
176183
176181
176177
176175
176175
176177
176176
176175
176175
176177
176180
176178
176177
176179
176179
176182
176181
176178
176178
176178
176180
176181
176178
176175
176173
176173
176174
176173
176172
176173
176173
176172
176168
176167
176167
176167
176165
176163
176162
176165
176166
176162
176158
176157
176158
176158
176155
176153
176154
176153
176154
176155
176154
176156
176160
176160
176159
176159
176159
176161
176161
176158
176157
176156
176158
176162
176161
176162
176162
176163
176167
176170
176169
176167
176168
176171
176170
176166
176161
176163
176162
176158
176156
176156
176156
176159
176158
176155
176154
176154
176152
176152
176150
176148
176149
176148
176148
176145
176139
176138
176140
176140
176137
176137
176138
176141
176142
176138
176135
176136
176140
176140
176141
176142
176146
176150
176150
176151
176153
176156
176160
176162
176163
176166
176167
176169
176169
176170
176171
176172
176172
176169
176171
176171
176170
176171
176171
176168
176167
176169
176166
176165
176161
176158
176157
176157
176154
176151
176149
176151
176150
176146
176146
176147
176150
176152
176153
176155
176156
176157
176156
176155
176155
176157
176158
176162
176165
176164
176163
176166
176169
176170
176169
176168
176171
176171
176171
176166
176164
176166
176168
176165
176162
176163
176163
176164
176163
176163
176165
176167
176168
176166
176163
176162
176164
176162
176158
176156
176152
176148
176146
176147
176149
176146
176147
176149
176151
176149
176149
176150
176152
176153
176150
176149
176148
176149
176145
176143
176143
176145
176147
176148
176150
176152
176152
176152
176152
176152
176152
176151
176151
176148
176144
176142
176141
176141
176140
176138
176134
176135
176136
176136
176134
176133
176134
176136
176136
176137
176137
176139
176141
176138
176136
176137
176139
176144
176143
176138
176138
176140
176140
176140
176140
176139
176141
176138
176135
176134
176133
176133
176132
176130
176127
176125
176126
176125
176122
176120
176120
176121
176122
176124
176127
176131
176136
176143
176144
176143
176144
176145
176144
176142
176141
176140
176140
176138
176135
176134
176134
176136
176136
176139
176142
176146
176150
176155
176158
176159
176160
176163
176165
176163
176161
176161
176161
176160
176158
176158
176156
176157
176159
176158
176159
176162
176164
176168
176169
176170
176172
176175
176175
176173
176171
176167
176166
176165
176160
176156
176155
176154
176154
176152
176150
176148
176148
176151
176154
176156
176159
176165
176169
176171
176173
176176
176179
176179
176178
176176
176175
176176
176177
176176
176175
176175
176175
176174
176174
176170
176169
176170
176169
176167
176166
176164
176166
176168
176166
176165
176166
176165
176165
176164
176162
176160
176160
176160
176158
176156
176155
176156
176156
176157
176158
176160
176163
176165
176166
176167
176167
176167
176168
176168
176164
176162
176162
176162
176157
176153
176151
176151
176149
176146
176141
176137
176137
176138
176136
176133
176133
176134
176134
176132
176128
176128
176129
176127
176122
176120
176119
176120
176121
176120
176116
176114
176116
176117
176115
176112
176115
176117
176119
176119
176117
176118
176119
176120
176121
176116
176117
176122
176124
176121
176120
176120
176120
176119
176117
176117
176115
176115
176115
176115
176112
176108
176108
176108
176105
176100
176098
176097
176098
176095
176088
176085
176088
176092
176090
176087
176089
176091
176094
176095
176094
176096
176100
176101
176100
176100
176101
176103
176104
176103
176099
176100
176103
176105
176102
176102
176104
176108
176108
176108
176112
176115
176119
176122
176124
176126
176130
176133
176134
176134
176131
176131
176133
176135
176133
176132
176134
176136
176137
176136
176135
176133
176134
176134
176132
176131
176129
176131
176130
176127
176125
176125
176129
176131
176132
176134
176139
176139
176138
176138
176138
176138
176141
176144
176145
176148
176150
176153
176155
176155
176154
176155
176156
176157
176156
176154
176153
176153
176154
176152
176150
176151
176149
176149
176148
176147
176145
176146
176146
176142
176138
176134
176136
176136
176136
176133
176135
176139
176139
176139
176137
176138
176140
176141
176141
176140
176140
176141
176141
176139
176137
176140
176144
176145
176144
176144
176147
176151
176151
176150
176149
176151
176154
176157
176158
176159
176161
176163
176166
176162
176160
176164
176165
176166
176163
176161
176161
176160
176160
176157
176153
176153
176151
176149
176147
176144
176143
176145
176149
176149
176147
176149
176149
176147
176145
176140
176137
176136
176135
176131
176128
176129
176131
176131
176127
176126
176128
176128
176128
176129
176127
176129
176133
176136
176137
176136
176137
176139
176140
176141
176142
176140
176140
176141
176140
176137
176132
176129
176128
176127
176124
176123
176123
176123
176122
176120
176119
176122
176120
176116
176114
176113
176113
176111
176110
176111
176113
176116
176117
176115
176112
176113
176118
176116
176114
176115
176117
176117
176116
176115
176116
176117
176120
176122
176123
176123
176126
176129
176130
176130
176129
176132
176134
176134
176131
176127
176128
176129
176130
176129
176128
176129
176132
176128
176127
176129
176127
176127
176128
176126
176126
176127
176126
176124
176123
176121
176122
176122
176121
176118
176119
176120
176121
176118
176117
176116
176117
176118
176119
176119
176116
176116
176117
176116
176114
176113
176116
176117
176120
176120
176121
176125
176125
176123
176122
176123
176127
176130
176131
176133
176133
176135
176137
176138
176139
176142
176146
176149
176151
176155
176158
176160
176165
176169
176172
176175
176180
176186
176190
176195
176196
176200
176206
176210
176209
176206
176209
176212
176211
176211
176209
176211
176214
176213
176207
176206
176207
176207
176208
176206
176205
176207
176209
176207
176204
176203
176203
176205
176204
176201
176199
176196
176193
176193
176189
176186
176186
176184
176182
176180
176176
176173
176174
176172
176167
176165
176166
176165
176161
176157
176152
176150
176151
176151
176149
176150
176152
176149
176146
176144
176142
176141
176143
176145
176143
176141
176142
176144
176141
176137
176134
176136
176136
176132
176128
176125
176123
176120
176115
176111
176107
176103
176102
176097
176091
176085
176084
176082
176077
176070
176067
176067
176064
176060
176055
176054
176054
176054
176052
176049
176048
176048
176051
176054
176056
176058
176060
176064
176067
176066
176066
176070
176076
176078
176077
176079
176084
176090
176093
176090
176090
176091
176094
176096
176097
176098
176098
176101
176099
176095
176093
176093
176093
176092
176091
176090
176090
176091
176090
176087
176085
176085
176089
176092
176090
176089
176090
176093
176093
176095
176095
176097
176100
176100
176098
176098
176100
176104
176105
176104
176103
176104
176106
176106
176105
176106
176107
176108
176111
176111
176113
176114
176115
176116
176118
176119
176122
176127
176130
176126
176126
176129
176133
176134
176134
176134
176139
176141
176140
176138
176140
176144
176147
176144
176141
176142
176142
176143
176141
176138
176138
176141
176144
176143
176138
176137
176139
176139
176138
176136
176137
176142
176144
176142
176142
176144
176147
176150
176149
176149
176153
176154
176155
176157
176155
176155
176157
176159
176159
176156
176155
176158
176159
176158
176156
176156
176158
176159
176156
176154
176155
176156
176154
176150
176150
176149
176145
176147
176149
176149
176149
176147
176145
176141
176138
176135
176134
176135
176135
176135
176134
176134
176136
176133
176130
176131
176132
176135
176135
176131
176131
176134
176136
176135
176133
176134
176134
176133
176131
176131
176130
176131
176129
176127
176128
176128
176129
176132
176130
176128
176128
176129
176130
176131
176130
176130
176135
176134
176134
176133
176136
176140
176142
176142
176146
176148
176150
176152
176153
176154
176155
176155
176156
176156
176154
176149
176146
176145
176141
176139
176137
176135
176131
176129
176127
176124
176122
176121
176118
176115
176113
176111
176113
176110
176106
176107
176108
176107
176106
176104
176102
176105
176108
176105
176102
176101
176100
176103
176101
176099
176098
176100
176101
176100
176098
176100
176099
176100
176100
176100
176102
176104
176106
176106
176105
176107
176108
176106
176106
176105
176106
176110
176112
176112
176115
176117
176120
176121
176119
176118
176118
176118
176119
176116
176115
176117
176120
176123
176124
176126
176129
176130
176134
176132
176130
176132
176134
176136
176138
176134
176132
176134
176135
176134
176133
176134
176138
176139
176136
176135
176135
176139
176142
176141
176142
176146
176146
176145
176144
176145
176146
176147
176150
176151
176149
176148
176152
176157
176160
176162
176164
176167
176170
176166
176165
176168
176170
176173
176175
176177
176181
176187
176190
176193
176194
176197
176198
176199
176197
176195
176195
176194
176194
176190
176189
176190
176192
176190
176186
176183
176184
176187
176188
176185
176184
176181
176179
176177
176174
176170
176169
176169
176171
176170
176165
176163
176160
176159
176155
176153
176155
176155
176158
176157
176151
176148
176147
176144
176140
176137
176135
176136
176134
176132
176130
176127
176127
176127
176127
176126
176125
176123
176124
176124
176119
176117
176119
176120
176118
176113
176113
176112
176112
176110
176106
176107
176108
176108
176104
176102
176101
176099
176100
176098
176097
176096
176096
176097
176096
176092
176091
176092
176092
176091
176088
176086
176085
176084
176083
176081
176079
176081
176084
176086
176087
176087
176091
176092
176088
176086
176086
176086
176089
176085
176083
176084
176087
176089
176086
176083
176086
176090
176090
176089
176087
176089
176092
176094
176095
176093
176094
176095
176100
176102
176100
176102
176106
176111
176108
176106
176109
176113
176118
176119
176119
176122
176128
176130
176130
176131
176133
176136
176139
176140
176138
176140
176143
176142
176141
176140
176139
176143
176143
176143
176144
176144
176145
176148
176149
176147
176148
176151
176151
176148
176144
176144
176144
176145
176145
176141
176141
176146
176148
176147
176148
176148
176149
176148
176145
176144
176145
176147
176146
176141
176137
176134
176132
176130
176128
176127
176129
176131
176133
176131
176127
176127
176130
176130
176129
176127
176129
176132
176131
176126
176122
176122
176124
176127
176125
176126
176125
176127
176126
176122
176120
176121
176123
176124
176125
176124
176124
176128
176128
176127
176126
176129
176129
176130
176129
176129
176130
176131
176129
176128
176127
176125
176127
176126
176125
176123
176124
176124
176123
176121
176120
176119
176121
176120
176119
176116
176117
176119
176120
176118
176118
176119
176120
176122
176122
176123
176125
176126
176128
176129
176130
176133
176137
176137
176134
176133
176135
176138
176140
176140
176142
176145
176150
176151
176148
176149
176152
176154
176151
176150
176148
176149
176154
176156
176155
176156
176159
176162
176163
176159
176159
176162
176161
176160
176157
176152
176151
176148
176147
176146
176142
176137
176134
176128
176123
176116
176113
176111
176107
176102
176094
176090
176086
176082
176079
176076
176073
176073
176072
176071
176067
176067
176068
176066
176063
176062
176065
176066
176065
176061
176059
176060
176061
176062
176058
176054
176055
176056
176055
176050
176048
176048
176049
176051
176050
176050
176050
176051
176049
176046
176043
176044
176046
176046
176048
176050
176053
176057
176058
176058
176060
176063
176069
176072
176072
176074
176079
176081
176082
176083
176085
176090
176092
176094
176094
176093
176092
176094
176093
176092
176093
176094
176095
176097
176099
176097
176101
176108
176111
176113
176115
176117
176120
176123
176122
176122
176124
176127
176128
176125
176124
176126
176128
176127
176128
176129
176133
176139
176140
176137
176140
176147
176148
176149
176149
176150
176150
176154
176157
176159
176160
176158
176159
176161
176158
176156
176158
176162
176168
176165
176164
176168
176174
176176
176175
176174
176175
176179
176175
176170
176166
176163
176162
176159
176155
176154
176155
176156
176155
176155
176155
176156
176157
176160
176160
176156
176159
176161
176160
176155
176152
176152
176153
176150
176144
176144
176147
176147
176146
176146
176146
176149
176150
176148
176147
176149
176150
176150
176152
176149
176148
176148
176148
176149
176150
176149
176150
176155
176155
176153
176153
176153
176154
176153
176152
176152
176152
176153
176152
176149
176148
176150
176148
176143
176138
176137
176137
176138
176133
176130
176132
176134
176133
176130
176129
176130
176128
176127
176127
176125
176121
176121
176121
176120
176119
176114
176112
176113
176112
176111
176113
176116
176116
176117
176116
176115
176118
176122
176121
176118
176118
176118
176118
176114
176111
176108
176108
176108
176107
176106
176107
176110
176110
176109
176109
176110
176113
176114
176114
176115
176115
176116
176120
176120
176117
176113
176112
176113
176114
176115
176117
176121
176128
176128
176124
176124
176128
176130
176132
176134
176136
176141
176144
176144
176139
176138
176137
176136
176134
176132
176132
176134
176137
176137
176137
176137
176139
176143
176143
176141
176141
176144
176149
176149
176150
176152
176156
176158
176160
176161
176163
176166
176170
176169
176169
176171
176172
176172
176171
176168
176168
176168
176168
176167
176163
176163
176161
176159
176158
176158
176155
176154
176154
176152
176151
176149
176149
176149
176150
176147
176145
176146
176145
176141
176137
176138
176141
176141
176138
176136
176134
176134
176132
176129
176127
176130
176129
176128
176128
176127
176125
176127
176127
176126
176124
176122
176124
176126
176125
176125
176127
176130
176129
176126
176124
176125
176127
176127
176122
176121
176122
176122
176122
176120
176118
176117
176120
176121
176118
176115
176114
176113
176114
176113
176112
176111
176114
176114
176112
176109
176107
176107
176109
176109
176108
176108
176108
176108
176106
176098
176096
176099
176100
176097
176094
176091
176092
176094
176090
176086
176086
176087
176087
176083
176081
176082
176087
176088
176086
176084
176085
176083
176085
176087
176085
176087
176091
176091
176091
176090
176087
176088
176090
176089
176091
176091
176092
176095
176093
176089
176089
176091
176093
176094
176095
176093
176096
176095
176096
176097
176099
176099
176101
176102
176101
176100
176101
176104
176103
176099
176100
176102
176102
176101
176099
176100
176104
176108
176109
176111
176113
176116
176116
176118
176119
176123
176128
176132
176135
176134
176136
176137
176138
176138
176135
176135
176138
176140
176136
176133
176133
176134
176133
176133
176132
176136
176138
176138
176139
176138
176138
176141
176144
176142
176143
176145
176147
176151
176151
176148
176149
176152
176154
176153
176150
176151
176156
176158
176157
176156
176155
176153
176153
176147
176143
176143
176141
176140
176141
176138
176138
176138
176140
176139
176137
176134
176134
176134
176131
176128
176128
176132
176133
176130
176128
176127
176127
176126
176124
176122
176122
176123
176124
176122
176121
176123
176124
176127
176130
176130
176133
176134
176138
176140
176140
176138
176135
176135
176134
176131
176131
176131
176130
176126
176121
176121
176122
176125
176126
176126
176130
176134
176137
176136
176135
176138
176138
176136
176135
176132
176132
176133
176134
176132
176132
176135
176139
176141
176142
176143
176146
176148
176150
176149
176148
176148
176148
176148
176146
176143
176140
176137
176135
176130
176127
176126
176127
176129
176128
176129
176133
176136
176139
176141
176142
176145
176149
176149
176147
176142
176137
176136
176134
176131
176126
176123
176125
176128
176129
176131
176135
176141
176146
176147
176147
176149
176150
176150
176147
176143
176142
176141
176139
176136
176130
176125
176127
176128
176125
176125
176126
176126
176131
176133
176135
176142
176146
176149
176153
176156
176158
176163
176164
176162
176162
176162
176162
176159
176158
176157
176158
176162
176162
176164
176164
176164
176170
176172
176171
176170
176170
176168
176169
176167
176163
176161
176160
176159
176154
176148
176148
176150
176151
176149
176150
176154
176157
176157
176157
176154
176156
176161
176164
176165
176164
176165
176166
176168
176165
176165
176167
176169
176169
176168
176166
176166
176169
176170
176167
176166
176167
176171
176173
176173
176171
176173
176173
176170
176166
176161
176160
176159
176155
176150
176147
176146
176146
176143
176140
176139
176140
176142
176142
176139
176138
176140
176140
176143
176142
176140
176140
176142
176146
176145
176146
176146
176149
176151
176148
176147
176149
176152
176154
176154
176151
176152
176152
176153
176151
176151
176152
176154
176156
176154
176155
176154
176156
176156
176154
176152
176153
176152
176149
176147
176147
176148
176150
176150
176150
176151
176149
176147
176147
176145
176143
176142
176142
176142
176137
176133
176132
176135
176134
176131
176130
176131
176133
176135
176132
176127
176127
176128
176128
176127
176127
176128
176133
176130
176125
176126
176129
176132
176136
176135
176135
176131
176129
176129
176128
176127
176126
176125
176126
176126
176124
176125
176129
176130
176129
176128
176129
176131
176132
176130
176128
176129
176132
176131
176127
176125
176125
176127
176127
176126
176123
176124
176126
176126
176125
176125
176127
176130
176134
176133
176130
176132
176136
176138
176139
176141
176144
176147
176148
176147
176149
176152
176154
176155
176156
176153
176154
176158
176158
176157
176157
176158
176159
176159
176157
176155
176156
176159
176159
176155
176153
176151
176150
176148
176142
176137
176136
176137
176137
176132
176130
176132
176135
176135
176134
176136
176139
176138
176133
176128
176127
176128
176130
176130
176129
176128
176127
176123
176121
176118
176119
176121
176122
176123
176123
176123
176124
176126
176128
176126
176125
176127
176129
176131
176131
176131
176132
176136
176138
176134
176134
176138
176140
176140
176142
176145
176150
176154
176157
176157
176156
176159
176160
176162
176164
176167
176172
176175
176177
176179
176177
176180
176185
176188
176186
176188
176190
176191
176193
176190
176185
176187
176189
176187
176186
176188
176194
176196
176195
176194
176191
176190
176194
176195
176193
176192
176191
176193
176194
176191
176189
176193
176197
176197
176195
176195
176195
176195
176194
176190
176189
176192
176195
176196
176195
176195
176199
176204
176204
176203
176207
176211
176208
176208
176210
176212
176213
176215
176214
176214
176211
176208
176207
176205
176201
176198
176197
176197
176196
176191
176187
176186
176187
176185
176182
176179
176179
176178
176177
176175
176174
176176
176177
176177
176174
176172
176173
176172
176173
176172
176169
176168
176169
176166
176162
176158
176157
176156
176156
176155
176151
176151
176153
176150
176146
176144
176144
176143
176143
176142
176138
176138
176139
176137
176135
176134
176136
176137
176137
176132
176129
176130
176134
176134
176129
176127
176130
176131
176128
176127
176126
176126
176128
176127
176126
176128
176129
176131
176132
176133
176134
176136
176138
176140
176139
176140
176144
176147
176144
176143
176144
176146
176151
176150
176152
176155
176154
176152
176151
176151
176152
176151
176152
176152
176151
176151
176153
176155
176155
176152
176151
176155
176158
176160
176160
176162
176166
176169
176167
176166
176169
176172
176172
176173
176172
176176
176176
176175
176173
176174
176173
176173
176173
176174
176169
176167
176166
176168
176166
176164
176165
176167
176163
176161
176161
176159
176160
176160
176160
176159
176156
176159
176162
176164
176165
176166
176169
176172
176168
176166
176168
176170
176173
176173
176169
176166
176164
176164
176164
176164
176165
176168
176172
176173
176169
176168
176170
176174
176177
176178
176181
176184
176185
176185
176186
176186
176190
176194
176195
176196
176198
176197
176198
176198
176196
176196
176197
176198
176199
176196
176195
176197
176198
176196
176192
176190
176193
176193
176189
176187
176184
176183
176183
176182
176180
176178
176179
176181
176181
176177
176176
176178
176178
176178
176174
176172
176172
176174
176173
176172
176170
176171
176171
176168
176166
176163
176164
176166
176162
176158
176154
176155
176158
176155
176154
176153
176154
176155
176153
176150
176150
176151
176150
176148
176146
176143
176141
176138
176136
176135
176135
176136
176133
176129
176128
176124
176120
176118
176112
176110
176107
176105
176102
176099
176095
176092
176093
176095
176094
176093
176093
176094
176097
176097
176089
176086
176085
176084
176079
176074
176072
176073
176073
176071
176071
176073
176076
176081
176084
176086
176087
176091
176094
176091
176086
176085
176087
176088
176087
176087
176086
176088
176090
176089
176090
176093
176099
176102
176101
176099
176099
176098
176099
176097
176093
176092
176091
176086
176084
176083
176085
176087
176092
176095
176096
176099
176102
176109
176114
176117
176120
176124
176127
176127
176123
176118
176119
176121
176119
176117
176121
176122
176122
176122
176124
176126
176131
176136
176140
176145
176149
176154
176157
176159
176159
176161
176167
176172
176173
176176
176178
176184
176188
176189
176192
176193
176195
176197
176197
176197
176199
176198
176196
176194
176191
176190
176189
176188
176187
176182
176179
176178
176179
176178
176177
176179
176180
176181
176179
176178
176179
176183
176183
176182
176180
176179
176180
176179
176174
176171
176171
176170
176165
176161
176157
176155
176153
176150
176148
176144
176141
176141
176144
176147
176145
176146
176149
176151
176151
176148
176146
176146
176144
176142
176140
176139
176139
176138
176135
176134
176134
176133
176134
176134
176134
176132
176132
176131
176129
176128
176128
176125
176123
176118
176113
176112
176112
176113
176109
176105
176108
176108
176107
176106
176105
176106
176109
176109
176108
176107
176110
176112
176112
176114
176112
176110
176112
176114
176113
176110
176110
176115
176117
176118
176119
176122
176127
176129
176129
176131
176136
176142
176145
176145
176144
176145
176146
176145
176140
176138
176138
176140
176141
176135
176131
176133
176133
176129
176129
176132
176134
176136
176138
176136
176135
176136
176137
176137
176137
176139
176136
176133
176135
176135
176134
176132
176132
176133
176132
176130
176129
176130
176130
176127
176123
176123
176126
176125
176123
176119
176117
176118
176117
176115
176115
176115
176117
176118
176119
176121
176123
176126
176127
176128
176129
176133
176135
176136
176138
176140
176143
176148
176147
176145
176144
176147
176146
176145
176143
176140
176134
176130
176127
176122
176117
176115
176113
176107
176101
176094
176091
176091
176088
176083
176080
176080
176078
176076
176072
176070
176071
176070
176070
176067
176066
176065
176067
176063
176059
176060
176060
176061
176061
176058
176055
176057
176058
176057
176054
176054
176053
176053
176052
176049
176048
176051
176054
176055
176055
176055
176057
176058
176059
176059
176056
176056
176057
176057
176057
176054
176052
176054
176055
176053
176051
176051
176052
176052
176052
176051
176050
176051
176055
176054
176054
176058
176063
176064
176063
176061
176065
176069
176071
176070
176070
176073
176074
176077
176078
176080
176082
176083
176082
176081
176080
176080
176082
176082
176080
176080
176083
176087
176085
176085
176088
176093
176097
176099
176104
176109
176112
176117
176121
176121
176122
176126
176131
176134
176136
176134
176137
176141
176145
176143
176141
176141
176143
176143
176142
176140
