175964
175963
175962
175959
175958
175959
175955
175950
175946
175943
175944
175944
175941
175939
175938
175939
175940
175938
175937
175938
175940
175939
175937
175934
175933
175933
175933
175930
175926
175927
175929
175931
175931
175931
175930
175931
175936
175938
175938
175941
175943
175945
175946
175945
175947
175951
175954
175957
175962
175963
175963
175964
175965
175963
175964
175968
175968
175967
175965
175965
175966
175964
175964
175963
175963
175963
175962
175957
175954
175954
175951
175947
175942
175940
175938
175936
175935
175933
175930
175925
175926
175925
175924
175921
175919
175920
175921
175920
175917
175918
175918
175921
175920
175919
175919
175923
175926
175926
175925
175926
175929
175932
175931
175929
175931
175934
175933
175932
175931
175929
175929
175929
175924
175921
175918
175919
175918
175917
175917
175915
175918
175921
175919
175914
175914
175918
175921
175918
175914
175917
175920
175921
175919
175918
175919
175922
175922
175919
175917
175919
175919
175919
175920
175918
175917
175916
175916
175914
175913
175913
175915
175913
175910
175905
175905
175903
175899
175896
175897
175899
175901
175902
175902
175902
175905
175907
175906
175904
175903
175901
175901
175902
175898
175895
175894
175893
175890
175889
175889
175887
175891
175896
175897
175894
175894
175897
175899
175900
175897
175898
175900
175901
175896
175891
175891
175893
175894
175892
175890
175893
175896
175897
175896
175893
175895
175901
175903
175903
175906
175912
175916
175918
175921
175927
175933
175937
175941
175947
175954
175960
175966
175970
175973
175977
175984
175990
175993
175992
175994
175997
176000
176000
175999
175999
176000
176003
176004
176002
176002
176005
176007
176005
176002
176000
176003
176006
176009
176007
176006
176008
176009
176011
176010
176006
176005
176006
176006
176003
176001
176004
176005
176006
176007
176007
176007
176009
176010
176010
176008
176008
176010
176013
176013
176013
176015
176017
176016
176015
176012
176010
176012
176013
176011
176010
176011
176013
176014
176011
176006
176004
176004
176003
176001
175999
175999
176001
175997
175994
175991
175990
175988
175986
175981
175979
175980
175976
175972
175967
175964
175964
175965
175964
175964
175962
175958
175957
175955
175952
175949
175945
175944
175942
175937
175934
175933
175934
175936
175936
175935
175935
175936
175936
175934
175932
175928
175927
175926
175928
175927
175926
175925
175924
175921
175917
175915
175915
175914
175911
175907
175906
175906
175906
175903
175900
175900
175903
175901
175898
175898
175899
175900
175899
175898
175898
175901
175905
175906
175906
175907
175908
175910
175909
175908
175907
175910
175912
175913
175913
175912
175915
175920
175921
175920
175919
175919
175922
175924
175923
175924
175925
175926
175929
175928
175926
175925
175929
175931
175929
175929
175928
175930
175931
175930
175931
175933
175936
175935
175934
175931
175932
175935
175936
175935
175936
175939
175944
175943
175941
175940
175942
175946
175947
175948
175950
175950
175950
175950
175948
175945
175942
175941
175937
175933
175931
175928
175927
175924
175919
175915
175913
175910
175909
175906
175903
175903
175904
175902
175901
175898
175900
175905
175908
175907
175906
175909
175910
175911
175911
175911
175914
175916
175913
175910
175910
175910
175912
175913
175912
175911
175911
175913
175915
175913
175913
175914
175916
175917
175918
175917
175919
175921
175922
175922
175921
175921
175923
175923
175920
175918
175919
175920
175920
175917
175916
175916
175915
175915
175916
175913
175912
175916
175917
175915
175913
175913
175915
175916
175918
175920
175924
175928
175928
175927
175926
175927
175928
175929
175927
175929
175932
175932
175930
175927
175927
175931
175933
175932
175931
175932
175931
175929
175928
175929
175929
175930
175934
175934
175927
175925
175925
175926
175927
175926
175926
175929
175929
175924
175920
175918
175921
175923
175923
175923
175921
175920
175916
175915
175913
175913
175913
175915
175916
175914
175913
175916
175919
175917
175918
175922
175921
175925
175928
175930
175930
175934
175937
175938
175939
175939
175941
175944
175946
175945
175944
175946
175949
175951
175950
175948
175949
175950
175952
175953
175953
175955
175957
175958
175957
175957
175957
175958
175956
175956
175957
175959
175962
175966
175965
175964
175966
175969
175968
175969
175970
175972
175975
175975
175974
175975
175980
175979
175979
175979
175978
175978
175978
175978
175976
175975
175975
175974
175972
175968
175967
175970
175970
175970
175967
175967
175967
175967
175966
175962
175960
175961
175962
175960
175957
175957
175957
175956
175953
175949
175949
175952
175951
175951
175950
175949
175949
175950
175951
175951
175951
175953
175955
175954
175950
175947
175950
175949
175945
175944
175944
175945
175945
175945
175941
175940
175943
175944
175942
175940
175938
175940
175942
175943
175940
175940
175944
175949
175948
175947
175945
175947
175950
175950
175950
175949
175949
175952
175951
175953
175953
175953
175953
175954
175953
175954
175957
175958
175960
175961
175963
175965
175967
175967
175965
175966
175969
175971
175971
175971
175971
175974
175975
175971
175969
175966
175968
175969
175968
175966
175964
175966
175968
175966
175965
175964
175966
175969
175965
175963
175961
175959
175960
175957
175953
175952
175952
175953
175954
175953
175951
175952
175952
175951
175947
175944
175943
175943
175938
175929
175925
175922
175919
175915
175912
175909
175906
175903
175898
175893
175888
175883
175880
175876
175872
175866
175861
175858
175856
175852
175850
175850
175851
175852
175851
175848
175849
175848
175846
175847
175847
175849
175853
175851
175851
175854
175855
175852
175850
175850
175851
175853
175854
175851
175849
175848
175847
175848
175847
175846
175848
175848
175849
175850
175851
175849
175849
175851
175854
175853
175850
175851
175853
175853
175849
175848
175851
175854
175854
175855
175854
175855
175859
175857
175856
175858
175862
175861
175859
175859
175860
175857
175857
175858
175858
175861
175868
175869
175869
175870
175871
175871
175872
175874
175875
175876
175879
175878
175876
175875
175874
175874
175876
175876
175875
175876
175877
175879
175879
175876
175876
175879
175881
175882
175880
175879
175881
175885
175886
175885
175887
175893
175897
175900
175902
175903
175908
175908
175909
175910
175911
175913
175916
175917
175918
175918
175918
175923
175926
175929
175931
175936
175942
175946
175946
175948
175953
175958
175961
175962
175963
175969
175972
175971
175971
175971
175975
175978
175975
175972
175973
175975
175974
175974
175973
175974
175978
175981
175981
175980
175979
175979
175980
175982
175983
175985
175987
175990
175992
175991
175989
175990
175993
175988
175982
175981
175982
175983
175983
175981
175978
175979
175979
175979
175976
175973
175973
175975
175973
175971
175972
175974
175973
175972
175970
175969
175970
175972
175973
175975
175976
175977
175982
175983
175984
175984
175985
175986
175985
175984
175984
175984
175982
175979
175975
175973
175971
175970
175969
175965
175962
175962
175960
175956
175955
175951
175946
175942
175936
175930
175929
175928
175929
175928
175925
175924
175924
175925
175925
175923
175924
175925
175928
175929
175929
175930
175933
175934
175934
175933
175936
175940
175942
175943
175944
175943
175946
175949
175947
175945
175945
175943
175942
175940
175937
175937
175937
175937
175936
175935
175934
175937
175939
175941
175940
175939
175943
175947
175947
175947
175947
175947
175949
175949
175946
175944
175947
175948
175948
175948
175952
175955
175957
175957
175957
175959
175959
175961
175962
175962
175965
175969
175968
175963
175957
175953
175950
175947
175941
175935
175930
175928
175924
175920
175917
175913
175911
175909
175906
175902
175900
175904
175903
175901
175901
175900
175900
175899
175897
175896
175899
175900
175900
175900
175903
175908
175911
175912
175914
175916
175920
175920
175921
175921
175919
175917
175917
175915
175911
175910
175907
175908
175909
175910
175908
175909
175913
175915
175914
175909
175910
175913
175915
175915
175913
175916
175918
175922
175921
175921
175925
175929
175933
175936
175937
175940
175945
175945
175947
175950
175954
175959
175960
175958
175954
175954
175956
175956
175956
175956
175955
175954
175955
175955
175953
175954
175955
175957
175956
175953
175952
175954
175955
175953
175951
175954
175954
175953
175949
175944
175941
175940
175937
175935
175932
175931
175932
175931
175928
175927
175929
175926
175924
175924
175922
175923
175923
175923
175923
175922
175920
175918
175916
175915
175909
175905
175903
175900
175896
175890
175886
175885
175880
175871
175865
175862
175860
175857
175852
175846
175842
175841
175839
175837
175834
175832
175832
175832
175833
175834
175836
175836
175837
175836
175835
175833
175835
175839
175839
175836
175836
175840
175844
175848
175851
175854
175859
175863
175867
175868
175870
175876
175881
175884
175886
175890
175892
175895
175897
175895
175894
175899
175904
175905
175902
175902
175904
175903
175905
175906
175909
175911
175912
175911
175911
175911
175915
175918
175919
175918
175920
175924
175928
175927
175928
175928
175928
175930
175929
175926
175925
175925
175929
175927
175925
175926
175929
175932
175932
175931
175933
175934
175937
175938
175938
175936
175937
175937
175938
175937
175936
175936
175939
175941
175937
175936
175939
175941
175940
175940
175939
175940
175942
175939
175937
175937
175939
175941
175940
175937
175935
175937
175940
175937
175934
175935
175937
175937
175935
175931
175932
175932
175930
175930
175930
175932
175934
175935
175935
175934
175932
175929
175928
175927
175924
175922
175921
175920
175916
175915
175916
175916
175915
175915
175914
175915
175916
175914
175913
175912
175914
175915
175914
175912
175911
175913
175913
175909
175910
175912
175912
175914
175915
175917
175917
175916
175917
175920
175923
175925
175925
175927
175928
175925
175921
175921
175923
175925
175925
175926
175924
175923
175923
175920
175917
175919
175921
175922
175922
175920
175918
175920
175918
175917
175915
175915
175917
175918
175916
175915
175917
175914
175914
175913
175911
175913
175914
175913
175912
175911
175908
175908
175908
175906
175903
175902
175905
175907
175904
175902
175905
175908
175913
175913
175912
175914
175914
175914
175912
175914
175918
175920
175923
175925
175923
175921
175920
175918
175915
175914
175913
175911
175911
175906
175906
175908
175910
175911
175910
175910
175914
175917
175916
175914
175914
175915
175913
175910
175907
175905
175904
175901
175900
175898
175897
175897
175898
175900
175898
175896
175898
175899
175899
175896
175891
175891
175894
175895
175891
175885
175886
175889
175888
175885
175883
175885
175890
175893
175886
175884
175887
175889
175890
175888
175887
175888
175890
175887
175885
175885
175886
175889
175890
175889
175889
175892
175893
175892
175892
175892
175893
175896
175894
175892
175893
175892
175890
175891
175890
175888
175889
175890
175889
175886
175884
175881
175880
175881
175879
175876
175876
175879
175879
175876
175873
175871
175872
175870
175868
175865
175864
175862
175860
175862
175860
175859
175860
175861
175860
175858
175856
175856
175855
175853
175850
175850
175848
175847
175845
175842
175843
175846
175846
175841
175842
175846
175851
175850
175846
175844
175844
175846
175845
175842
175842
175845
175848
175849
175846
175843
175844
175844
175846
175847
175848
175850
175852
175854
175853
175851
175853
175856
175860
175861
175862
175864
175867
175871
175872
175870
175873
175877
175878
175874
175871
175870
175870
175869
175865
175862
175862
175862
175862
175861
175861
175864
175865
175866
175866
175864
175865
175867
175867
175866
175866
175868
175871
175870
175867
175865
175867
175870
175873
175871
175872
175877
175881
175882
175884
175886
175891
175894
175895
175894
175893
175892
175894
175895
175893
175892
175891
175892
175893
175893
175892
175892
175893
175892
175888
175887
175889
175891
175888
175886
175886
175888
175889
175885
175883
175880
175880
175880
175878
175876
175878
175877
175878
175878
175878
175876
175877
175880
175880
175877
175874
175875
175875
175874
175869
175868
175870
175874
175874
175875
175878
175881
175886
175886
175887
175889
175891
175894
175895
175893
175892
175891
175893
175892
175890
175889
175890
175891
175890
175886
175885
175889
175891
175893
175891
175888
175891
175893
175891
175889
175890
175892
175898
175899
175896
175896
175899
175898
175896
175895
175895
175894
175894
175896
175893
175893
175898
175901
175905
175908
175908
175910
175914
175914
175912
175911
175914
175915
175913
175912
175911
175916
175920
175921
175920
175922
175926
175929
175929
175929
175929
175933
175939
175940
175937
175938
175943
175943
175941
175941
175941
175943
175945
175944
175940
175937
175934
175932
175930
175928
175927
175925
175925
175925
175922
175920
175921
175922
175924
175923
175920
175922
175924
175919
175917
175917
175919
175920
175919
175918
175916
175918
175918
175919
175919
175921
175921
175922
175921
175920
175918
175916
175920
175922
175923
175923
175923
175924
175922
175920
175919
175922
175928
175931
175930
175931
175931
175931
175930
175929
175930
175932
175932
175931
175925
175923
175923
175923
175924
175924
175924
175925
175926
175925
175925
175927
175928
175930
175931
175930
175931
175931
175930
175929
175926
175925
175923
175921
175919
175919
175917
175915
175915
175913
175909
175908
175907
175905
175903
175900
175898
175899
175898
175896
175893
175891
175891
175893
175890
175887
175885
175887
175890
175887
175884
175882
175882
175882
175880
175876
175873
175875
175877
175875
175873
175873
175872
175872
175872
175867
175864
175862
175863
175862
175859
175856
175856
175858
175858
175856
175857
175857
175857
175857
175853
175850
175851
175852
175850
175849
175846
175845
175848
175846
175844
175845
175849
175853
175858
175861
175862
175865
175870
175874
175875
175876
175879
175883
175887
175887
175885
175888
175890
175892
175893
175893
175896
175898
175898
175896
175893
175891
175891
175890
175889
175889
175889
175891
175890
175886
175882
175883
175884
175881
175881
175881
175880
175883
175882
175878
175875
175875
175877
175878
175875
175870
175872
175876
175874
175872
175871
175873
175876
175876
175875
175878
175882
175884
175884
175883
175883
175883
175885
175887
175888
175888
175888
175889
175889
175888
175888
175892
175897
175897
175895
175895
175899
175900
175899
175901
175902
175902
175904
175900
175898
175898
175899
175900
175898
175898
175898
175898
175897
175894
175889
175888
175890
175890
175889
175887
175889
175889
175891
175891
175889
175891
175893
175896
175897
175895
175896
175898
175901
175901
175897
175897
175898
175901
175899
175898
175900
175900
175901
175899
175895
175894
175894
175892
175891
175888
175887
175889
175892
175889
175883
175882
175882
175881
175881
175879
175878
175879
175877
175875
175869
175868
175867
175866
175865
175864
175864
175864
175862
175860
175857
175853
175854
175856
175856
175855
175853
175853
175851
175846
175845
175844
175845
175848
175849
175848
175849
175851
175853
175852
175856
175862
175867
175869
175870
175872
175874
175877
175881
175884
175883
175883
175885
175885
175885
175884
175885
175888
175890
175889
175888
175886
175888
175889
175886
175886
175886
175886
175887
175884
175883
175883
175885
175884
175881
175880
175882
175886
175888
175887
175888
175886
175888
175892
175891
175888
175889
175892
175895
175894
175890
175888
175890
175893
175892
175894
175894
175894
175895
175895
175893
175892
175895
175896
175895
175896
175897
175900
175901
175900
175898
175899
175898
175903
175908
175909
175907
175908
175907
175905
175903
175905
175904
175903
175904
175901
175902
175905
175907
175905
175904
175907
175910
175912
175910
175908
175907
175909
175909
175910
175908
175908
175909
175911
175913
175915
175917
175917
175921
175922
175921
175921
175923
175924
175921
175920
175922
175924
175926
175920
175916
175916
175919
175918
175915
175915
175915
175914
175914
175912
175910
175911
175914
175915
175915
175908
175904
175903
175901
175898
175895
175891
175889
175888
175883
175878
175877
175878
175880
175878
175878
175878
175879
175880
175877
175874
175875
175879
175881
175879
175876
175875
175877
175878
175879
175879
175879
175881
175881
175877
175874
175875
175875
175876
175876
175876
175879
175882
175884
175884
175880
175879
175881
175882
175882
175884
175889
175891
175894
175895
175896
175901
175908
175911
175913
175912
175916
175918
175921
175920
175918
175919
175921
175920
175916
175916
175915
175915
175915
175913
175910
175909
175912
175913
175915
175916
175918
175922
175927
175930
175932
175937
175938
175939
175939
175938
175938
175940
175941
175939
175938
175937
175938
175939
175937
175933
175933
175935
175938
175939
175937
175937
175941
175944
175945
175947
175950
175952
175955
175955
175952
175950
175951
175953
175953
175951
175950
175949
175948
175944
175940
175936
175934
175934
175933
175933
175935
175939
175942
175940
175939
175940
175942
175944
175943
175942
175943
175947
175947
175946
175944
175941
175940
175942
175941
175937
175932
175930
175928
175924
175921
175920
175920
175918
175914
175909
175905
175902
175898
175892
175888
175884
175882
175878
175875
175869
175867
175869
175870
175869
175867
175870
175871
175875
175874
175870
175871
175875
175875
175874
175876
175877
175879
175880
175881
175882
175884
175887
175888
175886
175884
175886
175884
175882
175878
175876
175874
175873
175870
175864
175861
175862
175864
175865
175862
175860
175862
175865
175868
175867
175867
175870
175876
175878
175877
175877
175879
175883
175885
175887
175889
175890
175892
175894
175895
175897
175899
175902
175903
175904
175903
175906
175906
175905
175904
175904
175907
175910
175910
175910
175908
175911
175917
175919
175917
175915
175920
175925
175927
175927
175927
175930
175933
175935
175933
175933
175937
175940
175942
175941
175942
175942
175940
175942
175945
175946
175949
175954
175955
175952
175949
175951
175956
175958
175956
175951
175951
175952
175952
175951
175951
175950
175951
175950
175950
175948
175949
175948
175946
175945
175943
175943
175943
175938
175936
175937
175936
175936
175937
175933
175929
175927
175929
175930
175928
175924
175924
175924
175922
175920
175921
175921
175924
175925
175923
175920
175921
175924
175923
175919
175917
175919
175919
175917
175918
175916
175916
175916
175911
175908
175909
175912
175915
175914
175913
175913
175915
175918
175919
175917
175917
175917
175917
175920
175917
175915
175915
175917
175915
175913
175912
175913
175913
175911
175906
175902
175903
175906
175905
175904
175904
175904
175904
175903
175901
175900
175899
175902
175902
175902
175900
175900
175905
175906
175906
175904
175904
175908
175908
175905
175903
175905
175909
175906
175902
175900
175899
175897
175894
175892
175890
175891
175892
175890
175887
175885
175887
175889
175891
175894
175897
175901
175904
175908
175906
175904
175907
175914
175916
175920
175921
175922
175923
175924
175926
175926
175924
175925
175926
175925
175924
175925
175927
175930
175930
175930
175933
175932
175933
175932
175933
175936
175938
175939
175937
175937
175939
175941
175938
175937
175939
175941
175944
175942
175942
175941
175941
175944
175946
175944
175943
175945
175947
175950
175947
175943
175943
175945
175944
175943
175942
175944
175945
175946
175944
175943
175944
175948
175949
175951
175952
175951
175950
175949
175949
175950
175952
175954
175957
175956
175952
175952
175952
175953
175953
175952
175949
175947
175944
175940
175939
175940
175942
175943
175943
175943
175941
175940
175938
175935
175933
175935
175938
175936
175933
175933
175933
175931
175930
175926
175922
175923
175925
175928
175925
175923
175923
175923
175920
175918
175917
175919
175922
175923
175921
175921
175919
175917
175914
175909
175906
175904
175905
175903
175900
175898
175896
175895
175892
175887
175884
175883
175883
175884
175883
175883
175885
175887
175886
175881
175880
175882
175884
175885
175882
175879
175878
175878
175875
175871
175870
175871
175875
175875
175874
175874
175872
175872
175869
175866
175863
175865
175862
175861
175862
175861
175861
175860
175862
175862
175864
175867
175872
175875
175878
175880
175886
175892
175894
175894
175895
175895
175894
175891
175889
175889
175888
175889
175891
175891
175890
175892
175895
175898
175902
175907
175914
175917
175919
175921
175923
175925
175928
175929
175928
175929
175930
175931
175930
175927
175926
175928
175929
175931
175930
175928
175928
175930
175929
175929
175927
175927
175929
175929
175925
175925
175926
175927
175927
175927
175931
175935
175938
175936
175933
175933
175935
175934
175935
175936
175938
175942
175942
175937
175933
175931
175930
175929
175928
175926
175928
175932
175933
175935
175935
175933
175934
175935
175937
175939
175938
175938
175939
175936
175934
175935
175940
175941
175940
175939
175938
175937
175940
175940
175938
175938
175942
175947
175946
175940
175939
175940
175942
175942
175941
175939
175942
175944
175940
175937
175936
175938
175939
175934
175932
175932
175934
175936
175935
175933
175930
175930
175930
175927
175922
175920
175919
175918
175914
175911
175907
175906
175906
175904
175899
175895
175892
175891
175889
175883
175882
175882
175882
175881
175879
175878
175876
175877
175874
175871
175868
175870
175871
175870
175869
175870
175871
175871
175868
175868
175872
175875
175875
175874
175877
175880
175883
175886
175884
175881
175883
175887
175890
175893
175891
175893
175895
175896
175896
175896
175896
175898
175901
175902
175903
175901
175904
175908
175908
175908
175909
175913
175917
175919
175920
175921
175924
175928
175930
175930
175932
175939
175944
175948
175949
175947
175948
175951
175951
175949
175951
175953
175954
175952
175951
175948
175947
175946
175944
175943
175944
175946
175948
175948
175946
175945
175944
175943
175939
175934
175932
175932
175935
175934
175933
175934
175933
175933
175931
175930
175928
175927
175926
175923
175919
175918
175915
175912
175908
175906
175905
175904
175903
175899
175894
175894
175892
175889
175887
175882
175878
175878
175878
175872
175871
175868
175866
175868
175866
175863
175863
175865
175865
175866
175861
175859
175863
175865
175866
175867
175869
175871
175874
175873
175870
175869
175871
175871
175872
175873
175875
175878
175879
175880
175879
175879
175881
175884
175884
175881
175879
175880
175882
175884
175885
175885
175888
175890
175888
175885
175884
175885
175889
175890
175889
175890
175896
175897
175894
175894
175895
175898
175901
175900
175896
175896
175899
175902
175899
175896
175898
175901
175901
175901
175899
175899
175898
175901
175901
175900
175901
175902
175904
175905
175904
175904
175906
175910
175913
175913
175914
175915
175917
175919
175916
175917
175921
175925
175924
175922
175924
175925
175926
175920
175917
175917
175920
175920
175918
175916
175920
175922
175923
175919
175913
175912
175913
175915
175913
175913
175916
175916
175918
175916
175912
175912
175916
175918
175919
175919
175919
175922
175925
175925
175922
175923
175925
175926
175925
175921
175922
175925
175930
175930
175928
175928
175930
175932
175931
175930
175930
175931
175929
175927
175925
175924
175924
175924
175925
175925
175924
175925
175926
175926
175925
175923
175918
175918
175918
175915
175916
175918
175921
175923
175923
175922
175922
175921
175916
175913
175913
175912
175913
175913
175910
175908
175909
175910
175910
175911
175912
175913
175915
175915
175912
175913
175914
175914
175913
175912
175910
175910
175913
175912
175906
175905
175905
175905
175902
175899
175898
175898
175899
175896
175895
175897
175897
175895
175891
175888
175887
175887
175883
175880
175880
175878
175879
175880
175877
175876
175876
175875
175876
175872
175868
175865
175866
175866
175862
175856
175853
175853
175852
175848
175845
175845
175845
175840
175839
175840
175840
175840
175842
175840
175837
175837
175837
175838
175839
175837
175836
175840
175844
175847
175846
175845
175849
175853
175855
175857
175860
175865
175868
175869
175869
175870
175874
175874
175872
175873
175874
175876
175877
175878
175877
175878
175880
175884
175885
175885
175889
175891
175895
175898
175898
175900
175906
175908
175909
175911
175915
175918
175923
175927
175928
175931
175934
175938
175939
175938
175940
175944
175948
175951
175951
175952
175955
175958
175956
175954
175955
175956
175957
175953
175951
175954
175955
175956
175954
175952
175954
175954
175952
175951
175951
175954
175954
175952
175948
175947
175948
175947
175944
175941
175940
175943
175947
175946
175944
175941
175938
175937
175935
175930
175926
175926
175926
175925
175922
175919
175919
175918
175914
175911
175909
175907
175906
175906
175902
175900
175899
175901
175901
175900
175897
175898
175898
175900
175899
175898
175898
175898
175898
175894
175889
175887
175885
175883
175880
175880
175882
175881
175880
175878
175876
175875
175878
175881
175881
175878
175878
175879
175878
175875
175872
175870
175872
175872
175870
175869
175872
175875
175874
175876
175879
175882
175887
175890
175891
175891
175890
175893
175895
175894
175893
175895
175896
175895
175893
175892
175891
175890
175890
175887
175886
175888
175889
175890
175891
175890
175891
175892
175891
175888
175887
175888
175888
175886
175883
175880
175878
175878
175875
175872
175869
175869
175870
175870
175868
175869
175873
175877
175879
175882
175885
175889
175894
175893
175890
175885
175884
175882
175880
175876
175872
175872
175874
175874
175874
175875
175878
175882
175885
175886
175887
175890
175893
175893
175888
175885
175886
175886
175885
175881
175879
175878
175876
175876
175872
175869
175871
175874
175876
175879
175883
175889
175892
175894
175894
175893
175894
175895
175893
175891
175888
175885
175884
175883
175880
175878
175880
175882
175882
175883
175881
175884
175888
175889
175887
175886
175886
175886
175884
175882
175879
175875
175872
175869
175869
175866
175865
175865
175866
175867
175864
175865
175869
175872
175873
175871
175875
175876
175878
175879
175877
175879
175883
175883
175881
175881
175884
175886
175883
175879
175878
175881
175884
175885
175885
175882
175882
175883
175884
175887
175886
175887
175888
175890
175887
175885
175888
175888
175887
175884
175883
175884
175885
175885
175883
175883
175883
175887
175887
175882
175881
175881
175879
175879
175877
175872
175872
175871
175870
175867
175864
175864
175866
175866
175864
175864
175866
175867
175864
175864
175863
175867
175867
175866
175865
175863
175865
175864
175864
175862
175860
175860
175863
175862
175861
175861
175863
175862
175861
175859
175860
175863
175864
175861
175859
175860
175864
175864
175864
175862
175860
175860
175860
175860
175857
175858
175857
175859
175858
175856
175855
175855
175857
175856
175856
175854
175854
175855
175855
175853
175853
175854
175855
175857
175856
175855
175856
175857
175857
175855
175855
175860
175864
175863
175861
175860
175862
175864
175862
175861
175861
175866
175865
175865
175863
175861
175863
175863
175860
175858
175856
175854
175854
175850
175846
175847
175850
175849
175846
175840
175839
175840
175841
175840
175840
175844
175845
175844
175845
175847
175850
175854
175858
175859
175860
175857
175857
175859
175861
175862
175861
175862
175864
175865
175865
175864
175866
175868
175867
175865
175865
175865
175866
175865
175865
175866
175865
175864
175864
175860
175861
175862
175864
175867
175868
175869
175869
175871
175870
175872
175873
175879
175886
175889
175888
175890
175893
175895
175898
175900
175903
175907
175908
175910
175909
175911
175912
175912
175912
175911
175909
175910
175910
175907
175904
175900
175900
175902
175900
175897
175897
175898
175900
175898
175893
175891
175892
175894
175891
175885
175883
175885
175886
175884
175881
175879
175881
175882
175879
175876
175875
175877
175877
175876
175874
175872
175875
175878
175877
175874
175874
175872
175873
175872
175870
175869
175870
175870
175869
175867
175863
175863
175865
175864
175860
175859
175860
175862
175862
175858
175856
175855
175857
175857
175856
175855
175858
175860
175859
175857
175856
175856
175858
175858
175856
175857
175858
175858
175856
175855
175856
175861
175861
175857
175852
175851
175851
175853
175852
175852
175853
175853
175855
175852
175848
175848
175850
175853
175852
175851
175848
175849
175849
175848
175846
175845
175845
175848
175845
175843
175841
175842
175844
175843
175843
175840
175840
175843
175842
175838
175839
175840
175840
175838
175839
175841
175844
175842
175838
175836
175835
175834
175834
175833
175830
175829
175835
175835
175835
175834
175834
175834
175836
175836
175834
175835
175838
175844
175846
175847
175849
175852
175854
175855
175855
175857
175860
175862
175863
175864
175865
175867
175869
175867
175867
175868
175871
175875
175875
175875
175876
175877
175877
175875
175874
175876
175877
175881
175883
175882
175884
175887
175889
175888
175885
175886
175887
175888
175888
175888
175889
175892
175895
175895
175896
175896
175899
175900
175899
175897
175895
175897
175899
175899
175900
175902
175903
175904
175903
175899
175898
175901
175905
175906
175905
175908
175910
175909
175908
175908
175904
175903
175905
175904
175903
175904
175907
175910
175910
175912
175915
175915
175917
175920
175919
175918
175920
175921
175920
175919
175920
175922
175922
175919
175919
175921
175926
175929
175929
175928
175929
175928
175929
175927
175923
175922
175921
175918
175915
175911
175907
175906
175907
175905
175901
175900
175900
175900
175896
175891
175890
175892
175893
175890
175884
175881
175882
175882
175876
175870
175868
175867
175867
175863
175857
175852
175851
175852
175849
175845
175846
175848
175850
175846
175844
175844
175846
175848
175847
175843
175845
175848
175845
175841
175840
175842
175843
175844
175844
175840
175839
175839
175840
175837
175834
175834
175835
175834
175831
175830
175828
175828
175828
175827
175826
175827
175829
175831
175830
175828
175830
175832
175833
175833
175832
175833
175834
175835
175833
175833
175835
175837
175837
175833
175832
175832
175834
175836
175836
175839
175844
175847
175846
175845
175842
175845
175849
175850
175848
175844
175845
175847
175847
175844
175840
175835
175838
175839
175838
175838
175840
175845
175850
175849
175848
175848
175851
175856
175858
175857
175857
175857
175856
175852
175848
175847
175846
175846
175845
175843
175844
175848
175848
175847
175845
175847
175850
175851
175850
175850
175850
175850
175852
175851
175846
175843
175844
175845
175843
175842
175844
175846
175850
175852
175854
175858
175861
175862
175863
175863
175863
175863
175864
175863
175862
175859
175860
175863
175862
175860
175861
175865
175867
175866
175866
175868
175872
175878
175881
175883
175887
175890
175895
175896
175897
175901
175905
175908
175909
175911
175914
175918
175922
175923
175924
175928
175932
175935
175936
175934
175934
175935
175936
175938
175934
175935
175937
175938
175938
175935
175933
175934
175933
175931
175929
175929
175929
175931
175931
175931
175932
175935
175936
175934
175935
175937
175940
175940
175937
175933
175930
175929
175928
175922
175918
175916
175913
175911
175908
175906
175905
175900
175898
175896
175892
175889
175888
175885
175881
175878
175879
175878
175874
175871
175869
175868
175868
175867
175863
175859
175856
175856
175857
175853
175848
175846
175841
175839
175836
175831
175828
175829
175828
175824
175819
175815
175815
175813
175810
175805
175805
175807
175808
175807
175803
175801
175798
175795
175792
175789
175787
175787
175783
175779
175773
175768
175765
175765
175761
175759
175757
175755
175752
175746
175741
175741
175742
175741
175738
175737
175737
175739
175739
175739
175741
175747
175753
175759
175763
175764
175768
175776
175780
175781
175785
175792
175798
175803
175802
175801
175806
175813
175818
175821
175824
175828
175832
175834
175834
175834
175838
175844
175848
175848
175852
175854
175856
175856
175858
175859
175862
175864
175864
175864
175867
175868
175869
175871
175873
175873
175873
175876
175878
175879
175881
175881
175886
175890
175890
175888
175889
175891
175893
175898
175899
175899
175902
175904
175904
175904
175905
175906
175908
175906
175906
175906
175905
175905
175902
175900
175902
175905
175905
175903
175905
175909
175910
175911
175910
175909
175912
175914
175912
175909
175907
175908
175907
175908
175906
175903
175904
175908
175908
175906
175905
175906
175909
175911
175910
175907
175908
175909
175906
175901
175898
175899
175899
175897
175894
175893
175893
175895
175891
175888
175884
175883
175884
175883
175880
175877
175878
175876
175870
175865
175861
175860
175860
175855
175849
175846
175844
175839
175834
175831
175826
175823
175823
175822
175818
175815
175816
175815
175813
175812
175808
175807
175808
175807
175804
175801
175799
175798
175799
175796
175795
175796
175798
175800
175799
175799
175801
175808
175813
175814
175813
175816
175817
175816
175816
175814
175814
175816
175813
175812
175812
175812
175814
175814
175814
175813
175816
175821
175822
175823
175825
175829
175830
175831
175831
175831
175832
175834
175831
175827
175825
175824
175822
175819
175818
175818
175818
175818
175818
175818
175820
175824
175826
175826
175826
175827
175829
175834
175836
175836
175835
175835
175836
175836
175837
175837
175838
175842
175843
175842
175839
175839
175841
175840
175839
175838
175839
175840
175839
175837
175832
175830
175830
175827
175824
175824
175825
175826
175827
175826
175826
175828
175833
175832
175832
175836
175840
175846
175849
175848
175847
175847
175848
175849
175848
175846
175846
175850
175850
175851
175855
175859
175864
175868
175871
175873
175876
175883
175887
175889
175892
175896
175898
175900
175900
175898
175901
175906
175907
175906
175906
175906
175908
175905
175904
175906
175906
175908
175909
175908
175909
175909
175910
175909
175906
175905
175906
175906
175906
175903
175900
175901
175901
175899
175898
175898
175901
175904
175903
175903
175904
175904
175904
175902
175900
175899
175899
175900
175897
175895
175894
175895
175895
175894
175891
175890
175894
175893
175888
175884
175882
175881
175880
175876
175873
175874
175877
175876
175873
175870
175871
175874
175877
175878
175876
175875
175876
175877
175879
175877
175877
175877
175877
175876
175874
175872
175870
175870
175871
175871
175871
175872
175874
175871
175871
175872
175872
175870
175868
175866
175865
175866
175868
175868
175866
175865
175866
175866
175867
175864
175862
175862
175859
175858
175857
175856
175857
175856
175853
175849
175848
175850
175849
175847
175845
175843
175844
175845
175846
175847
175849
175850
175852
175852
175853
175853
175855
175856
175855
175855
175855
175853
175855
175857
175856
175855
175857
175859
175860
175862
175864
175868
175872
175875
175877
175878
175879
175883
175885
175889
175892
175897
175901
175906
175907
175907
175912
175913
175915
175915
175916
175919
175923
175925
175925
175926
175929
175933
175936
175932
175930
175932
175935
175934
175932
175932
175933
175935
175934
175932
175932
175934
175935
175935
175933
175933
175934
175935
175933
175933
175935
175938
175940
175938
175936
175935
175935
175936
175935
175932
175930
175930
175929
175930
175928
175925
175928
175927
175925
175923
175922
175920
175919
175918
175914
175912
175907
175905
175902
175901
175899
175895
175893
175888
175885
175885
175882
175879
175875
175872
175867
175868
175869
175868
175865
175863
175863
175863
175859
175856
175856
175856
175857
175854
175850
175848
175846
175845
175842
175838
175836
175835
175836
175834
175833
175832
175831
175832
175832
175830
175828
175832
175836
175838
175836
175836
175838
175841
175841
175843
175844
175843
175844
175844
175843
175844
175844
175848
175849
175849
175850
175853
175853
175850
175849
175850
175853
175856
175858
175858
175858
175861
175859
175856
175857
175859
175863
175867
175869
175868
175870
175874
175876
175874
175872
175872
175876
175880
175880
175879
175881
175887
175889
175887
175887
175888
175892
175896
175894
175892
175893
175895
175896
175894
175893
175893
175893
175891
175888
175885
175884
175886
175886
175886
175888
175886
175884
175882
175880
175876
175874
175875
175875
175873
175871
175868
175867
175867
175864
175861
175862
175864
175864
175862
175857
175854
175855
175856
175852
175847
175845
175846
175847
175842
175838
175837
175837
175838
175835
175831
175828
175829
175828
175823
175821
175820
175819
175820
175821
175822
175822
175821
175820
175815
175815
175816
175818
175818
175818
175819
175818
175816
175817
175819
175818
175819
175821
175824
175825
175822
175823
175827
175827
175826
175824
175825
175830
175832
175829
175828
175828
175831
175832
175829
175827
175828
175831
175829
175825
175824
175826
175825
175826
175826
175822
175825
175827
175829
175827
175825
175829
175832
175832
175833
175834
175833
175832
175833
175832
175830
175832
175835
175833
175832
175830
175829
175831
175831
175830
175831
175835
175838
175840
175839
175835
175834
175838
175839
175839
175841
175843
175844
175843
175841
175841
175842
175844
175845
175843
175841
175844
175845
175849
175851
175850
175851
175854
175856
175856
175857
175860
175862
175866
175867
175869
175870
175872
175874
175874
175875
175877
175878
175880
175882
175882
175882
175884
175885
175884
175885
175888
175891
175894
175895
175895
175896
175900
175901
175901
175901
175904
175907
175911
175910
175909
175909
175912
175915
175916
175914
175917
175919
175918
175917
175916
175913
175914
175912
175910
175907
175906
175906
175904
175901
175899
175901
175900
175899
175896
175892
175892
175892
175890
175888
175884
175884
175885
175882
175878
175874
175872
175873
175871
175866
175864
175866
175865
175864
175865
175862
175861
175863
175863
175859
175857
175856
175856
175857
175855
175851
175849
175850
175850
175847
175844
175843
175843
175842
175839
175837
175838
175835
175831
175826
175823
175826
175827
175828
175827
175826
175828
175830
175827
175825
175824
175825
175826
175827
175826
175825
175826
175827
175828
175825
175821
175822
175822
175822
175819
175818
175817
175816
175818
175815
175813
175811
175812
175813
175810
175809
175809
175810
175811
175813
175813
175812
175813
175816
175819
175819
175821
175825
175828
175828
175829
175834
175835
175840
175842
175842
175845
175846
175849
175849
175850
175853
175859
175861
175860
175863
175869
175874
175876
175877
175878
175883
175886
175886
175885
175886
175888
175890
175892
175890
175890
175890
175890
175887
175883
175879
175878
175878
175876
175874
175870
175868
175869
175869
175867
175865
175865
175867
175868
175867
175866
175866
175867
175867
175867
175865
175864
175866
175866
175864
175863
175864
175866
175868
175868
175869
175869
175866
175865
175863
175859
175856
175856
175853
175848
175843
175845
175842
175837
175833
175832
175830
175830
175829
175824
175820
175821
175824
175824
175820
175818
175819
175818
175817
175817
175817
175819
175820
175820
175817
175815
175817
175821
175823
175822
175820
175819
175818
175818
175818
175815
175816
175817
175817
175821
175820
175823
175827
175830
175832
175834
175837
175838
175837
175837
175832
175831
175831
175831
175832
175832
175833
175835
175835
175832
175828
175828
175829
175830
175829
175828
175831
175830
175827
175827
175825
175824
175828
175829
175828
175829
175831
175832
175834
175832
175829
175829
175831
175830
175828
175827
175828
175830
175830
175829
175826
175825
175829
175828
175823
175821
175821
175823
175823
175822
175820
175818
175820
175820
175820
175821
175822
175823
175824
175825
175828
175832
175835
175838
175842
175844
175847
175846
175845
175844
175841
175841
175841
175841
175842
175841
175842
175843
175843
175841
175840
175842
175843
175842
175840
175838
175838
175838
175837
175834
175831
175830
175833
175834
175832
175833
175835
175838
175840
175840
175839
175841
175846
175849
175849
175849
175850
175850
175846
175841
175837
175835
175836
175834
175832
175832
175835
175839
175841
175840
175842
175845
175847
175846
175845
175846
175849
175851
175851
175851
175853
175856
175861
175863
175864
175867
175870
175873
175874
175874
175874
175875
175878
175879
175877
175873
175872
175873
175872
175869
175865
175865
175865
175862
175859
175854
175855
175859
175858
175856
175857
175861
175864
175862
175863
175864
175865
175863
175862
175860
175859
175856
175855
175857
175861
175864
175865
175869
175873
175875
175878
175883
175887
175893
175894
175895
175897
175900
175899
175895
175893
175892
175892
175888
175880
175875
175871
175869
175865
175859
175856
175856
175853
175849
175845
175843
175843
175846
175848
175851
175850
175848
175847
175849
175848
175847
175848
175852
175854
175852
175849
175849
175851
175849
175846
175846
175847
175849
175847
175843
175839
175837
175833
175829
175823
175818
175816
175813
175807
175799
175794
175793
175791
175788
175784
175780
175779
175777
175774
175774
175773
175774
175776
175776
175775
175773
175774
175775
175777
175779
175779
175782
175788
175790
175788
175788
175788
175791
175792
175791
175790
175793
175795
175794
175788
175785
175786
175787
175785
175782
175781
175783
175783
175778
175775
175776
175777
175778
175781
175780
175782
175784
175781
175779
175780
175782
175785
175786
175787
175790
175790
175794
175800
175800
175800
175802
175807
175812
175814
175813
175815
175820
175822
175824
175824
175826
175828
175834
175834
175834
175834
175838
175841
175842
175843
175844
175849
175851
175852
175853
175852
175854
175857
175858
175859
175860
175861
175861
175860
175858
175860
175861
175862
175864
175864
175861
175864
175866
175867
175868
175870
175873
175874
175874
175872
175871
175875
175878
175879
175880
175882
175887
175890
175886
175883
175885
175887
175888
175886
175885
175883
175883
175880
175875
175873
175872
175872
175871
175867
175865
175863
175863
175860
175857
175854
175852
175851
175847
175842
175838
175833
175829
175826
175822
175820
175819
175820
175818
175817
175812
175808
175810
175811
175809
175808
175810
175811
175813
175811
175806
175805
175806
175806
175805
175802
175800
175800
175799
175796
175793
175792
175791
175790
175788
175786
175782
175782
175782
175781
175778
175778
175779
175779
175775
175771
175770
175769
175769
175768
175766
175766
175766
175770
175770
175766
175760
175760
175761
175759
175757
175755
175754
175754
175754
175746
175741
175741
175741
175740
175740
175738
175737
175737
175733
175731
175734
175736
175738
175740
175742
175741
175743
175746
175746
175748
175754
175760
175763
175764
175764
175766
175767
175769
175770
175772
175774
175776
175778
175778
175776
175773
175773
175774
175773
175773
175774
175775
175776
175775
175773
175773
175774
175774
175772
175770
175769
175771
175774
175771
175769
175770
175773
175775
175773
175772
175774
175775
175775
175776
175776
175777
175780
175781
175779
175776
175776
175778
175775
175772
175771
175770
175771
175774
175773
175775
175774
175773
175774
175772
175770
175771
175773
175773
175773
175771
175772
175773
175773
175772
175771
175770
175768
175767
175764
175761
175760
175763
175767
175766
175765
175766
175772
175775
175771
175769
175768
175769
175773
175774
175771
175771
175774
175772
175770
175768
175769
175772
175775
175774
175776
175774
175774
175776
175776
175776
175776
175776
175776
175775
175774
175774
175774
175774
175774
175774
175774
175775
175777
175776
175775
175777
175779
175780
175781
175782
175785
175787
175790
175790
175790
175790
175792
175792
175791
175789
175787
175786
175788
175784
175782
175784
175787
175787
175785
175781
175781
175784
175786
175786
175784
175786
175791
175793
175795
175795
175799
175806
175810
175809
175809
175813
175816
175817
175816
175820
175824
175827
175828
175828
175828
175830
175831
175832
175832
175834
175835
175834
175834
175833
175830
175831
175835
175837
175836
175834
175835
175837
175840
175838
175836
175837
175841
175844
175843
175841
175838
175839
175842
175839
175836
175841
175846
175849
175847
175846
175849
175852
175854
175854
175853
175855
175859
175860
175859
175856
175858
175857
175859
175857
175858
175857
175858
175858
175857
175855
175855
175855
175858
175860
175859
175858
175857
175857
175855
175853
175853
175855
175858
175859
175858
175859
175860
175861
175860
175860
175861
175864
175865
175861
175858
175858
175858
175855
175851
175848
175848
175848
175846
175844
175841
175841
175841
175839
175835
175831
175830
175831
175832
175829
175829
175830
175833
175833
175833
175834
175834
175836
175839
175839
175837
175838
175839
175841
175839
175837
175837
175837
175837
175835
175830
175829
175830
175831
175826
175823
175824
175826
175830
175827
175826
175825
175824
175825
175823
175819
175819
175822
175823
175819
175816
175814
175815
175815
175810
175809
175811
175815
175816
175817
175815
175816
175818
175819
175818
175815
175814
175814
175815
175814
175814
175814
175814
175816
175816
175815
175815
175813
175811
175810
175808
175806
175807
175804
175800
175795
175792
175791
175790
175787
175785
175785
175788
175788
175787
175787
175786
175784
175784
175783
175779
175777
175776
175778
175777
175774
175774
175777
175778
175780
175785
175788
175788
175790
175790
175786
175782
175785
175785
175782
175780
175779
175777
175775
175773
175772
175774
175777
175783
175784
175786
175793
175797
175798
175797
175795
175798
175798
175794
175789
175784
175780
175781
175780
175776
175775
175777
175778
175781
175783
175784
175788
175795
175799
175798
175798
175799
175802
175802
175800
175796
175794
175794
175794
175793
175789
175789
175791
175792
175791
175792
175794
175798
175800
175802
175803
175803
175806
175809
175811
175810
175811
175816
175817
175814
175811
175812
175812
175810
175809
175808
175808
175809
175812
175813
175813
175816
175821
175821
175820
175820
175820
175823
175824
175822
175816
175813
175811
175812
175808
175801
175801
175802
175799
175795
175792
175792
175791
175791
175789
175784
175784
175787
175787
175787
175788
175788
175789
175789
175786
175785
175785
175786
175786
175784
175782
175783
175785
175781
175779
175777
175776
175778
175778
175778
175776
175777
175781
175782
175780
175780
175783
175787
175788
175786
175786
175789
175791
175792
175792
175793
175797
175800
175802
175804
175806
175807
175808
175809
175810
175813
175816
175820
175823
175827
175825
175827
175831
175831
175832
175833
175836
175838
175838
175836
175835
175835
175835
175834
175834
175834
175837
175838
175837
175839
175838
175837
175840
175841
175839
175839
175840
175842
175844
175842
175841
175842
175842
175841
175839
175838
175840
175841
175842
175841
175841
175840
175840
175841
175840
175838
175838
175838
175837
175835
175833
175833
175835
175836
175837
175835
175840
175843
175844
175844
175845
175848
175852
175854
175851
175851
175853
175854
175855
175851
175848
175849
175850
175846
175843
175843
175844
175842
175839
175837
175835
175835
175835
175834
175831
175830
175830
175831
175832
175830
175831
175832
175831
175829
175827
175829
175833
175836
175835
175834
175834
175838
175841
175839
175837
175836
175838
175840
175838
175836
175834
175832
175832
175834
175834
175833
175835
175834
175834
175835
175833
175834
175838
175841
175841
175841
175845
175848
175850
175846
175847
175849
175850
175849
175847
175848
175848
175845
175843
175844
175843
175844
175845
175844
175842
175840
175838
175836
175835
175833
175830
175829
175831
175829
175824
175822
175825
175828
175827
175824
175821
175824
175826
175824
175821
175819
175821
175822
175822
175820
175819
175821
175821
175818
175816
175815
175818
175817
175818
175816
175812
175811
175811
175811
175812
175815
175818
175822
175823
175822
175818
175816
175817
175815
175811
175810
175810
175810
175808
175805
175804
175804
175805
175805
175805
175804
175806
175807
175808
175806
175809
175810
175811
175811
175808
175807
175809
175813
175811
175810
175809
175809
175809
175808
175803
175803
175809
175810
175809
175808
175809
175810
175810
175806
175803
175803
175803
175803
175802
175801
175800
175804
175805
175803
175802
175803
175803
175806
175806
175805
175804
175807
175809
175809
175809
175809
175813
175815
175814
175813
175812
175813
175818
175819
175816
175815
175815
175817
175817
175819
175820
175821
175824
175825
175822
175818
175819
175821
175821
175819
175816
175817
175818
175820
175817
175813
175812
175814
175813
175810
175809
175811
175814
175813
175811
175811
175812
175813
175814
175813
175813
175819
175821
175823
175824
175826
175829
175831
175829
175827
175828
175827
175827
175824
175822
175823
175823
175824
175822
175821
175822
175820
175820
175818
175816
175815
175817
175818
175818
175817
175816
175815
175814
175815
175814
175814
175818
175818
175819
175819
175813
175811
175811
175809
175806
175807
175807
175810
175808
175804
175803
175803
175803
175803
175802
175803
175804
175805
175806
175805
175805
175806
175807
175805
175803
175802
175803
175805
175804
175804
175805
175806
175812
175815
175815
175814
175816
175819
175819
175818
175819
175819
175821
175824
175822
175820
175821
175824
175823
175821
175821
175823
175827
175827
175823
175826
175832
175835
175834
175834
175836
175839
175840
175838
175839
175838
175839
175842
175841
175839
175841
175840
175840
175841
175840
175841
175842
175844
175846
175846
175846
175846
175848
175849
175848
175847
175849
175852
175856
175856
175854
175854
175856
175857
175856
175856
175857
175861
175863
175861
175860
175863
175864
175862
175861
175862
175865
175869
175869
175868
175866
175864
175866
175863
175858
175855
175856
175855
175853
175851
175850
175850
175852
175851
175847
175844
175844
175844
175841
175840
175840
175841
175842
175844
175842
175838
175837
175836
175836
175837
175836
175837
175840
175841
175838
175838
175838
175837
175836
175835
175835
175836
175834
175832
175831
175829
175828
175827
175824
175823
175822
175820
175820
175819
175817
175815
175816
175817
175817
175816
175812
175813
175818
175820
175819
175818
175819
175822
175820
175814
175811
175812
175815
175814
175813
175814
175817
175815
175811
175807
175807
175807
175806
175807
175807
175805
175804
175805
175805
175804
175803
175805
175805
175802
175801
175797
175796
175797
175794
175793
175792
175791
175792
175790
175782
175781
175783
175785
175783
175778
175776
175777
175777
175773
175768
175767
175768
175765
175764
175762
175762
175763
175762
175761
175758
175758
175760
175761
175762
175762
175762
175763
175765
175766
175766
175762
175762
175763
175763
175761
175758
175758
175757
175756
175753
175755
175757
175760
175762
175763
175767
175775
175779
175782
175784
175790
175798
175804
175806
175808
175813
175819
175826
175830
175832
175836
175841
175842
175840
175836
175834
175836
175836
175834
175832
175832
175834
175831
175831
175828
175828
175829
175830
175830
175828
175828
175829
175829
175828
175830
175832
175836
175839
175839
175841
175842
175841
175843
175844
175843
175846
175846
175845
175846
175846
175845
175846
175848
175848
175845
175844
175846
175847
175845
175838
175837
175839
175839
175836
175832
175833
175837
175842
175839
175835
175836
175835
175834
175830
175826
175825
175827
175825
175824
175820
175818
175817
175816
175812
175810
175810
175813
175813
175814
175813
175813
175815
175814
175812
175810
175813
175813
175814
175814
175812
175812
175813
175813
175810
175812
175817
175820
175821
175822
175823
175823
175823
175823
175820
175818
175817
175816
175816
175816
175816
175816
175818
175822
175826
175828
175827
175827
175830
175830
175825
175823
175822
175821
175821
175818
175815
175820
175821
175819
175819
175820
175821
175824
175825
175823
175820
175821
175824
175820
175817
175817
175818
175819
175814
175810
175811
175813
175812
175809
175809
175810
175813
175817
175817
175817
175819
175821
175821
175820
175821
175823
175825
175829
175828
175827
175828
175830
175832
175833
175832
175833
175835
175836
175836
175837
175838
175839
175840
175843
175843
175845
175850
175853
175855
175856
175859
175862
175865
175865
175865
175866
175869
175867
175867
175867
175867
175868
175869
175867
175866
175867
175867
175867
175863
175863
175864
175867
175866
175865
175864
175866
175869
175869
175867
175866
175869
175872
175873
175872
175869
175870
175870
175869
175868
175866
175867
175868
175868
175865
175859
175855
175850
175846
175841
175835
175832
175828
175825
175816
175810
175805
175802
175800
175801
175799
175800
175799
175794
175790
175786
175785
175782
175781
175779
175778
175776
175774
175775
175776
175775
175777
175776
175778
175778
175773
175769
175766
175765
175763
175762
175763
175768
175765
175761
175762
175767
175775
175781
175785
175788
175791
175791
175793
175790
175787
175786
175786
175786
175786
175786
175788
175789
175789
175789
175788
175790
175792
175797
175799
175800
175800
175800
175801
175799
175797
175797
175799
175800
175799
175794
175794
175796
175794
175791
175789
175790
175792
175791
175789
175786
175790
175791
175792
175791
175791
175792
175795
175793
175793
175793
175794
175796
175797
175795
175795
175798
175798
175800
175799
175798
175798
175800
175802
175801
175801
175804
175805
175808
175807
175808
175810
175811
175811
