171667
171664
171664
171665
171663
171661
171663
171664
171665
171666
171672
171678
171679
171683
171684
171681
171674
171671
171669
171672
171672
171672
171672
171672
171678
171681
171682
171683
171682
171681
171679
171673
171673
171678
171678
171677
171672
171671
171674
171678
171677
171673
171675
171680
171682
171680
171677
171677
171679
171680
171679
171678
171678
171682
171685
171684
171680
171676
171673
171671
171668
171667
171674
171681
171687
171688
171687
171688
171689
171688
171685
171681
171681
171685
171689
171687
171686
171689
171691
171692
171689
171684
171681
171681
171684
171682
171675
171675
171678
171677
171675
171672
171672
171677
171683
171687
171686
171683
171683
171683
171680
171678
171680
171685
171685
171685
171687
171687
171690
171695
171695
171687
171682
171681
171682
171682
171679
171679
171680
171681
171682
171682
171681
171681
171680
171679
171679
171680
171683
171686
171689
171689
171686
171689
171691
171688
171682
171682
171683
171685
171687
171685
171682
171682
171681
171678
171679
171681
171684
171683
171679
171677
171676
171675
171675
171672
171671
171672
171676
171679
171678
171677
171675
171673
171672
171670
171671
171669
171669
171672
171672
171669
171668
171670
171669
171667
171663
171668
171675
171680
171679
171676
171675
171675
171673
171672
171674
171674
171675
171674
171671
171669
171668
171668
171669
171667
171664
171664
171665
171666
171664
171662
171665
171671
171671
171668
171666
171666
171666
171667
171664
171663
171661
171658
171665
171669
171667
171668
171673
171674
171669
171666
171667
171667
171669
171669
171666
171666
171669
171672
171670
171663
171663
171666
171664
171660
171657
171658
171658
171657
171657
171657
171657
171659
171665
171663
171658
171657
171658
171659
171657
171653
171656
171662
171662
171657
171655
171656
171657
171657
171655
171655
171657
171658
171658
171658
171652
171651
171659
171664
171659
171657
171658
171660
171660
171660
171660
171658
171655
171653
171657
171658
171659
171659
171661
171660
171658
171660
171663
171664
171662
171659
171658
171657
171657
171655
171650
171650
171655
171654
171654
171652
171653
171653
171651
171649
171646
171646
171649
171645
171645
171650
171651
171651
171652
171650
171646
171644
171645
171647
171649
171646
171647
171644
171648
171654
171654
171654
171656
171655
171654
171652
171650
171650
171646
171642
171642
171642
171645
171646
171642
171640
171641
171644
171647
171647
171645
171643
171648
171650
171646
171642
171641
171642
171642
171642
171639
171640
171644
171643
171639
171637
171636
171632
171632
171636
171636
171636
171640
171643
171643
171643
171646
171643
171642
171640
171630
171631
171633
171637
171639
171637
171639
171644
171645
171643
171641
171641
171640
171639
171638
171638
171639
171641
171638
171637
171636
171638
171637
171636
171633
171631
171632
171633
171634
171633
171633
171635
171638
171638
171637
171636
171638
171640
171639
171638
171639
171637
171638
171637
171636
171636
171637
171640
171641
171638
171634
171632
171633
171632
171629
171629
171631
171634
171636
171631
171627
171634
171634
171632
171629
171625
171623
171621
171623
171621
171623
171624
171626
171629
171629
171625
171627
171631
171631
171629
171627
171628
171631
171633
171634
171628
171626
171631
171632
171628
171622
171621
171623
171624
171622
171619
171619
171625
171622
171616
171612
171609
171611
171615
171614
171611
171609
171612
171616
171617
171618
171620
171622
171622
171618
171620
171622
171626
171625
171618
171618
171621
171624
171628
171626
171624
171622
171621
171620
171615
171614
171614
171613
171613
171615
171613
171613
171617
171615
171612
171609
171609
171610
171607
171602
171602
171603
171604
171605
171605
171605
171607
171609
171613
171610
171605
171610
171611
171614
171612
171610
171612
171614
171617
171617
171612
171615
171617
171617
171615
171613
171610
171612
171617
171615
171612
171612
171611
171610
171608
171606
171608
171611
171610
171610
171609
171612
171615
171615
171613
171614
171618
171619
171619
171615
171614
171614
171613
171619
171620
171618
171620
171626
171631
171632
171630
171628
171627
171627
171625
171622
171617
171624
171627
171623
171621
171621
171621
171620
171617
171616
171617
171620
171621
171626
171634
171636
171637
171638
171636
171636
171634
171635
171637
171635
171632
171633
171636
171637
171631
171629
171634
171635
171634
171633
171635
171637
171639
171643
171641
171637
171634
171632
171634
171634
171631
171632
171632
171629
171628
171629
171630
171633
171637
171638
171638
171640
171639
171636
171633
171634
171637
171636
171634
171632
171634
171641
171646
171645
171644
171641
171644
171651
171650
171644
171643
171647
171650
171651
171649
171648
171650
171651
171654
171650
171644
171643
171644
171643
171645
171646
171647
171649
171654
171653
171650
171649
171650
171652
171648
171640
171642
171649
171654
171654
171653
171656
171657
171657
171655
171653
171662
171668
171666
171666
171666
171663
171657
171663
171666
171666
171665
171666
171666
171664
171664
171667
171671
171670
171675
171674
171674
171679
171682
171678
171676
171679
171681
171677
171672
171673
171674
171674
171678
171675
171671
171674
171674
171676
171678
171681
171684
171686
171685
171681
171679
171675
171676
171675
171679
171683
171681
171683
171686
171688
171687
171686
171688
171687
171686
171683
171679
171679
171689
171691
171690
171690
171689
171686
171683
171684
171687
171689
171690
171688
171687
171691
171695
171694
171690
171687
171685
171684
171688
171688
171688
171691
171694
171691
171685
171685
171688
171689
171687
171682
171683
171688
171689
171691
171695
171693
171692
171695
171693
171690
171688
171687
171687
171681
171684
171687
171686
171686
171686
171683
171682
171684
171686
171689
171688
171677
171673
171686
171690
171686
171679
171677
171686
171686
171683
171685
171689
171690
171688
171689
171687
171687
171691
171694
171695
171695
171700
171700
171700
171701
171696
171692
171692
171693
171689
171684
171685
171687
171687
171686
171685
171686
171684
171681
171673
171673
171679
171685
171690
171689
171685
171685
171690
171696
171694
171691
171692
171687
171687
171694
171693
171693
171692
171692
171691
171690
171691
171686
171690
171691
171686
171685
171686
171682
171683
171690
171691
171694
171690
171693
171696
171696
171698
171695
171697
171699
171698
171698
171694
171688
171686
171687
171689
171694
171697
171698
171699
171698
171697
171687
171686
171695
171697
171691
171689
171686
171685
171687
171688
171689
171687
171687
171692
171695
171694
171689
171685
171684
171684
171689
171691
171691
171694
171695
171694
171688
171690
171690
171690
171686
171686
171688
171690
171690
171687
171688
171691
171692
171692
171689
171684
171684
171689
171689
171686
171685
171688
171692
171695
171696
171692
171689
171694
171698
171698
171692
171694
171695
171694
171698
171702
171702
171696
171691
171688
171688
171688
171685
171684
171687
171683
171685
171692
171690
171688
171684
171685
171692
171694
171690
171688
171690
171686
171679
171677
171675
171674
171672
171674
171678
171678
171675
171674
171676
171675
171672
171673
171675
171676
171678
171682
171683
171681
171680
171682
171679
171678
171677
171677
171679
171678
171678
171685
171686
171682
171681
171685
171684
171683
171682
171681
171680
171674
171675
171675
171674
171678
171682
171675
171672
171669
171665
171661
171665
171668
171670
171672
171674
171672
171671
171670
171669
171672
171669
171666
171667
171669
171672
171675
171672
171670
171669
171668
171670
171669
171667
171666
171669
171670
171664
171663
171665
171666
171671
171670
171667
171667
171668
171668
171671
171672
171669
171667
171666
171665
171658
171656
171660
171673
171680
171671
171671
171671
171665
171657
171662
171674
171673
171671
171673
171674
171677
171682
171675
171675
171679
171679
171679
171681
171679
171679
171682
171682
171681
171676
171673
171674
171674
171672
171671
171667
171670
171670
171668
171665
171663
171666
171667
171666
171666
171668
171671
171669
171673
171670
171668
171670
171667
171669
171669
171666
171668
171674
171674
171669
171671
171674
171675
171674
171670
171670
171672
171670
171670
171670
171669
171668
171667
171664
171660
171665
171665
171666
171666
171667
171669
171669
171669
171671
171670
171666
171671
171675
171676
171673
171672
171670
171671
171671
171671
171668
171664
171668
171670
171661
171660
171670
171671
171674
171677
171676
171673
171670
171675
171672
171667
171672
171677
171678
171678
171677
171679
171681
171673
171668
171672
171675
171678
171680
171680
171679
171681
171681
171677
171675
171672
171675
171676
171675
171674
171673
171674
171673
171674
171679
171677
171678
171679
171678
171675
171676
171682
171684
171681
171675
171677
171677
171678
171674
171673
171670
171673
171680
171677
171676
171676
171681
171682
171677
171680
171683
171682
171683
171679
171675
171676
171675
171677
171677
171674
171671
171678
171682
171683
171686
171684
171678
171675
171678
171677
171672
171672
171684
171689
171681
171679
171683
171682
171681
171682
171683
171683
171685
171686
171685
171683
171682
171688
171690
171687
171687
171690
171692
171692
171693
171694
171693
171689
171690
171689
171686
171687
171686
171686
171687
171689
171691
171691
171692
171691
171687
171684
171685
171684
171691
171697
171697
171695
171688
171685
171693
171693
171691
171689
171685
171688
171694
171697
171694
171692
171690
171692
171696
171697
171696
171692
171688
171691
171692
171688
171687
171689
171691
171695
171694
171691
171692
171690
171689
171689
171689
171688
171688
171689
171690
171686
171689
171692
171693
171688
171684
171691
171695
171693
171693
171692
171690
171692
171692
171692
171691
171690
171692
171691
171691
171691
171694
171696
171691
171687
171687
171691
171695
171690
171686
171688
171694
171692
171694
171691
171688
171689
171692
171691
171686
171689
171694
171689
171689
171691
171693
171692
171693
171691
171689
171690
171690
171691
171693
171687
171685
171690
171693
171691
171691
171686
171684
171690
171688
171688
171689
171690
171690
171690
171691
171692
171694
171695
171693
171697
171697
171698
171698
171694
171694
171694
171689
171688
171689
171686
171687
171694
171700
171698
171693
171697
171700
171700
171701
171696
171691
171691
171690
171690
171693
171695
171694
171695
171691
171688
171689
171693
171695
171696
171697
171693
171688
171688
171691
171691
171688
171688
171689
171690
171688
171684
171686
171693
171695
171695
171691
171689
171689
171691
171693
171691
171689
171689
171689
171686
171684
171689
171691
171688
171685
171683
171683
171689
171689
171689
171687
171686
171691
171695
171697
171692
171691
171694
171692
171693
171695
171694
171691
171687
171686
171686
171689
171692
171687
171690
171693
171693
171693
171691
171692
171694
171695
171697
171696
171694
171694
171697
171695
171693
171691
171690
171691
171690
171693
171695
171698
171700
171700
171699
171696
171697
171706
171711
171709
171705
171706
171707
171707
171701
171703
171704
171704
171706
171706
171707
171707
171708
171710
171711
171708
171705
171703
171704
171705
171704
171707
171708
171705
171706
171708
171708
171711
171708
171701
171706
171712
171710
171711
171715
171719
171715
171716
171716
171716
171715
171711
171718
171725
171724
171721
171718
171717
171720
171717
171716
171716
171717
171718
171719
171724
171723
171720
171719
171716
171715
171716
171720
171724
171725
171727
171724
171717
171719
171724
171723
171720
171721
171720
171718
171721
171720
171722
171723
171723
171724
171724
171719
171720
171723
171724
171721
171722
171726
171727
171728
171731
171733
171733
171731
171726
171725
171731
171733
171735
171738
171738
171739
171736
171734
171736
171735
171737
171733
171731
171733
171735
171736
171739
171739
171736
171735
171734
171739
171741
171739
171738
171738
171741
171739
171736
171736
171739
171738
171734
171740
171743
171746
171748
171742
171736
171739
171742
171743
171745
171743
171742
171743
171745
171749
171749
171745
171747
171747
171742
171743
171750
171751
171747
171741
171741
171737
171736
171741
171741
171740
171744
171748
171748
171743
171740
171735
171738
171743
171742
171739
171738
171740
171738
171743
171745
171741
171739
171737
171736
171733
171735
171741
171742
171738
171738
171740
171735
171733
171737
171737
171735
171731
171733
171739
171738
171737
171734
171735
171737
171738
171739
171740
171743
171738
171738
171741
171742
171742
171742
171739
171736
171735
171742
171746
171745
171742
171737
171735
171733
171733
171736
171736
171735
171738
171738
171739
171745
171744
171741
171741
171740
171741
171742
171745
171749
171744
171745
171752
171751
171744
171734
171737
171740
171740
171736
171734
171739
171742
171739
171737
171735
171733
171736
171738
171739
171738
171740
171747
171746
171738
171737
171738
171737
171737
171737
171737
171737
171747
171751
171747
171746
171748
171747
171743
171738
171730
171732
171737
171733
171735
171740
171740
171740
171746
171746
171741
171745
171750
171748
171747
171743
171744
171753
171754
171743
171739
171745
171746
171744
171743
171742
171739
171740
171746
171743
171736
171732
171734
171740
171741
171740
171737
171737
171735
171734
171735
171735
171736
171736
171736
171737
171738
171737
171732
171726
171723
171728
171732
171732
171731
171732
171736
171738
171737
171732
171733
171731
171730
171728
171726
171725
171725
171724
171727
171727
171725
171724
171723
171719
171720
171721
171725
171724
171719
171716
171715
171719
171719
171721
171722
171721
171722
171721
171718
171719
171725
171728
171729
171724
171719
171718
171714
171716
171717
171714
171718
171723
171722
171719
171722
171722
171720
171719
171722
171725
171727
171725
171722
171720
171718
171715
171718
171724
171724
171724
171726
171731
171735
171735
171732
171730
171734
171737
171734
171734
171734
171732
171729
171728
171724
171723
171722
171718
171722
171728
171731
171736
171736
171735
171735
171737
171737
171737
171736
171732
171733
171736
171739
171743
171743
171745
171746
171746
171741
171738
171738
171740
171743
171744
171743
171747
171752
171755
171752
171745
171744
171743
171741
171736
171732
171737
171740
171737
171734
171739
171742
171749
171749
171744
171740
171740
171742
171743
171744
171745
171742
171740
171745
171745
171739
171735
171735
171739
171738
171739
171741
171743
171751
171756
171756
171758
171758
171757
171754
171746
171739
171742
171744
171742
171743
171742
171744
171749
171748
171746
171746
171743
171739
171737
171736
171741
171744
171751
171751
171746
171742
171745
171745
171742
171740
171739
171742
171745
171742
171740
171739
171740
171748
171750
171749
171752
171753
171752
171746
171745
171751
171750
171751
171755
171753
171753
171756
171756
171750
171744
171738
171738
171739
171737
171735
171734
171737
171738
171740
171744
171745
171747
171747
171745
171744
171742
171739
171740
171740
171741
171743
171746
171747
171744
171742
171740
171744
171742
171735
171737
171743
171742
171742
171737
171731
171731
171735
171735
171737
171740
171741
171739
171737
171732
171729
171727
171728
171729
171728
171731
171733
171732
171730
171729
171728
171726
171726
171729
171730
171733
171738
171740
171747
171751
171749
171750
171748
171744
171739
171733
171735
171742
171745
171744
171744
171745
171746
171742
171735
171739
171742
171742
171744
171744
171743
171741
171743
171747
171746
171747
171752
171755
171754
171752
171754
171755
171757
171757
171757
171762
171768
171770
171777
171775
171772
171771
171775
171781
171782
171776
171772
171769
171765
171759
171759
171760
171762
171763
171759
171752
171748
171749
171759
171763
171761
171761
171760
171764
171770
171772
171771
171769
171767
171769
171772
171772
171770
171771
171768
171763
171759
171760
171761
171759
171760
171764
171764
171766
171773
171778
171778
171773
171769
171764
171762
171761
171761
171761
171766
171770
171766
171765
171771
171776
171774
171772
171774
171775
171774
171778
171779
171774
171773
171770
171768
171771
171770
171770
171776
171774
171772
171772
171766
171760
171765
171767
171765
171764
171761
171760
171764
171766
171765
171766
171771
171772
171773
171776
171780
171777
171771
171771
171773
171771
171768
171763
171759
171758
171756
171760
171769
171773
171775
171775
171772
171768
171766
171762
171760
171764
171765
171766
171766
171766
171770
171774
171781
171786
171783
171783
171782
171782
171783
171782
171783
171781
171783
171783
171783
171779
171777
171778
171783
171780
171775
171773
171770
171770
171768
171759
171754
171760
171759
171757
171758
171758
171759
171759
171757
171757
171756
171760
171759
171756
171753
171751
171751
171750
171744
171740
171740
171742
171740
171738
171734
171736
171742
171743
171739
171737
171739
171738
171739
171737
171738
171741
171743
171746
171745
171737
171735
171736
171732
171729
171732
171738
171740
171739
171736
171736
171749
171757
171755
171753
171752
171752
171749
171742
171740
171743
171740
171741
171742
171738
171738
171735
171730
171728
171726
171726
171728
171730
171736
171740
171738
171740
171741
171738
171741
171744
171744
171748
171751
171749
171745
171745
171745
171743
171744
171747
171752
171754
171750
171748
171745
171750
171755
171752
171751
171751
171752
171758
171766
171766
171765
171763
171764
171762
171758
171758
171760
171758
171757
171763
171767
171769
171771
171769
171766
171763
171762
171765
171766
171762
171758
171754
171754
171762
171761
171758
171759
171762
171760
171757
171759
171759
171759
171758
171760
171764
171766
171771
171773
171770
171768
171762
171760
171764
171763
171760
171760
171762
171760
171758
171761
171762
171767
171769
171769
171772
171774
171774
171773
171770
171769
171772
171774
171771
171767
171764
171761
171760
171758
171758
171756
171756
171755
171764
171769
171767
171764
171765
171763
171759
171755
171760
171763
171764
171765
171764
171766
171775
171779
171772
171769
171770
171773
171773
171772
171771
171772
171773
171767
171762
171764
171769
171773
171772
171770
171766
171766
171767
171765
171760
171759
171761
171764
171765
171764
171765
171767
171768
171771
171771
171772
171775
171774
171772
171774
171772
171773
171772
171769
171769
171774
171774
171773
171771
171764
171762
171763
171764
171764
171764
171765
171766
171767
171769
171775
171774
171772
171775
171771
171768
171768
171770
171774
171778
171777
171771
171765
171771
171773
171769
171765
171766
171768
171767
171763
171765
171771
171772
171768
171763
171765
171766
171768
171770
171768
171767
171770
171773
171770
171766
171768
171769
171769
171772
171775
171776
171778
171780
171778
171772
171772
171772
171769
171767
171767
171764
171766
171771
171772
171772
171772
171772
171772
171768
171772
171774
171772
171773
171773
171771
171766
171764
171767
171772
171769
171765
171767
171770
171770
171768
171770
171773
171776
171776
171774
171773
171774
171767
171766
171770
171768
171775
171780
171779
171775
171770
171771
171772
171773
171772
171771
171772
171773
171770
171769
171772
171775
171777
171774
171774
171773
171775
171774
171773
171769
171765
171768
171776
171775
171773
171770
171768
171770
171767
171761
171763
171767
171767
171766
171763
171764
171763
171767
171773
171772
171770
171769
171765
171766
171761
171757
171759
171758
171756
171755
171756
171757
171759
171760
171760
171758
171757
171758
171759
171754
171750
171751
171755
171756
171757
171757
171754
171751
171751
171747
171746
171749
171750
171750
171747
171749
171750
171750
171751
171752
171749
171744
171751
171752
171750
171754
171755
171755
171753
171751
171750
171749
171751
171752
171750
171749
171750
171752
171750
171744
171742
171747
171747
171742
171739
171735
171736
171740
171739
171739
171741
171745
171747
171750
171749
171749
171755
171758
171755
171751
171748
171753
171757
171754
171755
171755
171756
171764
171763
171755
171752
171751
171747
171748
171751
171751
171752
171755
171753
171753
171754
171755
171754
171754
171751
171748
171749
171754
171754
171756
171756
171757
171759
171761
171756
171749
171755
171763
171763
171760
171759
171761
171761
171756
171755
171752
171752
171755
171755
171755
171756
171758
171760
171759
171756
171756
171753
171754
171756
171755
171754
171756
171758
171758
171757
171757
171757
171761
171762
171759
171760
171765
171765
171764
171760
171757
171756
171757
171756
171752
171753
171758
171758
171761
171758
171755
171758
171760
171758
171755
171755
171754
171753
171751
171751
171748
171749
171751
171751
171748
171743
171749
171754
171753
171751
171755
171757
171760
171759
171755
171753
171752
171752
171747
171751
171755
171759
171758
171757
171757
171755
171752
171750
171758
171756
171752
171751
171750
171749
171749
171747
171751
171752
171750
171749
171749
171751
171752
171755
171752
171750
171755
171757
171756
171753
171749
171748
171753
171754
171751
171751
171752
171754
171754
171750
171750
171750
171754
171760
171758
171754
171755
171755
171755
171756
171757
171760
171763
171761
171758
171758
171760
171759
171758
171759
171755
171754
171754
171756
171753
171751
171753
171757
171760
171758
171756
171752
171755
171757
171756
171753
171750
171753
171753
171751
171752
171755
171756
171753
171751
171746
171744
171753
171757
171753
171751
171751
171752
171753
171753
171751
171750
171752
171752
171751
171750
171747
171749
171753
171748
171747
171753
171755
171751
171744
171743
171745
171746
171746
171744
171744
171746
171746
171742
171736
171740
171743
171744
171743
171741
171740
171743
171747
171750
171749
171752
171753
171748
171745
171746
171745
171746
171744
171743
171743
171742
171741
171743
171748
171749
171747
171749
171747
171744
171745
171746
171745
171745
171745
171744
171744
171744
171751
171757
171755
171754
171756
171759
171759
171757
171755
171756
171757
171757
171755
171752
171757
171760
171760
171761
171760
171759
171759
171757
171750
171748
171749
171755
171757
171755
171754
171759
171761
171761
171761
171760
171760
171761
171761
171758
171758
171757
171759
171766
171772
171776
171777
171773
171771
171767
171762
171757
171760
171764
171762
171761
171763
171763
171762
171761
171756
171754
171756
171757
171756
171758
171758
171759
171761
171763
171765
171767
171769
171767
171764
171769
171772
171772
171771
171769
171769
171771
171773
171772
171771
171770
171772
171776
171771
171765
171769
171772
171774
171771
171769
171765
171765
171770
171768
171766
171769
171772
171769
171766
171768
171770
171769
171771
171773
171773
171771
171770
171778
171781
171783
171784
171786
171788
171789
171788
171787
171788
171790
171789
171786
171784
171785
171787
171785
171782
171784
171792
171795
171792
171792
171791
171791
171790
171789
171784
171783
171788
171787
171788
171785
171785
171785
171783
171783
171785
171785
171790
171792
171791
171791
171789
171789
171789
171789
171788
171787
171791
171792
171790
171791
171793
171796
171797
171794
171792
171793
171797
171799
171797
171796
171796
171798
171800
171799
171796
171793
171796
171798
171798
171800
171800
171803
171806
171803
171799
171802
171805
171805
171804
171803
171803
171807
171812
171811
171809
171814
171814
171812
171810
171808
171806
171811
171814
171812
171807
171809
171816
171817
171815
171816
171816
171819
171818
171814
171812
171811
171810
171818
171819
171819
171823
171825
171826
171826
171823
171822
171823
171826
171828
171825
171822
171825
171828
171826
171824
171824
171828
171828
171826
171829
171829
171830
171832
171834
171832
171831
171831
171830
171830
171831
171830
171830
171828
171830
171834
171835
171835
171838
171839
171839
171839
171840
171844
171843
171845
171845
171846
171850
171849
171844
171842
171843
171846
171843
171843
171842
171841
171849
171851
171848
171847
171848
171848
171848
171851
171854
171851
171850
171854
171851
171851
171853
171851
171848
171846
171842
171845
171849
171850
171848
171844
171844
171845
171842
171838
171838
171838
171837
171838
171839
171845
171852
171853
171852
171849
171846
171843
171842
171845
171844
171843
171842
171840
171835
171835
171839
171843
171845
171845
171847
171847
171845
171845
171840
171840
171841
171842
171842
171837
171838
171841
171840
171844
171843
171841
171841
171841
171844
171844
171843
171845
171847
171846
171842
171844
171845
171845
171845
171844
171845
171845
171844
171842
171843
171839
171839
171841
171844
171843
171841
171842
171843
171842
171848
171847
171846
171846
171844
171842
171843
171844
171841
171850
171851
171847
171845
171848
171852
171850
171849
171848
171848
171848
171851
171847
171846
171853
171855
171852
171850
171850
171853
171853
171850
171850
171850
171857
171860
171856
171852
171853
171854
171850
171851
171856
171856
171856
171856
171857
171859
171856
171853
171859
171861
171856
171854
171856
171857
171853
171853
171857
171860
171861
171858
171856
171858
171861
171862
171857
171859
171861
171865
171863
171859
171857
171859
171862
171859
171855
171857
171858
171857
171859
171857
171854
171853
171855
171856
171855
171854
171852
171853
171856
171854
171850
171849
171854
171856
171854
171845
171842
171848
171853
171851
171848
171846
171850
171851
171850
171847
171844
171845
171847
171846
171844
171842
171838
171843
171845
171846
171846
171843
171844
171839
171839
171839
171839
171840
171840
171838
171838
171838
171830
171824
171824
171824
171825
171825
171819
171816
171816
171818
171815
171812
171817
171820
171820
171818
171818
171817
171821
171823
171821
171817
171817
171818
171819
171820
171823
171818
171817
171820
171821
171820
171813
171808
171806
171810
171810
171809
171809
171816
171817
171812
171806
171804
171803
171799
171797
171796
171801
171801
171801
171799
171799
171798
171798
171802
171803
171802
171803
171805
171808
171806
171803
171801
171807
171809
171807
171802
171799
171800
171800
171797
171799
171803
171805
171808
171806
171802
171801
171802
171800
171798
171798
171795
171796
171800
171805
171804
171803
171810
171814
171810
171804
171804
171806
171804
171796
171795
171800
171799
171799
171796
171793
171791
171798
171804
171802
171797
171797
171798
171801
171799
171792
171795
171801
171800
171796
171795
171795
171793
171791
171789
171791
171793
171794
171792
171790
171790
171790
171799
171804
171799
171794
171794
171801
171802
171800
171797
171796
171794
171798
171799
171800
171800
171799
171799
171794
171787
171790
171794
171794
171794
171796
171797
171797
171795
171796
171794
171795
171797
171799
171794
171793
171799
171803
171802
171798
171793
171793
171792
171790
171792
171791
171787
171788
171789
171785
171780
171777
171780
171786
171784
171780
171780
171779
171780
171778
171774
171773
171783
171788
171789
171786
171784
171785
171787
171783
171779
171783
171782
171783
171780
171779
171778
171780
171777
171774
171775
171778
171779
171786
171788
171790
171791
171789
171787
171785
171783
171781
171782
171784
171779
171778
171781
171786
171783
171777
171778
171777
171778
171784
171783
171783
171789
171795
171794
171794
171791
171788
171791
171791
171786
171779
171778
171785
171783
171782
171779
171776
171781
171785
171784
171784
171783
171784
171784
171784
171780
171782
171789
171788
171784
171784
171786
171787
171785
171784
171784
171790
171793
171794
171790
171784
171786
171787
171786
171782
171778
171777
171780
171779
171778
171782
171786
171791
171790
171786
171784
171791
171790
171788
171791
171792
171791
171792
171791
171794
171792
171788
171786
171787
171785
171788
171794
171794
171795
171795
171797
171797
171801
171804
171806
171806
171806
171805
171805
171806
171804
171806
171806
171804
171801
171800
171801
171802
171799
171798
171800
171797
171800
171802
171799
171800
171808
171811
171807
171805
171805
171803
171798
171800
171798
171794
171793
171799
171801
171794
171796
171801
171801
171799
171798
171801
171799
171803
171805
171804
171802
171804
171807
171808
171804
171801
171801
171802
171803
171798
171795
171796
171797
171800
171801
171800
171801
171804
171806
171804
171803
171805
171810
171810
171807
171804
171802
171799
171800
171798
171799
171802
171803
171803
171804
171804
171807
171809
171809
171808
171806
171804
171803
171802
171802
171800
171806
171809
171808
171807
171809
171811
171815
171815
171810
171813
171816
171816
171816
171812
171810
171809
171813
171814
171814
171812
171812
171813
171814
171812
171812
171816
171815
171813
171809
171811
171817
171818
171818
171817
171820
171822
171822
171820
171819
171818
171816
171818
171822
171822
171824
171828
171827
171827
171823
171815
171817
171816
171815
171814
171813
171819
171826
171827
171822
171818
171822
171823
171820
171815
171813
171815
171817
171813
171811
171813
171813
171814
171815
171815
171813
171817
171819
171813
171809
171813
171813
171813
171813
171812
171813
171815
171818
171818
171816
171817
171816
171813
171814
171812
171813
171815
171816
171813
171816
171816
171817
171820
171819
171818
171818
171817
171820
171818
171814
171810
171808
171811
171813
171811
171808
171807
171807
171803
171804
171804
171806
171806
171806
171806
171806
171813
171814
171810
171807
171807
171809
171810
171805
171811
171813
171810
171809
171806
171806
171808
171808
171809
171808
171807
171805
171810
171813
171812
171813
171814
171812
171810
171803
171801
171803
171805
171807
171802
171800
171800
171803
171800
171796
171799
171803
171805
171808
171808
171807
171809
171813
171816
171813
171812
171811
171811
171810
171806
171808
171812
171816
171818
171815
171808
171805
171805
171809
171811
171807
171803
171805
171810
171810
171806
171810
171812
171814
171812
171806
171811
171816
171816
171816
171817
171814
171813
171815
171814
171809
171805
171808
171813
171815
171814
171810
171804
171802
171810
171812
171815
171819
171820
171817
171819
171820
171815
171816
171816
171809
171811
171816
171819
171819
171816
171815
171815
171817
171820
171816
171816
171819
171823
171825
171822
171812
171816
171823
171823
171821
171821
171818
171814
171820
171820
171819
171818
171820
171820
171816
171821
171826
171827
171823
171821
171821
171822
171828
171832
171832
171833
171836
171835
171833
171828
171826
171831
171831
171831
171826
171817
171817
171831
171832
171826
171827
171831
171839
171840
171836
171835
171837
171842
171846
171844
171844
171848
171846
171843
171839
171839
171843
171845
171842
171838
171840
171840
171843
171844
171841
171839
171837
171842
171844
171844
171846
171847
171852
171853
171850
171850
171850
171847
171847
171846
171846
171848
171849
171848
171848
171848
171847
171847
171853
171852
171848
171853
171855
171850
171846
171845
171847
171850
171851
171851
171850
171855
171857
171855
171854
171851
171850
171852
171851
171849
171849
171857
171859
171858
171857
171855
171857
171860
171858
171855
171857
171859
171861
171858
171858
171856
171853
171862
171859
171855
171856
171855
171858
171860
171856
171851
171857
171863
171859
171856
171858
171861
171861
171860
171856
171857
171861
171857
171854
171862
171867
171867
171866
171869
171870
171869
171870
171873
171870
171867
171867
171868
171862
171860
171862
171862
171864
171866
171864
171862
171865
171864
171866
171870
171871
171867
171870
171876
171875
171872
171868
171873
171871
171868
171866
171865
171866
171868
171865
171863
171867
171868
171868
171867
171866
171866
171865
171867
171870
171867
171865
171868
171869
171870
171868
171869
171876
171875
171872
171870
171870
171874
171879
171874
171868
171869
171868
171865
171866
171863
171860
171859
171865
171866
171870
171873
171873
171874
171875
171871
171869
171869
171866
171866
171865
171863
171864
171864
171863
171860
171862
171864
171865
171860
171854
171862
171870
171874
171872
171872
171875
171876
171876
171875
171875
171875
171876
171878
171873
171874
171875
171877
171877
171879
171877
171876
171876
171876
171878
171879
171878
171877
171875
171878
171873
171869
171874
171882
171883
171880
171878
171878
171880
171880
171881
171881
171887
171892
171890
171890
171885
171882
171887
171885
171882
171885
171888
171891
171890
171887
171883
171890
171894
171889
171885
171884
171886
171888
171892
171891
171888
171887
171885
171882
171881
171887
171890
171894
171892
171891
171896
171899
171896
171896
171894
171893
171894
171894
171893
171899
171903
171904
171902
171899
171897
171897
171902
171902
171902
171900
171895
171896
171898
171896
171889
171885
171890
171892
171892
171891
171892
171894
171895
171896
171894
171893
171892
171890
171888
171893
171894
171894
171895
171891
171889
171889
171892
171892
171891
171891
171900
171902
171903
171902
171898
171901
171901
171899
171895
171893
171894
171897
171896
171897
171897
171896
171898
171898
171895
171893
171897
171900
171899
171899
171900
171897
171899
171898
171898
171901
171902
171904
171903
171900
171898
171899
171900
171902
171902
171900
171898
171897
171901
171902
171903
171902
171906
171907
171905
171902
171898
171901
171906
171903
171902
171902
171905
171909
171910
171907
171903
171901
171906
171908
171910
171913
171912
171911
171911
171911
171909
171909
171906
171905
171901
171899
171899
171899
171899
171899
171902
171903
171904
171903
171903
171907
171908
171912
171912
171908
171907
171910
171912
171913
171906
171906
171916
171916
171912
171905
171907
171910
171908
171906
171905
171907
171912
171914
171911
171905
171904
171910
171909
171903
171899
171903
171908
171906
171902
171899
171896
171900
171903
171903
171901
171900
171902
171904
171902
171897
171900
171897
171898
171905
171911
171911
171909
171908
171904
171903
171905
171905
171905
171909
171909
171910
171913
171915
171915
171911
171910
171916
171916
171915
171912
171911
171909
171907
171906
171904
171905
171908
171908
171905
171908
171908
171905
171908
171907
171907
171907
171911
171914
171913
171907
171910
171915
171916
171913
171910
171912
171913
171913
171915
171916
171918
171919
171921
171918
171916
171920
171921
171920
171916
171912
171910
171913
171912
171911
171912
171909
171912
171917
171916
171917
171919
171919
171924
171922
171918
171918
171918
171916
171913
171920
171923
171927
171929
171926
171922
171920
171920
171920
171917
171912
171913
171920
171919
171920
171916
171911
171908
171907
171907
171904
171906
171910
171914
171909
171903
171902
171902
171902
171899
171897
171900
171900
171897
171897
171900
171898
171896
171893
171891
171890
171888
171886
171885
171886
171880
171880
171880
171876
171871
171868
171867
171868
171868
171867
171862
171865
171869
171868
171864
171859
171859
171859
171860
171859
171859
171862
171863
171859
171856
171853
171852
171851
171852
171853
171852
171852
171857
171860
171859
171860
171855
171862
171864
171862
171857
171857
171860
171859
171857
171857
171852
171857
171862
171863
171860
171861
171865
171868
171861
171857
171859
171862
171863
171860
171861
171862
171862
171862
171864
171865
171867
171864
171868
171870
171864
171868
171869
171865
171862
171861
171862
171867
171867
171864
171861
171861
171867
171873
171875
171880
171880
171883
171886
171884
171884
171885
171888
171885
171881
171876
171875
171876
171871
171874
171873
171870
171872
171872
171869
171872
171877
171879
171881
171883
171883
171885
171884
171885
171883
171878
171880
171884
171880
171874
171879
171883
171883
171884
171884
171883
171884
171885
171881
171883
171889
171888
171890
171891
171891
171892
171893
171893
171892
171886
171886
171889
171887
171882
171880
171880
171886
171887
171888
171885
171882
171886
171888
171890
171892
171893
171892
171896
171897
171896
171899
171901
171900
171897
171896
171892
171894
171901
171899
171900
171903
171907
171908
171910
171908
171903
171910
171918
171920
171916
171915
171914
171915
171914
171913
171913
171916
171915
171920
171927
171929
171926
171922
171919
171921
171925
171925
171924
171919
171916
171914
171920
171925
171928
171930
171930
171933
171935
171938
171940
171937
171933
171940
171945
171937
171929
171930
171932
171932
171930
171928
171931
171936
171936
171938
171936
171938
171943
171945
171943
171942
171941
171938
171937
171942
171945
171946
171949
171950
171946
171941
171940
171943
171945
171941
171943
171944
171945
171942
171940
171938
171943
171947
171946
171947
171945
171949
171951
171952
171953
171954
171952
171954
171954
171952
171952
171952
171954
171955
171957
171958
171955
171957
171964
171963
171961
171961
171962
171958
171955
171955
171958
171957
171960
171961
171960
171959
171962
171963
171959
171959
171961
171959
171955
171959
171960
171960
171963
171966
171964
171963
171964
171970
171971
171967
171965
171966
171969
171970
171973
171975
171977
171981
171979
171972
171968
171970
171973
171973
171972
171971
171972
171971
171973
171974
171969
171970
171976
171975
171973
171975
171975
171976
171976
171973
171975
171978
171978
171973
171969
171967
171964
171971
171970
171969
171977
171981
171984
171986
171980
171983
171987
171987
171987
171986
171983
171984
171984
171980
171976
171971
171976
171981
171982
171981
171982
171985
171986
171983
171983
171986
171989
171991
171992
171992
171989
171988
171992
171991
171986
171986
171988
171990
171990
171989
171987
171989
171994
171992
171991
171992
171995
171996
171994
171994
171993
171994
171996
171993
171997
172003
172006
172004
172000
171996
171999
172003
172004
172005
172003
172003
172004
172002
171998
171996
171994
171995
171998
171995
171992
171993
171997
172000
171999
171997
171996
171997
171996
171999
172004
172003
172007
172010
172008
172006
172006
172008
172009
172009
172008
172007
172010
172013
172012
172009
172012
172014
172014
172011
172008
172006
172006
172007
172007
172005
172009
172013
172013
172012
172013
172009
172009
172008
172009
172007
172005
172009
172015
172018
172015
172013
172014
172015
172014
172011
172009
172009
172016
172018
172017
172020
172023
172023
172022
172020
172018
172024
172028
172025
172022
172021
172024
172027
172024
172021
172020
172019
172015
172020
172022
172021
172019
172020
172021
172016
172013
172014
172017
172012
172012
172015
172014
172016
172015
172011
172010
172012
172016
172016
172015
172017
172019
172023
172028
172027
172024
172026
172028
172027
172023
172023
172026
172028
172024
172019
172022
172024
172023
172019
172018
172020
172020
172019
172016
172016
172017
172019
172022
172024
172024
172021
172021
172018
172013
172009
172012
172016
172021
172022
172021
172024
172030
172033
172030
172029
172026
172026
172030
172030
172028
172028
172030
172030
172026
172022
172024
172026
172029
172028
172024
172021
172020
172020
172024
172026
172025
172025
172024
172022
172021
172021
172022
172025
172028
172027
172027
172027
172026
172022
172025
172024
172026
172028
172026
172024
172030
172034
172036
172035
172031
172030
172031
172034
172032
172030
172030
172029
172028
172024
172020
172020
172022
172024
172023
172016
172021
172026
172024
172024
172022
172021
172021
172021
172019
172016
172016
172019
172020
172018
172021
172024
172024
172024
172026
172025
172026
172028
172030
172028
172026
172027
172024
172018
172015
172018
172017
172017
172017
172016
172019
172023
172025
172022
172017
172013
172012
172014
172011
172007
172012
172012
172014
172015
172013
172011
172011
172010
172008
172005
172010
172009
172011
172011
172008
172007
172011
172014
172012
172010
172007
172009
172011
172010
172012
172008
172009
172015
172017
172012
172006
172006
172003
172007
172008
172006
172006
172006
172005
172001
171997
171996
171999
172000
172005
172009
172011
172010
172009
172010
172008
172005
172006
172006
172004
172006
172011
172010
172009
172006
172009
172012
172016
172015
172013
172014
172014
172012
172009
172004
172004
172006
172005
172004
172002
171999
171997
171995
171995
172000
172000
171998
171997
171997
172000
171997
171993
171995
172002
172002
172000
172002
172004
172006
172006
172002
171998
172001
172001
171994
171994
172002
172009
172012
172012
172007
172008
172015
172013
172007
172001
171998
171999
172000
171998
171992
171991
171990
171994
171992
171991
171990
171989
171988
171987
171986
171992
171997
171996
171996
171995
171994
171991
171987
171993
171996
171994
171996
171997
171993
171990
171988
171987
171991
171991
171991
171994
171999
171995
171994
171993
171994
171992
171988
171991
171996
171997
171994
171998
171997
171992
171988
171985
171988
171990
171986
171985
171992
171994
171993
171993
171991
171992
171997
172003
172002
171998
172001
172004
172003
172007
172011
172010
172008
172007
172001
172000
172001
171998
171993
171991
171990
171992
171998
171999
171997
171999
172000
171996
172000
172001
172002
172007
172013
172014
172011
172008
172004
172001
171999
172001
172002
172004
172005
172004
172006
172005
172006
172007
172009
172009
172010
172013
172012
172007
172002
172001
171999
171996
172000
172002
172002
172002
172003
172002
172003
172003
172001
172002
172004
172003
172002
172005
172005
172004
172008
172009
172008
172013
172012
172008
172007
172010
172014
172016
172015
172012
172008
172013
172014
172009
172009
172010
172008
172004
172003
172008
172012
172012
172013
172011
172008
172010
172010
172005
172002
172008
172013
172017
172015
172011
172005
172011
172017
172016
172014
172015
172017
172020
172023
172020
172019
172020
172017
172012
172015
172017
172020
172022
172022
172023
172023
172022
172022
172020
172017
172017
172019
172020
172019
172018
172019
172022
172018
172012
172012
172012
172013
172017
172022
172019
172021
172025
172023
172022
172019
172019
172021
172025
172027
172026
172026
172022
172023
172026
172029
172028
172028
172028
172027
172024
172023
172023
172024
172025
172024
172023
172023
172024
172024
172020
172017
172020
172021
172021
172020
172018
172018
172019
172020
172019
172021
172023
172021
172023
172026
172029
172030
172030
172030
172029
172028
172028
172033
172032
172033
172032
172029
172028
172026
172025
172027
172027
172029
172028
172025
172026
172026
172026
172027
172025
172025
172026
172020
172024
172030
172028
172026
172025
172025
172024
172023
172019
172019
172026
172028
172028
172030
172029
172027
172027
172034
172037
172038
172035
172034
172036
172036
172035
172033
172028
172025
172026
172025
172025
172026
172024
172024
172026
172023
172015
172015
172020
172022
172019
172018
172021
172025
172025
172022
172018
172020
172026
172027
172027
172028
172027
172027
172027
172027
172024
172027
172028
172026
172023
172029
172033
172033
172032
172029
172023
172021
172021
172017
172013
172013
172013
172011
172017
172020
172015
172013
172014
172015
172009
172007
172010
172010
172009
172009
172009
172012
172013
172013
172015
172016
172015
172018
172021
172023
172019
172012
172017
172022
172018
172015
172016
172015
172014
172014
172014
172014
172010
172008
172010
172007
172007
172008
172004
172002
171999
171999
172002
172002
171997
171995
171996
172000
172003
172002
172000
172002
172005
172007
172008
172006
172005
172012
172013
172011
172009
172009
172011
172016
172014
172010
172013
172015
172009
172006
172008
172011
172013
172013
172008
172006
172013
172016
172014
172010
172008
172008
172010
172008
172006
172009
172014
172015
172015
172012
172009
172009
172012
172019
172023
172023
172019
172020
172023
172020
172018
172016
172019
172019
172018
172018
172021
172021
172018
172022
172023
172023
172020
172022
172019
172015
172012
172019
172022
172019
172019
172018
172015
172013
172012
172009
172011
172017
172017
172016
172016
172020
172021
172021
172021
172020
172020
172021
172024
172024
172024
172026
172028
172027
172026
172026
172029
172026
172028
172031
172028
172027
172027
172023
172019
172018
172020
172027
172031
172024
172022
172025
172027
172025
172023
172023
172029
172032
172030
172028
172032
172036
172037
172036
172033
172031
172033
172033
172032
172029
172033
172038
172037
172033
172027
172021
172026
172028
172030
172027
172026
172029
172031
172030
172031
172037
172039
172036
172036
172031
172028
172031
172034
172034
172030
172031
172035
172041
172044
172043
172043
172043
172041
172041
172039
172035
172037
172042
172045
172045
172046
172044
172047
172050
172044
172040
172042
172044
172045
172046
172043
172039
172043
172042
172044
172045
172045
172048
172051
172046
172047
172046
172046
172046
172043
172044
172049
172050
172048
172048
172047
172047
172052
172053
172049
172045
172043
172041
172044
172044
172043
172047
172052
172056
172054
172050
172050
172050
172048
172044
172049
172055
172054
172051
172048
172046
172048
172049
172047
172048
172055
172058
172056
172057
172056
172049
172050
172058
172057
172054
172051
172051
172051
172051
172053
172056
172056
172058
172058
172052
172050
172052
172052
172052
172049
172045
172047
172049
172044
172043
172046
172044
172047
172046
172045
172045
172045
172042
172046
172050
172050
172052
172050
172048
172044
172043
172044
172048
172052
172052
172049
172048
172046
172045
172045
172042
172043
172043
172046
172049
172044
172044
172047
172044
172040
172038
172036
172038
172042
172043
172042
172042
172039
172036
172036
172035
172037
172041
172040
172038
172038
172039
172044
172048
172049
172047
172044
172042
172043
172040
172040
172040
172041
172040
172039
172033
172036
172042
172044
172038
172038
172039
172040
172042
172043
172043
172044
172044
172040
172037
172031
172031
172037
172036
172034
172031
172033
172039
172043
172043
172043
172042
172043
172039
172034
172040
172042
172045
172045
172046
172042
172045
172046
172047
172045
172045
172043
172040
172038
172035
172033
172031
172026
172027
172036
172037
172038
172043
172045
172041
172036
172038
172034
172029
172026
172020
172020
172032
172035
172025
172019
172025
172029
172024
172026
172028
172027
172027
172022
172020
172023
172025
172026
172020
172009
172009
172012
172010
172011
172011
172010
172008
172009
172008
172006
172005
172003
172006
172006
172001
171999
171999
172003
172005
172003
171997
171996
171998
172000
172002
171998
171996
171994
171997
171999
171998
171999
172002
172004
172001
172002
172001
172005
172007
172002
171998
172004
172007
171999
171993
171992
171994
171990
171986
171989
171986
171982
171985
171992
171989
171986
171988
171991
171985
171983
171984
171985
171984
171983
171982
171982
171987
171992
171993
171994
171993
171997
171997
171991
171993
171994
171998
171998
171997
171999
171999
172000
171999
171998
171998
171996
171996
171999
171998
171997
171998
171998
171999
171997
171997
171992
171992
171994
171992
171990
171988
171987
171995
171999
172001
172001
171999
171999
171996
171992
171986
171987
171997
171998
171996
171997
171999
171999
171996
171994
171988
171990
171994
171993
171991
171992
171996
171998
171993
171987
171992
171995
171996
171997
171998
171996
171996
172001
172002
172000
171995
171990
171999
172002
171997
171994
171996
171997
171995
171992
171993
171999
171999
171994
171991
171990
171992
171993
171991
171990
171990
171994
171996
171992
171988
171990
171992
171992
171988
171986
171994
171994
171992
171995
171997
171998
171998
171996
171992
171991
171990
171990
171989
171988
171991
171989
171985
171985
171985
171988
171987
171985
171984
171983
171983
171982
171987
171988
171988
171985
171984
171990
171993
171993
171990
171993
171994
171993
171991
171991
171994
171996
171998
171997
172000
172002
172003
172004
172004
172004
172001
171999
172004
172007
172002
171998
172002
172006
172004
172000
171997
171997
171996
171995
171997
172004
172001
172001
172001
171997
171998
172000
172002
172000
172003
172005
172007
172007
172007
172008
172005
172008
172010
172010
172014
172019
172016
172012
172009
172010
172009
172003
171997
172000
172003
171999
171999
172003
172006
172001
172001
172006
172009
172010
172008
172001
172001
172008
172006
171998
171994
171997
171999
171997
171993
171990
171985
171990
171996
171992
171988
171989
171994
171996
171992
171990
171994
171996
171991
171989
171993
171996
171999
172002
172003
172000
172001
171999
171998
172000
172000
171998
171996
171990
171983
171984
171984
171987
171987
171987
171988
171989
171993
171994
171993
171990
171993
171994
171991
171991
171995
171994
171994
171997
171995
171998
172001
172002
172000
171997
171995
171998
172000
171997
171992
171996
171996
171992
171989
171988
171986
171990
171989
171984
171986
171993
172000
172005
172005
172003
172004
172006
172005
172007
172008
172010
172010
172010
172004
172000
172001
172003
172007
172008
172006
172005
172007
172003
172000
172002
172004
172007
172010
172008
172004
172004
172006
172011
172010
172005
172008
172012
172014
172011
172009
172010
172010
172006
172010
172012
172009
172010
172010
172007
172004
172005
172009
172013
172010
172005
172011
172016
172019
172019
172017
172016
172015
172018
172022
172022
172018
172015
172015
172019
172018
172016
172018
172020
172017
172021
172024
172022
172027
172027
172024
172022
172025
172029
172028
172021
172020
172027
172030
172029
172028
172031
172029
172033
172033
172029
172030
172034
172034
172032
172033
172033
172036
172038
172042
172043
172042
172046
172048
172045
172042
172041
172041
172043
172043
172043
172038
172044
172052
172048
172043
172042
172044
172048
172047
172040
172031
172037
172043
172042
172039
172038
172041
172050
172055
172058
172060
172062
172061
172058
172059
172063
172067
172067
172062
172059
172064
172068
172073
172075
172072
172074
172077
172078
172074
172071
172074
172074
172072
172068
172063
172062
172063
172063
172062
172059
172060
172066
172068
172067
172065
172070
172074
172072
172077
172083
172089
172092
172092
172092
172092
172093
172094
172092
172088
172080
172072
172073
172080
172081
172080
172080
172083
172086
172083
172081
172082
172083
172080
172076
172076
172076
172080
172084
172084
172081
172080
172079
172078
172076
172073
172076
172082
172085
172086
172086
172085
172087
172088
172086
172084
172086
172091
172092
172090
172088
172088
172089
172089
172088
172085
172089
172094
172091
172081
172078
172076
172074
172074
172074
172072
172070
172069
172068
172070
172072
172072
172075
172082
172085
172086
172091
172100
172101
172098
172096
172095
172094
172091
172082
172081
172083
172085
172088
172087
172085
172087
172087
172087
172082
172079
172081
172083
172082
172079
172082
172086
172088
172085
172081
172079
172084
172084
172082
172081
172080
172080
172084
172082
172079
172078
172076
172074
172073
172072
172071
172077
172083
172084
172085
172085
172091
172093
172088
172081
172080
172080
172076
172079
172078
172075
172075
172073
172067
172063
172066
172068
172069
172071
172066
172061
172063
172067
172069
172073
172072
172073
172075
172074
172067
172063
172064
172065
172064
172064
172061
172063
172069
172072
172066
172065
172070
172071
172071
172069
172062
172060
172059
172057
172058
172056
172053
172060
172063
172064
172063
172062
172065
172062
172059
172058
172059
172058
172060
172061
172064
172065
172065
172067
172065
172060
172059
172062
172061
172055
172050
172054
172059
172059
172057
172056
172056
172058
172057
172057
172054
172057
172064
172066
172066
172064
172065
172067
172073
172074
172071
172078
172081
172084
172080
172073
172074
172076
172076
172074
172073
172073
172070
172064
172060
172061
172065
172070
172069
172066
172065
172063
172063
172063
172066
172065
172063
172068
172075
172073
172069
172070
172075
172074
172071
172072
172073
172078
172081
172077
172077
172075
172073
172071
172072
172074
172080
172086
172088
172084
172084
172084
172080
172079
172082
172084
172086
172091
172088
172084
172082
172080
172075
172077
172080
172082
172084
172084
172080
172079
172083
172085
172086
172084
172080
172079
172081
172082
172082
172086
172090
172090
172092
172091
172087
172091
172095
172095
172097
172091
172093
172097
172096
172090
172083
172081
172078
172080
172085
172088
172086
172085
172082
172080
172081
172084
172092
172098
172097
172091
172089
172089
172087
172087
172090
172090
172091
172092
172090
172089
172091
172094
172097
172098
172100
172101
172099
172100
172109
172112
172109
172110
172115
172117
172116
172116
172114
172111
172117
172116
172117
172119
172119
172117
172123
172123
172125
172132
172132
172127
172121
172121
172127
172127
172124
172120
172117
172113
172111
172108
172099
172100
172106
172107
172103
172100
172102
172103
172101
172102
172102
172109
172114
172113
172111
172108
172109
172114
172113
172111
172112
172114
172115
172112
172109
172109
172110
172109
172109
172113
172114
172118
172117
172115
172114
172110
172105
172110
172116
172114
172115
172114
172112
172106
172097
172093
172094
172093
172091
172090
172089
172088
172087
172085
172089
172092
172092
172096
172097
172095
172094
172092
172093
172101
172104
172104
172105
172109
172111
172108
172106
172109
172117
172121
172117
172112
172116
172115
172112
172109
172105
172102
172101
172098
172089
172084
172085
172083
172082
172078
172076
172075
172080
172082
172081
172084
172087
172089
172089
172094
172098
172102
172106
172106
172108
172108
172106
172109
172108
172107
172106
172108
172109
172107
172107
172105
172104
172105
172108
172108
172105
172104
172110
172108
172104
172103
172096
172088
172082
172082
172080
172077
172079
172079
172076
172078
172083
172084
172086
172088
172091
172093
172097
172101
172100
172097
172104
172111
172111
