173192
173196
173200
173199
173195
173192
173196
173201
173199
173194
173192
173195
173197
173193
173188
173187
173194
173201
173202
173200
173198
173201
173205
173203
173198
173195
173198
173202
173201
173197
173195
173198
173201
173199
173193
173191
173194
173197
173196
173193
173191
173194
173198
173197
173192
173190
173194
173197
173197
173194
173191
173194
173198
173198
173194
173192
173194
173195
173194
173190
173189
173194
173201
173202
173200
173196
173196
173197
173193
173188
173187
173192
173196
173196
173193
173192
173195
173199
173197
173191
173189
173193
173197
173196
173192
173190
173193
173197
173195
173190
173189
173192
173196
173194
173190
173189
173194
173198
173197
173193
173191
173195
173199
173197
173192
173190
173193
173196
173194
173190
173187
173191
173195
173193
173189
173187
173190
173194
173194
173192
173190
173193
173197
173194
173189
173188
173192
173196
173193
173189
173188
173192
173195
173193
173189
173187
173189
173192
173191
173186
173184
173189
173194
173192
173187
173184
173186
173189
173187
173183
173181
173185
173188
173186
173182
173181
173185
173189
173187
173184
173183
173185
173190
173188
173184
173179
173180
173183
173179
173175
173175
173179
173181
173179
173175
173173
173176
173180
173178
173173
173172
173176
173180
173179
173174
173171
173175
173180
173178
173173
173171
173174
173178
173174
173170
173168
173170
173173
173172
173168
173167
173171
173176
173175
173171
173167
173170
173173
173173
173170
173170
173175
173179
173176
173171
173169
173173
173177
173176
173172
173172
173177
173181
173178
173173
173172
173176
173181
173179
173175
173175
173180
173184
173183
173180
173178
173181
173184
173181
173177
173174
173177
173181
173180
173177
173174
173178
173181
173178
173171
173168
173172
173177
173177
173174
173176
173180
173183
173180
173175
173172
173174
173177
173174
173169
173167
173170
173173
173172
173171
173172
173176
173181
173179
173178
173177
173181
173183
173180
173176
173174
173177
173180
173178
173174
173172
173174
173174
173170
173166
173164
173167
173170
173168
173164
173162
173166
173169
173167
173163
173163
173168
173171
173171
173168
173168
173172
173175
173174
173172
173172
173177
173181
173179
173177
173177
173181
173186
173183
173179
173176
173178
173179
173176
173172
173171
173175
173178
173177
173175
173175
173180
173184
173182
173181
173180
173184
173187
173184
173180
173179
173183
173187
173184
173178
173175
173178
173181
173180
173177
173177
173181
173184
173181
173175
173173
173175
173177
173176
173172
173171
173176
173181
173179
173175
173174
173178
173181
173178
173174
173174
173179
173183
173182
173178
173177
173179
173182
173179
173173
173170
173173
173177
173174
173170
173169
173172
173176
173174
173170
173169
173174
173179
173177
173173
173171
173174
173176
173174
173169
173170
173174
173177
173174
173169
173168
173171
173173
173170
173166
173166
173170
173175
173174
173171
173172
173176
173180
173178
173174
173172
173174
173176
173172
173167
173168
173174
173177
173174
173169
173168
173169
173172
173168
173166
173166
173170
173174
173173
173170
173169
173173
173174
173169
173164
173162
173164
173167
173164
173161
173160
173165
173169
173166
173163
173163
173167
173170
173167
173163
173163
173166
173168
173164
173160
173161
173166
173170
173166
173161
173162
173167
173170
173166
173160
173159
173163
173166
173162
173159
173160
173164
173168
173165
173161
173160
173164
173167
173164
173158
173156
173160
173164
173161
173158
173159
173163
173168
173166
173163
173165
173168
173170
173167
173164
173165
173171
173174
173171
173165
173164
173168
173170
173165
173161
173162
173165
173169
173166
173163
173163
173166
173167
173164
173160
173161
173165
173169
173165
173160
173160
173162
173165
173164
173161
173163
173167
173171
173168
173163
173161
173164
173168
173166
173163
173164
173170
173174
173171
173167
173167
173169
173170
173167
173163
173164
173168
173171
173167
173163
173164
173168
173170
173165
173160
173161
173165
173169
173168
173165
173166
173171
173173
173168
173163
173164
173167
173169
173166
173163
173164
173169
173174
173171
173166
173165
173167
173170
173169
173166
173166
173170
173172
173168
173164
173165
173169
173173
173170
173166
173166
173171
173174
173171
173169
173169
173173
173176
173172
173166
173166
173169
173172
173171
173168
173169
173174
173178
173175
173171
173171
173173
173174
173171
173167
173167
173173
173177
173174
173169
173170
173174
173175
173171
173166
173166
173169
173171
173168
173162
173161
173164
173166
173161
173157
173158
173162
173165
173162
173158
173157
173160
173163
173159
173155
173158
173164
173168
173164
173161
173163
173166
173168
173163
173160
173162
173164
173166
173163
173160
173161
173165
173168
173166
173163
173164
173169
173171
173166
173163
173162
173165
173168
173165
173162
173163
173166
173168
173163
173158
173159
173164
173168
173166
173163
173165
173170
173171
173168
173164
173165
173170
173171
173166
173162
173163
173166
173168
173166
173162
173163
173168
173169
173165
173160
173158
173162
173165
173163
173158
173157
173160
173163
173159
173153
173152
173156
173159
173155
173150
173151
173154
173156
173152
173149
173151
173153
173155
173154
173151
173154
173159
173161
173159
173157
173158
173164
173167
173162
173158
173159
173163
173164
173162
173159
173160
173165
173167
173165
173163
173163
173166
173166
173161
173156
173157
173159
173161
173157
173154
173156
173160
173162
173158
173154
173155
173157
173158
173154
173149
173150
173153
173153
173149
173145
173147
173152
173154
173152
173149
173150
173155
173157
173153
173148
173152
173156
173158
173155
173153
173155
173160
173163
173160
173157
173159
173161
173165
173162
173158
173160
173162
173162
173158
173153
173155
173161
173165
173163
173160
173161
173166
173167
173162
173159
173161
173164
173165
173161
173158
173159
173163
173163
173159
173154
173154
173158
173160
173158
173155
173155
173157
173158
173155
173151
173151
173154
173157
173154
173150
173152
173157
173158
173153
173151
173154
173160
173162
173159
173154
173155
173157
173158
173153
173149
173151
173155
173157
173155
173152
173154
173158
173158
173155
173152
173154
173157
173157
173153
173148
173149
173152
173152
173145
173141
173143
173147
173149
173147
173144
173146
173147
173147
173148
173147
173148
173151
173154
173151
173147
173148
173152
173154
173152
173150
173152
173155
173156
173152
173147
173148
173150
173151
173147
173144
173144
173148
173151
173147
173143
173147
173152
173152
173146
173140
173140
173143
173143
173141
173139
173143
173149
173152
173148
173146
173148
173152
173153
173149
173146
173150
173155
173156
173154
173151
173153
173157
173157
173152
173145
173146
173149
173150
173146
173140
173141
173145
173147
173143
173140
173142
173147
173147
173143
173140
173141
173144
173144
173142
173138
173141
173146
173147
173143
173142
173145
173149
173151
173148
173143
173145
173149
173149
173143
173138
173137
173139
173141
173138
173136
173139
173143
173145
173140
173137
173140
173143
173144
173141
173138
173142
173146
173147
173142
173138
173141
173145
173147
173144
173141
173144
173149
173152
173149
173147
173150
173154
173155
173151
173148
173151
173155
173155
173149
173143
173143
173147
173151
173149
173146
173150
173154
173157
173154
173150
173152
173155
173156
173151
173147
173151
173155
173156
173151
173147
173148
173151
173152
173148
173144
173146
173150
173151
173147
173143
173146
173152
173154
173150
173147
173150
173154
173154
173150
173146
173147
173151
173152
173148
173143
173142
173143
173143
173144
173143
173145
173150
173153
173149
173145
173147
173151
173152
173147
173143
173145
173150
173152
173149
173148
173152
173157
173158
173154
173151
173154
173159
173160
173155
173151
173152
173155
173156
173153
173149
173152
173156
173154
173147
173141
173143
173147
173148
173144
173141
173144
173147
173148
173144
173139
173140
173143
173144
173141
173137
173140
173144
173145
173142
173140
173143
173145
173146
173142
173138
173138
173140
173140
173136
173133
173134
173138
173139
173136
173133
173136
173141
173143
173141
173138
173141
173146
173146
173140
173137
173141
173145
173146
173142
173138
173139
173142
173142
173138
173133
173134
173140
173142
173140
173138
173142
173147
173147
173142
173137
173139
173143
173142
173138
173136
173141
173145
173145
173143
173140
173144
173149
173150
173145
173141
173144
173148
173150
173146
173142
173145
173149
173149
173146
173143
173144
173147
173147
173142
173137
173139
173139
173137
173133
173129
173132
173135
173135
173130
173126
173130
173135
173136
173132
173129
173133
173138
173138
173133
173129
173131
173133
173133
173130
173128
173132
173137
173136
173131
173129
173133
173137
173138
173135
173132
173136
173138
173136
173130
173126
173128
173132
173132
173128
173125
173128
173132
173133
173131
173128
173131
173136
173136
173131
173128
173132
173136
173137
173134
173131
173134
173138
173137
173130
173125
173128
173134
173134
173129
173125
173127
173133
173134
173130
173125
173128
173132
173132
173129
173126
173129
173133
173134
173130
173128
173131
173136
173136
173134
173132
173135
173139
173141
173137
173135
173138
173142
173143
173138
173134
173136
173139
173139
173134
173130
173132
173134
173132
173127
173123
173127
173131
173131
173129
173126
173129
173133
173132
173128
173124
173125
173129
173130
173128
173126
173129
173133
173133
173128
173126
173130
173133
173133
173130
173126
173128
173132
173132
173129
173126
173128
173131
173131
173128
173126
173130
173135
173136
173132
173130
173133
173135
173134
173130
173128
173132
173136
173134
173128
173125
173126
173128
173127
173123
173122
173127
173132
173131
173127
173124
173126
173128
173127
173125
173122
173125
173130
173131
173128
173126
173130
173133
173133
173130
173128
173132
173137
173136
173132
173128
173130
173133
173132
173129
173127
173131
173136
173136
173132
173130
173134
173138
173136
173131
173130
173135
173138
173137
173134
173133
173139
173146
173147
173144
173142
173145
173147
173146
173143
173141
173146
173150
173150
173145
173140
173140
173141
173139
173134
173130
173132
173136
173136
173132
173131
173135
173140
173142
173138
173134
173137
173139
173136
173132
173130
173132
173135
173135
173131
173130
173133
173137
173137
173133
173129
173130
173133
173131
173126
173123
173126
173130
173129
173126
173125
173130
173136
173137
173134
173133
173139
173142
173138
173133
173130
173133
173137
173137
173134
173134
173140
173146
173146
173143
173141
173145
173148
173147
173144
173141
173144
173148
173146
173141
173138
173142
173144
173142
173137
173135
173137
173140
173139
173137
173137
173142
173148
173149
173144
173141
173142
173144
173142
173136
173133
173136
173140
173138
173135
173132
173135
173138
173137
173133
173131
173134
173138
173137
173132
173129
173134
173138
173138
173137
173138
173140
173143
173141
173137
173133
173135
173139
173137
173132
173130
173135
173140
173139
173136
173134
173136
173139
173137
173131
173126
173128
173130
173128
173125
173126
173132
173136
173135
173132
173129
173133
173137
173136
173133
173132
173135
173138
173136
173132
173130
173134
173139
173138
173134
173133
173136
173139
173135
173129
173127
173130
173133
173132
173128
173127
173131
173136
173135
173132
173131
173135
173139
173138
173132
173130
173134
173139
173136
173132
173129
173132
173137
173136
173132
173130
173134
173138
173136
173133
173131
173136
173140
173140
173137
173136
173139
173142
173141
173136
173133
173137
173141
173140
173136
173133
173138
173142
173140
173136
173133
173136
173138
173136
173132
173132
173136
173142
173141
173139
173136
173137
173139
173136
173131
173131
173136
173141
173140
173137
173137
173141
173142
173140
173137
173135
173137
173140
173138
173133
173132
173135
173140
173140
173136
173135
173138
173143
173142
173139
173137
173140
173143
173143
173140
173136
173138
173142
173141
173135
173132
173137
173142
173140
173138
173136
173138
173141
173138
173134
173133
173137
173139
173138
173133
173132
173139
173142
173140
173136
173134
173139
173143
173142
173138
173134
173136
173138
173137
173133
173129
173132
173135
173132
173130
173129
173133
173137
173135
173130
173128
173133
173136
173133
173130
173128
173133
173137
173135
173131
173130
173134
173138
173135
173129
173128
173130
173132
173129
173124
173121
173125
173128
173126
173124
173124
173129
173132
173128
173122
173119
173122
173124
173122
173118
173117
173121
173126
173125
173122
173121
173126
173130
173129
173126
173124
173128
173132
173131
173127
173126
173130
173132
173128
173124
173123
173128
173132
173132
173129
173128
173132
173135
173131
173125
173123
173126
173128
173125
173122
173121
173124
173127
173125
173120
173119
173122
173125
173123
173118
173117
173122
173127
173126
173122
173120
173125
173129
173128
173124
173122
173125
173128
173125
173120
173119
173121
173123
173121
173118
173117
173121
173124
173121
173118
173117
173122
173125
173121
173117
173116
173121
173124
173120
173118
173116
173118
173123
173120
173118
173116
173119
173122
173117
173111
173109
173112
173115
173114
173113
173113
173117
173122
173120
173115
173113
173116
173120
173118
173114
173113
173116
173118
173115
173110
173109
173113
173116
173113
173108
173105
173108
173112
173112
173111
173110
173112
173114
173112
173109
173111
173116
173120
173116
173111
173110
173114
173116
173112
173108
173109
173113
173117
173115
173111
173111
173114
173118
173117
173114
173113
173117
173121
173120
173115
173114
173117
173119
173115
173110
173109
173113
173117
173115
173112
173112
173116
173120
173116
173110
173107
173108
173109
173107
173104
173106
173113
173117
173114
173109
173108
173111
173115
173114
173110
173110
173116
173120
173118
173114
173112
173116
173121
173120
173117
173116
173119
173122
173120
173115
173114
173118
173121
173117
173112
173112
173116
173121
173118
173115
173116
173121
173124
173122
173119
173119
173122
173124
173122
173117
173115
173119
173123
173120
173116
173115
173118
173121
173118
173114
173112
173116
173118
173116
173113
173113
173118
173123
173122
173119
173119
173121
173123
173117
173110
173110
173114
173118
173116
173113
173114
173118
173123
173122
173119
173120
173123
173125
173122
173117
173116
173119
173121
173117
173114
173114
173119
173122
173118
173114
173114
173118
173121
173118
173116
173115
173118
173121
173119
173116
173116
173120
173124
173121
173116
173116
173120
173123
173120
173116
173116
173119
173123
173121
173118
173119
173123
173126
173124
173120
173119
173123
173127
173126
173124
173124
173129
173132
173129
173124
173123
173126
173128
173124
173119
173118
173121
173124
173121
173118
173118
173123
173126
173123
173119
173118
173122
173125
173122
173118
173117
173121
173126
173124
173120
173120
173124
173127
173122
173117
173118
173121
173124
173121
173118
173119
173123
173126
173123
173118
173118
173122
173124
173122
173118
173118
173121
173124
173120
173115
173116
173119
173122
173119
173116
173115
173120
173123
173121
173116
173113
173116
173120
173116
173111
173109
173112
173115
173112
173109
173111
173116
173120
173116
173111
173110
173114
173117
173114
173110
173109
173110
173112
173109
173106
173108
173114
173119
173117
173113
173112
173115
173116
173112
173107
173107
173111
173114
173112
173108
173108
173111
173114
173111
173107
173107
173112
173115
173111
173108
173109
173113
173116
173114
173110
173111
173114
173115
173112
173108
173107
173111
173112
173107
173103
173102
173104
173106
173104
173102
173103
173108
173113
173112
173108
173109
173113
173116
173114
173110
173111
173115
173117
173114
173110
173110
173112
173114
173112
173109
173108
173111
173113
173109
173106
173107
173111
173114
173111
173107
173109
173113
173116
173113
173108
173109
173112
173114
173111
173107
173107
173111
173113
173110
173106
173107
173112
173115
173114
173111
173110
173113
173115
173111
173106
173106
173109
173112
173109
173106
173107
173109
173111
173109
173104
173105
173109
173111
173108
173104
173106
173112
173117
173114
173109
173107
173109
173112
173109
173106
173107
173110
173111
173106
173100
173099
173103
173107
173105
173103
173106
173110
173113
173109
173106
173108
173112
173114
173109
173104
173106
173110
173112
173110
173106
173107
173112
173116
173113
173110
173111
173113
173115
173112
173108
173109
173112
173114
173111
173108
173109
173113
173114
173109
173104
173104
173106
173107
173104
173099
173101
173105
173108
173107
173104
173105
173109
173111
173107
173102
173101
173103
173104
173100
173096
173098
173103
173107
173105
173103
173105
173110
173112
173109
173105
173106
173112
173115
173114
173112
173113
173118
173120
173114
173109
173109
173112
173114
173111
173107
173109
173115
173119
173117
173113
173114
173117
173118
173114
173109
173109
173111
173112
173108
173103
173104
173107
173110
173106
173103
173105
173108
173110
173106
173102
173102
173106
173109
173106
173104
173106
173108
173110
173107
173103
173104
173108
173111
173108
173104
173105
173108
173109
173105
173101
173101
173105
173108
173104
173100
173100
173104
173106
173102
173098
173099
173103
173105
173102
173099
173102
173105
173107
173103
173099
173099
173102
173103
173097
173092
173093
173097
173102
173102
173102
173107
173115
173120
173118
173117
173120
173126
173132
173130
173126
173128
173132
173134
173130
173125
173126
173130
173133
173131
173130
173133
173137
173139
173135
173131
173132
173135
173136
173132
173128
173130
173135
173138
173136
173133
173135
173139
173141
173138
173134
173135
173138
173139
173136
173133
173135
173140
173144
173140
173137
173139
173142
173143
173138
173134
173135
173139
173140
173135
173131
173133
173137
173140
173137
173134
173135
173140
173143
173141
173137
173139
173142
173142
173137
173133
173135
173139
173141
173137
173134
173136
173139
173141
173136
173132
173134
173138
173142
173140
173136
173138
173143
173146
173143
173139
173140
173145
173146
173141
173138
173140
173144
173146
173143
173140
173142
173145
173145
173141
173138
173140
173145
173149
173147
173144
173145
173149
173150
173146
173141
173142
173146
173148
173144
173139
173141
173145
173147
173144
173140
173142
173146
173148
173145
173141
173143
173146
173148
173146
173143
173147
173153
173156
173154
173150
173151
173155
173157
173153
173149
173150
173153
173154
173150
173148
173150
173155
173156
173153
173151
173153
173157
173156
173151
173145
173145
173148
173149
173146
173142
173144
173148
173149
173144
173140
173142
173145
173147
173144
173141
173145
173150
173151
173148
173145
173145
173149
173151
173146
173142
173146
173151
173156
173155
173152
173154
173159
173160
173154
173148
173150
173153
173154
173150
173147
173149
173150
173152
173148
173145
173147
173149
173150
173147
173144
173146
173150
173151
173147
173144
173147
173152
173152
173148
173143
173143
173146
173148
173145
173143
173147
173152
173154
173148
173142
173142
173144
173144
173142
173140
173143
173147
173149
173147
173145
173147
173152
173153
173149
173145
173147
173152
173154
173151
173147
173149
173152
173153
173150
173147
173148
173152
173152
173148
173145
173147
173150
173151
173149
173147
173148
173151
173150
173146
173142
173143
173146
173147
173144
173141
173144
173148
173149
173144
173140
173142
173147
173148
173144
173140
173143
173147
173149
173147
173143
173145
173149
173150
173146
173142
173144
173150
173152
173148
173145
173148
173152
173152
173149
173146
173148
173152
173153
173150
173147
173152
173156
173157
173152
173148
173148
173151
173151
173147
173145
173149
173153
173156
173151
173147
173148
173151
173150
173146
173142
173144
173148
173149
173145
173143
173147
173152
173154
173151
173149
173152
173156
173157
173153
173148
173149
173151
173151
173146
173143
173146
173148
173148
173144
173143
173147
173151
173151
173146
173142
173143
173145
173144
173140
173136
173137
173140
173141
173137
173133
173136
173140
173141
173137
173135
173139
173144
173146
173143
173139
173141
173146
173147
173143
173138
173139
173142
173142
173137
173134
173136
173142
173146
173144
173141
173142
173146
173146
173141
173139
173143
173147
173149
173145
173141
173142
173146
173147
173143
173141
173145
173150
173150
173147
173144
173146
173151
173151
173147
173142
173145
173149
173149
173144
173139
173140
173143
173143
173139
173136
173140
173144
173144
173141
173140
173143
173148
173150
173148
173144
173147
173151
173152
173148
173144
173146
173149
173148
173144
173142
173147
173152
173153
173149
173146
173147
173149
173148
173144
173141
173145
173150
173150
173146
173143
173145
173149
173149
173146
173143
173146
173150
173152
173149
173145
173147
173151
173153
173150
173147
173152
173156
173157
173154
173151
173154
173158
173158
173154
173150
173152
173155
173154
173148
173144
173147
173153
173154
173149
173145
173148
173151
173151
173147
173142
173145
173150
173150
173147
173143
173147
173152
173152
173148
173143
173145
173149
173148
173145
173142
173144
173148
173149
173146
173145
173147
173150
173150
173146
173142
173144
173149
173149
173145
173142
173146
173151
173150
173144
173140
173143
173147
173148
173143
173140
173144
173148
173148
173148
173146
173147
173150
173150
173145
173142
173146
173151
173152
173149
173146
173148
173151
173149
173144
173138
173140
173144
173143
173138
173136
173139
173145
173147
173144
173142
173145
173149
173150
173147
173145
173148
173152
173152
173148
173145
173148
173152
173152
173147
173144
173146
173150
173150
173145
173141
173143
173146
173147
173143
173138
173141
173145
173145
173141
173136
173137
173139
173139
173136
173135
173138
173143
173143
173139
173135
173138
173144
173145
173143
173140
173143
173147
173147
173143
173140
173143
173148
173148
173143
173140
173143
173146
173146
173142
173138
173141
173147
173146
173141
173139
173142
173146
173146
173141
173136
173139
173143
173144
173139
173135
173138
173141
173140
173136
173135
173139
173142
173142
173138
173135
173138
173142
173141
173136
173132
173134
173138
173137
173133
173131
173137
173143
173143
173140
173136
173138
173141
173139
173134
173130
173131
173135
173134
173130
173127
173131
173136
173138
173135
173132
173135
173140
173139
173136
173131
173133
173136
173135
173132
173129
173132
173135
173135
173131
173128
173129
173132
173132
173130
173127
173129
173134
173133
173129
173127
173130
173133
173133
173130
173127
173131
173133
173130
173125
173123
173127
173131
173131
173127
173126
173129
173132
173130
173126
173121
173123
173128
173129
173126
173123
173127
173130
173127
173122
173118
173123
173128
173128
173125
173124
173126
173129
173128
173124
173120
173123
173128
173129
173127
173123
173126
173131
173131
173128
173125
173128
173132
173132
173130
173127
173130
173135
173134
173129
173126
173128
173132
173132
173127
173124
173126
173128
173128
173124
173122
173127
173132
173132
173129
173127
173130
173132
173132
173129
173127
173129
173133
173131
173126
173124
173129
173134
173135
173132
173132
173136
173140
173139
173135
173133
173136
173140
173139
173137
173135
173139
173143
173143
173139
173136
173141
173145
173144
173141
173139
173143
173146
173144
173139
173135
173139
173144
173142
173139
173138
173141
173145
173144
173139
173134
173136
173139
173140
173136
173134
173137
173140
173139
173135
173131
173133
173137
173136
173133
173131
173135
173139
173138
173134
173131
173132
173135
173133
173128
173125
173129
173134
173135
173133
173131
173132
173135
173134
173131
173130
173134
173138
173138
173133
173132
173135
173138
173137
173134
173132
173136
173141
173141
173137
173134
173135
173139
173139
173135
173132
173134
173137
173136
173132
173131
173135
173138
173136
173131
173127
173129
173132
173130
173126
173124
173128
173133
173132
173129
173128
173132
173135
173134
173130
173126
173128
173131
173130
173127
173125
173129
173134
173132
173128
173125
173128
173131
173129
173123
173121
173125
173128
173127
173124
173121
173126
173131
173132
173129
173125
173129
173133
173132
173128
173125
173129
173133
173134
173132
173129
173132
173134
173130
173124
173120
173123
173127
173126
173122
173121
173125
173130
173128
173123
173122
173125
173128
173128
173124
173122
173127
173132
173132
173130
173128
173130
173133
173131
173126
173122
173126
173130
173130
173127
173125
173129
173133
173132
173129
173127
173130
173134
173133
173128
173126
173130
173134
173133
173129
173126
173130
173135
173136
173133
173133
173139
173144
173144
173141
173140
173145
173149
173148
173143
173139
173141
173142
173140
173136
173134
173138
173141
173140
173135
173132
173134
173138
173137
173135
173134
173139
173143
173142
173137
173134
173137
173140
173138
173134
173133
173139
173142
173141
173137
173134
173136
173141
173139
173135
173132
173135
173138
173137
173135
173134
173138
173142
173141
173138
173136
173138
173140
173139
173136
173134
173138
173142
173140
173134
173130
173133
173135
173131
173126
173124
173130
173134
173131
173126
173124
173129
173131
173129
173125
173124
173130
173134
173133
173129
173128
173132
173136
173136
173134
173133
173138
173142
173141
173135
173132
173134
173138
173137
173132
173130
173132
173136
173134
173130
173127
173130
173134
173133
173129
173127
173131
173135
173133
173130
173130
173134
173138
173137
173133
173132
173137
173142
173142
173138
173136
173140
173145
173146
173144
173142
173145
173146
173144
173140
173138
173142
173146
173144
173141
173141
173145
173148
173148
173146
173143
173145
173148
173146
173142
173139
173141
173145
173146
173144
173143
173146
173149
173147
173145
173143
173147
173151
173149
173144
173142
173145
173147
173145
173142
173140
173144
173147
173145
173140
173137
173141
173145
173143
173140
173138
173142
173146
173144
173140
173138
173141
173145
173143
173141
173140
173144
173149
173149
173145
173144
173147
173151
173149
173144
173141
173146
173150
173149
173146
173145
173148
173150
173147
173142
173140
173144
173147
173144
173141
173140
173144
173148
173148
173146
173144
173147
173150
173147
173143
173141
173146
173151
173150
173146
173144
173148
173154
173154
173152
173150
173154
173158
173156
173153
173151
173154
173156
173153
173150
173149
173153
173157
173155
173151
173149
173153
173158
173156
173152
173151
173155
173159
173157
173155
173153
173157
173162
173161
173157
173156
173161
173165
173162
173159
173158
173161
173165
173165
173162
173162
173167
173171
173167
173161
173157
173158
173160
173156
173151
173149
173155
173159
173158
173155
173155
173161
173165
173164
173160
173159
173162
173165
173162
173158
173156
173161
173166
173164
173160
173157
173160
173164
173161
173156
173155
173157
173159
173158
173154
173152
173156
173159
173157
173152
173151
173157
173162
173161
173158
173156
173158
173160
173158
173155
173154
173160
173164
173162
173158
173157
173161
173164
173163
173159
173157
173161
173165
173162
173159
173159
173164
173168
173167
173164
173164
173167
173169
173167
173163
173164
173168
173172
173170
173167
173164
173166
173168
173166
173163
173160
173163
173166
173162
173158
173156
173158
173161
173157
173152
173151
173155
173160
173158
173155
173155
173159
173164
173162
173157
173156
173160
173164
173163
173159
173157
173160
173163
173160
173157
173157
173162
173167
173165
173162
173163
173168
173171
173168
173164
173162
173167
173171
173168
173164
173164
173169
173173
173170
173165
173164
173169
173173
173170
173165
173163
173168
173172
173172
173170
173169
173173
173177
173175
173170
173168
173172
173176
173174
173170
173169
173171
173174
173172
173168
173168
173172
173176
173174
173171
173171
173176
173180
173177
173174
173174
173176
173177
173173
173169
173168
173171
173176
173173
173169
173170
173177
173182
173179
173175
173174
173176
173179
173175
173171
173170
173175
173178
173177
173174
173174
173177
173181
173180
173176
173175
173179
173183
173182
173178
173178
173181
173185
173183
173179
173179
173184
173187
173184
173180
173178
173182
173183
173180
173175
173174
173177
173180
173177
173173
173173
173177
173181
173179
173176
173174
173177
173180
173176
173171
173170
173174
173178
173177
173176
173177
173182
173186
173184
173179
173176
173179
173181
173180
173177
173176
173179
173183
173181
173177
173176
173180
173183
173180
173176
173174
173178
173182
173182
173181
173181
173185
173188
173185
173180
173177
173178
173181
173179
173174
173173
173175
173178
173178
173175
173175
173179
173182
173178
173172
173170
173174
173179
173178
173174
173173
173177
173181
173180
173176
173175
173181
173185
173182
173177
173175
173179
173183
173180
173174
173173
173177
173181
173180
173177
173177
173182
173185
173181
173176
173172
173173
173175
173173
173169
173168
173171
173175
173173
173171
173172
173177
173180
173177
173172
173170
173174
173176
173173
173171
173172
173178
173184
173182
173177
173176
173179
173182
173179
173174
173172
173176
173179
173176
173171
173170
173173
173175
173173
173171
173171
173176
173180
173176
173171
173169
173173
173175
173172
173167
173166
173170
173175
173172
173169
173170
173174
173176
173175
173171
173170
173176
173180
173177
173173
173171
173171
173171
173168
173163
173164
173168
173171
173168
173163
173163
173168
173173
173171
173167
173166
173170
173175
173173
173170
173170
173173
173177
173175
173173
173171
173174
173176
173172
173167
173166
173168
173172
173170
173167
173168
173173
173178
173177
173173
173173
173175
173178
173175
173170
173170
173174
173177
173174
173169
173169
173172
173174
173172
173170
173172
173176
173179
173176
173171
173170
173174
173179
173177
173174
173174
173178
173181
173178
173174
173175
173177
173178
173174
173168
173167
173171
173176
173175
173172
173173
173177
173180
173176
173172
173170
173173
173176
173174
173171
173170
173174
173177
173176
173173
173171
173173
173176
173173
173169
173169
173173
173178
173177
173172
173170
173173
173176
173173
173170
173168
173170
173173
173169
173166
173167
173172
173176
173174
173171
173172
173176
173180
173177
173173
173172
173177
173181
173178
173173
173173
173176
173179
173175
173171
173170
173174
173177
173174
173170
173169
173171
173173
173170
173166
173165
173169
173172
173168
173163
173162
173165
173168
173163
173159
173159
173163
173166
173163
173160
173160
173163
173168
173168
173165
173166
173168
173170
173166
173161
173162
173166
173169
173166
173161
173160
173164
173168
173166
173162
173162
173166
173170
173167
173164
173164
173168
173171
173169
173165
173165
173169
173173
173170
173166
173168
173172
173174
173171
173166
173166
173170
173174
173170
173166
173165
173170
173172
173169
173165
173164
173168
173172
173171
173168
173167
173171
173173
173170
173166
173165
173167
173170
173167
173163
173163
173167
173169
173165
173158
173156
173160
173163
173159
173156
173155
173158
173158
173156
173154
173156
173161
173164
173160
173156
173157
173160
173163
173160
173155
173156
173161
173165
173162
173158
173158
173161
173162
173156
173151
173152
173156
173159
173156
173152
173151
173155
173159
173155
173150
173148
173151
173152
173148
173144
173143
173147
173150
173147
173143
173145
173149
173152
173148
173142
173142
173144
173147
173146
173143
173144
173150
173153
173150
173147
173147
173150
173154
173150
173145
173146
173149
173152
173149
173146
173146
173150
173153
173150
173146
173149
173152
173153
173147
173142
173142
173144
173146
173142
173137
173136
173140
173143
173139
173134
173134
173137
173140
173136
173131
173132
173136
173138
173135
173131
173133
173137
173140
173137
173133
173133
173139
173142
173139
173135
173137
173141
173143
173140
173137
173139
173142
173143
173140
173136
173136
173139
173141
173138
173134
173134
173137
173140
173137
173133
173132
173135
173137
173135
173133
173136
173142
173146
173143
173139
173140
173143
173144
173139
173133
173132
173136
173139
173137
173134
173135
173139
173141
173139
173136
173137
173142
173146
173143
173140
173140
173143
173143
173137
173132
173131
173134
173137
173134
173131
173133
173139
173143
173140
173136
173136
173140
173142
173139
173134
173134
173137
173139
173134
173129
173130
173133
173133
173130
173127
173126
173129
173132
173128
173125
173126
173130
173133
173128
173124
173125
173129
173132
173130
173126
173126
173129
173132
173128
173124
173125
173129
173133
173130
173127
173127
173131
173133
173128
173125
173123
173125
173126
173124
173121
173119
173123
173127
173123
173117
173117
173121
173123
173121
173119
173118
173119
173120
173115
173112
173112
173115
173119
173117
173112
173112
173115
173117
173113
173109
173110
173114
173115
173113
173110
173109
173113
173115
173109
173104
173103
173106
173109
173106
173101
173102
173106
173109
173107
173104
173103
173108
173110
173108
173104
173104
173107
173109
173106
173101
173101
173106
173109
173107
173103
173103
173105
173108
173104
173099
173101
173106
173109
173106
173102
173104
173110
173114
173112
173107
173108
173111
173113
173108
173102
173101
173104
173107
173105
173102
173102
173105
173107
173105
173102
173103
173106
173109
173105
173101
173102
173105
173107
173103
173100
173100
173104
173106
173100
173094
173093
173098
173101
173097
173091
173091
173094
173097
173094
173091
173094
173099
173101
173097
173092
173092
173097
173098
173094
173091
173093
173096
173097
173093
173089
173092
173098
173100
173097
173095
173098
173101
173103
173098
173095
173096
173098
173100
173097
173095
173096
173100
173102
173099
173095
173095
173098
173098
173092
173085
173084
173087
173090
173087
173083
173083
173087
173090
173086
173084
173086
173092
173095
173091
173088
173088
173090
173092
173088
173085
173088
173094
173098
173094
173089
173089
173093
173095
173090
173085
173085
173088
173090
173086
173084
173085
173088
173090
173086
173081
173083
173088
173089
173084
173081
173082
173085
173087
173083
173078
173079
173083
173085
173083
173080
173082
173087
173088
173086
173082
173083
173087
173091
173086
173081
173082
173085
173086
173083
173080
173082
173087
173089
173086
173084
173087
173092
173094
173090
173084
173085
173089
173092
173089
173084
173085
173088
173090
173086
173082
173084
173086
173086
173083
173080
173082
173087
173088
173083
173079
173080
173083
173083
173078
173075
173079
173084
173087
173085
173082
173085
173090
173091
173087
173082
173083
173087
173087
173082
173078
173080
173084
173088
173086
173084
173086
173091
173093
173088
173083
173083
173086
173088
173083
173079
173080
173083
173083
173079
173073
173073
173077
173078
173076
173074
173074
173077
173079
173077
173074
173075
173081
173083
173080
173076
173078
173084
173086
173083
173082
173083
173085
173089
173085
173081
173083
173086
173086
173082
173078
173079
173083
173085
173081
173077
173079
173082
173083
173079
173074
173074
173078
173080
173076
173073
173075
173082
173086
173084
173080
173081
173087
173088
173084
173079
173080
173083
173085
173081
173077
173077
173080
173081
173079
173075
173076
173080
173084
173082
173079
173080
173084
173085
173082
173076
173076
173078
173080
173077
173073
173075
173079
173082
173079
173077
173080
173084
173086
173082
173077
173078
173081
173081
173076
173073
173074
173078
173080
173078
173075
173078
173082
173084
173079
173075
173075
173080
173083
173079
173076
173078
173081
173081
173077
173072
173075
173080
173081
173077
173074
173076
173079
173081
173077
173072
173074
173077
173078
173075
173071
173074
173078
173081
173078
173074
173075
173079
173082
173079
173074
173075
173079
173080
173077
173073
173075
173080
173082
173078
173075
173075
173078
173080
173075
173071
173074
173078
173080
173077
173075
173079
173085
173089
173085
173081
173081
173083
173083
173079
173075
173075
173078
173082
173080
173077
173080
173085
173086
173080
173075
173076
173080
173082
173077
173073
173075
173077
173078
173077
173077
173076
173078
173082
173081
173076
173076
173081
173085
173082
173079
173081
173084
173084
173080
173075
173076
173078
173079
173076
173073
173078
173086
173089
173086
173083
173087
173092
173094
173091
173086
173088
173093
173096
173094
173090
173093
173098
173100
173095
173091
173093
173097
173098
173094
173091
173094
173097
173097
173092
173087
173087
173091
173092
173088
173084
173088
173093
173093
173088
173086
173088
173093
173097
173094
173091
173092
173095
173095
173091
173086
173088
173093
173096
173093
173090
173094
173100
173103
173099
173094
173096
173099
173099
173095
173093
173096
173099
173099
173097
173094
173097
173098
173097
173094
173086
173086
173091
173094
173089
173085
173089
173096
173100
173096
173092
173094
173097
173099
173094
173090
173092
173096
173097
173093
173090
173091
173092
173092
173088
173084
173086
173091
173095
173093
173092
173094
173099
173101
173097
173093
173093
173095
173095
173091
173087
173090
173095
173096
173092
173089
173091
173097
173099
173092
173083
173083
173086
173089
173086
173082
173083
173089
173093
173090
173087
173088
173092
173096
173093
173089
173090
173091
173091
173089
173087
173089
173095
173096
173093
173090
173092
173097
173101
173098
173095
173096
173099
173102
173100
173099
173103
173107
173109
173106
173102
173104
173108
173109
173105
173101
173103
173108
173107
173102
173097
173098
173100
173100
173096
173092
173095
173099
173100
173096
173093
173094
173096
173098
173095
173092
173094
173098
173098
173092
173088
173089
173092
173095
173092
173090
173092
173095
173095
173093
173090
173091
173093
173092
173092
173090
173093
173099
173101
173094
173091
173093
173095
173095
173089
173085
173088
173091
173091
173086
173084
173086
173090
173090
173087
173085
173087
173091
173092
173089
173086
173087
173091
173093
173089
173084
173086
173091
173093
173090
173088
173092
173096
173096
173091
173087
173089
173093
173095
173091
173087
173090
173094
173096
173093
173089
173089
173093
173095
173092
173089
173092
173097
173098
173094
173091
173094
173097
173097
173093
173089
173090
173091
173090
173084
173079
173080
173085
173088
173086
173082
173084
173088
173089
173084
173080
173082
173086
173088
173086
173082
173082
173085
173086
173082
173077
173080
173084
173085
173081
173076
173079
173084
173085
173082
173080
173084
173090
173092
173089
173085
173087
173090
173090
173086
173081
173083
173087
173089
173085
173080
173081
173085
173086
173082
173078
173081
173086
173088
173085
173081
173082
173084
173084
173078
173071
173072
173075
173076
173073
173072
173076
173081
173082
173078
173074
173076
173079
173080
173075
173071
173073
173078
173080
173076
173073
173074
173079
173080
173075
173071
173073
173078
173080
173077
173074
173077
173081
173082
173079
173075
173077
173081
173081
173078
173074
173076
173079
173078
173074
173069
173072
173075
173076
173074
173072
173074
173078
173081
173079
173075
173077
173080
173079
173074
173071
173075
173079
173080
173074
173070
173072
173076
173077
173074
173070
173071
173073
173075
173071
173066
173068
173070
173070
173066
173061
173060
173063
173063
173060
173058
173061
173065
173065
173061
173057
173059
173061
173061
173056
173052
173055
173059
173060
173056
173053
173056
173061
173063
173060
173056
173056
173061
173061
173057
173054
173058
173060
173061
173056
173053
173055
173060
173062
173059
173057
173059
173062
173060
173053
173048
173049
173051
173052
173049
173046
173050
173054
173053
173049
173048
173051
173054
173054
173049
173045
173046
173050
173049
173045
173041
173042
173046
173046
173041
173039
173043
173047
173048
173047
173043
173043
173047
173047
173043
173040
173043
173049
173049
173045
173042
173045
173049
173050
173046
173042
173043
173046
173047
173042
173039
173040
173043
173043
173039
173034
173035
173039
173041
173037
173033
173036
173040
173043
173039
173035
173037
173041
173041
173038
173035
173037
173041
173041
173038
173035
173039
173044
173046
173041
173036
173038
173041
173041
173036
173032
173034
173037
173038
173036
173033
173036
173040
173041
173037
173033
173034
173039
173041
173038
173034
173036
173039
173040
173035
173031
173034
173039
173039
173033
173029
173030
173033
173035
173031
173027
173029
173032
173033
173029
173025
173027
173031
173031
173027
173025
173027
173031
173034
173028
173024
173027
173030
173029
173026
173023
173026
173030
173032
173030
173028
173030
173032
173033
173030
173026
173030
173036
173040
173038
173034
173033
173035
173037
173035
173032
173033
173038
173040
173038
173033
173035
173041
173042
173040
173037
173040
173045
173047
173044
173042
173045
173052
173055
173051
173048
173052
173056
173056
173053
173051
173053
173058
173061
173058
173055
173060
173066
173067
173063
173062
173069
173076
173078
173078
173077
173079
173082
173084
173081
173078
173081
173086
173089
173086
173084
173089
173094
173096
173093
173089
173091
173097
173099
173095
173091
173094
173099
173100
173097
173095
173097
173100
173100
173094
173089
173090
173095
173096
173093
173090
173095
173100
173101
173097
173093
173095
173099
173099
173094
173093
173097
173101
173103
173099
173095
173097
173100
173100
173096
173093
173095
173099
173098
173094
173090
173092
173096
173097
173095
173093
173095
173098
173099
173096
173093
173095
173099
173099
173094
173093
173097
173101
173102
173098
173095
173099
173101
173100
173094
173092
173097
173101
173102
173098
173095
173098
173103
173103
173099
173095
173098
173101
173101
173097
173095
173100
173104
173104
173099
173095
173099
173103
173103
173098
173093
173094
173096
173094
173090
173088
173091
173097
173098
173095
173093
173095
173097
173096
173093
173090
173091
173094
173095
173092
173091
173096
173099
173099
173095
173091
173094
173097
173099
173095
173091
173093
173097
173097
173093
173090
173093
173097
173097
173091
173087
173089
173093
173094
173090
173086
173089
173095
173096
173090
173083
173085
173090
173088
173080
173076
173080
173084
173085
173082
173078
173080
173084
173085
173082
173079
173081
173084
173085
173081
173078
173080
173083
173082
173078
173075
173077
173081
173081
173077
173073
173075
173078
173079
173075
173071
173074
173079
173079
173076
173073
173075
173079
173080
173075
173070
173072
173075
173076
173073
173071
173074
173080
173081
173078
173076
173079
173084
173084
173079
173075
173078
173083
173084
173081
173078
173082
173085
173084
173079
173074
173076
173079
173080
173077
173075
173077
173082
173084
173080
173077
173081
173083
173083
173078
173075
173078
173083
173083
173079
173076
173079
173082
173083
173080
173077
173082
173087
173088
173084
173081
173084
173089
173089
173084
173081
173083
173086
173084
173079
173075
173077
173080
173080
173075
173072
173075
173079
173078
173074
173069
173070
173073
173072
173067
173064
173066
173069
173070
173067
173063
173066
173070
173071
173067
173063
173065
173070
173071
173068
173065
173068
173072
173072
173067
173063
173066
173072
173073
173070
173067
173070
173074
173075
173069
173066
173069
173073
173073
173069
173065
173069
173073
173074
173070
173066
173067
173068
173067
173062
173058
173061
173066
173066
173063
173060
173063
173066
173066
173062
173059
173061
173065
173064
173060
173058
173064
173070
173070
173066
173062
173064
173067
173066
173063
173060
173063
173067
173069
173066
173063
173066
173069
173069
173066
173065
173068
173070
173067
173060
173056
173058
173062
173062
173060
173058
173062
173065
173065
173063
173060
173062
173064
173063
173059
173057
173060
173064
173064
173059
173054
173056
173059
173060
173056
173053
173056
173058
173058
173054
173051
173055
173061
173064
173061
173058
173061
173066
173066
173064
173061
173063
173065
173065
173061
173057
173059
173062
173063
173059
173056
173058
173061
173061
173057
173053
173056
173061
173061
173059
173057
173059
173063
173063
173059
173055
173057
173062
173062
173058
173057
173062
173068
173068
173066
173063
173065
173068
173067
173064
173060
173062
173067
173068
173067
173066
173071
173076
173076
173070
173066
173068
173071
173071
173067
173064
173067
173070
173069
173065
173062
173065
173069
173068
173063
173060
173064
173067
173066
173061
173057
173061
173066
173068
173065
173061
173064
173067
173065
173060
173057
173061
173067
173069
173065
173063
173067
173071
173070
173064
173060
173064
173068
173068
173065
173062
173064
173068
173068
173062
173058
173062
173066
173065
173060
173056
173059
173062
173061
173057
173055
173059
173065
173067
173065
173063
173066
173070
173070
173065
173062
173063
173068
173068
173064
173061
173066
173072
173073
173069
173066
173070
173074
173074
173069
173065
173067
173073
173074
173070
173064
173065
173068
173068
173064
173063
173066
173069
173069
173065
173063
173068
173073
173074
173070
173067
173070
173075
173075
173073
173071
173074
173078
173077
173074
173071
173075
173079
173078
173075
173073
173076
173080
173079
173074
173070
173073
173077
173078
173076
173074
173076
173080
173079
173074
173071
173073
173077
173078
173076
173073
173076
173080
173080
173076
173073
173075
173079
173079
173076
173073
173077
173083
173083
173080
173077
173079
173082
173083
173080
173077
173081
173086
173087
173085
173082
173084
173088
173088
173083
173079
173082
173085
173085
173081
173078
173082
173087
173086
173081
173076
173078
173082
173082
173079
173075
173077
173080
173081
173077
173074
173077
173083
173084
173080
173077
173081
173086
173086
173085
173084
173088
173094
173095
173091
173087
173088
173091
173090
173085
173082
173086
173092
173094
173089
173086
173089
173092
173091
173085
173082
173085
173089
173090
173086
173083
173086
173090
173091
173088
173085
173088
173093
173094
173090
173088
173092
173097
173098
173094
173091
173096
173101
173102
173100
173097
173100
173103
173103
173100
173097
173099
173101
173099
173094
173089
173090
173094
173095
173093
173089
173091
173093
173091
173086
173081
173082
173086
173086
173081
173076
173079
173084
173085
173083
173083
173089
173095
173097
173095
173093
173095
173099
173099
173094
173088
173090
173093
173091
173086
173082
173085
173090
173091
173090
173090
173094
173100
173101
173098
173096
173101
173105
173103
173096
173092
173094
173097
173097
173094
173092
173095
173099
173099
173097
173095
173099
173103
173102
173098
173093
173094
173097
173095
173091
173088
173092
173095
173093
173089
173084
173085
173089
173088
173083
173080
173083
173088
173089
173088
173087
173093
173099
173100
173096
173092
173094
173097
173096
173090
173088
173091
173096
173095
173091
173088
173091
173095
173094
173090
173086
173090
173094
173093
173088
173083
173085
173089
173089
173087
173086
173091
173095
173095
173092
173089
173092
173094
173093
173089
173085
173087
173090
173089
173085
173083
173086
173090
173090
173087
173084
173086
173090
173090
173087
173085
173089
173094
173095
173092
173090
173093
173097
173098
173094
173091
173094
173098
173098
173095
173092
173093
173096
173095
173091
173088
173092
173096
173096
173092
173089
173090
173092
173091
173086
173082
173086
173090
173090
173086
173084
173088
173091
173091
173087
173085
173089
173092
173092
173088
173086
173089
173093
173093
173089
173087
173091
173095
173094
173090
173086
173087
173092
173092
173088
173085
173088
173091
173091
173086
173083
173086
173092
173091
173086
173083
173085
173087
173086
173084
173081
173083
173086
173086
173083
173081
173084
173088
173088
173086
173085
173090
173093
173091
173085
173080
173082
173086
173085
173082
173082
173087
173092
173093
173090
173086
173088
173090
173089
173084
173081
173084
173088
173086
173081
173076
173078
173081
173081
173077
173075
173078
173082
173080
173075
173072
173076
173080
173080
173078
173077
173080
173085
173086
173083
173082
173086
173091
173091
173087
173084
173087
173091
173092
173088
173085
173087
173088
173085
173079
173075
173077
173081
173080
173075
173072
173074
173077
173075
173069
173065
173069
173076
173079
173076
173075
173080
173085
173086
173082
173079
173082
173084
173083
173079
173075
173076
173079
173079
173076
173075
173080
173084
173084
173081
173078
173080
173083
173082
173078
173074
173075
173080
173080
173076
173072
173075
173079
173078
173074
173071
173074
173077
173076
173072
173071
173075
173081
173081
173077
173076
173080
173085
173084
173080
173076
173079
173081
173080
173078
173077
173083
173088
173088
173085
173081
173083
173086
173085
173080
173077
173080
173084
173085
173082
173079
173081
173084
173082
173079
173076
173080
173084
173083
173078
173076
173079
173082
173081
173076
173072
173074
173078
173078
173073
173068
173070
173073
173073
173070
173068
173073
173078
173078
173074
173071
173076
173079
173077
173072
173068
173069
173072
173072
173069
173065
173068
173070
173070
173066
173062
173065
173068
173068
173065
173062
173065
173069
173067
173063
173062
173066
173070
173070
173066
173063
173066
173072
173072
173068
173066
173069
173072
173071
173067
173064
173066
173070
173070
173069
173068
173073
173076
173073
173068
173065
173067
173070
173069
173065
173062
173064
173068
173068
173066
173066
173071
173075
173074
173069
173065
173068
173070
173069
173065
173063
173067
173072
173072
173067
173065
173070
173076
173077
173073
173070
173071
173073
173071
173066
173062
173065
173070
173071
173069
173067
173070
173073
173073
173068
173064
173066
173069
173068
173064
173061
173066
173069
173068
173065
173064
173070
173075
173074
173071
173068
173070
173073
173071
173067
173063
173065
173068
173067
173064
173062
173067
173072
173073
173069
173066
173071
173076
173076
173072
173069
173071
173075
173074
173071
173067
173069
173072
173070
173065
173061
173064
173068
173068
173064
173060
173063
173065
173064
173060
173057
173060
173062
173059
173056
173053
173055
173060
173059
173054
173050
173053
173057
173057
173055
173052
173056
173060
173059
173056
173054
173057
173058
173057
173053
173048
173051
173055
173055
173051
173048
173050
173054
173054
173049
173046
173051
173055
173054
173050
173048
173052
173056
173056
173054
173052
173056
173061
173059
173055
173053
173055
173059
173058
173055
173052
173056
173060
173060
173056
173053
173055
173057
173055
173050
173047
173052
173057
173057
173055
173053
173058
173062
173061
173056
173054
173058
173062
173063
173059
173056
173058
173062
173061
173057
173055
173059
173063
173063
173059
173056
173059
173064
173062
173058
173055
173057
173061
173061
173059
173057
173061
173067
173067
173062
173058
173061
173064
173064
173060
173058
173061
173066
173066
173064
173062
173066
173069
173068
173065
173061
173064
173067
173067
173062
173059
173063
173066
173066
173062
173059
173062
173066
173065
173061
173058
173061
173065
173065
173063
173059
173063
173067
173067
173062
173058
173061
173064
173064
173061
173059
173061
173065
173065
173061
173058
173061
173065
173063
173059
173057
173060
173064
173063
173060
173058
173061
173066
173066
173062
173059
173063
173068
173069
173065
173062
173066
173069
173068
173063
173061
173065
173069
173068
173064
173061
173064
173068
173068
173064
173062
173066
173070
173068
173064
173060
173064
173068
173069
173067
173065
173068
173073
173075
173071
173068
173070
173074
173073
173069
173066
173069
173072
173072
173068
173065
173068
173072
173071
173067
173063
173067
173072
173071
173069
173068
173071
173073
173070
173066
173065
173069
173073
173074
173071
173070
173075
173079
173078
173074
173070
173073
173076
173074
173070
173068
173071
173076
173076
173075
173074
173076
173078
173076
173073
173070
173073
173076
173074
173069
173066
173069
173074
173073
173070
173069
173072
173076
173075
173072
173069
173073
173078
173080
173077
173073
173077
173082
173082
173078
173076
173079
173084
173084
173082
173080
173085
173090
173089
173083
173078
173080
173083
173082
173079
173077
173082
173089
173089
173086
173084
173087
173089
173087
173082
173079
173083
173088
173086
173081
173078
173082
173087
173087
173083
173083
173088
173092
173091
173087
173084
173087
173090
173089
173085
173082
173086
173090
173089
173085
173083
173087
173091
173092
173087
173083
173086
173088
173085
173080
173075
173078
173082
173082
173079
173075
173079
173085
173085
173082
173079
173082
173087
173086
173082
173080
173085
173089
173088
173084
173082
173086
173091
173090
173086
173082
173085
173089
173087
173082
173078
173079
173081
173079
173076
173073
173077
173080
173080
173075
173072
173076
173081
173081
173077
173074
173078
173084
173084
173081
173080
173083
173086
173086
173083
173082
173086
173090
173090
173086
173084
173088
173093
173091
173085
173082
173086
173091
173092
173088
173085
173088
173092
173090
173085
173082
173085
173089
173089
173086
173085
173089
173095
173096
173094
173090
173093
173096
173095
173092
173089
173091
173095
173096
173093
173091
173095
173098
173098
173095
173094
173099
173104
173103
173099
173095
173097
173099
173097
173091
173088
173091
173095
173096
173093
173092
173096
173100
173099
173094
173091
173094
173097
173096
173093
173091
173094
173099
173100
173096
173094
173097
173101
173100
173097
173094
173096
173099
173097
173094
173093
173097
173101
173101
173097
173094
173097
173102
173101
173099
173098
173102
173107
