172900
172899
172902
172905
172901
172895
172895
172899
172901
172899
172896
172896
172899
172901
172896
172891
172892
172896
172900
172896
172891
172891
172894
172895
172893
172893
172897
172900
172900
172893
172890
172894
172897
172900
172897
172893
172895
172898
172902
172900
172897
172898
172901
172903
172899
172894
172895
172900
172903
172899
172895
172897
172901
172903
172899
172893
172894
172900
172902
172898
172894
172894
172896
172899
172898
172899
172902
172905
172905
172901
172900
172903
172908
172907
172901
172895
172894
172894
172895
172894
172889
172888
172892
172894
172891
172884
172883
172888
172889
172884
172880
172881
172883
172884
172881
172877
172877
172879
172881
172878
172876
172879
172883
172886
172883
172880
172883
172889
172890
172887
172884
172886
172889
172890
172886
172883
172885
172889
172893
172891
172887
172886
172889
172890
172884
172880
172884
172887
172890
172886
172881
172881
172885
172887
172883
172881
172883
172890
172892
172888
172883
172883
172887
172889
172886
172884
172887
172891
172893
172890
172885
172885
172888
172889
172884
172880
172881
172883
172885
172882
172879
172882
172886
172888
172884
172880
172882
172886
172887
172884
172880
172882
172887
172887
172883
172880
172881
172886
172888
172885
172881
172882
172886
172887
172882
172877
172878
172883
172885
172881
172877
172881
172887
172890
172886
172883
172884
172887
172888
172884
172880
172883
172889
172895
172892
172883
172880
172886
172890
172885
172879
172884
172890
172890
172886
172885
172884
172885
172888
172886
172878
172877
172880
172880
172875
172873
172876
172878
172877
172874
172867
172870
172874
172874
172868
172864
172865
172866
172868
172864
172860
172863
172866
172865
172861
172856
172859
172863
172863
172859
172855
172855
172855
172854
172848
172845
172847
172851
172852
172847
172844
172843
172842
172844
172842
172837
172841
172847
172848
172844
172840
172841
172848
172850
172843
172838
172839
172844
172843
172836
172835
172838
172839
172840
172836
172832
172834
172838
172839
172835
172829
172832
172835
172836
172832
172829
172832
172835
172836
172831
172827
172830
172831
172831
172828
172825
172828
172832
172829
172824
172821
172823
172828
172829
172825
172822
172824
172825
172822
172817
172812
172812
172815
172816
172812
172810
172814
172819
172820
172815
172811
172816
172821
172824
172822
172819
172819
172823
172826
172823
172819
172823
172828
172828
172824
172820
172823
172828
172828
172824
172819
172820
172823
172823
172819
172816
172818
172821
172822
172818
172816
172818
172820
172819
172814
172812
172816
172821
172823
172820
172817
172820
172822
172822
172816
172812
172814
172818
172820
172818
172814
172816
172818
172817
172812
172808
172811
172815
172817
172814
172811
172812
172815
172816
172814
172811
172814
172821
172824
172820
172816
172818
172822
172823
172819
172818
172821
172825
172825
172820
172815
172817
172821
172820
172815
172812
172817
172823
172824
172820
172817
172819
172823
172821
172816
172813
172815
172818
172816
172811
172807
172809
172814
172815
172812
172807
172811
172816
172817
172812
172807
172808
172811
172810
172806
172802
172805
172809
172809
172805
172801
172803
172807
172807
172804
172802
172806
172807
172804
172800
172799
172801
172804
172801
172798
172794
172797
172801
172800
172795
172792
172797
172802
172802
172797
172795
172798
172803
172802
172797
172794
172795
172800
172799
172794
172792
172797
172801
172801
172798
172795
172796
172798
172798
172794
172791
172793
172796
172795
172792
172789
172792
172796
172796
172793
172789
172792
172797
172798
172796
172794
172800
172805
172804
172800
172797
172799
172802
172802
172797
172795
172801
172807
172808
172805
172802
172805
172809
172808
172805
172804
172808
172813
172813
172810
172809
172812
172818
172822
172821
172819
172826
172833
172834
172830
172828
172832
172834
172833
172830
172829
172833
172838
172837
172833
172831
172835
172840
172840
172836
172835
172837
172839
172838
172836
172834
172834
172837
172839
172834
172833
172839
172842
172842
172840
172838
172840
172844
172845
172842
172839
172844
172849
172849
172845
172842
172846
172850
172850
172847
172845
172847
172851
172851
172846
172843
172846
172850
172848
172843
172840
172843
172845
172842
172836
172834
172838
172840
172839
172836
172835
172840
172843
172842
172839
172838
172842
172846
172845
172840
172838
172842
172846
172844
172840
172840
172843
172845
172842
172837
172834
172838
172842
172842
172839
172838
172844
172848
172847
172844
172841
172843
172847
172846
172842
172839
172842
172846
172846
172844
172843
172847
172852
172852
172846
172842
172845
172849
172848
172845
172845
172850
172854
172853
172850
172849
172852
172855
172855
172853
172850
172852
172854
172853
172851
172851
172857
172862
172860
172855
172853
172856
172861
172859
172854
172852
172856
172861
172861
172859
172858
172861
172863
172859
172854
172851
172855
172861
172863
172861
172861
172868
172874
172872
172868
172866
172869
172873
172871
172867
172865
172867
172870
172869
172866
172867
172872
172877
172876
172871
172868
172870
172871
172868
172864
172862
172867
172871
172872
172872
172872
172877
172880
172877
172872
172868
172870
172874
172873
172871
172871
172875
172878
172876
172871
172868
172873
172877
172876
172873
172873
172876
172881
172878
172872
172869
172872
172876
172873
172870
172869
172873
172877
172876
172873
172871
172874
172874
172869
172864
172863
172869
172873
172871
172866
172865
172869
172873
172869
172864
172864
172869
172871
172868
172863
172862
172866
172870
172868
172865
172866
172871
172874
172871
172866
172863
172867
172870
172867
172862
172862
172867
172872
172870
172866
172865
172869
172873
172868
172861
172857
172863
172868
172867
172865
172865
172871
172874
172873
172869
172867
172869
172870
172866
172860
172858
172861
172865
172863
172861
172860
172864
172868
172867
172865
172864
172867
172869
172867
172864
172864
172868
172871
172869
172865
172865
172869
172874
172872
172868
172866
172869
172872
172870
172867
172866
172869
172871
172870
172867
172866
172872
172876
172877
172875
172872
172875
172878
172873
172869
172870
172875
172878
172876
172871
172869
172871
172875
172872
172868
172868
172871
172874
172871
172866
172866
172872
172877
172876
172874
172874
172878
172883
172882
172878
172876
172881
172886
172884
172879
172878
172882
172884
172882
172878
172878
172880
172881
172877
172873
172874
172878
172882
172879
172876
172879
172884
172888
172886
172882
172882
172886
172888
172885
172881
172879
172882
172885
172882
172876
172877
172884
172887
172884
172879
172879
172883
172884
172880
172876
172875
172879
172884
172881
172877
172876
172880
172883
172882
172879
172879
172884
172887
172884
172880
172880
172883
172884
172880
172876
172875
172881
172886
172883
172879
172878
172882
172885
172883
172879
172881
172885
172887
172884
172880
172881
172886
172888
172884
172879
172877
172880
172883
172880
172876
172877
172882
172886
172883
172878
172876
172880
172880
172876
172872
172871
172876
172881
172880
172878
172879
172884
172886
172882
172877
172876
172882
172886
172883
172878
172878
172883
172887
172884
172879
172878
172882
172886
172884
172880
172880
172884
172887
172884
172879
172878
172881
172883
172883
172882
172884
172890
172895
172892
172889
172890
172895
172898
172894
172890
172892
172895
172897
172893
172889
172889
172893
172896
172893
172890
172891
172895
172897
172893
172889
172889
172894
172896
172890
172885
172885
172888
172890
172888
172884
172884
172886
172886
172881
172876
172878
172884
172888
172886
172882
172883
172887
172892
172891
172889
172890
172894
172897
172893
172890
172890
172892
172894
172892
172888
172889
172894
172896
172893
172890
172892
172897
172899
172896
172892
172894
172896
172897
172893
172889
172889
172893
172895
172892
172888
172889
172892
172894
172889
172886
172888
172892
172894
172890
172886
172888
172891
172892
172888
172885
172888
172893
172896
172893
172890
172892
172897
172899
172894
172889
172890
172893
172896
172893
172891
172893
172897
172901
172899
172895
172894
172897
172899
172894
172889
172891
172896
172899
172895
172891
172892
172895
172897
172894
172890
172892
172894
172896
172893
172890
172891
172895
172898
172894
172890
172893
172899
172903
172901
172897
172899
172902
172902
172898
172894
172894
172897
172898
172894
172888
172890
172896
172898
172895
172892
172894
172899
172900
172896
172891
172893
172896
172897
172893
172889
172889
172890
172890
172887
172883
172886
172891
172893
172888
172884
172886
172889
172891
172888
172884
172886
172890
172892
172890
172887
172889
172893
172897
172895
172892
172893
172896
172897
172892
172887
172888
172891
172893
172890
172886
172889
172895
172896
172893
172890
172892
172898
172900
172897
172893
172893
172896
172897
172892
172887
172889
172893
172895
172893
172890
172893
172898
172901
172897
172893
172893
172894
172894
172890
172887
172892
172897
172899
172894
172891
172893
172898
172901
172897
172894
172896
172900
172901
172898
172895
172898
172902
172905
172901
172897
172897
172900
172900
172894
172890
172892
172896
172898
172895
172892
172893
172895
172894
172889
172886
172887
172890
172889
172885
172881
172884
172889
172890
172887
172884
172887
172891
172892
172889
172887
172890
172894
172895
172893
172892
172895
172899
172898
172893
172889
172891
172895
172896
172890
172886
172890
172894
172896
172893
172887
172887
172891
172892
172887
172882
172885
172888
172889
172884
172880
172882
172886
172887
172884
172881
172883
172888
172890
172888
172885
172889
172894
172896
172892
172889
172891
172893
172894
172889
172886
172890
172896
172899
172900
172900
172900
172902
172902
172897
172894
172897
172901
172902
172900
172896
172899
172904
172904
172898
172893
172894
172898
172898
172894
172891
172894
172899
172899
172895
172891
172893
172897
172897
172892
172889
172892
172897
172897
172894
172890
172892
172895
172894
172890
172886
172889
172892
172892
172889
172885
172887
172892
172893
172889
172885
172888
172894
172895
172893
172890
172892
172895
172894
172890
172886
172887
172891
172890
172886
172883
172887
172891
172891
172886
172882
172883
172886
172886
172884
172883
172886
172892
172895
172892
172888
172890
172893
172893
172889
172887
172889
172892
172892
172888
172884
172885
172888
172887
172882
172877
172879
172882
172883
172879
172874
172877
172882
172882
172877
172875
172880
172885
172885
172883
172881
172885
172889
172889
172886
172883
172886
172891
172891
172888
172885
172890
172895
172894
172890
172887
172890
172892
172890
172884
172879
172881
172885
172886
172883
172881
172885
172889
172889
172886
172883
172886
172890
172889
172883
172879
172884
172889
172889
172885
172884
172890
172895
172894
172889
172884
172886
172890
172888
172884
172880
172882
172884
172881
172876
172872
172874
172878
172878
172878
172875
172878
172882
172881
172878
172876
172881
172886
172888
172884
172880
172882
172885
172884
172881
172879
172883
172887
172886
172882
172880
172883
172886
172884
172879
172877
172879
172882
172880
172875
172872
172875
172879
172879
172875
172874
172879
172884
172884
172879
172876
172880
172884
172883
172878
172875
172878
172881
172881
172877
172876
172881
172886
172886
172881
172877
172879
172882
172881
172878
172876
172880
172886
172886
172883
172880
172883
172884
172883
172878
172875
172877
172879
172879
172874
172871
172873
172875
172873
172868
172866
172872
172878
172879
172875
172872
172875
172878
172876
172872
172870
172874
172878
172877
172874
172873
172877
172880
172877
172871
172867
172870
172874
172873
172868
172865
172869
172872
172871
172867
172864
172866
172869
172868
172864
172862
172866
172869
172869
172865
172863
172866
172869
172868
172865
172862
172865
172869
172868
172863
172860
172864
172869
172868
172865
172863
172869
172875
172875
172871
172868
172870
172873
172874
172872
172870
172873
172877
172875
172870
172867
172869
172871
172869
172865
172863
172868
172872
172870
172865
172863
172866
172870
172868
172864
172864
172868
172871
172870
172867
172865
172870
172876
172877
172874
172873
172876
172878
172876
172870
172866
172869
172872
172870
172866
172864
172866
172868
172865
172861
172858
172861
172863
172861
172856
172853
172857
172860
172858
172854
172853
172857
172861
172860
172856
172854
172857
172861
172859
172855
172852
172855
172859
172858
172856
172857
172863
172867
172865
172860
172857
172860
172863
172860
172855
172854
172858
172862
172859
172854
172851
172853
172855
172853
172849
172849
172853
172857
172856
172853
172852
172858
172864
172863
172860
172858
172863
172868
172867
172863
172861
172863
172867
172865
172860
172859
172862
172865
172863
172858
172856
172860
172864
172863
172861
172862
172865
172868
172868
172866
172864
172869
172873
172872
172869
172869
172871
172874
172872
172867
172865
172870
172874
172872
172869
172867
172871
172874
172872
172867
172865
172868
172871
172867
172862
172861
172866
172871
172870
172866
172865
172868
172872
172870
172867
172867
172871
172874
172871
172868
172869
172874
172878
172876
172871
172868
172872
172874
172872
172869
172868
172874
172879
172877
172873
172871
172874
172876
172874
172871
172869
172873
172877
172876
172873
172872
172876
172880
172879
172875
172874
172877
172881
172880
172876
172875
172878
172880
172878
172874
172873
172876
172879
172876
172872
172871
172876
172879
172876
172874
172874
172877
172880
172879
172876
172875
172879
172884
172880
172875
172874
172877
172880
172877
172873
172872
172877
172881
172879
172877
172876
172879
172881
172876
172872
172871
172874
172877
172874
172870
172868
172872
172877
172876
172873
172873
172877
172874
172867
172871
172876
172881
172884
172881
172878
172879
172883
172887
172885
172881
172879
172883
172887
172885
172881
172881
172885
172888
172885
172880
172877
172879
172882
172880
172876
172876
172881
172888
172886
172879
172878
172881
172883
172880
172876
172876
172880
172883
172881
172878
172878
172882
172886
172884
172880
172879
172884
172887
172886
172882
172882
172886
172889
172886
172881
172882
172886
172889
172888
172886
172888
172892
172893
172889
172884
172883
172886
172887
172883
172876
172872
172876
172880
172879
172874
172873
172876
172879
172875
172870
172869
172872
172875
172872
172868
172869
172873
172877
172875
172872
172871
172875
172879
172877
172873
172873
172876
172877
172873
172869
172869
172872
172876
172873
172869
172869
172874
172878
172874
172871
172873
172878
172880
172875
172871
172871
172875
172877
172873
172868
172867
172869
172873
172870
172864
172863
172867
172870
172868
172865
172865
172869
172873
172870
172865
172864
172867
172870
172867
172863
172864
172868
172872
172869
172865
172865
172869
172870
172866
172862
172863
172866
172868
172865
172859
172859
172862
172864
172861
172856
172855
172858
172862
172860
172857
172858
172862
172867
172864
172862
172862
172864
172866
172861
172855
172854
172857
172861
172861
172860
172861
172864
172865
172860
172852
172853
172859
172859
172855
172853
172856
172859
172861
172859
172858
172858
172862
172866
172864
172860
172861
172864
172866
172863
172861
172862
172866
172870
172869
172866
172868
172871
172873
172869
172863
172864
172867
172869
172867
172863
172863
172865
172867
172863
172857
172859
172864
172865
172860
172856
172855
172859
172864
172862
172859
172861
172865
172867
172863
172860
172863
172868
172869
172864
172860
172860
172864
172867
172864
172859
172859
172863
172866
172863
172860
172859
172861
172863
172859
172855
172857
172863
172865
172863
172859
172859
172863
172865
172862
172858
172859
172863
172866
172862
172859
172859
172861
172863
172858
172853
172853
172857
172860
172859
172857
172859
172864
172868
172865
172862
172863
172867
172867
172860
172854
172855
172859
172861
172858
172855
172856
172859
172860
172855
172849
172849
172854
172858
172858
172856
172857
172860
172862
172858
172853
172856
172862
172865
172863
172858
172859
172863
172865
172860
172855
172856
172859
172860
172856
172853
172856
172861
172864
172861
172857
172859
172862
172862
172858
172854
172856
172863
172867
172864
172860
172862
172865
172867
172863
172860
172861
172865
172866
172861
172858
172860
172863
172863
172858
172855
172860
172863
172864
172859
172855
172857
172860
172860
172856
172854
172858
172863
172865
172861
172858
172860
172863
172864
172861
172858
172860
172866
172867
172863
172858
172860
172863
172864
172859
172855
172857
172862
172864
172862
172860
172863
172865
172868
172865
172860
172861
172865
172868
172864
172860
172864
172868
172868
172865
172861
172864
172868
172867
172862
172857
172859
172864
172864
172861
172858
172860
172864
172865
172861
172857
172858
172860
172859
172854
172850
172853
172857
172859
172855
172852
172855
172860
172863
172860
172857
172859
172867
172871
172867
172863
172867
172870
172871
172867
172862
172864
172868
172870
172866
172862
172864
172869
172869
172865
172863
172866
172870
172872
172868
172867
172871
172874
172874
172868
172864
172867
172871
172871
172865
172860
172862
172867
172868
172864
172860
172863
172868
172868
172862
172856
172857
172860
172863
172861
172859
172863
172870
172873
172868
172864
172866
172869
172869
172863
172857
172858
172865
172865
172860
172856
172859
172863
172864
172859
172855
172857
172860
172860
172856
172853
172855
172858
172859
172856
172855
172859
172864
172865
172861
172859
172862
172865
172865
172862
172858
172861
172866
172868
172864
172861
172864
172869
172870
172866
172861
172861
172866
172868
172865
172861
172864
172868
172867
172862
172858
172861
172865
172866
172863
172857
172861
172864
172860
172857
172856
172855
172858
172856
172850
172846
172848
172853
172855
172851
172846
172849
172851
172850
172845
172842
172843
172846
172845
172839
172834
172837
172841
172839
172833
172827
172828
172830
172829
172823
172819
172820
172824
172825
172820
172817
172822
172826
172826
172821
172819
172821
172825
172825
172821
172818
172821
172824
172822
172818
172814
172815
172819
172817
172813
172810
172813
172816
172814
172811
172809
172813
172818
172816
172811
172805
172808
172812
172812
172808
172806
172810
172814
172815
172811
172809
172812
172815
172812
172808
172804
172805
172809
172808
172805
172803
172807
172812
172812
172809
172806
172808
172810
172807
172802
172800
172804
172808
172807
172805
172802
172805
172808
172807
172803
172800
172801
172805
172807
172804
172802
172805
172809
172808
172803
172798
172799
172802
172802
172799
172797
172800
172805
172805
172800
172798
172803
172809
172810
172805
172803
172807
172810
172809
172807
172804
172807
172810
172810
172807
172805
172807
172810
172808
172804
172802
172805
172809
172809
172805
172802
172806
172809
172807
172803
172800
172802
172806
172806
172803
172800
172802
172805
172804
172800
172797
172802
172806
172804
172799
172796
172799
172803
172804
172799
172797
172800
172804
172802
172797
172794
172795
172798
172797
172794
172790
172792
172796
172795
172791
172789
172793
172798
172798
172795
172792
172795
172798
172797
172793
172790
172793
172797
172796
172791
172786
172788
172791
172791
172786
172782
172784
172788
172787
172783
172780
172783
172788
172788
172785
172782
172786
172789
172789
172785
172784
172787
172790
172788
172784
172782
172786
172790
172787
172783
172780
172785
172791
172791
172788
172786
172789
172791
172789
172784
172781
172783
172786
172784
172778
172776
172779
172785
172785
172780
172777
172782
172787
172785
172780
172779
172784
172787
172786
172782
172778
172781
172784
172781
172776
172774
172778
172782
172780
172775
172773
172776
172780
172779
172776
172775
172777
172779
172778
172774
172772
172776
172780
172778
172773
172770
172772
172775
172773
172770
172769
172772
172776
172775
172771
172770
172774
172776
172772
172767
172765
172771
172776
172774
172769
172767
172770
172774
172773
172770
172769
172773
172777
172776
172773
172772
172776
172779
172776
172772
172770
172774
172778
172777
172772
172770
172772
172775
172773
172768
172766
172770
172776
172775
172771
172771
172776
172778
172777
172774
172773
172777
172781
172780
172776
172774
172779
172782
172780
172775
172773
172775
172778
172776
172772
172771
172775
172779
172778
172775
172773
172777
172780
172779
172776
172776
172780
172784
172783
172779
172777
172780
172782
172780
172775
172774
172778
172783
172782
172779
172779
172782
172782
172780
172776
172775
172779
172783
172782
172778
172776
172780
172782
172779
172776
172776
172781
172785
172783
172779
172776
172778
172781
172780
172776
172773
172776
172779
172777
172773
172773
172776
172777
172775
172772
172774
172779
172783
172780
172775
172773
172777
172780
172779
172777
172776
172781
172785
172784
172780
172777
172778
172779
172775
172771
172771
172776
172781
172779
172776
172776
172780
172783
172780
172774
172771
172775
172779
172777
172775
172775
172780
172787
172785
172781
172780
172784
172787
172783
172780
172779
172783
172786
172783
172778
172777
172781
172785
172782
172778
172776
172779
172782
172779
172774
172771
172772
172776
172773
172768
172769
172774
172780
172778
172774
172773
172776
172777
172774
172771
172770
172774
172780
172779
172776
172776
172782
172786
172782
172778
172777
172780
172782
172779
172776
172776
172780
172784
172781
172776
172773
172774
172778
172776
172773
172775
172779
172783
172782
172777
172776
172779
172782
172779
172776
172775
172779
172783
172782
172777
172775
172778
172780
172777
172774
172773
172779
172782
172782
172778
172777
172781
172783
172780
172776
172774
172777
172780
172779
172775
172775
172780
172785
172782
172776
172773
172776
172778
172774
172770
172771
172775
172778
172775
172771
172771
172774
172778
172775
172770
172770
172775
172780
172777
172773
172773
172776
172779
172775
172771
172770
172773
172777
172773
172769
172770
172776
172779
172776
172771
172770
172773
172777
172774
172773
172776
172781
172786
172783
172780
172780
172783
172784
172779
172775
172773
172776
172776
172773
172769
172769
172773
172778
172776
172773
172774
172778
172780
172775
172770
172770
172774
172778
172776
172772
172772
172775
172778
172776
172772
172772
172776
172778
172775
172772
172772
172774
172777
172772
172767
172767
172771
172777
172776
172773
172773
172777
172779
172777
172771
172771
172775
172777
172774
172771
172772
172776
172778
172775
172771
172771
172774
172775
172771
172767
172767
172770
172772
172769
172766
172767
172771
172774
172773
172773
172773
172774
172778
172775
172772
172772
172774
172776
172771
172769
172770
172773
172776
172773
172769
172770
172776
172778
172774
172768
172769
172774
172777
172776
172772
172775
172780
172782
172780
172777
172778
172783
172785
172781
172776
172775
172778
172783
172779
172776
172778
172782
172785
172781
172777
172778
172782
172784
172780
172776
172775
172778
172779
172775
172773
172775
172780
172780
172776
172772
172772
172776
172779
172777
172773
172775
172780
172782
172779
172777
172779
172783
172785
172780
172774
172772
172774
172776
172773
172771
172772
172775
172778
172776
172772
172774
172778
172782
172780
172776
172776
172780
172783
172781
172777
172778
172781
172781
172774
172770
172769
172772
172775
172772
172769
172770
172775
172776
172771
172766
172768
172773
172775
172772
172769
172770
172774
172778
172774
172769
172770
172775
172777
172773
172770
172773
172778
172782
172779
172775
172776
172780
172782
172779
172774
172776
172781
172785
172781
172776
172775
172779
172781
172777
172774
172777
172783
172786
172785
172783
172786
172793
172799
172796
172793
172793
172797
172799
172796
172792
172794
172798
172800
172797
172794
172795
172800
172802
172800
172796
172798
172802
172804
172801
172798
172799
172802
172806
172803
172800
172803
172807
172807
172803
172798
172799
172803
172805
172800
172795
172794
172798
172801
172797
172793
172795
172797
172797
172794
172791
172794
172801
172804
172799
172792
172795
172799
172800
172794
172791
172794
172799
172800
172796
172794
172797
172801
172801
172797
172793
172793
172795
172797
172794
172789
172790
172793
172793
172788
172782
172783
172787
172788
172785
172780
172781
172784
172786
172783
172777
172776
172779
172779
172775
172773
172775
172779
172782
172780
172777
172778
172781
172783
172780
172777
172778
172783
172786
172782
172777
172776
172779
172782
172777
172773
172776
172779
172779
172773
172769
172771
172775
172778
172773
172768
172769
172773
172774
172771
172766
172768
172772
172772
172768
172766
172770
172774
172776
172773
172768
172768
172774
172777
172771
172766
172766
172771
172775
172771
172768
172770
172774
172774
172768
172763
172767
172772
172772
172767
172762
172764
172767
172768
172763
172757
172758
172760
172761
172758
172755
172757
172762
172765
172760
172756
172757
172760
172763
172761
172759
172763
172766
172768
172763
172758
172761
172765
172765
172761
172757
172757
172759
172761
172758
172755
172758
172763
172763
172758
172755
172757
172760
172761
172757
172754
172755
172758
172757
172751
172746
172747
172750
172751
172746
172743
172746
172750
172750
172747
172744
172746
172750
172751
172747
172744
172747
172751
172752
172748
172746
172750
172755
172754
172750
172747
172749
172752
172753
172749
172747
172751
172755
172756
172751
172746
172746
172749
172750
172748
172744
172747
172751
172752
172749
172746
172747
172750
172750
172744
172740
172745
172750
172751
172749
172747
172749
172751
172750
172745
172741
172743
172749
172749
172744
172741
172743
172747
172748
172744
172742
172746
172749
172750
172746
172743
172747
172752
172753
172750
172749
172753
172757
172758
172752
172748
172751
172756
172757
172752
172748
172749
172753
172754
172751
172749
172752
172756
172755
172751
172748
172752
172757
172759
172756
172755
172758
172764
172764
172760
172757
172759
172763
172764
172762
172761
172764
172768
172768
172763
172759
172762
172767
172768
172764
172761
172765
172770
172772
172770
172767
172770
172773
172773
172768
172764
172766
172771
172772
172769
172767
172771
172775
172777
172774
172771
172775
172780
172780
172776
172774
172778
172783
172783
172778
172775
172778
172781
172781
172776
172773
172776
172780
172780
172775
172771
172774
172777
172779
172774
172769
172770
172774
172773
172769
172764
172765
172769
172769
172765
172762
172766
172772
172773
172769
172767
172771
172776
172776
172773
172769
172773
172777
172778
172775
172770
172772
172776
172777
172774
172772
172775
172780
172781
172777
172772
172773
172778
172779
172775
172774
172780
172786
172786
172783
172779
172781
172784
172784
172780
172776
172778
172783
172783
172777
172772
172774
172778
172778
172773
172771
172774
172779
172779
172776
172772
172774
172777
172775
172770
172768
172771
172774
172770
172765
172763
172766
172770
172772
172771
172767
172770
172774
172774
172771
172767
172769
172771
172772
172769
172766
172767
172771
172771
172767
172764
172768
172773
172773
172769
172766
172768
172771
172770
172766
172763
172766
172771
172769
172763
172759
172762
172765
172763
172760
172758
172761
172766
172767
172765
172762
172767
172772
172770
172767
172764
172766
172769
172768
172764
172762
172764
172767
172766
172761
172755
172757
172761
172760
172756
172752
172755
172759
172760
172756
172752
172755
172759
172759
172755
172754
172757
172761
172761
172757
172754
172759
172764
172764
172761
172758
172761
172764
172763
172757
172753
172757
172762
172762
172757
172754
172757
172760
172758
172754
172752
172755
172759
172759
172757
172756
172760
172764
172762
172757
172754
172756
172758
172757
172751
172747
172750
172756
172756
172753
172751
172755
172759
172758
172755
172752
172756
172761
172760
172756
172754
172758
172761
172761
172757
172753
172753
172755
172752
172748
172746
172750
172754
172752
172747
172744
172747
172751
172752
172749
172747
172751
172755
172753
172748
172744
172748
172753
172753
172749
172749
172754
172760
172760
172758
172757
172762
172767
172765
172761
172760
172764
172768
172767
172763
172760
172762
172765
172763
172758
172756
172760
172764
172763
172759
172758
172760
172764
172762
172757
172753
172755
172759
172757
172754
172751
172755
172760
172757
172752
172752
172756
172762
172761
172755
172753
172757
172762
172762
172758
172756
172761
172764
172760
172756
172753
172757
172760
172758
172754
172754
172758
172763
172760
172755
172752
172755
172758
172756
172752
172749
172752
172755
172752
172750
172749
172754
172757
172757
172754
172752
172755
172759
172757
172752
172749
172752
172757
172755
172750
172748
172752
172757
172755
172750
172747
172751
172755
172754
172750
172748
172751
172754
172751
172746
172743
172747
172749
172747
172743
172740
172744
172750
172750
172749
172749
172752
172755
172753
172749
172747
172749
172753
172750
172745
172743
172749
172755
172754
172751
172749
172751
172753
172750
172747
172746
172751
172754
172751
172746
172743
172745
172748
172745
172741
172741
172747
172752
172751
172747
172746
172749
172753
172752
172748
172746
172750
172755
172753
172749
172747
172752
172756
172755
172751
172749
172753
172757
172753
172749
172747
172749
172751
172748
172744
172743
172747
172749
172745
172739
172736
172739
172744
172743
172739
172738
172742
172746
172742
172737
172735
172739
172741
172738
172734
172732
172735
172737
172735
172730
172728
172730
172733
172729
172724
172722
172726
172732
172731
172730
172730
172735
172740
172737
172733
172732
172737
172741
172739
172735
172734
172738
172740
172736
172732
172730
172733
172737
172735
172732
172730
172734
172737
172733
172727
172726
172731
172735
172734
172730
172729
172733
172738
172737
172733
172731
172737
172741
172737
172731
172730
172736
172741
172739
172736
172734
172738
172741
172738
172735
172736
172738
172742
172738
172732
172730
172733
172736
172733
172731
172732
172737
172742
172739
172735
172734
172737
172739
172737
172734
172734
172739
172745
172744
172739
172739
172742
172743
172741
172739
172737
172738
172742
172740
172737
172737
172741
172743
172740
172736
172734
172737
172738
172735
172731
172730
172732
172738
172736
172731
172730
172735
172738
172737
172735
172734
172737
172741
172739
172734
172734
172738
172740
172737
172733
172731
172735
172738
172736
172733
172733
172738
172740
172735
172730
172729
172733
172736
172733
172729
172731
172734
172737
172734
172728
172729
172733
172733
172729
172727
172725
172726
172730
172727
172720
172718
172722
172725
172718
172715
172715
172716
172721
172718
172713
172713
172716
172719
172715
172708
172707
172710
172713
172710
172706
172704
172708
172712
172708
172704
172703
172705
172707
172704
172698
172695
172700
172704
172699
172695
172694
172696
172698
172694
172689
172686
172693
172696
172692
172689
172689
172693
172697
172695
172692
172692
172695
172699
172696
172689
172688
172692
172695
172692
172688
172689
172695
172699
172696
172691
172689
172694
172697
172693
172688
172688
172692
172694
172691
172686
172685
172689
172693
172691
172687
172687
172689
172690
172685
172681
172681
172686
172690
172688
172685
172686
172689
172691
172687
172681
172679
172683
172688
172686
172685
172685
172687
172689
172684
172680
172678
172681
172684
172680
172677
172679
172682
172685
172683
172679
172680
172683
172686
172684
172681
172683
172687
172690
172688
172683
172683
172686
172688
172684
172681
172682
172687
172691
172688
172684
172682
172685
172689
172687
172683
172683
172687
172691
172688
172684
172684
172687
172689
172685
172679
172679
172681
172683
172679
172677
172679
172684
172686
172682
172677
172677
172682
172686
172684
172681
172682
172686
172687
172684
172679
172681
172684
172684
172679
172675
172678
172683
172684
172680
172676
172678
172683
172685
172681
172676
172676
172680
172683
172681
172677
172677
172679
172681
172675
172671
172672
172676
172681
172681
172678
172680
172684
172687
172683
172677
172677
172681
172684
172682
172680
172681
172684
172685
172682
172678
172678
172681
172683
172680
172676
172676
172682
172689
172687
172685
172684
172687
172691
172688
172684
172686
172691
172692
172689
172686
172687
172690
172691
172687
172683
172684
172687
172690
172687
172685
172687
172692
172695
172692
172688
172687
172689
172691
172689
172688
172690
172694
172695
172691
172688
172692
172696
172698
172694
172689
172689
172692
172693
172690
172686
172687
172692
172695
172693
172689
172690
172695
172699
172695
172690
172692
172699
172702
172699
172696
172698
172701
172702
172697
172694
172695
172699
172702
172700
172699
172700
172704
172707
172705
172702
172705
172709
172711
172708
172704
172706
172710
172712
172709
172704
172705
172708
172709
172706
172703
172705
172712
172715
172711
172708
172711
172716
172719
172716
172712
172712
172715
172716
172711
172706
172706
172710
172713
172711
172709
172712
172717
172719
172714
172707
172707
172711
172714
172713
172709
172712
172715
172716
172714
172711
172712
172715
172716
172714
172712
172715
172721
172724
172720
172714
172715
172718
172718
172715
172712
172714
172719
172721
172717
172714
172716
172719
172720
172716
172712
172714
172717
172718
172714
172709
172710
172715
172718
172714
172712
172715
172720
172721
172717
172715
172717
172720
172721
172717
172712
172713
172717
172717
172714
172711
172713
172716
172717
172714
172711
172713
172717
172719
172716
172711
172714
172720
172723
172720
172716
172717
172720
172721
172717
172714
172717
172721
172722
172717
172715
172717
172720
172721
172715
172710
172713
172716
172717
172711
172706
172709
172713
172714
172710
172706
172707
172711
172714
172711
172708
172711
172715
172717
172713
172709
172711
172717
172719
172716
172715
172718
172722
172723
172718
172715
172717
172721
172723
172719
172714
172716
172721
172725
172721
172717
172719
172722
172722
172717
172714
172716
172721
172724
172722
172720
172722
172725
172726
172721
172716
172718
172722
172723
172720
172719
172722
172726
172726
172721
172718
172722
172727
172727
172723
172721
172724
172728
172727
172722
172718
172721
172726
172726
172721
172717
172718
172721
172721
172718
172715
172718
172723
172724
172720
172718
172720
172724
172724
172719
172715
172717
172721
172723
172719
172716
172719
172722
172723
172719
172716
172719
172723
172724
172720
172717
172720
172724
172724
172720
172716
172718
172722
172723
172719
172716
172719
172724
172724
172719
172715
172718
172722
172723
172720
172717
172719
172724
172725
172721
172719
172722
172727
172726
172722
172717
172718
172721
172722
172718
172714
172718
172721
172722
172719
172716
172720
172726
172726
172722
172719
172721
172725
172725
172722
172719
172722
172724
172723
172718
172715
172719
172722
172722
172718
172716
172721
172725
172726
172723
172720
172723
172729
172731
172729
172726
172728
172732
172731
172727
172724
172728
172733
172736
172733
172731
172734
172736
172734
172729
172724
172727
172732
172734
172732
172730
172733
172737
172735
172729
172722
172722
172724
172723
172720
172718
172720
172723
172722
172719
172716
172719
172724
172725
172723
172722
172726
172731
172731
172728
172724
172726
172730
172730
172726
172723
172728
172733
172732
172728
172725
172727
172732
172732
172729
172727
172732
172735
172733
172728
172725
172730
172733
172733
172729
172727
172729
172735
172735
172732
172730
172736
172742
172742
172739
172735
172737
172740
172741
172738
172734
172737
172741
172740
172737
172735
172737
172740
172739
172734
172730
172730
172733
172733
172730
172727
172730
172735
172735
172731
172726
172729
172732
172732
172729
172726
172730
172735
172735
172731
172729
172733
172735
172733
172730
172728
172732
172737
172737
172733
172730
172732
172735
172734
172729
172727
172731
172735
172734
172731
172729
172731
172734
172733
172730
172727
172731
172735
172735
172732
172731
172736
172741
172740
172737
172735
172739
172744
172741
172735
172731
172734
172738
172736
172731
172728
172730
172734
172733
172728
172727
172731
172734
172733
172730
172730
172735
172740
172739
172734
172731
172735
172740
172740
172736
172733
172735
172737
172735
172729
172725
172731
172737
172736
172733
172732
172737
172741
172739
172735
172732
172735
172739
172738
172734
172732
172735
172739
172740
172737
172736
172739
172743
172741
172736
172733
172737
172741
172738
172734
172731
172735
172740
172739
172735
172732
172736
172741
172741
172738
172736
172739
172742
172741
172738
172734
172737
172739
172737
172731
172730
172734
172738
172737
172734
172732
172737
172741
172741
172739
172737
172741
172744
172742
172738
172736
172740
172745
172744
172740
172738
172740
172743
172741
172737
172734
172735
172738
172737
172733
172732
172736
172739
172738
172735
172733
172737
172741
172739
172735
172734
172737
172740
172739
172734
172733
172737
172742
172742
172738
172737
172741
172745
172743
172740
172739
172742
172745
172743
172738
172737
172741
172745
172744
172741
172739
172742
172744
172741
172737
172735
172738
172742
172742
172739
172737
172741
172745
172743
172739
172738
172743
172747
172744
172740
172739
172744
172747
172743
172738
172736
172740
172744
172741
172736
172734
172738
172744
172744
172741
172741
172745
172748
172746
172743
172743
172747
172750
172749
172746
172743
172746
172748
172745
172741
172739
172742
172747
172746
172742
172740
172744
172748
172745
172742
172742
172745
172749
172747
172742
172740
172745
172750
172747
172744
172744
172749
172753
172751
172746
172744
172748
172751
172749
172746
172745
172749
172752
172748
172744
172744
172746
172750
172748
172744
172742
172745
172748
172745
172739
172737
172742
172748
172747
172744
172741
172744
172748
172745
172741
172738
172742
172746
172744
172742
172742
172747
172752
172750
172746
172745
172748
172750
172746
172740
172739
172743
172747
172745
172742
172742
172747
172749
172746
172742
172741
172744
172746
172743
172739
172738
172743
172747
172745
172743
172743
172748
172751
172748
172744
172743
172745
172747
172744
172739
172738
172742
172748
172746
172742
172743
172748
172752
172748
172742
172740
172741
172744
172740
172737
172737
172741
172744
172742
172739
172738
172740
172743
172740
172735
172733
172738
172741
172738
172735
172734
172737
172740
172737
172735
172736
172740
172745
172743
172740
172739
172743
172748
172746
172741
172739
172743
172746
172744
172740
172739
172742
172744
172739
172734
172733
172736
172740
172738
172736
172737
172741
172745
172744
172739
172738
172740
172740
172735
172729
172727
172731
172736
172733
172728
172729
172732
172733
172729
172725
172725
172730
172734
172734
172732
172732
172737
172741
172737
172732
172730
172734
172737
172734
172730
172731
172737
172742
172739
172734
172731
172734
172738
172736
172732
172733
172737
172737
172732
172727
172725
172729
172733
172730
172726
172725
172729
172734
172734
172734
172735
172739
172743
172739
172737
172738
172742
172744
172739
172732
172731
172735
172739
172737
172735
172736
172739
172742
172738
172733
172733
172738
172741
172738
172733
172734
172738
172742
172738
172733
172732
172735
172740
172738
172734
172734
172738
172740
172736
172733
172734
172740
172746
172745
172743
172745
172750
172751
172748
172743
172743
172747
172749
172746
172742
172743
172747
172751
172747
172742
172743
172747
172750
172747
172742
172741
172745
172747
172743
172739
172741
172746
172751
172749
172743
172742
172745
172748
172744
172741
172743
172747
172750
172748
172744
172745
172748
172749
172745
172740
172739
172742
172745
172742
172738
172740
172745
172747
172742
172739
172740
172743
172747
172745
172742
172745
172751
172752
172748
172743
172743
172747
172750
172746
172742
172742
172746
172748
172743
172739
172739
172742
172744
172741
172737
172739
172744
172747
172742
172737
172737
172742
172744
172741
172736
172737
172741
172745
172742
172737
172738
172742
172745
172741
172736
172737
172741
172744
172740
172736
172736
172740
172742
172739
172736
172738
172742
172743
172739
172734
172734
172737
172740
172737
172734
172737
172742
172743
172740
172734
172732
172733
172734
172731
172728
172728
172731
172733
172730
172727
172727
172730
172733
172731
172727
172730
172734
172735
172732
172728
172729
172733
172735
172732
172729
172731
172736
172740
172737
172733
172735
172740
172741
172736
172732
172734
172738
172740
172736
172730
172730
172734
172736
172733
172730
172731
172736
172738
172733
172727
172727
172730
172732
172728
172726
172728
172735
172738
172733
172729
172730
172732
172732
172728
172725
172728
172734
172736
172734
172730
172731
172735
172737
172733
172729
172730
172733
172735
172732
172730
172732
172735
172736
172732
172728
172729
172732
172735
172732
172728
172731
172736
172738
172735
172733
172735
172738
172740
172736
172730
172730
172733
172733
172729
172726
172728
172733
172735
172732
172731
172734
172737
172738
172735
172732
172733
172736
172736
172733
172730
172733
172738
172740
172735
172728
172728
172730
172731
172726
172721
172724
172729
172732
172729
172727
172729
172733
172735
172731
172728
172730
172735
172737
172734
172731
172733
172737
172738
172733
172730
172733
172737
172738
172735
172731
172733
172737
172738
172734
172731
172734
172740
172741
172736
172732
172733
172737
172738
172733
172729
172732
172736
172738
172733
172728
172731
172734
172735
172732
172728
172730
172736
172738
172736
172734
172738
172742
172743
172738
172732
172733
172736
172737
172734
172731
172734
172738
172740
172736
172732
172733
172736
172736
172730
172726
172729
172732
172733
172730
172728
172730
172735
172735
172732
172728
172731
172736
172737
172734
172731
172732
172736
172736
172732
172729
172732
172736
172736
172732
172729
172732
172737
172738
172734
172732
172734
172739
172740
172737
172735
172738
172743
172744
172739
172736
172738
172743
172744
172741
172741
172744
172749
172751
172747
172743
172744
172747
172747
172743
172738
172740
172744
172745
172742
172739
172742
172746
172749
172747
172745
172747
172750
172751
172747
172744
172748
172754
172756
172752
172749
172750
172753
172754
172750
172746
172749
172754
172755
172752
172750
172753
172757
172756
172750
172745
172747
172751
172752
172750
172748
172752
172754
172753
172748
172746
172749
172754
172756
172753
172751
172754
172758
172757
172752
172748
172751
172756
172758
172756
172754
172758
172761
172761
172755
172751
172755
172761
172762
172759
172755
172757
172760
172760
172756
172753
172757
172761
172761
172757
172753
172755
172758
172758
172755
172752
172754
172757
172757
172755
172753
172758
172762
172762
172757
172755
172759
172764
172766
172762
172758
172760
172765
172768
172766
172764
172768
172771
172771
172767
172765
172767
172771
172769
172764
172759
172760
172763
172762
172759
172756
172760
172763
172762
172759
172758
172763
172768
172770
172766
172762
172766
172772
172773
172768
172765
172768
172771
172771
172766
172764
172767
172771
172771
172767
172763
172765
172769
172768
172764
172761
172763
172768
172768
172764
172761
172763
172767
172766
172760
172757
172760
172765
172765
172762
172761
172765
172768
172766
172761
172758
172763
172768
172768
172764
172761
172763
172766
172764
172759
172756
172761
172766
172767
172764
172763
172768
172774
172775
172772
172769
172772
172775
172774
172770
172768
172773
172776
172774
172769
172767
172771
172776
172777
172773
172771
172775
172781
172781
172777
172773
172775
172779
172778
172774
172771
172774
172777
172777
172772
172770
172773
172777
172776
172772
172769
172774
172780
172781
172776
172774
172778
172782
172780
172775
172772
172775
172779
172778
172776
172774
172778
172781
172780
172775
172771
172775
172779
172778
172774
172771
172776
172782
172783
172779
172776
172780
172783
172781
172776
172773
172775
172778
172775
172771
172768
172771
172775
172773
172770
172769
172773
172776
172775
172770
172768
172771
172775
172774
172771
172771
172775
172779
172777
172773
172772
172779
172786
172786
172783
172780
172782
172786
172785
172781
172778
172781
172785
172784
172780
172778
172780
172783
172781
172779
172777
172780
172784
172784
172781
172779
172782
172786
172784
172780
172776
172780
172785
172785
172783
172782
172787
172791
172788
172782
172779
172782
172785
172783
172779
172778
172784
172789
172790
172789
172787
172790
172794
172794
172790
172789
172794
172800
172800
172795
172791
172794
172799
172799
172796
172793
172795
172798
172797
172794
172793
172797
172801
172801
172799
172799
172802
172806
172804
172798
172796
172798
172800
172798
172794
172794
172798
172803
172801
172796
172796
172801
172806
172804
172800
172798
172800
172802
172801
172799
172799
172805
172809
172808
172803
172801
172805
172808
172806
172802
172801
172806
172810
172808
172804
172803
172807
172810
172808
172804
172802
172805
172807
172805
172801
172799
172803
172805
172804
172801
172800
172804
172808
172805
172801
172799
172803
172806
172803
172799
172798
172803
172807
172806
172802
172801
172805
172808
172805
172800
172798
172803
172807
172806
172802
172800
172805
172810
172809
172806
172805
172810
172812
172809
172805
172805
172810
172814
172811
172806
172805
172810
172814
172813
172809
172808
172810
172812
172809
172804
172801
172805
172810
172808
172804
172802
172805
172809
172808
172805
172804
172807
172810
172805
172800
172798
172802
172806
172805
172802
172801
172806
172810
172808
172803
172801
172804
172807
172804
172801
172799
172802
172805
172803
172799
172797
172800
172803
172802
172799
172800
172806
172810
172807
172802
172801
172805
172810
172808
172804
172802
172807
172810
172808
172804
172803
172806
172809
172805
172800
172799
172801
172805
172803
172800
172799
172804
172808
172806
172803
172805
172811
172815
172811
172805
172802
172806
172809
172808
172804
172804
172807
172808
172805
172801
172799
172801
172804
172801
172797
172798
172803
172809
172808
172806
172806
172809
172812
172810
172807
172807
172810
172814
172811
172808
172807
172810
172812
172809
172805
172803
172805
172808
172805
172801
172801
172804
172807
172803
172799
172799
172803
172806
172803
172799
172798
172802
172804
172801
172798
172797
172801
172804
172802
172799
172799
172804
172808
172805
172801
172801
172805
172809
172805
172800
172799
172801
172804
172801
172797
172798
172802
172805
172804
172800
172799
172802
172805
172802
172799
172800
172805
172810
172808
172803
172801
172803
172806
172804
172800
172799
172803
172807
172804
172799
172799
172802
172803
172799
172794
172793
172797
172800
172799
172796
172797
172802
172804
172802
172798
172797
172800
172801
172795
172793
172795
172799
172803
172802
172799
172800
172804
172805
172801
172796
172795
172799
172802
172799
172795
172794
172796
172800
172795
172787
172785
172788
172791
172790
172786
172785
172789
172792
172790
172786
172785
172791
172795
172792
172789
172789
172793
172796
172792
172789
172789
172790
172791
172788
172784
172785
172788
172790
172787
172783
172782
172785
172787
172783
172778
172778
172783
172786
172781
172776
172777
172782
172784
172781
172777
172780
172786
172789
172786
172783
172782
172784
172786
172783
172779
172781
172786
172790
172788
172783
172784
172787
172790
172787
172784
172785
172790
172793
172790
172787
172787
172789
172791
172787
172784
172786
172791
172794
172790
172786
172785
172789
172792
172789
172786
172788
172792
172795
172792
172789
172788
172789
172789
172784
172779
172779
172785
172789
172787
172782
172782
172783
172783
172778
172774
172774
172778
172782
172781
172777
172778
172782
172784
172780
172774
172775
172780
172783
172779
172775
172776
172779
172781
172777
172774
172774
172778
172780
172777
172773
172773
172777
172780
172777
172774
172775
172777
172779
172775
172772
172774
172780
172784
172781
172777
172778
172781
172783
172780
172778
172779
172782
172783
172779
172774
172776
172780
172779
172774
172769
172770
172774
172777
172776
172773
172774
172778
172778
172773
172771
172773
172776
172780
172777
172772
172772
172776
172778
172774
172770
172773
172778
172778
172774
172771
172773
172778
172780
172776
172771
172770
172772
172775
172772
172768
172770
172775
172777
172773
172771
172772
172775
172775
172770
172764
172765
172769
172770
172766
172763
172766
172771
172774
172771
172768
172770
172773
172775
172770
172765
172767
172771
172776
172773
172770
172772
172775
172775
172771
172767
172768
172773
172774
172769
172764
172765
172768
172769
172765
172762
172764
172768
172770
172766
172762
172763
172767
172767
172763
172757
172758
172762
172766
172763
172758
172760
172766
172769
172765
172763
172765
172769
172771
172769
172766
172768
172771
172772
172770
172766
172767
172770
172771
172766
172762
172762
172766
172769
172767
172762
172764
172769
172770
172766
172762
172763
172768
172770
172768
172766
172769
172774
172776
172770
172766
172768
172771
172772
172768
172764
172766
172771
172772
172768
172764
172765
172769
172770
172765
172762
172763
172767
172768
172766
172766
172769
172772
172770
172766
172763
172767
172773
172776
172772
172770
172773
172775
172775
172771
172767
172769
172773
172775
172772
172770
172771
172775
172774
172768
172765
172767
172771
172773
172769
172766
172768
172773
172775
172771
172767
172768
172772
172773
172767
172763
172767
172773
172775
172772
172768
172770
172774
172773
172768
172763
172765
172769
172768
172763
172760
172763
172768
172769
172764
172761
172763
172767
172768
172766
172765
172768
172771
172771
172769
172769
172773
172777
172777
172772
172769
172772
172775
172775
172770
172764
172765
172768
172767
172763
172759
172763
172769
172770
172765
172761
172763
172766
172767
172763
172761
172765
172769
172770
172765
172762
172765
172769
172770
172766
172763
172766
172771
172773
172771
172767
172768
172772
172773
172770
172767
172768
172771
172770
172767
172763
172766
172770
172770
172766
172763
172766
172770
172770
172765
172761
172763
172769
172769
172764
172760
172761
172764
172765
172764
172762
172765
172768
172767
172762
172757
172759
172761
172759
172756
172753
172756
172761
172761
172758
172754
172757
172761
172761
172755
172751
172753
172756
172755
172753
172754
172760
172765
172765
172761
172756
172757
172761
172762
172760
172757
172759
172763
172764
172761
172757
172761
172764
172763
172759
172755
172758
172761
172761
172757
172755
172759
172762
172762
172759
172759
172762
172764
172761
172756
172751
172753
172757
172758
172755
172755
172759
172764
172763
172757
172753
172755
172758
172757
172754
172749
172752
172756
172756
172752
172749
172753
172759
172761
172756
172752
172755
172760
172760
172757
172753
172755
172758
172759
172754
172751
172754
172758
172758
172755
172753
172756
172757
172756
172755
172753
172757
172760
172758
172755
172751
172753
172756
172757
172754
172750
172753
172756
172756
172753
172752
172756
172762
172764
172760
172758
172760
172763
172761
172756
172755
172760
172764
172764
172758
172756
172760
172763
172764
172760
172755
172758
172762
172761
172757
172754
172756
172759
172759
172753
172750
172755
172757
172755
172753
172750
172752
172756
172756
172750
172748
172751
172753
172752
172749
172747
172751
172756
172755
172751
172749
172751
172754
172754
172750
172748
172750
172753
172752
172749
172746
172750
172756
172757
172754
172750
172752
172755
172754
172749
172746
172751
172755
172754
172749
172746
172749
172752
172750
172746
172743
172746
172750
172751
172748
172745
172749
172753
172753
172750
172747
172750
172751
172749
172745
172745
172750
172755
172754
172751
172749
172752
172756
172757
172754
172754
172759
172764
172763
172759
172754
172758
172763
172764
172761
172758
172760
172763
172761
172755
172750
172751
172754
172752
172748
172744
172747
172751
172752
172749
172748
172751
172756
172755
172749
172747
172750
172754
172751
172746
172744
172747
172751
172750
172747
172746
172751
172755
172749
172747
172745
172745
172751
172749
172739
172736
172743
172744
172742
172741
172737
172737
172739
172736
172730
172726
172730
172734
172732
172726
172722
172724
172725
172718
172713
172711
172714
172714
172711
172708
172707
172710
172712
172711
172707
172703
172707
172709
172706
172704
172704
172710
172715
172715
172711
172710
172714
172715
172710
172703
172699
172701
172704
172702
172698
172696
172699
172703
172699
172694
172692
172694
172697
172695
172691
172690
172694
172698
172698
172696
172695
172699
172701
172697
172692
172689
172693
172698
172698
172694
172691
172693
172697
172693
172688
172686
172691
172696
172695
172693
172693
172697
172702
172700
172694
172691
172694
172696
172695
172691
172689
172694
172698
172695
172692
172690
172693
172698
172696
172694
172695
172699
172701
172700
172698
172697
172701
172707
172705
172700
172699
172704
172709
172709
172707
172706
172708
172712
172712
172708
172706
172712
172718
172715
172712
172710
172714
172717
172713
172707
172705
172709
172713
172713
172709
172709
172714
172717
172716
172712
172709
172712
172717
172716
172711
172709
172712
172711
172708
172710
172712
172715
172718
172719
172718
172718
172721
172726
172725
172724
172723
172725
172728
172726
172723
172722
172725
172729
172727
172722
172721
172724
172727
172725
172719
172718
172720
172722
172720
172717
172718
