171943
171939
171934
171936
171942
171944
171940
171935
171936
171940
171941
171936
171932
171934
171938
171940
171936
171932
171934
171939
171942
171938
171934
171937
171941
171943
171940
171936
171938
171943
171947
171943
171939
171939
171943
171946
171943
171940
171942
171946
171948
171942
171936
171938
171942
171944
171940
171938
171939
171941
171940
171934
171929
171930
171935
171938
171935
171930
171931
171934
171936
171933
171929
171931
171938
171943
171941
171939
171942
171947
171948
171944
171940
171941
171944
171945
171941
171938
171940
171944
171945
171939
171934
171936
171939
171942
171940
171936
171938
171944
171947
171942
171938
171939
171943
171944
171941
171938
171941
171946
171947
171943
171938
171940
171943
171945
171941
171937
171939
171943
171947
171944
171940
171941
171944
171946
171944
171942
171945
171949
171951
171946
171940
171941
171944
171944
171940
171937
171939
171943
171946
171943
171940
171943
171947
171948
171944
171941
171945
171951
171954
171949
171944
171944
171946
171945
171940
171936
171938
171943
171944
171939
171936
171939
171943
171945
171941
171937
171941
171946
171947
171945
171943
171946
171950
171953
171949
171947
171951
171956
171958
171952
171947
171948
171950
171949
171945
171942
171944
171949
171950
171948
171944
171947
171950
171949
171945
171942
171946
171952
171955
171952
171950
171952
171956
171956
171951
171947
171950
171955
171956
171952
171948
171950
171953
171955
171949
171944
171946
171949
171950
171945
171941
171943
171948
171948
171942
171937
171939
171944
171946
171943
171939
171943
171948
171949
171947
171944
171947
171952
171953
171949
171946
171949
171953
171954
171950
171946
171947
171951
171952
171949
171948
171951
171955
171954
171948
171943
171944
171948
171949
171945
171942
171944
171947
171947
171943
171939
171941
171945
171945
171942
171941
171945
171951
171952
171949
171946
171948
171952
171953
171949
171945
171948
171954
171958
171956
171953
171957
171961
171962
171959
171956
171957
171959
171958
171952
171948
171949
171951
171952
171949
171947
171949
171953
171951
171945
171939
171941
171946
171948
171944
171941
171945
171949
171949
171945
171942
171945
171950
171952
171948
171945
171948
171952
171953
171950
171947
171949
171953
171952
171949
171947
171950
171952
171950
171944
171939
171941
171946
171947
171944
171942
171947
171951
171951
171947
171945
171949
171953
171953
171949
171946
171947
171950
171949
171945
171941
171946
171951
171952
171950
171948
171952
171956
171956
171952
171948
171950
171953
171952
171949
171947
171952
171957
171956
171951
171946
171950
171953
171951
171947
171943
171947
171952
171953
171951
171950
171954
171959
171959
171954
171951
171954
171958
171957
171953
171950
171953
171958
171958
171951
171946
171948
171952
171953
171949
171947
171950
171954
171955
171951
171948
171951
171955
171954
171950
171948
171951
171956
171955
171950
171946
171948
171950
171950
171947
171946
171951
171957
171957
171953
171949
171952
171956
171956
171952
171949
171952
171957
171957
171953
171951
171956
171961
171960
171955
171951
171953
171955
171954
171950
171948
171951
171955
171954
171949
171946
171948
171951
171951
171949
171948
171953
171956
171954
171948
171945
171948
171952
171952
171950
171947
171951
171954
171954
171950
171947
171950
171955
171955
171951
171948
171952
171955
171952
171948
171947
171952
171956
171954
171948
171945
171947
171950
171948
171943
171941
171947
171953
171952
171949
171944
171946
171949
171949
171945
171944
171947
171950
171947
171940
171936
171939
171944
171944
171942
171940
171943
171947
171947
171942
171938
171941
171946
171946
171943
171941
171946
171948
171945
171939
171935
171938
171942
171941
171939
171938
171942
171944
171941
171936
171933
171936
171940
171937
171934
171934
171938
171943
171942
171938
171936
171939
171942
171940
171936
171935
171939
171943
171941
171937
171937
171942
171944
171942
171937
171935
171938
171941
171938
171933
171930
171932
171937
171936
171932
171931
171935
171939
171937
171932
171929
171932
171934
171931
171927
171925
171929
171933
171932
171929
171927
171931
171933
171931
171927
171925
171929
171933
171931
171928
171927
171929
171931
171928
171924
171922
171925
171929
171928
171922
171920
171924
171929
171928
171924
171923
171927
171931
171930
171926
171923
171926
171928
171926
171922
171920
171924
171927
171924
171918
171916
171920
171922
171921
171918
171918
171922
171925
171922
171916
171915
171919
171922
171920
171916
171913
171916
171921
171918
171913
171910
171912
171915
171912
171907
171906
171911
171916
171915
171912
171909
171912
171916
171914
171909
171907
171911
171914
171911
171906
171905
171910
171915
171913
171909
171907
171909
171913
171910
171907
171906
171910
171913
171910
171903
171901
171904
171907
171906
171902
171901
171906
171910
171907
171902
171899
171903
171907
171907
171903
171904
171909
171914
171913
171908
171905
171906
171907
171902
171898
171898
171903
171908
171908
171905
171906
171911
171915
171913
171908
171905
171907
171910
171906
171902
171902
171907
171912
171909
171904
171901
171904
171908
171904
171900
171899
171903
171907
171905
171900
171899
171903
171907
171906
171903
171903
171907
171910
171908
171904
171903
171907
171910
171908
171903
171903
171908
171912
171910
171904
171902
171905
171909
171908
171905
171905
171909
171912
171909
171906
171906
171910
171912
171908
171902
171900
171905
171909
171908
171905
171905
171910
171914
171911
171904
171901
171904
171909
171909
171907
171908
171912
171914
171909
171905
171905
171910
171915
171913
171908
171906
171908
171909
171904
171900
171900
171904
171907
171905
171902
171902
171905
171908
171905
171901
171901
171906
171911
171910
171907
171907
171910
171913
171911
171907
171906
171911
171916
171914
171911
171911
171914
171917
171912
171908
171907
171910
171912
171909
171904
171904
171908
171911
171906
171901
171901
171905
171907
171903
171898
171898
171902
171906
171903
171900
171903
171908
171911
171907
171904
171904
171907
171909
171906
171901
171901
171906
171909
171906
171902
171903
171908
171911
171909
171907
171910
171916
171919
171916
171911
171909
171910
171913
171911
171907
171909
171914
171918
171915
171911
171910
171914
171916
171912
171910
171912
171916
171920
171917
171912
171912
171916
171920
171917
171914
171916
171921
171924
171921
171916
171915
171919
171922
171920
171916
171916
171920
171923
171919
171916
171916
171921
171925
171925
171922
171924
171929
171932
171929
171923
171921
171924
171927
171923
171920
171920
171926
171931
171929
171924
171923
171926
171928
171926
171923
171924
171928
171931
171928
171923
171923
171927
171930
171927
171924
171926
171931
171936
171935
171932
171932
171936
171939
171936
171931
171930
171932
171936
171933
171929
171929
171933
171936
171931
171926
171927
171931
171933
171929
171925
171927
171933
171937
171934
171931
171933
171937
171940
171937
171935
171937
171943
171947
171945
171941
171943
171949
171951
171946
171942
171943
171947
171949
171947
171943
171945
171950
171951
171946
171941
171942
171946
171949
171947
171945
171948
171954
171957
171952
171946
171945
171948
171949
171945
171941
171942
171945
171947
171943
171939
171940
171946
171949
171946
171941
171941
171945
171947
171945
171944
171948
171952
171954
171951
171948
171950
171950
171949
171945
171941
171945
171953
171956
171953
171948
171949
171955
171958
171954
171949
171951
171955
171957
171953
171950
171952
171957
171958
171954
171951
171952
171957
171960
171958
171955
171956
171959
171961
171956
171952
171952
171955
171956
171952
171949
171953
171960
171964
171961
171959
171961
171965
171966
171963
171959
171961
171963
171965
171962
171959
171962
171968
171971
171969
171965
171966
171970
171972
171969
171964
171965
171969
171970
171965
171961
171964
171968
171970
171967
171964
171966
171972
171974
171972
171969
171971
171974
171975
171971
171966
171967
171971
171973
171970
171967
171970
171975
171978
171974
171970
171971
171976
171979
171977
171973
171975
171979
171979
171976
171972
171977
171982
171985
171981
171978
171981
171985
171987
171983
171979
171981
171985
171988
171985
171982
171985
171988
171987
171984
171981
171983
171986
171987
171984
171981
171983
171987
171989
171986
171985
171987
171991
171992
171988
171984
171986
171990
171992
171989
171986
171989
171994
171995
171992
171987
171989
171992
171992
171988
171985
171988
171993
171996
171993
171990
171993
171999
172001
171996
171992
171995
171997
171996
171991
171989
171992
171996
171996
171993
171991
171995
172000
172001
171996
171991
171993
171996
171998
171995
171992
171995
171999
172000
171998
171995
171998
172003
172004
171999
171995
171998
172002
172003
172001
171998
172002
172006
172007
172004
172001
172003
172006
172005
172000
171996
171999
172004
172005
172002
171999
172001
172005
172007
172003
172000
172002
172005
172006
172001
171997
172000
172005
172008
172005
172002
172005
172010
172013
172009
172005
172008
172013
172013
172008
172005
172008
172013
172013
172007
172001
172004
172009
172011
172007
172004
172006
172010
172010
172005
172002
172006
172011
172012
172010
172006
172009
172014
172015
172010
172006
172009
172011
172010
172005
172001
172003
172008
172009
172006
172004
172007
172010
172011
172007
172005
172008
172014
172014
172009
172007
172010
172016
172017
172014
172012
172015
172018
172017
172014
172010
172010
172014
172015
172012
172011
172015
172018
172017
172011
172008
172012
172016
172016
172011
172008
172010
172014
172014
172008
172004
172006
172011
172013
172012
172010
172015
172020
172021
172018
172017
172021
172024
172024
172020
172018
172022
172024
172023
172018
172013
172016
172020
172020
172015
172011
172017
172023
172023
172018
172016
172020
172026
172027
172021
172016
172017
172021
172021
172019
172018
172023
172029
172029
172024
172021
172024
172028
172027
172022
172018
172022
172026
172026
172022
172018
172022
172026
172027
172021
172017
172019
172022
172021
172017
172015
172020
172023
172023
172018
172015
172018
172021
172021
172018
172014
172019
172023
172023
172019
172017
172019
172022
172021
172018
172016
172019
172023
172023
172019
172018
172021
172025
172024
172018
172015
172018
172021
172020
172016
172013
172016
172020
172020
172017
172015
172018
172022
172021
172016
172013
172016
172021
172021
172018
172016
172020
172025
172024
172019
172016
172019
172023
172022
172018
172015
172019
172023
172021
172016
172014
172017
172021
172021
172020
172018
172021
172025
172023
172018
172014
172017
172021
172021
172019
172018
172023
172026
172024
172019
172015
172019
172025
172025
172021
172018
172021
172023
172022
172019
172017
172020
172023
172021
172017
172015
172019
172022
172021
172016
172012
172015
172018
172016
172013
172011
172015
172019
172019
172014
172010
172013
172017
172016
172012
172010
172012
172014
172012
172009
172008
172014
172021
172020
172015
172010
172010
172012
172009
172006
172005
172010
172016
172017
172014
172013
172016
172019
172017
172013
172011
172016
172020
172019
172016
172014
172017
172021
172020
172017
172016
172020
172024
172023
172019
172016
172020
172024
172024
172021
172019
172022
172026
172023
172017
172013
172017
172020
172017
172013
172011
172014
172018
172018
172014
172010
172013
172017
172015
172011
172010
172015
172019
172018
172013
172010
172014
172019
172017
172013
172012
172017
172021
172020
172017
172014
172017
172021
172019
172014
172011
172015
172019
172017
172014
172011
172014
172018
172016
172013
172010
172013
172017
172013
172007
172004
172008
172013
172012
172009
172009
172015
172020
172018
172011
172006
172008
172010
172006
172003
172000
172005
172009
172007
172000
171998
172004
172009
172006
172001
171999
172003
172008
172004
171998
171997
172003
172008
172006
172000
171998
172001
172004
171999
171994
171993
171998
172003
171999
171995
171995
171999
172001
171998
171993
171991
171992
171996
171994
171989
171988
171991
171995
171995
171990
171989
171991
171993
171988
171984
171984
171988
171992
171990
171985
171984
171987
171989
171986
171980
171978
171980
171982
171980
171975
171974
171978
171982
171978
171972
171971
171975
171979
171975
171970
171968
171970
171973
171971
171967
171964
171967
171971
171969
171964
171961
171965
171969
171966
171960
171958
171962
171967
171965
171962
171960
171964
171967
171963
171958
171955
171957
171959
171955
171951
171950
171953
171956
171953
171948
171949
171953
171953
171949
171946
171947
171950
171954
171952
171949
171948
171952
171956
171952
171946
171943
171945
171948
171946
171943
171944
171950
171953
171951
171947
171946
171949
171951
171947
171943
171942
171945
171947
171943
171939
171939
171944
171948
171945
171939
171939
171942
171944
171942
171937
171936
171940
171943
171941
171935
171933
171936
171937
171934
171931
171931
171936
171940
171939
171935
171934
171934
171935
171932
171927
171926
171930
171933
171930
171926
171927
171931
171934
171930
171925
171924
171928
171930
171926
171921
171919
171924
171929
171925
171921
171922
171927
171930
171926
171921
171920
171922
171923
171919
171915
171915
171919
171921
171919
171916
171917
171922
171927
171924
171920
171920
171923
171925
171921
171917
171918
171922
171925
171922
171917
171916
171919
171920
171914
171909
171910
171914
171915
171911
171907
171908
171914
171918
171916
171914
171916
171920
171923
171918
171913
171912
171916
171919
171917
171914
171915
171921
171924
171920
171915
171913
171916
171918
171913
171909
171909
171912
171914
171911
171908
171907
171910
171914
171910
171904
171904
171910
171913
171910
171907
171907
171911
171914
171912
171909
171909
171912
171914
171908
171902
171902
171908
171912
171910
171905
171906
171910
171913
171908
171904
171905
171910
171912
171909
171904
171904
171908
171910
171907
171903
171904
171909
171912
171908
171903
171903
171906
171908
171905
171902
171904
171909
171912
171908
171903
171905
171909
171912
171907
171902
171902
171907
171910
171907
171903
171901
171904
171906
171902
171897
171898
171901
171902
171899
171896
171896
171899
171902
171899
171894
171895
171900
171904
171902
171898
171900
171905
171907
171903
171899
171900
171904
171906
171904
171902
171904
171910
171912
171907
171901
171900
171903
171903
171899
171895
171896
171900
171903
171901
171898
171899
171905
171906
171901
171897
171899
171904
171908
171904
171900
171901
171906
171909
171905
171901
171902
171905
171908
171906
171903
171905
171910
171911
171906
171901
171901
171904
171906
171902
171897
171898
171902
171905
171902
171897
171897
171900
171902
171897
171892
171894
171896
171898
171894
171890
171892
171898
171902
171897
171894
171895
171899
171900
171896
171892
171895
171899
171900
171896
171893
171894
171897
171900
171896
171891
171891
171895
171896
171890
171886
171888
171892
171894
171890
171886
171889
171893
171894
171889
171885
171886
171890
171892
171890
171887
171889
171893
171895
171891
171888
171888
171892
171893
171889
171885
171889
171894
171894
171890
171884
171886
171890
171891
171885
171881
171884
171886
171888
171884
171880
171882
171886
171889
171885
171880
171880
171885
171885
171879
171875
171877
171883
171886
171883
171880
171882
171886
171887
171883
171876
171876
171880
171882
171878
171873
171874
171879
171883
171882
171880
171883
171888
171887
171880
171874
171875
171877
171879
171878
171876
171879
171884
171884
171878
171873
171873
171874
171874
171871
171870
171874
171878
171880
171877
171874
171876
171879
171880
171876
171873
171876
171881
171882
171876
171872
171872
171876
171877
171874
171869
171871
171875
171876
171870
171864
171866
171872
171874
171872
171869
171872
171874
171874
171868
171864
171866
171873
171875
171871
171868
171869
171871
171871
171867
171863
171865
171867
171867
171865
171862
171866
171872
171875
171872
171867
171870
171874
171873
171868
171863
171863
171866
171868
171865
171861
171864
171868
171869
171865
171861
171863
171867
171867
171861
171857
171859
171864
171867
171865
171862
171864
171868
171866
171861
171857
171857
171860
171861
171857
171852
171854
171860
171861
171856
171854
171857
171861
171861
171856
171850
171850
171854
171855
171851
171849
171853
171856
171857
171854
171851
171854
171859
171859
171855
171851
171854
171859
171860
171857
171854
171858
171863
171863
171857
171853
171855
171857
171856
171851
171848
171851
171856
171857
171854
171850
171852
171855
171855
171852
171848
171850
171855
171856
171851
171847
171851
171854
171851
171848
171844
171842
171846
171847
171845
171843
171846
171850
171851
171845
171840
171841
171844
171844
171838
171836
171837
171840
171840
171836
171832
171835
171839
171840
171836
171833
171836
171841
171843
171842
171841
171847
171852
171852
171846
171840
171842
171845
171845
171841
171838
171842
171847
171849
171846
171843
171845
171849
171848
171842
171837
171840
171843
171842
171839
171836
171839
171843
171842
171835
171829
171830
171834
171832
171827
171824
171828
171832
171832
171828
171824
171828
171833
171833
171831
171831
171836
171841
171842
171836
171831
171833
171836
171836
171833
171830
171834
171839
171840
171837
171836
171839
171842
171839
171834
171831
171834
171839
171840
171836
171835
171841
171845
171844
171838
171834
171837
171840
171842
171839
171834
171835
171839
171840
171837
171836
171840
171845
171843
171839
171834
171838
171844
171843
171840
171835
171837
171840
171842
171840
171840
171843
171847
171847
171844
171839
171842
171846
171845
171840
171835
171836
171840
171839
171835
171833
171835
171838
171838
171834
171833
171837
171842
171843
171839
171836
171839
171843
171844
171840
171838
171841
171845
171844
171842
171842
171846
171851
171851
171847
171843
171846
171853
171851
171844
171840
171844
171849
171850
171845
171842
171845
171848
171846
171841
171838
171843
171848
171846
171841
171838
171842
171846
171844
171842
171840
171844
171849
171848
171845
171843
171845
171849
171848
171845
171843
171848
171853
171851
171847
171845
171849
171854
171852
171848
171846
171851
171856
171857
171853
171850
171853
171857
171855
171851
171848
171852
171855
171855
171851
171849
171855
171859
171859
171854
171851
171854
171857
171854
171851
171850
171854
171857
171857
171853
171851
171855
171860
171858
171854
171853
171857
171860
171856
171850
171848
171853
171858
171859
171857
171856
171860
171862
171858
171852
171849
171853
171858
171857
171856
171857
171862
171866
171864
171860
171858
171860
171862
171860
171855
171853
171858
171863
171863
171859
171856
171859
171861
171860
171857
171856
171860
171865
171863
171860
171858
171863
171867
171864
171860
171857
171860
171864
171863
171860
171860
171864
171870
171870
171867
171864
171868
171871
171869
171865
171863
171868
171872
171870
171866
171862
171865
171869
171866
171860
171859
171864
171869
171867
171865
171864
171868
171872
171870
171866
171865
171868
171871
171870
171867
171866
171873
171878
171878
171874
171873
171876
171878
171876
171871
171869
171873
171875
171873
171869
171869
171873
171877
171875
171871
171869
171873
171877
171877
171873
171873
171878
171882
171880
171877
171876
171878
171880
171878
171874
171873
171878
171882
171880
171876
171875
171879
171883
171882
171879
171877
171882
171887
171884
171880
171880
171886
171890
171890
171886
171884
171886
171889
171886
171882
171881
171884
171888
171885
171880
171879
171883
171888
171887
171883
171882
171886
171889
171886
171883
171883
171887
171891
171891
171888
171888
171892
171897
171895
171892
171892
171895
171899
171897
171894
171894
171898
171901
171898
171894
171896
171901
171905
171903
171899
171899
171904
171907
171903
171897
171895
171898
171901
171900
171897
171898
171903
171907
171905
171901
171901
171904
171907
171904
171902
171903
171908
171911
171909
171905
171904
171908
171912
171910
171906
171905
171909
171913
171912
171910
171909
171913
171916
171912
171907
171906
171910
171914
171912
171908
171906
171910
171913
171912
171908
171907
171911
171916
171914
171910
171912
171917
171922
171918
171913
171913
171916
171921
171920
171917
171917
171922
171925
171922
171917
171917
171920
171921
171918
171914
171915
171920
171923
171920
171916
171916
171921
171925
171923
171920
171920
171925
171928
171924
171919
171919
171923
171927
171925
171920
171919
171922
171926
171924
171921
171921
171927
171931
171929
171924
171924
171929
171934
171931
171927
171925
171928
171931
171928
171923
171923
171926
171930
171928
171926
171927
171932
171936
171933
171930
171931
171934
171938
171934
171931
171932
171936
171940
171937
171933
171933
171936
171939
171934
171930
171931
171937
171940
171935
171931
171931
171936
171938
171935
171931
171932
171938
171941
171938
171936
171938
171943
171947
171944
171939
171939
171944
171947
171947
171944
171942
171947
171949
171946
171941
171942
171947
171951
171949
171946
171947
171951
171954
171950
171944
171945
171950
171954
171951
171946
171945
171950
171954
171951
171948
171948
171953
171956
171953
171950
171951
171955
171957
171954
171949
171949
171952
171954
171951
171949
171951
171956
171959
171956
171952
171953
171956
171959
171956
171952
171953
171957
171961
171959
171956
171957
171961
171964
171960
171956
171955
171959
171961
171958
171955
171955
171960
171964
171961
171957
171958
171962
171966
171964
171960
171961
171966
171971
171967
171964
171966
171970
171973
171969
171965
171966
171968
171969
171966
171963
171965
171971
171975
171973
171970
171972
171977
171979
171976
171973
171974
171978
171980
171976
171973
171973
171976
171978
171975
171972
171973
171978
171981
171978
171974
171974
171978
171982
171980
171978
171980
171986
171990
171987
171984
171986
171989
171991
171987
171982
171984
171988
171990
171985
171979
171978
171983
171985
171981
171977
171979
171983
171987
171984
171980
171983
171987
171990
171988
171984
171986
171991
171993
171989
171985
171986
171989
171992
171988
171986
171988
171992
171993
171987
171982
171984
171988
171991
171988
171986
171989
171995
171997
171994
171989
171991
171995
171997
171994
171990
171990
171993
171995
171989
171983
171984
171987
171988
171982
171979
171982
171987
171989
171986
171984
171987
171992
171995
171991
171988
171989
171993
171995
171991
171987
171988
171992
171994
171990
171985
171986
171989
171989
171984
171979
171980
171985
171988
171984
171980
171983
171990
171994
171989
171985
171988
171991
171991
171986
171982
171985
171989
171990
171988
171985
171989
171995
171997
171993
171990
171992
171996
171998
171996
171992
171993
171995
171995
171991
171986
171987
171991
171992
171988
171984
171986
171989
171991
171988
171985
171988
171994
171997
171994
171991
171994
171999
171999
171994
171991
171994
171999
172000
171997
171994
171997
172002
172005
172002
172000
172002
172006
172007
172003
171998
171998
172000
172000
171995
171992
171997
172003
172006
172003
171999
172001
172005
172005
172000
171997
172000
172005
172009
172007
172003
172005
172010
172013
172010
172007
172009
172013
172015
172011
172005
172007
172011
172013
172011
172008
172013
172018
172019
172015
172012
172013
172016
172018
172014
172010
172013
172018
172018
172013
172009
172011
172015
172015
172010
172007
172009
172013
172013
172008
172005
172009
172013
172013
172009
172005
172007
172012
172013
172008
172004
172007
172012
172015
172012
172009
172012
172016
172016
172013
172009
172011
172015
172016
172012
172008
172011
172016
172019
172017
172016
172020
172025
172025
172019
172015
172017
172021
172022
172019
172017
172021
172026
172027
172021
172015
172016
172020
172021
172018
172014
172017
172020
172021
172017
172014
172018
172023
172025
172023
172019
172022
172026
172026
172020
172017
172020
172025
172026
172021
172016
172017
172021
172022
172018
172016
172020
172024
172025
172020
172016
172018
172022
172023
172019
172016
172019
172024
172024
172019
172014
172015
172018
172019
172016
172013
172017
172023
172025
172020
172017
172020
172024
172025
172021
172017
172020
172024
172023
172018
172015
172019
172024
172025
172022
172019
172021
172023
172023
172017
172013
172018
172025
172027
172023
172021
172024
172029
172029
172025
172021
172024
172029
172032
172029
172025
172027
172030
172031
172028
172024
172027
172031
172031
172027
172024
172027
172031
172030
172027
172026
172030
172033
172032
172029
172026
172028
172032
172034
172031
172028
172029
172031
172028
172023
172019
172026
172033
172034
172029
172024
172027
172031
172030
172027
172024
172028
172033
172033
172028
172023
172026
172030
172031
172027
172021
172024
172030
172030
172025
172021
172024
172028
172028
172025
172021
172023
172026
172026
172023
172021
172025
172029
172028
172025
172023
172027
172032
172035
172033
172030
172033
172037
172035
172031
172028
172032
172035
172035
172032
172030
172034
172037
172035
172033
172031
172033
172037
172036
172030
172028
172032
172037
172037
172034
172032
172035
172039
172038
172033
172030
172034
172039
172040
172037
172036
172039
172043
172042
172037
172033
172035
172040
172039
172036
172034
172038
172042
172041
172037
172036
172040
172045
172043
172037
172033
172036
172041
172040
172036
172034
172038
172041
172039
172034
172031
172033
172036
172035
172031
172029
172035
172041
172040
172034
172029
172031
172033
172032
172027
172025
172029
172033
172033
172030
172028
172032
172038
172037
172033
172031
172036
172040
172039
172034
172032
172035
172038
172034
172029
172027
172031
172035
172033
172030
172027
172031
172036
172033
172026
172021
172024
172027
172026
172026
172026
172032
172037
172037
172034
172033
172036
172038
172037
172033
172032
172037
172043
172042
172039
172039
172045
172050
172050
172047
172046
172051
172055
172051
172046
172045
172050
172055
172053
172049
172046
172049
172053
172049
172044
172042
172046
172049
172047
172042
172038
172040
172044
172041
172038
172037
172041
172044
172041
172035
172032
172036
172038
172037
172033
172032
172035
172038
172036
172030
172025
172028
172032
172030
172026
172026
172031
172037
172037
172035
172034
172040
172046
172046
172043
172042
172045
172048
172045
172039
172035
172037
172038
172036
172032
172032
172035
172037
172035
172031
172029
172034
172037
172036
172033
172033
172036
172038
172034
172029
172026
172028
172032
172030
172029
172028
172031
172032
172027
172021
172018
172021
172025
172024
172019
172019
172023
172027
172026
172023
172021
172025
172028
172024
172018
172014
172016
172020
172018
172015
172013
172016
172020
172018
172015
172015
172017
172021
172019
172016
172015
172020
172025
172024
172021
172020
172024
172030
172030
172025
172023
172027
172030
172027
172023
172023
172027
172030
172027
172023
172022
172026
172031
172031
172028
172028
172031
172034
172031
172026
172024
172026
172029
172026
172023
172023
172027
172032
172029
172026
172026
172029
172033
172031
172026
172026
172030
172034
172031
172025
172023
172026
172028
172025
172020
172017
172018
172020
172017
172013
172012
172016
172019
172017
172013
172013
172016
172020
172017
172013
172013
172016
172020
172019
172016
172015
172019
172024
172023
172019
172018
172021
172024
172021
172016
172016
172021
172026
172022
172017
172016
172019
172024
172023
172021
172021
172026
172029
172025
172020
172019
172024
172026
172023
172018
172016
172019
172022
172020
172016
172016
172021
172025
172022
172018
172017
172021
172023
172018
172014
172012
172016
172020
172018
172015
172016
172020
172024
172022
172019
172018
172023
172028
172026
172020
172019
172023
172025
172023
172018
172018
172021
172024
172020
172015
172016
172019
172022
172018
172014
172014
172018
172021
172018
172014
172013
172016
172019
172015
172012
172012
172012
172014
172011
172008
172009
172010
172011
172011
172008
172007
172011
172016
172014
172009
172008
172011
172014
172012
172008
172009
172012
172016
172014
172010
172010
172013
172015
172011
172006
172006
172009
172011
172007
172002
172001
172005
172009
172005
172001
172001
172007
172011
172007
172003
172004
172010
172013
172009
172004
172004
172008
172011
172009
172004
172005
172009
172011
172007
172003
172004
172009
172011
172008
172003
172004
172009
172013
172010
172006
172006
172010
172013
172010
172006
172007
172009
172010
172005
172002
172005
172011
172014
172009
172005
172004
172007
172008
172001
171997
171996
172000
172004
172002
172001
172003
172007
172009
172003
171998
171997
172000
171999
171994
171991
171992
171996
172000
171999
171996
171997
172001
172004
172000
171995
171995
171998
172002
172000
171997
172000
172005
172006
172001
171996
171996
171999
172001
171996
171993
171995
172001
172004
172000
171995
171994
171998
172000
171996
171992
171993
171997
171998
171994
171990
171991
171995
171998
171995
171990
171991
171995
171997
171993
171988
171988
171991
171993
171990
171987
171988
171992
171993
171989
171986
171988
171994
171998
171995
171989
171989
171992
171992
171986
171981
171981
171985
171988
171986
171982
171982
171986
171989
171986
171981
171982
171985
171986
171983
171981
171983
171989
171991
171987
171982
171985
171990
171993
171988
171984
171984
171989
171991
171988
171984
171984
171986
171987
171982
171978
171980
171983
171984
171980
171976
171977
171980
171981
171977
171973
171975
171980
171982
171976
171970
171972
171976
171977
171974
171970
171971
171976
171979
171976
171974
171976
171979
171982
171978
171972
171973
171976
171976
171972
171968
171970
171974
171975
171972
171968
171969
171971
171972
171969
171965
171967
171971
171973
171969
171966
171968
171969
171969
171964
171961
171964
171970
171974
171970
171967
171969
171973
171977
171974
171971
171973
171978
171978
171973
171968
171969
171973
171973
171969
171964
171967
171971
171974
171971
171967
171970
171974
171976
171972
171967
171969
171972
171972
171967
171963
171967
171972
171974
171970
171966
171967
171970
171971
171968
171964
171964
171966
171966
171961
171957
171961
171965
171965
171961
171956
171957
171962
171964
171961
171957
171960
171963
171962
171958
171954
171957
171963
171965
171962
171959
171963
171967
171969
171964
171959
171961
171965
171967
171963
171959
171960
171963
171963
171957
171951
171951
171953
171953
171949
171945
171948
171953
171955
171951
171948
171949
171951
171949
171944
171940
171943
171949
171949
171945
171943
171946
171951
171953
171950
171946
171950
171954
171954
171948
171944
171945
171950
171950
171945
171941
171945
171950
171950
171945
171942
171945
171948
171951
171950
171948
171951
171953
171954
171950
171949
171953
171956
171954
171952
171949
171949
171952
171953
171948
171945
171947
171951
171953
171950
171947
171950
171954
171953
171949
171945
171948
171953
171953
171949
171945
171946
171949
171949
171948
171945
171948
171952
171952
171947
171943
171946
171950
171951
171946
171942
171944
171947
171947
171943
171942
171946
171949
171949
171944
171941
171945
171949
171949
171944
171939
171943
171945
171944
171941
171938
171941
171944
171943
171940
171937
171940
171944
171943
171939
171935
171940
171945
171945
171940
171937
171941
171945
171947
171944
171942
171946
171951
171951
171945
171942
171944
171946
171944
171937
171933
171936
171940
171941
171938
171933
171936
171943
171943
171939
171934
171936
171943
171943
171940
171936
171940
171946
171947
171943
171940
171945
171948
171947
171943
171942
171945
171948
171948
171946
171944
171949
171954
171955
171954
171952
171955
171957
171956
171951
171946
171949
171952
171953
171949
171947
171952
171957
171957
171951
171947
171951
171956
171957
171955
171953
171958
171963
171964
171959
171954
171955
171959
171959
171955
171954
171958
171962
171962
171958
171955
171958
171961
171961
171957
171952
171954
171955
171954
171951
171950
171955
171960
171959
171955
171952
171956
171960
171959
171957
171956
171960
171963
171962
171957
171954
171957
171959
171958
171956
171953
171957
171961
171959
171954
171951
171954
171958
171957
171952
171950
171954
171959
171959
171956
171954
171959
171965
171966
171960
171956
171956
171958
171955
171952
171951
171955
171959
171958
171952
171950
171954
171957
171956
171951
171949
171953
171958
171957
171953
171951
171955
171961
171959
171954
171951
171954
171957
171956
171951
171949
171953
171959
171959
171956
171954
171958
171963
171962
171958
171956
171958
171962
171962
171959
171957
171958
171961
171960
171956
171952
171955
171959
171956
171951
171948
171951
171954
171952
171948
171946
171951
171956
171955
171952
171950
171953
171957
171956
171953
171953
171958
171963
171961
171957
171954
171958
171963
171962
171959
171959
171962
171965
171962
171958
171955
171956
171959
171957
171954
171953
171958
171962
171959
171955
171953
171958
171963
171960
171955
171954
171959
171963
171961
171957
171956
171961
171966
171964
171961
171960
171963
171967
171964
171960
171958
171961
171964
171963
171959
171958
171960
171963
171962
171958
171956
171959
171963
171962
171958
171958
171964
171970
171969
171967
171968
171972
171976
171974
171970
171968
171973
171978
171976
171971
171969
171973
171977
171975
171971
171970
171973
171975
171972
171968
171966
171971
171974
171971
171966
171964
171969
171975
171974
171970
171970
171975
171979
171977
171973
171969
171972
171975
171973
171970
171969
171973
171977
171975
171972
171970
171973
171976
171972
171967
171966
171970
171973
171971
171968
171969
171973
171976
171972
171967
171964
171969
171973
171970
171962
171962
171970
171974
171974
171971
171967
171970
171973
171971
171967
171967
171972
171976
171974
171969
171966
171969
171972
171969
171963
171961
171965
171969
171968
171965
171964
171967
171969
171967
171962
171961
171965
171968
171968
171965
171964
171967
171969
171966
171962
171961
171964
171966
171964
171960
171958
171962
171967
171966
171963
171964
171969
171973
171972
171967
171965
171967
171970
171967
171962
171961
171965
171969
171968
171966
171967
171970
171973
171968
171961
171959
171963
171966
171963
171959
171958
171963
171966
171964
171959
171958
171962
171964
171962
171958
171958
171963
171968
171968
171965
171966
171970
171972
171968
171962
171960
171964
171968
171966
171963
171963
171970
171976
171972
171966
171962
171964
171967
171965
171961
171962
171966
171970
171968
171963
171963
171966
171969
171965
171959
171959
171964
171969
171966
171961
171961
171965
171967
171965
171961
171961
171966
171970
171968
171962
171961
171966
171972
171969
171966
171964
171965
171968
171967
171964
171962
171964
171970
171967
171960
171959
171964
171967
171965
171961
171960
171961
171963
171961
171957
171956
171959
171963
171959
171955
171952
171954
171957
171955
171951
171952
171958
171962
171959
171953
171950
171953
171957
171955
171949
171949
171955
171958
171954
171948
171947
171948
171949
171945
171939
171939
171944
171948
171944
171939
171939
171941
171943
171941
171937
171936
171940
171943
171938
171933
171934
171937
171940
171937
171933
171933
171938
171940
171937
171934
171934
171938
171943
171941
171937
171937
171941
171942
171938
171935
171936
171939
171940
171935
171930
171930
171933
171935
171934
171931
171932
171937
171938
171932
171925
171925
171929
171932
171929
171925
171927
171932
171933
171929
171924
171922
171926
171929
171927
171925
171927
171932
171936
171933
171928
171927
171930
171932
171930
171926
171927
171931
171933
171929
171926
171926
171929
171932
171928
171923
171925
171929
171930
171926
171924
171924
171928
171931
171928
171924
171923
171924
171926
171922
171917
171917
171922
171926
171922
171917
171918
171921
171921
171916
171912
171912
171918
171922
171918
171913
171913
171918
171921
171917
171913
171913
171916
171920
171919
171918
171921
171927
171929
171924
171919
171918
171920
171920
171916
171912
171914
171919
171922
171919
171915
171916
171920
171921
171916
171911
171911
171915
171918
171916
171911
171910
171916
171918
171914
171910
171909
171911
171913
171909
171905
171907
171912
171916
171913
171910
171910
171915
171917
171914
171908
171908
171913
171915
171911
171907
171909
171913
171915
171911
171908
171908
171911
171916
171912
171909
171910
171916
171917
171914
171910
171910
171913
171914
171910
171906
171907
171910
171911
171907
171902
171903
171907
171911
171908
171904
171905
171908
171909
171904
171899
171899
171902
171906
171902
171898
171900
171904
171904
171901
171897
171900
171903
171903
171900
171897
171899
171903
171906
171902
171899
171902
171908
171911
171909
171906
171909
171914
171915
171911
171907
171906
171910
171911
171906
171902
171904
171908
171909
171904
171900
171903
171908
171911
171907
171903
171905
171909
171912
171907
171902
171903
171906
171906
171904
171900
171901
171906
171910
171908
171905
171909
171914
171915
171911
171907
171909
171913
171915
171911
171907
171908
171913
171914
171909
171904
171905
171908
171907
171902
171897
171900
171905
171908
171904
171902
171906
171911
171912
171906
171900
171900
171904
171907
171904
171900
171901
171907
171909
171907
171904
171906
171909
171911
171908
171903
171904
171908
171909
171906
171902
171905
171912
171914
171908
171903
171905
171910
171912
171909
171906
171907
171912
171913
171907
171900
171901
171904
171905
171901
171897
171900
171905
171909
171908
171905
171907
171910
171910
171907
171903
171904
171907
171909
171905
171901
171905
171909
171911
171907
171903
171904
171909
171910
171906
171902
171904
171909
171909
171903
171899
171901
171905
171908
171905
171901
171903
171906
171907
171902
171897
171899
171904
171907
171903
171900
171901
171903
171904
171900
171896
171899
171904
171907
171905
171901
171903
171907
171907
171904
171901
171905
171909
171908
171903
171899
171902
171906
171907
171904
171900
171902
171907
171908
171904
171901
171903
171908
171910
171906
171903
171906
171911
171912
171908
171902
171904
171907
171908
171904
171900
171903
171906
171907
171902
171899
171901
171905
171906
171904
171902
171905
171908
171909
171906
171902
171905
171909
171909
171904
171900
171902
171906
171908
171905
171902
171904
171908
171910
171907
171905
171907
171909
171909
171904
171899
171900
171904
171905
171901
171897
171899
171903
171903
171898
171893
171897
171902
171904
171902
171900
171903
171907
171906
171902
171899
171903
171906
171907
171904
171901
171906
171911
171912
171909
171904
171905
171908
171908
171904
171901
171903
171906
171906
171902
171898
171901
171904
171907
171905
171902
171905
171908
171908
171905
171902
171907
171915
171918
171915
171913
171916
171920
171921
171918
171913
171914
171918
171919
171915
171913
171917
171923
171924
171920
171917
171919
171921
171920
171913
171908
171911
171915
171916
171913
171913
171920
171926
171927
171923
171919
171918
171920
171919
171916
171914
171919
171925
171926
171923
171920
171922
171926
171926
171922
171918
171921
171927
171928
171925
171921
171925
171930
171928
171923
171919
171921
171924
171924
171921
171919
171923
171927
171927
171922
171918
171922
171928
171928
171925
171921
171924
171929
171928
171925
171923
171925
171928
171926
171924
171922
171925
171930
171929
171925
171922
171924
171928
171929
171927
171925
171928
171930
171929
171928
171924
171925
171928
171927
171924
171921
171925
171929
171928
171924
171922
171926
171931
171929
171924
171921
171925
171930
171930
171927
171925
171929
171934
171934
171930
171928
171932
171936
171934
171929
171927
171932
171938
171937
171932
171928
171932
171935
171934
171933
171934
171939
171944
171943
171940
171938
171942
171946
171944
171940
171935
171937
171940
171939
171936
171934
171939
171945
171946
171942
171939
171942
171945
171942
171936
171932
171936
171943
171945
171944
171944
171948
171953
171952
171947
171943
171945
171948
171946
171942
171942
171948
171953
171954
171952
171951
171954
171957
171954
171950
171948
171952
171956
171955
171952
171950
171954
171957
171957
171956
171954
171958
171962
171963
171960
171960
171962
171966
171965
171961
171960
171964
171968
171967
171962
171959
171962
171967
171967
171963
171961
171966
171972
171971
171967
171964
171967
171970
171969
171965
171965
171970
171976
171976
171973
171972
171974
171977
171976
171971
171969
171973
171978
171976
171970
171968
171971
171974
171972
171970
171970
171977
171982
171980
171976
171974
171977
171981
171980
171974
171972
171978
171985
171986
171983
171982
171985
171989
171987
171983
171980
171982
171985
171984
171982
171981
171986
171991
171989
171985
171982
171985
171989
171987
171983
171981
171987
171993
171993
171988
171988
171993
171997
171996
171994
171992
171995
171999
171998
171995
171995
171999
172002
172002
172000
171997
172000
172002
172001
171998
171997
172003
172008
172006
172003
172002
172005
172009
172006
172000
171999
172002
172007
172005
172002
172000
172005
172010
172009
172005
172004
172007
172010
172007
172002
172001
172007
172014
172014
172011
172008
172009
172012
172011
172008
172007
172011
172014
172013
172010
172009
172014
172020
172018
172014
172013
172017
172022
172020
172015
172012
172015
172019
172016
172011
172011
172016
172022
172022
172018
172016
172017
172016
172012
172008
172006
172013
172019
172019
172016
172014
172017
172019
172015
172010
172008
172012
172016
172015
172014
172016
172023
172027
172025
172021
172019
172022
172024
172022
172019
172018
172022
172025
172023
172018
172018
172022
172026
172022
172016
172014
172017
172020
172018
172015
172016
172021
172025
172023
172018
172016
172018
172021
172019
172014
172014
172018
172022
172019
172016
172016
172020
172025
172022
172017
172016
172018
172022
172020
172016
172016
172020
172023
172021
172016
172014
172016
172020
172018
172015
172014
172019
172024
172022
172018
172018
172022
172024
172021
172018
172018
172022
172023
172018
172014
172014
172018
172021
172018
172013
172010
172014
172018
172016
172011
172010
172015
172020
172017
172014
172015
172018
172021
172018
172011
172010
172013
172015
172011
172006
172004
172006
172009
172008
172005
172003
172008
172009
172005
172001
172001
172005
172008
172004
171997
171995
171998
172002
172000
171995
171995
171998
172000
171997
171992
171989
171991
171993
171990
171983
171981
171986
171989
171986
171983
171981
171983
171986
171982
171978
171978
171982
171985
171981
171978
171978
171981
171983
171979
171977
171978
171983
171988
171985
171981
171980
171985
171988
171984
171978
171977
171981
171984
171981
171976
171977
171982
171983
171979
171975
171975
171980
171983
171979
171974
171974
171978
171980
171977
171973
171973
171976
171978
171975
171970
171971
171975
171976
171971
171967
171966
171969
171972
171971
171969
171970
171975
171980
171979
171977
171978
171982
171984
171980
171977
171979
171982
171983
171977
171973
171974
171980
171982
171977
171972
171970
171972
171973
171967
171961
171960
171964
171967
171963
171959
171960
171964
171967
171964
171959
171959
171965
171968
171964
171958
171959
171964
171968
171965
171961
171962
171967
171971
171969
171967
171968
171970
171970
171963
171956
171954
171956
171959
171956
171954
171956
171960
171964
171959
171954
171955
171961
171964
171960
171954
171953
171957
171960
171957
171955
171958
171963
171965
171962
171958
171956
171958
171959
171955
171952
171954
171960
171964
171958
171952
171951
171953
171954
171950
171947
171948
171951
171954
171951
171948
171949
171953
171955
171951
171946
171946
171950
171953
171948
171944
171945
171951
171955
171953
171948
171949
171953
171956
171951
171947
171948
171950
171952
171949
171946
171949
171954
171956
171953
171949
171949
171952
171955
171951
171947
171947
171949
171949
171946
171943
171945
171948
171951
171949
171946
171947
171950
171953
171951
171947
171948
171953
171956
171952
171948
171949
171953
171955
171950
171945
171946
171950
171953
171951
171947
171948
171951
171954
171950
171944
171944
171947
171948
171945
171941
171944
171948
171950
171946
171944
171944
171948
171949
171945
171941
171942
171948
171950
171947
171944
171945
171947
171948
171943
171938
171939
171943
171946
171943
171939
171939
171940
171942
171939
171935
171938
171943
171945
171942
171938
171941
171945
171948
171944
171939
171940
171945
171947
171944
171940
171942
171946
171949
171945
171941
171942
171945
171946
171942
171937
171938
171941
171943
171941
171939
171941
171946
171948
171944
171940
171941
171944
171945
171940
171935
171938
171942
171942
171939
171935
171936
171938
171938
171934
171929
171931
171933
171933
171929
171926
171930
171935
171937
171933
171928
171931
171937
171940
171935
171931
171933
171939
171942
171938
171935
171936
171939
171941
171938
171933
171936
171940
171941
171936
171932
171932
171935
171937
171932
171928
171930
171935
171936
171930
171925
171926
171929
171931
171928
171925
171926
171930
171932
171929
171927
171929
171933
171935
171931
171926
171926
171929
171931
171927
171924
171926
171930
171931
171926
171923
171923
171924
171925
171922
171918
171920
171925
171929
171925
171922
171926
171929
171929
171924
171919
171922
171926
171927
171923
171921
171924
171928
171929
171924
171920
171923
171928
171928
171923
171920
171922
171925
171926
171922
171919
171922
171926
171926
171922
171918
171920
171923
171923
171918
171913
171914
171916
171917
171914
171912
171916
171920
171919
171915
171911
171912
171915
171917
171914
171911
171914
171920
171920
171915
171911
171913
171917
171917
171913
171910
171914
171918
171918
171914
171910
171914
171919
171920
171917
171914
171916
171919
171918
171915
171912
171914
171916
171916
171914
171914
171918
171923
171923
171917
171912
171914
171917
171916
171912
171910
171915
171919
171920
171917
171914
171916
171918
171917
171911
171907
171911
171915
171914
171910
171906
171910
171917
171918
171913
171909
171912
171914
171912
171907
171903
171907
171914
171915
171912
171909
171911
171913
171912
171908
171905
171908
171912
171913
171909
171907
171911
171915
171915
171912
171910
171914
171918
171918
171914
171909
171913
171918
171919
171915
171910
171913
171916
171914
171908
171906
171911
171917
171918
171913
171909
171911
171913
171911
171907
171904
171908
171912
171911
171907
171902
171906
171910
171908
171903
171900
171905
171909
171908
171904
171903
171907
171912
171911
171907
171904
171907
171910
171910
171905
171901
171905
171910
171912
171910
171908
171910
171914
171913
171909
171906
171909
171915
171917
171913
171909
171912
171916
171915
171911
171908
171912
171915
171914
171911
171908
171909
171912
171912
171909
171907
171911
171916
171916
171912
171909
171913
171918
171917
171913
171909
171911
171915
171916
171911
171908
171910
171914
171913
171910
171908
171913
171918
171918
171915
171912
171917
171922
171922
171916
171911
171913
171917
171915
171911
171908
171912
171917
171917
171912
171909
171911
171914
171911
171906
171903
171906
171909
171912
171911
171908
171910
171913
171912
171911
171910
171916
171923
171920
171915
171911
171915
171918
171916
171913
171913
171917
171922
171922
171919
171918
171923
171929
171928
171924
171920
171923
171926
171924
171920
171918
171924
171930
171930
171926
171923
171926
171928
171927
171923
171921
171926
171931
171930
171926
171924
171926
171929
171926
171922
171920
171925
171929
171928
171925
171923
171929
171934
171932
171928
171925
171928
171932
171929
171923
171921
171926
171931
171930
171928
171927
171929
171932
171929
171925
171923
171926
171928
171927
171923
171920
171923
171926
171922
171915
171916
171928
171934
171931
171928
171929
171932
171937
171936
171932
171930
171935
171939
171937
171933
171931
171934
171937
171936
171932
171932
171938
171943
171940
171934
171932
171934
171937
171936
171933
171930
171934
171938
171936
171931
171930
171935
171939
171938
171935
171932
171935
171940
171938
171935
171934
171939
171944
171942
171936
171934
171937
171940
171939
171935
171933
171938
171942
171941
171937
171936
171941
171945
171943
171939
171939
171943
171947
171944
171938
171935
171938
171941
171939
171936
171935
171938
171942
171939
171936
171935
171938
171943
171941
171937
171935
171939
171942
171941
171938
171938
171941
171945
171941
171937
171935
171937
171940
171939
171936
171934
171937
171939
171937
171932
171930
171932
171935
171934
171930
171930
171934
171940
171939
171935
171934
171938
171941
171939
171934
171934
171938
171941
171939
171936
171935
171940
171946
171945
171942
171941
171943
171947
171943
171937
171935
171939
171943
171943
171940
171939
171944
171947
171943
171937
171934
171935
171936
171933
171930
171931
171937
171941
171938
171932
171929
171933
171938
171936
171933
171933
171937
171942
171938
171933
171932
171935
171939
171937
171933
171931
171934
171937
171934
171932
171934
171940
171946
171943
171938
171937
171940
171944
171940
171935
171934
171937
171940
171937
171933
171933
171939
171942
171939
171935
171935
171940
171942
171939
171936
171937
171942
171945
171942
171938
171937
171940
171943
171942
171937
171937
171941
171944
171942
171939
171939
171942
171945
171941
171937
171937
171942
171947
171945
171942
171943
171947
171949
171946
171942
171942
171947
171952
171949
171944
171942
171945
171948
171945
171941
171941
171945
171949
171947
171944
171944
171948
171951
171947
171943
171945
171952
171955
171952
171947
171947
171951
171954
171951
171946
171946
171950
171952
171945
171940
171940
171945
171950
171948
171945
171945
171949
171952
171949
171945
171945
171948
171950
171947
171942
171944
171949
171954
171953
171948
171946
171948
171951
171948
171945
171946
171951
171954
171952
171949
171949
171953
171956
171953
171948
171948
171953
171957
171954
171950
171951
171955
171958
171953
171948
171948
171951
171954
171950
171946
171945
171948
171951
171948
171944
171946
171950
171952
171949
171945
171946
171950
171952
171949
171945
171944
171950
171955
171952
171949
171951
171955
171958
171956
171953
171953
171958
171962
171958
171954
171953
171955
171956
171951
171948
171949
171953
171955
171950
171945
171945
171949
171953
171950
171947
171949
171956
171960
171956
171952
171953
171956
171957
171952
171945
171945
171950
171955
171953
171951
171954
171958
171959
171953
171948
171950
171954
171956
171953
171949
171950
171955
171958
171955
171951
171951
171955
171956
171950
171944
171945
171949
171950
171945
171940
171943
171948
171952
171949
171946
171949
171954
171956
171951
171946
171946
171950
171953
171950
171946
171947
171951
171953
171948
171943
171943
171947
171950
171948
171944
171946
171951
171953
171949
171946
171948
171953
171957
171954
171950
171952
171954
171955
171950
171944
171944
171949
171951
171947
171942
171944
171949
171953
171950
171945
171946
171949
171954
171951
171947
171949
171953
171954
171951
171948
171949
171952
171952
171947
171942
171945
171950
171953
171950
171945
171947
171951
171952
171947
171943
171946
171951
171953
171949
171946
171948
171951
171953
171951
171947
171949
171953
171955
171952
171948
171950
171954
171956
171952
171948
171950
171954
171956
171950
171945
171947
171952
171954
171949
171944
171947
171952
171953
171948
171943
171944
171947
171949
171947
171944
171948
171952
171953
171950
171948
171952
171958
171960
171956
171952
171953
171955
171954
171950
171947
171949
171952
171954
171950
171947
171951
171955
171956
171952
171948
171951
171954
171953
171949
171946
171948
171951
171951
171947
171945
171949
171954
171955
171951
171948
171951
171955
171956
171952
171949
171951
171956
171958
171954
171951
171955
171958
171958
171952
171947
171950
171955
171957
171953
171950
171954
171958
171959
171955
171950
171954
171960
171962
171958
171956
171958
171962
171963
171959
171955
171957
171963
171963
171959
171955
171958
171961
171962
171958
171955
171958
171963
171964
171960
171956
171958
171961
171961
171957
171955
171958
171961
171960
171955
171953
171956
171960
171959
171955
171952
171956
171962
171963
171960
171957
171961
171965
171965
171960
171956
171958
171962
171961
171957
171953
171955
171959
171961
171958
171955
171959
171964
171964
171961
171957
171961
171965
171963
171958
171952
171954
171957
171958
171955
171951
171955
171961
171961
171955
171952
171955
171960
171960
171957
171955
171959
171965
171966
171961
171956
171959
171963
171963
171960
171957
171959
171962
171962
171958
171954
171956
171960
171960
171956
171953
171957
171961
171960
171956
171951
171954
171958
171958
171955
171952
171954
171957
171956
171952
171949
171954
171960
171961
171957
171954
171958
171961
171961
171957
171954
171957
171961
171962
171958
171955
171959
171964
171964
171961
171958
171961
171965
171967
171963
171958
171960
171964
171964
171961
171958
171963
171968
171969
171965
171962
171966
171970
171969
171964
171961
171965
171968
171969
171966
171964
171969
171974
171974
171970
171966
171968
171970
171968
171964
171962
171966
171971
171970
171966
171964
171967
171970
171969
171964
171960
171963
171966
171964
171960
171957
171962
171966
171966
171962
171959
171963
171966
171966
171962
171960
171963
171966
171963
171959
171957
171962
171967
171966
171963
171959
171961
171963
171961
171956
171952
171956
171960
171960
171956
171954
171960
171966
171967
171963
171961
171964
171969
171968
171965
171964
171967
171972
171972
171967
