171836
171837
171841
171844
171841
171838
171840
171844
171845
171839
171836
171837
171841
171843
171841
171837
171837
171841
171843
171839
171836
171838
171843
171846
171845
171842
171843
171846
171847
171843
171840
171842
171847
171849
171846
171841
171843
171848
171851
171848
171844
171846
171849
171851
171846
171841
171842
171845
171846
171842
171837
171839
171842
171843
171840
171836
171838
171842
171844
171840
171836
171837
171841
171844
171842
171840
171842
171847
171848
171844
171841
171844
171848
171850
171848
171844
171847
171852
171854
171850
171846
171848
171852
171853
171850
171846
171848
171852
171853
171849
171845
171848
171852
171854
171848
171841
171841
171845
171846
171841
171836
171838
171841
171844
171842
171842
171847
171854
171856
171851
171847
171850
171854
171856
171851
171845
171845
171847
171848
171842
171837
171838
171841
171842
171838
171835
171837
171841
171841
171837
171833
171837
171842
171844
171840
171836
171837
171840
171842
171838
171834
171839
171844
171846
171843
171840
171844
171849
171850
171847
171842
171844
171849
171850
171846
171842
171844
171847
171849
171845
171841
171842
171845
171846
171840
171836
171837
171841
171841
171836
171832
171835
171840
171840
171836
171830
171831
171834
171834
171831
171827
171829
171834
171835
171831
171828
171832
171836
171837
171833
171830
171831
171833
171833
171830
171828
171832
171838
171840
171838
171835
171838
171841
171841
171835
171830
171832
171836
171837
171833
171831
171834
171838
171839
171833
171828
171829
171833
171833
171830
171827
171832
171839
171841
171838
171834
171836
171840
171841
171835
171830
171830
171833
171834
171832
171830
171832
171837
171837
171833
171830
171833
171835
171835
171832
171828
171831
171836
171837
171833
171831
171834
171842
171844
171840
171836
171839
171844
171846
171843
171840
171843
171846
171845
171841
171837
171840
171844
171844
171841
171838
171842
171848
171850
171846
171842
171843
171846
171846
171843
171840
171844
171849
171850
171846
171844
171846
171848
171846
171841
171836
171840
171845
171846
171843
171840
171843
171847
171846
171841
171837
171840
171843
171842
171838
171836
171839
171845
171847
171843
171840
171842
171845
171844
171840
171837
171840
171846
171847
171844
171840
171841
171843
171841
171836
171832
171834
171836
171835
171832
171831
171836
171842
171845
171842
171838
171840
171844
171844
171838
171833
171835
171839
171840
171838
171838
171843
171847
171846
171840
171836
171838
171840
171839
171835
171832
171834
171838
171839
171835
171831
171834
171837
171836
171831
171827
171832
171838
171839
171836
171833
171836
171840
171840
171837
171834
171837
171842
171841
171837
171834
171838
171841
171841
171837
171835
171839
171843
171843
171840
171838
171843
171848
171850
171849
171846
171848
171850
171849
171843
171838
171842
171847
171848
171844
171841
171844
171847
171846
171842
171840
171844
171848
171848
171843
171839
171841
171845
171846
171843
171841
171845
171848
171846
171841
171836
171840
171846
171847
171843
171840
171842
171845
171844
171838
171834
171837
171842
171841
171836
171833
171838
171843
171844
171839
171836
171838
171843
171841
171836
171834
171837
171842
171842
171838
171836
171840
171844
171845
171843
171841
171845
171849
171850
171846
171843
171846
171850
171849
171844
171840
171843
171847
171847
171843
171840
171844
171847
171847
171845
171843
171847
171852
171853
171850
171849
171852
171855
171854
171850
171846
171849
171851
171848
171845
171845
171850
171854
171853
171848
171844
171845
171848
171847
171843
171841
171846
171850
171850
171847
171843
171846
171850
171849
171846
171846
171851
171856
171855
171851
171847
171848
171852
171850
171846
171843
171848
171852
171851
171848
171844
171847
171852
171852
171850
171848
171852
171855
171853
171849
171847
171851
171853
171852
171848
171844
171847
171851
171849
171844
171842
171844
171847
171846
171842
171843
171850
171855
171852
171846
171843
171844
171847
171845
171842
171841
171847
171853
171852
171847
171845
171848
171852
171850
171847
171848
171853
171857
171856
171852
171851
171854
171857
171855
171850
171846
171850
171855
171853
171848
171846
171850
171853
171851
171847
171846
171851
171857
171856
171851
171847
171849
171853
171850
171845
171843
171848
171851
171850
171845
171843
171846
171850
171848
171843
171841
171845
171850
171848
171845
171843
171848
171853
171853
171849
171848
171851
171854
171852
171847
171844
171848
171852
171852
171849
171849
171854
171859
171856
171850
171845
171848
171852
171851
171846
171842
171844
171849
171848
171845
171844
171847
171850
171847
171842
171838
171842
171846
171846
171844
171843
171848
171853
171851
171846
171843
171845
171849
171847
171843
171841
171845
171847
171844
171839
171837
171842
171847
171846
171840
171839
171845
171850
171850
171846
171843
171846
171850
171848
171843
171840
171843
171847
171847
171844
171844
171849
171853
171849
171845
171844
171846
171849
171846
171842
171840
171844
171849
171849
171847
171846
171848
171850
171845
171840
171839
171843
171847
171844
171840
171837
171839
171842
171840
171837
171837
171842
171846
171845
171842
171841
171845
171848
171846
171841
171840
171844
171847
171845
171841
171840
171846
171851
171850
171848
171846
171849
171852
171850
171845
171843
171847
171850
171849
171845
171843
171847
171850
171847
171842
171840
171845
171849
171846
171842
171842
171847
171851
171848
171843
171841
171847
171852
171850
171847
171847
171852
171856
171853
171848
171845
171849
171854
171853
171849
171848
171852
171853
171848
171843
171841
171845
171849
171847
171842
171840
171843
171845
171843
171840
171839
171844
171850
171849
171845
171845
171849
171851
171848
171844
171843
171846
171852
171850
171844
171844
171848
171851
171847
171843
171842
171847
171853
171852
171849
171848
171851
171853
171849
171842
171840
171844
171848
171846
171842
171842
171846
171849
171846
171840
171839
171845
171850
171848
171844
171842
171846
171849
171846
171842
171840
171844
171848
171845
171841
171840
171843
171847
171845
171843
171843
171846
171849
171846
171842
171842
171848
171852
171850
171845
171844
171849
171853
171851
171846
171844
171848
171851
171848
171844
171843
171845
171848
171844
171839
171840
171846
171851
171850
171846
171844
171847
171852
171849
171843
171842
171845
171846
171843
171839
171840
171844
171847
171844
171840
171841
171847
171853
171852
171849
171847
171850
171852
171848
171843
171841
171846
171850
171847
171843
171843
171848
171851
171847
171842
171840
171844
171848
171845
171843
171844
171850
171855
171852
171847
171846
171849
171852
171849
171847
171848
171853
171856
171852
171848
171848
171851
171854
171852
171848
171848
171851
171852
171847
171842
171840
171844
171848
171846
171844
171845
171850
171854
171852
171847
171846
171849
171853
171848
171842
171840
171844
171847
171845
171841
171839
171844
171848
171845
171841
171840
171844
171847
171845
171842
171843
171848
171851
171847
171843
171843
171848
171852
171850
171846
171847
171852
171855
171851
171846
171846
171849
171852
171848
171845
171845
171847
171849
171845
171840
171841
171845
171850
171848
171844
171844
171848
171851
171849
171845
171846
171850
171853
171848
171843
171843
171847
171851
171848
171844
171844
171848
171852
171848
171842
171842
171846
171851
171849
171847
171850
171856
171859
171854
171849
171847
171849
171849
171845
171841
171842
171847
171850
171844
171838
171838
171842
171846
171842
171838
171839
171844
171847
171843
171838
171837
171841
171843
171838
171834
171836
171841
171845
171844
171842
171844
171848
171850
171846
171843
171844
171848
171850
171846
171841
171842
171847
171850
171847
171843
171844
171847
171847
171841
171836
171835
171838
171840
171837
171834
171834
171839
171842
171839
171835
171836
171841
171845
171844
171841
171841
171845
171848
171845
171842
171843
171848
171851
171847
171841
171841
171845
171845
171841
171837
171837
171841
171844
171842
171840
171842
171848
171851
171848
171846
171848
171852
171854
171850
171847
171847
171850
171850
171845
171840
171840
171844
171846
171843
171839
171841
171844
171846
171842
171839
171840
171845
171849
171847
171843
171843
171846
171846
171840
171834
171836
171843
171847
171845
171842
171842
171845
171845
171840
171834
171834
171839
171843
171841
171838
171839
171842
171843
171841
171838
171839
171844
171847
171843
171840
171840
171844
171846
171842
171836
171836
171841
171842
171838
171836
171839
171842
171844
171840
171836
171837
171840
171843
171840
171836
171839
171844
171848
171846
171843
171845
171849
171852
171848
171843
171844
171848
171850
171846
171841
171840
171842
171844
171841
171838
171840
171844
171846
171842
171838
171841
171845
171847
171844
171840
171842
171845
171848
171845
171841
171843
171847
171848
171843
171838
171840
171843
171845
171841
171836
171838
171841
171842
171838
171834
171837
171841
171843
171840
171838
171840
171843
171844
171839
171835
171836
171840
171843
171841
171840
171844
171849
171850
171844
171840
171841
171844
171846
171843
171840
171841
171844
171847
171842
171836
171836
171840
171842
171838
171833
171833
171838
171840
171836
171833
171834
171839
171842
171840
171837
171839
171843
171845
171840
171837
171841
171845
171848
171845
171840
171840
171844
171844
171840
171837
171840
171846
171848
171845
171841
171843
171846
171847
171842
171838
171841
171845
171849
171846
171843
171845
171848
171848
171842
171837
171838
171842
171844
171841
171839
171843
171848
171850
171847
171843
171844
171847
171849
171845
171841
171842
171845
171845
171840
171837
171840
171844
171846
171843
171838
171842
171846
171847
171844
171840
171842
171844
171844
171839
171835
171838
171842
171844
171840
171837
171841
171846
171846
171841
171836
171838
171843
171845
171842
171838
171841
171845
171844
171837
171834
171837
171841
171842
171837
171834
171837
171841
171842
171839
171836
171838
171842
171845
171843
171839
171841
171846
171846
171841
171836
171838
171842
171843
171840
171836
171838
171842
171844
171841
171837
171839
171843
171846
171843
171841
171845
171848
171848
171842
171838
171841
171846
171848
171844
171841
171844
171847
171847
171842
171838
171841
171847
171849
171846
171842
171845
171848
171847
171841
171835
171837
171841
171842
171838
171836
171839
171843
171843
171838
171833
171835
171837
171837
171834
171830
171832
171837
171839
171837
171835
171840
171846
171847
171841
171836
171836
171840
171839
171835
171834
171839
171844
171844
171839
171834
171836
171840
171841
171836
171832
171835
171842
171844
171841
171839
171841
171844
171842
171835
171829
171829
171833
171836
171834
171833
171838
171842
171842
171838
171836
171840
171844
171844
171839
171834
171835
171839
171838
171834
171830
171834
171838
171839
171836
171834
171838
171842
171840
171834
171829
171832
171835
171833
171827
171822
171824
171828
171828
171822
171818
171821
171824
171827
171824
171821
171824
171828
171829
171825
171822
171825
171829
171830
171825
171822
171825
171830
171830
171827
171824
171826
171829
171828
171822
171818
171821
171824
171823
171818
171814
171817
171820
171821
171816
171813
171815
171818
171818
171815
171813
171818
171823
171824
171822
171819
171822
171826
171826
171822
171819
171822
171827
171827
171822
171820
171823
171826
171825
171818
171814
171817
171822
171823
171821
171820
171825
171831
171832
171829
171827
171832
171836
171836
171832
171828
171831
171836
171835
171830
171828
171833
171836
171835
171832
171828
171830
171834
171832
171826
171822
171826
171832
171834
171832
171829
171832
171834
171833
171829
171826
171830
171834
171833
171829
171826
171829
171833
171832
171827
171824
171827
171832
171832
171829
171827
171832
171836
171838
171835
171831
171834
171837
171836
171832
171831
171835
171842
171842
171839
171836
171839
171842
171842
171837
171834
171837
171841
171840
171836
171834
171838
171842
171841
171837
171834
171835
171839
171839
171835
171834
171837
171842
171840
171835
171833
171836
171840
171839
171835
171833
171838
171841
171839
171835
171832
171836
171841
171842
171839
171836
171839
171842
171840
171834
171829
171830
171833
171833
171828
171826
171831
171835
171835
171833
171832
171835
171838
171837
171832
171827
171829
171833
171834
171832
171831
171837
171842
171840
171834
171831
171835
171839
171837
171833
171831
171834
171839
171838
171834
171832
171836
171839
171838
171834
171830
171833
171836
171835
171831
171827
171831
171834
171833
171832
171831
171835
171839
171839
171834
171832
171835
171840
171838
171832
171830
171833
171836
171834
171832
171831
171836
171840
171839
171833
171828
171830
171833
171831
171828
171827
171831
171837
171837
171833
171830
171833
171837
171834
171830
171829
171833
171837
171835
171831
171829
171832
171835
171834
171829
171824
171827
171831
171830
171826
171825
171831
171836
171835
171831
171828
171831
171834
171832
171827
171824
171828
171832
171830
171824
171821
171826
171831
171831
171826
171822
171825
171828
171825
171821
171818
171821
171826
171826
171824
171822
171826
171828
171826
171822
171820
171826
171831
171829
171825
171822
171825
171829
171827
171823
171823
171828
171835
171835
171829
171827
171831
171834
171832
171828
171827
171831
171834
171831
171826
171824
171828
171833
171832
171828
171827
171831
171834
171833
171829
171827
171831
171835
171832
171826
171824
171828
171832
171830
171824
171821
171824
171827
171826
171822
171822
171828
171833
171831
171827
171826
171830
171834
171832
171828
171826
171828
171831
171827
171824
171824
171829
171834
171834
171831
171829
171833
171836
171834
171829
171829
171832
171835
171831
171826
171824
171829
171834
171832
171828
171827
171830
171833
171830
171825
171823
171827
171831
171829
171826
171825
171829
171832
171831
171827
171826
171831
171834
171830
171824
171823
171827
171830
171829
171825
171824
171827
171831
171829
171825
171823
171828
171832
171830
171827
171826
171830
171832
171828
171823
171821
171825
171828
171827
171823
171822
171825
171828
171825
171821
171821
171826
171829
171826
171821
171820
171825
171830
171829
171825
171822
171825
171827
171824
171820
171820
171823
171827
171825
171823
171823
171828
171830
171826
171821
171821
171824
171827
171825
171822
171822
171826
171830
171828
171824
171823
171825
171828
171825
171820
171820
171825
171826
171823
171819
171819
171823
171827
171825
171822
171822
171827
171830
171826
171821
171819
171820
171823
171821
171817
171818
171824
171828
171824
171820
171818
171821
171823
171820
171816
171815
171822
171828
171826
171823
171823
171827
171830
171826
171821
171820
171823
171826
171824
171821
171819
171823
171826
171823
171820
171820
171824
171827
171823
171820
171821
171826
171829
171827
171824
171825
171828
171829
171823
171817
171815
171819
171822
171820
171817
171817
171821
171824
171822
171818
171817
171819
171822
171819
171815
171816
171822
171827
171823
171819
171818
171822
171824
171821
171817
171818
171822
171826
171823
171819
171819
171823
171825
171821
171816
171816
171820
171824
171821
171816
171817
171821
171824
171820
171815
171815
171820
171823
171820
171816
171816
171820
171823
171819
171815
171816
171820
171824
171821
171816
171814
171816
171816
171813
171811
171813
171819
171823
171819
171813
171811
171815
171819
171818
171816
171818
171823
171826
171824
171821
171822
171826
171828
171825
171821
171822
171826
171829
171825
171820
171819
171822
171823
171819
171814
171816
171822
171826
171821
171816
171816
171821
171825
171822
171818
171817
171821
171825
171820
171815
171814
171818
171821
171818
171813
171814
171819
171823
171818
171812
171811
171814
171815
171811
171807
171808
171813
171817
171815
171812
171812
171816
171817
171813
171808
171807
171809
171811
171808
171804
171805
171810
171814
171812
171810
171811
171816
171819
171817
171813
171811
171813
171815
171811
171807
171809
171812
171815
171812
171808
171807
171811
171813
171808
171804
171805
171809
171812
171807
171801
171802
171806
171810
171805
171800
171802
171806
171809
171805
171800
171800
171803
171807
171804
171800
171802
171807
171809
171805
171799
171798
171801
171804
171801
171797
171799
171805
171809
171806
171802
171802
171806
171807
171802
171797
171799
171803
171807
171804
171801
171805
171811
171814
171811
171807
171808
171811
171812
171806
171800
171800
171804
171808
171806
171804
171806
171810
171810
171805
171798
171796
171796
171795
171791
171787
171789
171796
171803
171803
171800
171803
171808
171809
171803
171797
171795
171798
171799
171796
171792
171794
171799
171802
171799
171795
171796
171798
171800
171796
171791
171791
171796
171798
171794
171790
171791
171795
171796
171790
171785
171786
171789
171792
171790
171787
171789
171794
171795
171791
171788
171790
171796
171799
171796
171792
171793
171797
171797
171791
171787
171790
171796
171800
171797
171794
171797
171801
171802
171797
171791
171790
171793
171794
171791
171786
171787
171792
171795
171791
171787
171789
171794
171797
171793
171789
171790
171793
171796
171791
171787
171790
171796
171800
171798
171793
171796
171801
171803
171799
171794
171795
171798
171800
171796
171791
171792
171796
171797
171793
171789
171792
171796
171797
171792
171789
171791
171795
171796
171792
171788
171790
171794
171795
171790
171786
171788
171792
171795
171793
171790
171793
171797
171800
171797
171792
171794
171797
171797
171793
171789
171791
171797
171800
171798
171796
171798
171801
171801
171796
171792
171794
171799
171801
171796
171791
171793
171797
171799
171795
171792
171793
171795
171794
171789
171785
171788
171793
171797
171794
171791
171794
171798
171799
171794
171790
171793
171798
171800
171796
171792
171794
171798
171797
171792
171787
171788
171790
171791
171787
171783
171785
171789
171791
171788
171785
171788
171792
171792
171786
171781
171783
171786
171786
171783
171783
171787
171792
171793
171790
171786
171789
171793
171792
171787
171784
171787
171793
171796
171792
171787
171788
171791
171793
171790
171788
171790
171794
171795
171791
171786
171786
171790
171790
171786
171780
171781
171785
171787
171783
171780
171782
171786
171787
171784
171781
171783
171786
171787
171784
171782
171784
171787
171789
171784
171780
171783
171788
171791
171788
171785
171788
171792
171793
171789
171785
171786
171788
171789
171786
171783
171786
171789
171789
171785
171781
171782
171784
171782
171777
171775
171778
171782
171782
171779
171779
171783
171788
171789
171785
171780
171782
171785
171784
171780
171779
171783
171788
171789
171784
171779
171780
171782
171781
171778
171774
171779
171784
171786
171783
171779
171781
171785
171785
171780
171777
171779
171785
171788
171784
171783
171787
171792
171791
171786
171781
171784
171788
171789
171784
171782
171784
171787
171786
171780
171775
171778
171782
171782
171778
171775
171779
171783
171783
171779
171775
171779
171783
171784
171781
171778
171782
171785
171785
171780
171774
171776
171780
171781
171778
171777
171780
171783
171783
171780
171776
171778
171781
171781
171778
171775
171779
171783
171784
171780
171775
171777
171782
171782
171779
171775
171775
171778
171778
171775
171772
171776
171782
171784
171780
171777
171780
171784
171783
171778
171773
171775
171777
171776
171772
171771
171777
171782
171782
171776
171771
171774
171779
171778
171773
171770
171773
171778
171778
171774
171772
171776
171779
171779
171776
171773
171776
171780
171779
171774
171771
171774
171777
171777
171774
171772
171774
171778
171778
171776
171774
171777
171780
171780
171776
171774
171778
171782
171781
171778
171774
171776
171779
171777
171773
171771
171774
171778
171778
171774
171772
171778
171783
171780
171774
171772
171776
171781
171780
171775
171771
171774
171778
171777
171773
171771
171777
171781
171780
171774
171771
171773
171776
171775
171772
171770
171774
171778
171779
171776
171773
171777
171782
171781
171776
171773
171777
171783
171783
171780
171776
171779
171782
171780
171773
171769
171772
171777
171776
171773
171771
171775
171779
171778
171773
171770
171774
171778
171776
171771
171767
171770
171773
171772
171768
171766
171770
171775
171774
171772
171770
171772
171775
171774
171771
171768
171771
171774
171772
171767
171764
171767
171772
171772
171770
171768
171771
171773
171770
171766
171764
171767
171771
171771
171767
171764
171767
171771
171771
171768
171766
171771
171777
171778
171773
171769
171773
171776
171774
171769
171767
171770
171774
171773
171769
171768
171774
171779
171778
171773
171770
171774
171778
171775
171770
171767
171770
171775
171773
171769
171768
171772
171777
171774
171769
171768
171771
171775
171772
171767
171765
171769
171773
171774
171771
171770
171773
171776
171774
171769
171767
171771
171774
171773
171769
171766
171770
171774
171772
171768
171766
171771
171775
171773
171768
171766
171770
171772
171770
171765
171764
171769
171774
171774
171768
171766
171771
171775
171774
171771
171770
171773
171776
171773
171769
171766
171768
171771
171768
171764
171763
171768
171772
171770
171767
171766
171770
171773
171770
171765
171763
171766
171772
171771
171768
171766
171770
171774
171771
171766
171765
171770
171775
171772
171766
171763
171766
171769
171767
171763
171761
171763
171766
171765
171763
171762
171767
171770
171768
171764
171762
171765
171771
171771
171768
171765
171766
171768
171765
171760
171759
171764
171768
171766
171762
171762
171767
171771
171769
171765
171763
171767
171770
171767
171762
171760
171763
171768
171766
171762
171761
171762
171765
171763
171761
171762
171768
171772
171771
171766
171764
171767
171772
171771
171767
171766
171769
171771
171769
171767
171767
171771
171774
171769
171763
171760
171763
171765
171763
171759
171758
171761
171764
171761
171757
171756
171759
171763
171761
171757
171756
171760
171763
171761
171757
171756
171761
171767
171765
171760
171758
171762
171765
171762
171758
171756
171760
171764
171763
171760
171761
171764
171766
171762
171756
171755
171759
171764
171762
171757
171757
171761
171766
171764
171761
171760
171763
171765
171761
171756
171755
171761
171766
171764
171762
171764
171768
171772
171770
171767
171766
171770
171773
171770
171764
171762
171766
171769
171765
171759
171758
171761
171765
171762
171758
171757
171760
171764
171761
171758
171758
171764
171768
171765
171760
171759
171763
171766
171763
171759
171758
171762
171766
171763
171760
171759
171763
171766
171763
171759
171757
171761
171765
171762
171759
171759
171762
171765
171763
171758
171758
171761
171765
171764
171760
171761
171766
171770
171766
171760
171759
171762
171763
171758
171752
171753
171758
171762
171760
171757
171757
171761
171764
171761
171755
171753
171757
171760
171758
171756
171757
171762
171765
171761
171756
171754
171756
171759
171756
171752
171753
171756
171759
171755
171750
171750
171755
171759
171758
171756
171757
171761
171763
171758
171752
171750
171753
171756
171753
171748
171747
171751
171752
171748
171745
171745
171750
171754
171751
171748
171748
171753
171757
171753
171747
171746
171749
171752
171748
171744
171744
171749
171753
171750
171745
171744
171748
171752
171749
171745
171745
171748
171751
171748
171746
171748
171753
171757
171755
171750
171749
171751
171754
171750
171747
171746
171750
171754
171752
171748
171748
171752
171755
171752
171748
171748
171751
171752
171747
171744
171746
171752
171757
171755
171753
171753
171757
171760
171756
171751
171751
171756
171758
171755
171753
171754
171758
171761
171757
171753
171754
171757
171761
171758
171755
171757
171763
171766
171764
171760
171760
171764
171767
171762
171758
171759
171764
171767
171763
171758
171757
171761
171764
171759
171753
171753
171757
171761
171758
171753
171752
171755
171758
171755
171752
171754
171758
171759
171756
171752
171753
171757
171759
171756
171752
171753
171759
171762
171758
171754
171754
171757
171759
171755
171751
171751
171755
171758
171754
171753
171756
171761
171764
171762
171758
171758
171761
171762
171757
171751
171752
171757
171761
171759
171756
171756
171758
171760
171755
171749
171749
171752
171755
171751
171749
171751
171756
171757
171754
171751
171752
171756
171759
171756
171752
171753
171757
171760
171757
171754
171754
171758
171760
171756
171751
171751
171753
171756
171753
171749
171750
171752
171753
171749
171745
171746
171750
171752
171749
171745
171744
171747
171749
171745
171743
171745
171751
171755
171751
171747
171748
171752
171755
171753
171750
171751
171754
171757
171753
171749
171751
171757
171760
171756
171751
171752
171754
171755
171751
171749
171752
171757
171760
171756
171751
171751
171754
171755
171751
171746
171748
171753
171756
171753
171749
171750
171753
171755
171751
171748
171749
171753
171755
171751
171748
171750
171754
171757
171753
171748
171748
171751
171753
171749
171746
171749
171754
171756
171752
171746
171747
171752
171755
171751
171747
171748
171753
171755
171753
171750
171752
171757
171760
171757
171753
171754
171757
171758
171754
171750
171752
171756
171758
171753
171748
171749
171754
171758
171756
171751
171752
171757
171760
171756
171753
171755
171759
171761
171757
171753
171754
171758
171760
171755
171751
171752
171755
171757
171752
171748
171750
171754
171755
171750
171747
171749
171753
171755
171751
171746
171746
171749
171749
171746
171745
171749
171756
171759
171755
171750
171751
171753
171755
171751
171748
171750
171755
171759
171756
171752
171755
171758
171758
171751
171746
171747
171750
171751
171748
171746
171749
171754
171756
171751
171746
171749
171752
171754
171752
171749
171751
171753
171754
171751
171747
171749
171752
171753
171750
171746
171748
171752
171754
171751
171747
171748
171753
171755
171751
171746
171748
171751
171753
171749
171746
171748
171753
171755
171752
171749
171752
171757
171757
171751
171745
171747
171751
171753
171748
171745
171748
171754
171756
171752
171746
171748
171750
171750
171747
171746
171752
171757
171758
171752
171746
171748
171753
171753
171749
171747
171749
171754
171755
171751
171746
171747
171749
171751
171749
171748
171753
171759
171760
171754
171749
171751
171754
171755
171752
171749
171753
171757
171757
171753
171747
171747
171749
171749
171745
171741
171744
171750
171753
171751
171748
171750
171754
171754
171748
171744
171749
171756
171759
171756
171753
171756
171761
171761
171757
171753
171756
171759
171759
171753
171748
171750
171754
171754
171750
171747
171750
171756
171758
171755
171752
171753
171756
171754
171747
171742
171745
171749
171751
171750
171748
171750
171754
171755
171750
171746
171748
171751
171751
171748
171746
171751
171756
171757
171754
171752
171756
171761
171762
171756
171751
171752
171755
171755
171750
171746
171748
171753
171754
171750
171746
171751
171757
171757
171753
171750
171753
171756
171757
171754
171751
171754
171757
171758
171754
171750
171753
171757
171759
171757
171755
171759
171764
171765
171760
171754
171753
171755
171754
171751
171748
171752
171757
171758
171753
171750
171753
171757
171758
171753
171748
171750
171754
171752
171747
171743
171745
171751
171752
171750
171747
171750
171753
171752
171746
171742
171745
171749
171751
171748
171747
171752
171757
171756
171751
171746
171748
171752
171753
171749
171748
171751
171755
171754
171749
171745
171748
171753
171753
171749
171745
171747
171750
171749
171745
171743
171747
171751
171750
171747
171746
171752
171756
171756
171752
171749
171751
171755
171753
171748
171745
171748
171753
171754
171751
171748
171750
171753
171752
171747
171743
171746
171751
171752
171748
171745
171749
171752
171751
171747
171744
171748
171753
171753
171748
171745
171748
171751
171751
171748
171745
171750
171755
171756
171752
171749
171752
171755
171754
171750
171748
171752
171756
171756
171752
171748
171750
171752
171750
171745
171742
171746
171751
171752
171749
171747
171751
171755
171755
171749
171744
171747
171751
171753
171750
171748
171752
171755
171754
171749
171746
171750
171756
171757
171754
171752
171756
171761
171761
171757
171755
171759
171763
171762
171760
171757
171760
171763
171761
171758
171754
171757
171759
171758
171753
171750
171754
171759
171758
171754
171750
171752
171755
171753
171747
171744
171748
171755
171755
171751
171749
171754
171760
171759
171755
171751
171754
171757
171756
171752
171752
171758
171761
171758
171754
171751
171755
171760
171759
171755
171752
171755
171757
171756
171751
171746
171747
171751
171751
171749
171749
171753
171759
171759
171755
171752
171756
171760
171759
171756
171755
171759
171763
171760
171754
171751
171754
171756
171753
171747
171744
171749
171754
171754
171751
171750
171754
171759
171757
171752
171748
171751
171754
171752
171747
171744
171749
171754
171755
171750
171747
171750
171754
171754
171750
171748
171751
171756
171754
171749
171745
171748
171752
171749
171746
171746
171752
171757
171755
171751
171748
171750
171754
171753
171749
171747
171750
171753
171752
171747
171744
171747
171752
171752
171749
171747
171751
171756
171754
171748
171744
171746
171750
171749
171744
171743
171748
171753
171751
171747
171746
171749
171752
171749
171744
171743
171748
171752
171750
171745
171744
171746
171748
171746
171742
171739
171741
171745
171743
171738
171736
171741
171743
171740
171737
171736
171740
171743
171742
171737
171734
171736
171740
171738
171735
171735
171739
171742
171741
171737
171736
171740
171745
171747
171746
171746
171751
171756
171753
171748
171746
171748
171750
171747
171743
171741
171746
171752
171751
171747
171745
171746
171748
171744
171740
171737
171741
171746
171746
171743
171741
171745
171748
171746
171743
171742
171744
171747
171745
171741
171739
171742
171745
171744
171741
171740
171746
171749
171747
171743
171740
171743
171746
171744
171739
171738
171742
171744
171742
171739
171737
171741
171745
171744
171741
171741
171746
171750
171747
171742
171740
171743
171746
171744
171740
171738
171741
171745
171742
171737
171735
171741
171745
171743
171739
171737
171742
171746
171744
171740
171740
171743
171747
171745
171741
171739
171744
171748
171745
171743
171743
171746
171750
171747
171741
171738
171741
171742
171738
171734
171733
171738
171743
171741
171737
171737
171742
171746
171743
171739
171738
171743
171747
171744
171740
171739
171742
171745
171742
171738
171736
171739
171740
171735
171729
171726
171731
171735
171733
171732
171734
171740
171745
171743
171739
171738
171741
171743
171740
171736
171735
171740
171744
171741
171737
171734
171736
171740
171737
171732
171728
171731
171734
171733
171729
171728
171733
171740
171740
171737
171736
171740
171743
171738
171732
171730
171734
171737
171734
171730
171729
171735
171739
171736
171732
171731
171733
171736
171733
171729
171730
171736
171741
171741
171738
171738
171742
171744
171740
171733
171730
171733
171735
171731
171727
171728
171733
171737
171732
171727
171726
171729
171730
171727
171723
171723
171729
171735
171734
171730
171729
171731
171733
171728
171722
171722
171728
171734
171734
171731
171731
171733
171734
171729
171724
171722
171726
171729
171725
171719
171718
171724
171730
171728
171725
171723
171727
171729
171724
171718
171716
171720
171723
171720
171717
171717
171721
171724
171719
171715
171717
171722
171726
171723
171718
171716
171720
171723
171719
171715
171716
171721
171724
171720
171716
171716
171721
171724
171721
171718
171717
171721
171725
171724
171719
171719
171724
171727
171724
171719
171719
171723
171727
171725
171722
171723
171726
171728
171723
171716
171713
171716
171719
171716
171713
171713
171718
171721
171718
171713
171712
171716
171720
171718
171716
171719
171724
171728
171726
171722
171721
171722
171723
171720
171716
171716
171721
171724
171722
171719
171718
171721
171724
171720
171717
171718
171723
171726
171723
171718
171717
171721
171724
171720
171714
171714
171719
171725
171721
171715
171714
171718
171720
171717
171713
171713
171717
171719
171717
171713
171713
171716
171719
171715
171711
171710
171714
171718
171715
171711
171711
171716
171719
171716
171712
171712
171716
171718
171716
171713
171714
171719
171722
171719
171716
171718
171722
171724
171721
171715
171714
171717
171720
171716
171712
171713
171717
171720
171716
171712
171713
171717
171719
171714
171710
171712
171716
171718
171716
171712
171712
171718
171723
171720
171715
171716
171719
171720
171715
171709
171709
171715
171718
171713
171710
171711
171715
171716
171712
171708
171709
171712
171714
171710
171705
171706
171711
171715
171714
171711
171712
171716
171717
171713
171708
171708
171713
171716
171712
171708
171709
171714
171718
171716
171713
171716
171720
171722
171717
171711
171711
171713
171716
171713
171710
171713
171718
171721
171718
171713
171714
171717
171719
171714
171710
171712
171716
171720
171719
171716
171717
171720
171721
171716
171712
171715
171719
171722
171719
171715
171715
171719
171720
171715
171709
171710
171714
171718
171714
171710
171710
171712
171711
171705
171700
171702
171708
171712
171710
171705
171706
171710
171712
171707
171702
171704
171710
171713
171708
171704
171706
171711
171712
171705
171700
171702
171707
171711
171709
171706
171706
171709
171710
171704
171699
171700
171704
171705
171699
171695
171699
171705
171706
171701
171698
171699
171701
171702
171696
171691
171692
171697
171700
171697
171693
171695
171701
171704
171700
171697
171700
171705
171707
171703
171699
171699
171702
171702
171698
171695
171697
171701
171704
171702
171698
171699
171701
171702
171698
171692
171693
171698
171700
171698
171695
171696
171700
171700
171695
171691
171692
171696
171697
171693
171688
171690
171696
171699
171696
171692
171693
171697
171699
171696
171692
171694
171697
171699
171698
171695
171698
171702
171703
171698
171692
171693
171695
171697
171693
171690
171693
171698
171700
171696
171692
171694
171698
171698
171692
171688
171691
171695
171697
171694
171692
171697
171702
171703
171700
171697
171699
171701
171702
171699
171696
171701
171707
171709
171703
171696
171696
171698
171700
171696
171693
171697
171702
171703
171697
171693
171694
171696
171698
171693
171688
171689
171693
171696
171694
171691
171693
171697
171699
171696
171692
171694
171696
171697
171693
171689
171691
171696
171699
171695
171693
171697
171701
171703
171698
171693
171697
171702
171704
171701
171698
171700
171705
171705
171699
171693
171694
171699
171701
171699
171696
171699
171703
171703
171697
171691
171691
171694
171695
171692
171689
171692
171698
171702
171699
171696
171698
171701
171701
171698
171694
171696
171698
171697
171694
171690
171692
171696
171698
171695
171693
171696
171701
171702
171697
171693
171696
171699
171699
171694
171690
171693
171697
171697
171692
171688
171692
171696
171697
171693
171688
171690
171693
171692
171687
171684
171688
171694
171696
171691
171685
171685
171688
171690
171686
171684
171688
171692
171693
171689
171685
171688
171689
171687
171682
171679
171683
171688
171690
171686
171682
171685
171688
171688
171683
171679
171682
171686
171689
171686
171683
171687
171692
171692
171688
171683
171684
171686
171687
171684
171680
171683
171687
171688
171685
171681
171682
171686
171688
171683
171679
171681
171686
171687
171683
171679
171682
171685
171685
171681
171676
171678
171684
171686
171681
171676
171679
171684
171686
171684
171683
171687
171693
171694
171690
171685
171686
171688
171689
171687
171685
171688
171693
171695
171692
171688
171689
171692
171691
171685
171681
171683
171688
171690
171686
171682
171685
171689
171689
171684
171678
171680
171684
171684
171681
171680
171685
171689
171687
171682
171678
171681
171685
171685
171682
171679
171682
171687
171688
171683
171680
171683
171688
171689
171685
171680
171683
171687
171686
171681
171676
171679
171684
171685
171682
171679
171680
171683
171683
171679
171677
171680
171686
171686
171681
171677
171679
171681
171678
171673
171669
171672
171678
171681
171679
171677
171680
171684
171682
171678
171675
171679
171685
171685
171682
171679
171682
171686
171686
171683
171679
171682
171686
171685
171680
171676
171679
171683
171683
171679
171673
171675
171680
171678
171674
171670
171674
171679
171678
171674
171673
171677
171682
171682
171679
171677
171679
171682
171679
171675
171672
171676
171679
171678
171674
171670
171674
171679
171678
171673
171670
171673
171676
171677
171676
171675
171680
171684
171683
171677
171672
171674
171678
171677
171673
171670
171674
171679
171679
171674
171670
171674
171679
171678
171672
171670
171673
171677
171678
171674
171671
171675
171678
171676
171671
171668
171671
171674
171672
171667
171664
171667
171670
171669
171664
171662
171665
171670
171670
171667
171664
171666
171668
171668
171664
171661
171664
171669
171670
171667
171664
171669
171674
171675
171671
171667
171669
171671
171669
171664
171660
171663
171668
171667
171664
171661
171666
171670
171669
171665
171662
171664
171668
171667
171662
171660
171665
171671
171671
171668
171666
171668
171670
171665
171659
171658
171668
171674
171674
171670
171667
171671
171674
171673
171670
171668
171672
171677
171676
171670
171666
171667
171671
171670
171666
171663
171667
171670
171669
171664
171661
171663
171665
171662
171656
171655
171660
171665
171663
171658
171655
171658
171663
171663
171660
171657
171660
171663
171661
171658
171657
171661
171665
171662
171657
171655
171659
171664
171663
171659
171658
171662
171666
171665
171661
171659
171662
171666
171664
171661
171659
171662
171666
171665
171662
171660
171664
171668
171667
171663
171661
171663
171667
171664
171659
171657
171661
171667
171665
171661
171658
171662
171667
171666
171661
171658
171662
171665
171663
171658
171656
171661
171668
171668
171664
171661
171662
171665
171661
171655
171653
171658
171662
171661
171656
171654
171658
171662
171660
171657
171656
171660
171664
171662
171659
171656
171659
171663
171661
171656
171654
171658
171662
171661
171657
171655
171657
171659
171656
171653
171652
171658
171662
171661
171657
171656
171661
171666
171665
171660
171659
171662
171666
171664
171660
171659
171662
171665
171663
171658
171657
171661
171666
171665
171660
171659
171663
171665
171662
171656
171654
171657
171662
171662
171658
171657
171661
171665
171665
171662
171660
171663
171666
171662
171657
171653
171657
171660
171659
171656
171654
171659
171662
171661
171657
171654
171656
171660
171658
171655
171655
171657
171660
171658
171655
171653
171656
171661
171661
171658
171657
171661
171665
171661
171654
171653
171657
171661
171659
171656
171653
171657
171661
171658
171653
171652
171656
171660
171658
171656
171655
171658
171661
171660
171656
171653
171655
171658
171655
171651
171650
171655
171659
171658
171655
171655
171658
171661
171660
171657
171658
171662
171666
171663
171658
171657
171660
171663
171661
171655
171653
171657
171660
171658
171655
171655
171658
171664
171662
171658
171656
171660
171665
171662
171657
171655
171657
171660
171658
171654
171653
171658
171663
171662
171660
171660
171664
171667
171664
171657
171655
171659
171661
171658
171655
171654
171657
171660
171657
171653
171651
171654
171659
171658
171656
171656
171660
171664
171661
171656
171654
171657
171660
171658
171654
171653
171655
171657
171654
171648
171648
171654
171658
171654
171651
171651
171656
171659
171655
171650
171648
171652
171656
171653
171650
171649
171652
171657
171657
171655
171655
171659
171662
171658
171653
171653
171657
171660
171658
171653
171654
171658
171660
171657
171652
171652
171656
171659
171657
171654
171655
171660
171664
171662
171659
171658
171660
171663
171661
171656
171655
171660
171664
171662
171657
171656
171659
171663
171661
171658
171658
171663
171667
171665
171660
171659
171664
171666
171662
171658
171657
171660
171663
171659
171655
171656
171661
171665
171663
171660
171659
171663
171663
171657
171652
171652
171656
171659
171657
171653
171653
171658
171662
171661
171657
171655
171659
171663
171659
171654
171655
171660
171663
171660
171656
171655
171658
171661
171659
171655
171656
171662
171666
171663
171659
171660
171664
171668
171665
171661
171660
171665
171668
171663
171657
171655
171659
171663
171661
171658
171658
171662
171666
171662
171658
171658
171662
171666
171663
171657
171656
171660
171663
171661
171657
171656
171661
171664
171658
171652
171652
171659
171662
171657
171653
171654
171658
171662
171658
171653
171652
171654
171656
171651
171647
171648
171653
171656
171654
171651
171650
171652
171655
171651
171647
171647
171652
171656
171652
171647
171647
171651
171653
171649
171646
171647
171652
171656
171654
171649
171648
171650
171651
171645
171639
171640
171644
171649
171647
171644
171645
171650
171652
171649
171644
171644
171649
171652
171648
171644
171644
171648
171652
171649
171644
171644
171647
171649
171644
171639
171638
171642
171646
171644
171641
171643
171648
171652
171649
171645
171643
171646
171648
171644
171641
171643
171648
171652
171651
171648
171649
171652
171654
171650
171645
171643
171648
171651
171647
171644
171646
171649
171652
171647
171642
171641
171642
171643
171639
171636
171638
171643
171647
171644
171639
171639
171643
171645
171643
171640
171641
171645
171647
171642
171638
171638
171642
171645
171642
171638
171638
171642
171644
171639
171635
171637
171642
171645
171641
171638
171638
171643
171648
171645
171641
171641
171643
171646
171640
171634
171635
171638
171641
171638
171636
171638
171643
171645
171643
171641
171643
171649
171654
171651
171646
171647
171651
171654
171650
171645
171646
171650
171652
171648
171644
171646
171651
171653
171648
171643
171644
171649
171653
171650
171647
171649
171653
171655
171651
171646
171646
171650
171653
171650
171647
171651
171655
171657
171653
171647
171647
171652
171656
171652
171648
171650
171652
171655
171653
171649
171650
171654
171657
171655
171650
171651
171654
171655
171651
171648
171648
171652
171654
171651
171648
171652
171658
171659
171653
171648
171649
171652
171654
171649
171645
171646
171650
171652
171649
171646
171647
171651
171655
171652
171647
171647
171650
171652
171649
171644
171646
171649
171650
171645
171640
171642
171647
171647
171643
171640
171641
171645
171650
171647
171643
171644
171649
171652
171648
171645
171647
171650
171650
171644
171637
171639
171643
171644
171641
171638
171640
171644
171647
171645
171644
171649
171655
171660
171658
171653
171654
171656
171656
171653
171649
171651
171655
171657
171653
171650
171652
171656
171657
171654
171650
171654
171659
171663
171660
171658
171660
171662
171661
171655
171648
171648
171652
171653
171651
171649
171653
171659
171662
171659
171654
171655
171660
171659
171653
171650
171652
171657
171660
171656
171651
171651
171654
171655
171651
171648
171653
171659
171661
171657
171652
171653
171656
171657
171652
171649
171652
171657
171659
171655
171651
171654
171657
171658
171654
171653
171657
171662
171663
171659
171656
171658
171661
171660
171653
171647
171648
171651
171653
171652
171649
171651
171656
171658
171654
171649
171651
171655
171656
171652
171648
171648
171650
171651
171647
171645
171648
171654
171654
171650
171646
171649
171652
171653
171649
171647
171650
171657
171659
171655
171651
171652
171654
171654
171652
171650
171653
171656
171657
171654
171650
171653
171658
171659
171656
171651
171653
171657
171658
171653
171648
171650
171654
171656
171654
171654
171659
171664
171666
171661
171658
171658
171660
171658
171652
171648
171652
171659
171663
171662
171660
171664
171668
171667
171661
171656
171657
171660
171662
171658
171654
171657
171662
171662
171658
171655
171657
171661
171661
171658
171653
171654
171658
171659
171655
171652
171655
171658
171659
171656
171655
171657
171660
171661
171656
171654
171659
171666
171669
171665
171662
171665
171669
171669
171665
171661
171660
171663
171664
171659
171656
171658
171660
171659
171655
171651
171654
171657
171657
171653
171649
171651
171656
171658
171655
171653
171658
171665
171667
171664
171659
171660
171663
171662
171658
171654
171655
171656
171655
171651
171648
171651
171654
171654
171652
171650
171655
171658
171657
171651
171646
171648
171652
171654
171652
171650
171654
171659
171660
171658
171654
171656
171660
171660
171654
171649
171652
171657
171657
171652
171648
171650
171653
171653
171650
171646
171650
171656
171657
171654
171651
171653
171657
171656
171651
171648
171651
171656
171658
171656
171653
171657
171661
171662
171658
171655
171659
171663
171662
171657
171653
171654
171657
171655
171650
171646
171648
171652
171652
171649
171646
171649
171653
171654
171649
171644
171644
171647
171646
171643
171641
171646
171653
171654
171652
171654
171663
171670
171673
171670
171666
171667
171670
171670
171668
171666
171670
171672
171670
171664
171659
171660
171663
171662
171657
171654
171657
171660
171658
171654
171653
171658
171664
171666
171665
171663
171668
171674
171674
171669
171666
171668
171669
171667
171662
171659
171663
171666
171665
171662
171659
171661
171661
171659
171655
171650
171651
171653
171651
171648
171649
171656
171662
171663
171659
171658
171661
171664
171663
171657
171652
171652
171654
171652
171646
171644
171647
171650
171650
171647
171645
171648
171652
171653
171649
171647
171651
171657
171657
171652
171649
171652
171656
171654
171651
171648
171651
171654
171653
171648
171643
171642
171643
171640
171633
171626
171626
171628
171625
171621
171618
171621
171624
171622
171621
171620
171623
171627
171626
171621
171617
171621
171627
171629
171629
171630
171636
171641
171639
171635
171632
171633
171634
171632
171628
171626
171630
171635
171635
171631
171628
171632
171636
171636
171631
171629
171634
171638
171637
171633
171631
171634
171637
171636
171632
171628
171632
171636
171636
171632
171630
171634
171640
171639
171635
171634
171640
171647
171648
171646
171643
171647
171651
171649
171644
171642
171646
171650
171647
171641
171637
171639
171643
171642
171640
171641
171647
171652
171651
171647
171644
171646
171649
171647
171644
171645
171651
171658
171660
171658
171657
171663
171669
171668
171664
171663
171667
171670
171668
171661
171656
171656
171658
171656
171650
171648
171653
171657
171656
171652
171649
171650
171654
171653
171650
171649
171654
171661
171661
171657
171656
171661
171665
171662
171657
171654
171658
171662
171660
171658
171659
171665
171670
171669
171664
171661
171663
171664
171660
171652
171647
171650
171654
171652
171647
171645
171651
171656
171657
171655
171655
171660
171665
171662
171657
171654
171658
171663
171663
171660
171660
171666
171671
171670
171667
171665
171668
171672
171670
171666
171663
171667
171673
171671
171667
171663
171664
171666
171664
171658
171656
171660
171662
171660
171656
171653
171656
171661
171660
171657
171657
171663
171668
171667
171665
171667
171675
171682
171681
171678
171676
171679
171682
171678
171672
171669
171672
171676
171674
171672
171672
171677
171681
171679
171673
171670
171673
171674
171669
171663
171660
171663
171668
171667
171663
171661
171665
171670
171669
171666
171665
171670
171675
171673
171667
171664
171667
171670
171669
171665
171664
171668
171671
171669
171665
171664
171668
171672
171669
171663
171661
171664
171668
171665
171661
171660
171665
171669
171666
171662
171660
171666
171670
171667
171662
171659
171661
171663
171659
171653
171652
171657
171659
171658
171654
171652
171654
171658
171657
171655
171654
171658
171664
171664
171660
171659
171664
171667
171666
171662
171660
171663
171666
171663
171658
171658
171662
171664
171661
171657
171654
171658
171664
171663
171660
171659
171662
171663
171659
171656
171656
171661
171666
171666
171664
171664
171668
171671
171669
171665
171665
171669
171672
171669
171664
171664
171668
171673
171672
171670
171669
171672
171673
171670
171665
171665
171669
171674
171672
171669
171669
171674
171678
171677
171673
171672
171677
171680
171677
171673
171673
171679
171685
171683
171681
171681
171685
171688
171684
171679
171678
171681
171684
171680
171675
171673
171675
171678
171677
171674
171674
171678
171679
171676
171673
171673
171677
171681
171679
171676
171677
171682
171686
171683
171678
171676
171680
171684
171681
171678
171678
171682
171685
171679
171672
171671
171676
171680
171678
171676
171678
171684
171687
171683
171677
171676
171680
171684
171680
171676
171675
171680
171685
171683
171679
171678
171682
171685
171683
171682
171682
171686
171689
171685
171681
171678
171680
171681
171677
171673
171673
171676
171679
171678
171675
171675
171678
171681
171679
171674
171673
171677
171681
171681
171678
171678
171683
171688
171688
171686
171687
171690
171693
171692
171690
171691
171696
171699
171695
171690
171690
171694
171698
171696
171694
171695
171700
171703
171699
171696
171695
171698
171699
171693
171686
171682
171683
171682
171676
171670
171667
171669
171671
171666
171662
171664
171670
171675
171672
171670
171670
171675
171679
171678
171674
171676
171680
171684
171683
171680
171681
171684
171688
171685
171682
171682
171685
171688
171684
171681
171683
171687
171690
171686
171681
171679
171684
171686
171682
171678
171679
171683
171687
171683
171679
171678
171683
171687
171684
171680
171681
171684
171686
171683
171680
171683
171689
171694
171693
171690
171689
171693
171696
171694
171691
171692
171696
171698
171695
171690
171689
171691
171694
171689
171684
171683
171687
171689
171685
171680
171680
171683
171687
171685
171682
171685
171690
171692
171690
171686
171686
171690
171694
171691
171688
171691
171697
171698
171693
171687
171687
171690
171692
171688
171683
171684
171688
171691
171689
171687
171687
171689
171692
171688
171683
171684
171689
171693
171690
171685
171687
171691
171693
171689
171684
171683
171686
171688
171684
171678
171678
171680
171683
171679
171675
171677
171683
171687
171684
171681
171682
171686
171690
171687
171684
171685
171689
171691
171687
171683
171685
171688
171691
171687
171681
171681
171684
171687
171682
171677
171677
171679
171682
171679
171676
171678
171684
171688
171685
171683
171683
171686
171687
171681
171674
171675
171680
171683
171679
171676
171677
171683
171686
171682
171678
171681
171686
171689
171687
171683
171684
171689
171692
171686
171679
171678
171681
171682
171677
171673
171674
171679
171682
171680
171677
171679
171686
171690
171687
171683
171685
171686
171687
171684
171678
171679
171682
171682
171678
171675
171678
171686
171691
171689
171687
171689
171695
171697
171692
171688
171688
171692
171694
171690
171686
171689
171691
171693
171687
171682
171683
171685
171688
171683
171679
171680
171682
171687
171683
171679
171681
171690
171691
171687
171684
171686
171690
171695
171691
171686
171692
171697
171698
171694
171690
171691
171695
171697
171694
171690
171693
171697
171698
171695
171691
171691
171694
171697
171693
171687
171687
171690
171690
171684
171683
171686
171690
171693
171690
171687
171689
171691
171693
171689
171683
171684
171687
171691
171688
171685
171686
171689
171690
171685
171681
171681
171685
171684
171680
171677
171679
171684
171688
171684
171679
171679
171682
171684
171682
171679
171681
171684
171685
171682
171679
171682
171686
171689
171685
171680
171681
171684
171686
171683
171679
171681
171684
171685
171682
171677
171679
171683
171685
171681
171677
171679
171684
171687
171683
171679
171682
171685
171684
171680
171675
171675
171682
171683
171677
171674
171675
171681
171684
171681
171677
171679
171683
171685
171683
171682
171683
171687
171689
171685
171681
171682
171686
171689
171688
171684
171684
171687
171688
171683
171679
171681
171686
171687
171682
171679
171682
171685
171686
171682
171677
171676
171680
171682
171679
171676
171680
171687
171690
171686
171683
171685
171687
171686
171681
171676
171676
171682
171683
171680
171677
171681
171685
171686
171681
171677
171678
171682
171682
171677
171675
171682
171687
171686
171681
171678
171680
171683
171684
171680
171676
171678
171683
171685
171682
171679
171682
171685
171685
171679
171674
171675
171678
171680
171678
171676
171679
171684
171686
171682
171678
171679
171683
171684
171679
171675
171675
171678
171679
171674
171668
171668
171670
171671
171665
171661
171663
171668
171670
171668
171666
171670
171674
171675
171671
171668
171671
171674
171674
171670
171666
171668
171671
171672
171668
171665
171669
171673
171675
171672
171668
171671
171675
171677
171673
171670
171674
171677
171677
171674
171671
171674
171679
171678
171672
171666
171669
171673
171674
171671
171669
171673
171677
171679
171675
171671
171672
171675
171675
171672
171671
171674
171678
171679
171675
171671
171672
171675
171674
171671
171668
171672
171675
171677
171673
171670
171671
171675
171675
171672
171668
171670
171674
171675
171672
171670
171674
171678
171678
171674
171668
171669
171674
171677
171674
171670
171672
171675
171675
171671
171666
171666
171669
171670
171667
171668
171669
171673
171673
171667
171663
171666
171668
171668
171666
171664
171668
171673
171674
171670
171666
171670
171675
171676
171670
171665
171667
171672
171673
171669
171665
171669
171673
171673
171668
171663
171667
171671
171672
171667
171665
171669
171675
171675
171672
171669
171673
171679
171679
171674
171668
171669
171672
171671
171667
171663
171667
171674
171677
171675
171672
171676
171681
171680
171674
171671
