173357
173361
173365
173365
173367
173371
173371
173371
173374
173376
173373
173366
173367
173369
173368
173368
173366
173365
173364
173366
173373
173371
173366
173367
173369
173371
173369
173366
173367
173371
173370
173362
173362
173366
173366
173367
173365
173363
173368
173371
173371
173372
173371
173370
173371
173373
173372
173368
173367
173367
173366
173368
173368
173370
173375
173376
173373
173368
173367
173371
173369
173363
173367
173373
173377
173379
173374
173370
173369
173370
173371
173369
173368
173368
173371
173377
173378
173375
173376
173375
173375
173376
173373
173372
173372
173372
173370
173367
173368
173369
173374
173374
173371
173371
173372
173369
173366
173365
173365
173367
173366
173363
173360
173361
173365
173361
173358
173358
173362
173368
173369
173368
173367
173368
173370
173371
173368
173362
173366
173373
173375
173373
173371
173374
173379
173380
173376
173376
173382
173384
173381
173382
173383
173381
173381
173382
173382
173382
173385
173385
173385
173385
173381
173382
173387
173390
173389
173390
173392
173396
173399
173394
173393
173396
173398
173400
173398
173395
173399
173399
173398
173398
173394
173396
173399
173399
173398
173399
173401
173402
173405
173405
173402
173401
173405
173412
173412
173412
173415
173418
173417
173414
173410
173408
173412
173416
173415
173414
173416
173418
173419
173414
173412
173413
173419
173423
173421
173416
173419
173426
173428
173425
173423
173424
173427
173428
173427
173425
173423
173425
173432
173434
173431
173432
173436
173437
173433
173429
173429
173433
173434
173435
173438
173441
173444
173446
173442
173438
173438
173441
173441
173441
173443
173444
173446
173446
173440
173436
173437
173440
173441
173438
173438
173438
173440
173442
173441
173438
173437
173441
173444
173443
173439
173443
173450
173452
173449
173446
173448
173453
173456
173452
173449
173447
173453
173460
173458
173457
173457
173457
173450
173446
173448
173451
173452
173450
173449
173447
173450
173454
173455
173453
173453
173452
173455
173459
173453
173446
173449
173452
173450
173449
173452
173455
173458
173458
173454
173449
173447
173450
173452
173453
173453
173454
173456
173456
173451
173449
173453
173455
173455
173452
173451
173454
173457
173455
173454
173456
173455
173456
173458
173456
173453
173454
173457
173460
173459
173456
173461
173465
173465
173462
173460
173461
173463
173463
173459
173456
173462
173466
173468
173468
173465
173463
173465
173469
173467
173463
173462
173464
173467
173467
173467
173469
173473
173472
173461
173455
173465
173470
173471
173468
173465
173468
173467
173462
173458
173456
173457
173457
173457
173456
173455
173460
173464
173464
173461
173460
173460
173463
173462
173459
173454
173455
173458
173462
173462
173457
173453
173455
173458
173453
173447
173447
173447
173449
173444
173441
173446
173447
173444
173441
173441
173441
173443
173444
173442
173439
173439
173440
173438
173433
173435
173439
173441
173441
173438
173435
173437
173436
173437
173438
173434
173433
173434
173436
173433
173431
173434
173437
173434
173430
173430
173432
173435
173433
173434
173433
173432
173432
173433
173434
173435
173438
173442
173444
173440
173436
173434
173439
173441
173436
173434
173437
173442
173445
173445
173445
173444
173441
173445
173444
173443
173440
173444
173447
173444
173439
173440
173443
173443
173441
173438
173439
173440
173444
173439
173432
173437
173442
173440
173437
173433
173430
173434
173436
173433
173427
173429
173436
173438
173433
173432
173439
173442
173440
173433
173431
173433
173436
173436
173434
173431
173430
173428
173425
173428
173428
173427
173429
173426
173422
173424
173427
173429
173430
173427
173422
173422
173428
173430
173428
173427
173427
173426
173426
173420
173414
173411
173410
173412
173414
173413
173416
173419
173418
173414
173411
173409
173408
173401
173400
173398
173394
173399
173401
173397
173393
173394
173396
173396
173393
173393
173396
173399
173400
173397
173392
173393
173395
173395
173393
173388
173386
173387
173390
173389
173384
173378
173381
173388
173384
173378
173378
173377
173379
173376
173374
173377
173381
173384
173383
173380
173382
173387
173390
173384
173383
173390
173393
173390
173387
173381
173384
173386
173389
173387
173384
173389
173392
173394
173391
173384
173383
173383
173382
173381
173380
173378
173381
173392
173391
173387
173386
173386
173386
173384
173384
173384
173389
173396
173393
173391
173392
173395
173393
173386
173385
173388
173392
173395
173393
173392
173392
173391
173388
173386
173386
173386
173389
173392
173392
173391
173393
173395
173401
173399
173392
173394
173398
173400
173402
173399
173395
173395
173396
173393
173390
173396
173403
173405
173402
173400
173402
173403
173404
173400
173396
173398
173403
173408
173406
173403
173403
173404
173406
173403
173399
173401
173400
173400
173400
173396
173397
173402
173404
173403
173401
173406
173410
173411
173406
173401
173404
173409
173411
173408
173402
173406
173410
173411
173409
173406
173404
173409
173411
173408
173404
173403
173409
173414
173412
173408
173406
173406
173403
173398
173398
173399
173404
173409
173407
173407
173407
173409
173411
173407
173400
173399
173400
173401
173397
173395
173402
173406
173406
173401
173398
173397
173397
173397
173394
173391
173393
173395
173395
173393
173385
173384
173390
173394
173392
173390
173394
173396
173396
173398
173397
173396
173401
173401
173396
173396
173398
173402
173403
173402
173397
173397
173399
173399
173398
173393
173392
173397
173399
173396
173397
173399
173400
173403
173401
173396
173393
173390
173393
173396
173391
173391
173394
173395
173394
173393
173395
173398
173398
173394
173393
173401
173404
173404
173403
173401
173401
173402
173404
173403
173403
173405
173407
173407
173401
173399
173401
173403
173402
173397
173392
173391
173395
173398
173397
173395
173402
173410
173414
173410
173405
173402
173401
173401
173396
173388
173388
173392
173393
173392
173391
173387
173389
173395
173395
173391
173391
173396
173399
173398
173394
173394
173400
173407
173404
173400
173402
173409
173414
173412
173409
173408
173410
173408
173406
173402
173403
173406
173406
173405
173404
173405
173407
173407
173404
173400
173401
173403
173403
173401
173397
173397
173401
173401
173397
173399
173401
173403
173404
173401
173399
173400
173405
173408
173406
173405
173405
173407
173410
173408
173405
173412
173419
173421
173420
173416
173414
173416
173419
173418
173417
173418
173421
173424
173423
173420
173419
173419
173413
173407
173404
173402
173402
173404
173406
173407
173408
173412
173414
173412
173412
173413
173418
173419
173414
173410
173413
173418
173420
173419
173418
173418
173424
173431
173430
173424
173423
173426
173427
173421
173411
173412
173411
173409
173409
173409
173412
173417
173420
173422
173420
173422
173427
173429
173426
173421
173420
173423
173429
173428
173424
173430
173434
173434
173432
173431
173432
173437
173438
173438
173439
173441
173438
173437
173435
173432
173432
173432
173433
173433
173431
173433
173438
173439
173437
173437
173437
173437
173436
173433
173434
173437
173439
173439
173436
173437
173441
173447
173451
173453
173454
173456
173458
173467
173471
173468
173463
173462
173461
173456
173449
173446
173443
173439
173438
173441
173446
173450
173452
173455
173453
173456
173460
173463
173459
173457
173459
173460
173464
173463
173461
173461
173461
173462
173462
173462
173467
173474
173479
173478
173473
173471
173474
173475
173471
173465
173464
173466
173467
173461
173454
173454
173454
173458
173463
173465
173466
173470
173474
173472
173466
173465
173468
173469
173464
173458
173462
173466
173468
173468
173466
173468
173474
173478
173475
173469
173468
173474
173482
173482
173479
173479
173483
173482
173476
173471
173475
173482
173485
173483
173480
173480
173482
173482
173478
173474
173474
173478
173480
173478
173473
173475
173481
173482
173476
173471
173473
173479
173484
173483
173480
173479
173484
173491
173488
173484
173482
173484
173488
173489
173488
173491
173495
173495
173490
173490
173491
173492
173492
173488
173484
173483
173489
173489
173486
173484
173484
173482
173479
173473
173469
173469
173474
173476
173477
173483
173490
173493
173496
173493
173489
173486
173489
173494
173493
173493
173495
173498
173501
173498
173490
173485
173488
173492
173490
173484
173486
173490
173491
173489
173487
173487
173487
173485
173487
173487
173485
173484
173487
173487
173484
173483
173485
173486
173485
173486
173489
173491
173494
173492
173486
173487
173494
173499
173492
173486
173488
173491
173491
173487
173483
173481
173480
173479
173476
173474
173473
173470
173472
173475
173474
173474
173480
173482
173477
173475
173478
173477
173474
173472
173468
173469
173475
173480
173475
173473
173479
173484
173486
173485
173482
173483
173489
173493
173488
173485
173485
173486
173486
173483
173480
173480
173483
173481
173479
173482
173483
173484
173482
173480
173476
173471
173473
173479
173478
173477
173480
173483
173485
173483
173479
173478
173481
173484
173481
173482
173484
173487
173489
173489
173487
173486
173486
173488
173491
173491
173490
173488
173484
173482
173479
173478
173479
173480
173478
173475
173477
173478
173479
173477
173473
173473
173478
173480
173474
173476
173478
173477
173478
173475
173471
173470
173475
173471
173471
173471
173473
173479
173483
173481
173480
173481
173484
173485
173488
173488
173486
173488
173487
173482
173481
173480
173479
173478
173480
173478
173478
173480
173481
173478
173474
173471
173474
173480
173479
173477
173477
173478
173472
173467
173477
173483
173480
173485
173487
173479
173481
173486
173488
173488
173488
173488
173489
173491
173488
173481
173481
173482
173487
173487
173483
173482
173486
173488
173482
173476
173475
173477
173476
173472
173473
173476
173479
173482
173480
173478
173476
173475
173477
173474
173469
173471
173474
173478
173482
173485
173484
173481
173481
173486
173488
173485
173489
173490
173489
173489
173491
173494
173497
173494
173489
173488
173491
173494
173492
173488
173486
173486
173486
173488
173487
173488
173491
173496
173496
173492
173492
173493
173492
173485
173486
173486
173487
173491
173492
173491
173488
173491
173495
173489
173484
173483
173485
173489
173486
173484
173485
173488
173488
173482
173484
173487
173488
173487
173483
173478
173482
173488
173490
173488
173485
173490
173494
173498
173494
173491
173490
173493
173497
173493
173493
173494
173494
173495
173495
173493
173491
173494
173495
173488
173483
173487
173495
173489
173476
173474
173478
173483
173481
173477
173479
173481
173491
173495
173489
173490
173489
173490
173490
173490
173488
173487
173491
173495
173491
173486
173488
173492
173495
173493
173488
173486
173486
173487
173485
173482
173482
173485
173490
173487
173482
173480
173485
173485
173480
173476
173475
173482
173487
173483
173480
173481
173482
173484
173483
173484
173482
173485
173487
173484
173484
173483
173481
173479
173475
173479
173487
173491
173493
173495
173493
173491
173489
173495
173495
173490
173488
173489
173491
173492
173491
173490
173489
173488
173486
173483
173483
173486
173488
173489
173484
173481
173482
173485
173482
173478
173479
173481
173482
173477
173477
173482
173484
173486
173483
173477
173477
173481
173484
173484
173481
173480
173481
173480
173476
173478
173481
173481
173478
173474
173476
173478
173482
173485
173482
173480
173480
173482
173485
173485
173484
173485
173487
173487
173484
173480
173479
173480
173480
173481
173481
173483
173484
173485
173484
173484
173486
173490
173492
173490
173488
173495
173498
173497
173490
173488
173485
173486
173487
173485
173483
173482
173484
173490
173492
173491
173492
173493
173493
173490
173487
173490
173491
173491
173493
173492
173490
173493
173495
173492
173492
173492
173497
173501
173500
173496
173493
173497
173500
173496
173492
173493
173498
173500
173496
173491
173487
173493
173500
173498
173494
173494
173493
173493
173494
173494
173494
173498
173502
173504
173500
173497
173500
173504
173502
173497
173494
173496
173497
173499
173496
173493
173500
173508
173506
173503
173504
173509
173511
173507
173505
173506
173513
173514
173511
173509
173509
173511
173513
173511
173509
173510
173511
173513
173513
173511
173510
173513
173519
173518
173515
173517
173522
173525
173521
173516
173516
173513
173512
173515
173515
173515
173516
173522
173520
173519
173520
173520
173521
173520
173518
173517
173518
173523
173522
173519
173518
173521
173523
173519
173515
173517
173520
173521
173519
173513
173514
173518
173519
173517
173514
173513
173513
173518
173522
173520
173517
173519
173524
173520
173513
173509
173519
173522
173519
173518
173519
173520
173520
173517
173513
173518
173526
173532
173528
173522
173519
173523
173527
173527
173527
173529
173529
173530
173528
173522
173518
173520
173524
173524
173526
173529
173530
173527
173526
173523
173521
173520
173520
173521
173520
173520
173524
173526
173520
173515
173514
173517
173519
173522
173521
173519
173524
173530
173525
173521
173522
173524
173522
173516
173515
173516
173518
173519
173517
173514
173514
173513
173512
173516
173519
173519
173520
173523
173521
173522
173524
173527
173528
173524
173518
173513
173515
173516
173513
173507
173509
173515
173516
173514
173510
173509
173507
173508
173506
173500
173503
173510
173512
173512
173509
173509
173515
173517
173515
173511
173508
173505
173510
173510
173507
173510
173516
173517
173517
173513
173512
173518
173519
173515
173512
173510
173511
173512
173510
173510
173513
173513
173514
173515
173512
173511
173512
173514
173512
173510
173508
173506
173510
173513
173511
173511
173514
173515
173513
173508
173509
173514
173518
173515
173510
173510
173516
173519
173517
173512
173508
173516
173519
173512
173506
173506
173507
173508
173508
173504
173500
173508
173513
173510
173507
173507
173509
173511
173510
173510
173511
173513
173512
173511
173510
173508
173508
173509
173510
173509
173509
173511
173509
173512
173511
173507
173506
173508
173505
173504
173506
173508
173511
173509
173504
173499
173501
173504
173504
173501
173501
173504
173506
173504
173501
173502
173507
173509
173505
173500
173505
173510
173510
173509
173503
173504
173508
173507
173501
173498
173501
173509
173509
173505
173507
173513
173516
173514
173508
173503
173501
173507
173514
173515
173511
173508
173513
173512
173509
173506
173506
173508
173512
173508
173509
173513
173515
173514
173511
173508
173507
173514
173516
173507
173502
173500
173497
173506
173510
173507
173508
173515
173515
173512
173510
173509
173510
173510
173511
173512
173512
173516
173516
173510
173511
173513
173514
173516
173514
173511
173509
173511
173515
173516
173514
173511
173511
173516
173516
173514
173514
173516
173517
173516
173512
173510
173510
173511
173510
173506
173502
173502
173506
173505
173503
173503
173505
173506
173510
173509
173509
173514
173516
173513
173511
173513
173517
173520
173516
173512
173511
173508
173512
173516
173511
173510
173513
173516
173517
173515
173510
173509
173512
173511
173508
173510
173516
173520
173519
173518
173519
173519
173524
173523
173519
173517
173517
173516
173512
173508
173508
173510
173514
173516
173515
173515
173518
173516
173513
173512
173512
173516
173517
173515
173514
173512
173515
173517
173516
173520
173523
173524
173526
173523
173518
173514
173516
173522
173522
173521
173522
173527
173529
173526
173524
173522
173520
173519
173517
173514
173512
173517
173521
173523
173521
173520
173524
173531
173532
173529
173527
173530
173535
173534
173531
173527
173526
173528
173532
173530
173529
173532
173532
173528
173525
173521
173517
173521
173522
173522
173524
173527
173529
173528
173528
173528
173528
173526
173526
173525
173522
173525
173529
173529
173530
173531
173536
173540
173539
173534
173530
173531
173529
173524
173520
173520
173524
173525
173521
173518
173516
173519
173525
173524
173520
173515
173515
173515
173510
173510
173512
173514
173523
173528
173526
173526
173529
173531
173527
173523
173520
173520
173520
173520
173522
173524
173525
173532
173532
173525
173526
173528
173527
173524
173520
173517
173518
173523
173522
173518
173516
173519
173526
173528
173524
173521
173521
173522
173515
173513
173516
173519
173523
173524
173524
173522
173522
173523
173519
173513
173515
173520
173521
173520
173518
173518
173522
173524
173519
173509
173508
173512
173513
173511
173509
173509
173510
173514
173515
173514
173513
173515
173521
173518
173514
173515
173520
173524
173526
173526
173524
173530
173534
173528
173520
173519
173524
173523
173521
173519
173519
173527
173533
173530
173524
173525
173530
173533
173531
173527
173527
173528
173528
173523
173523
173524
173526
173527
173526
173525
173527
173529
173532
173532
173528
173525
173527
173533
173535
173533
173531
173531
173534
173533
173530
173526
173530
173535
173533
173529
173528
173528
173534
173535
173534
173534
173535
173533
173529
173531
173529
173530
173532
173534
173536
173534
173536
173541
173542
173537
173534
173540
173543
173545
173545
173542
173544
173546
173542
173536
173534
173538
173539
173533
173534
173533
173537
173542
173545
173544
173543
173543
173547
173544
173539
173545
173550
173554
173550
173545
173541
173546
173554
173552
173548
173549
173553
173556
173553
173550
173550
173553
173553
173548
173548
173552
173555
173555
173554
173553
173552
173556
173560
173558
173555
173554
173559
173564
173563
173557
173555
173556
173557
173558
173554
173554
173558
173564
173566
173565
173564
173566
173565
173559
173553
173553
173561
173567
173567
173564
173560
173562
173563
173561
173558
173556
173559
173561
173560
173563
173563
173564
173567
173567
173563
173563
173566
173566
173563
173566
173568
173570
173572
173570
173566
173565
173563
173566
173570
173567
173566
173567
173568
173566
173558
173555
173563
173571
173570
173568
173566
173569
173573
173572
173569
173568
173568
173568
173570
173569
173568
173567
173568
173567
173566
173567
173568
173571
173568
173565
173569
173574
173578
173577
173574
173572
173575
173580
173579
173577
173574
173572
173577
173578
173575
173574
173575
173576
173572
173565
173569
173576
173579
173578
173578
173579
173582
173583
173580
173577
173575
173577
173580
173578
173573
173572
173580
173586
173585
173583
173583
173584
173585
173583
173576
173578
173585
173588
173587
173587
173588
173590
173592
173594
173591
173587
173590
173593
173592
173590
173590
173593
173596
173594
173590
173589
173592
173595
173593
173587
173588
173592
173596
173595
173591
173589
173591
173594
173593
173593
173591
173594
173599
173599
173595
173593
173597
173601
173597
173599
173602
173603
173603
173601
173597
173592
173593
173598
173597
173595
173596
173598
173601
173599
173599
173600
173598
173600
173602
173600
173600
173602
173605
173607
173604
173601
173606
173610
173607
173603
173601
173601
173604
173602
173601
173601
173602
173604
173603
173597
173599
173606
173609
173604
173600
173598
173602
173604
173603
173599
173597
173599
173604
173604
173603
173606
173609
173610
173608
173605
173605
173610
173614
173613
173611
173607
173606
173608
173612
173609
173607
173609
173609
173607
173605
173606
173608
173606
173600
173594
173594
173599
173600
173595
173592
173594
173598
173600
173601
173599
173596
173597
173600
173601
173598
173596
173597
173596
173600
173604
173603
173605
173608
173605
173602
173599
173601
173606
173605
173604
173605
173608
173607
173608
173606
173599
173597
173600
173599
173597
173595
173597
173600
173596
173594
173593
173594
173595
173591
173588
173588
173592
173597
173597
173597
173596
173597
173600
173601
173599
173595
173598
173601
173599
173598
173598
173599
173605
173605
173601
173598
173600
173601
173600
173596
173593
173594
173593
173591
173593
173592
173591
173592
173592
173591
173591
173597
173601
173600
173600
173598
173599
173602
173601
173597
173596
173598
173594
173593
173591
173588
173591
173597
173599
173595
173598
173601
173604
173603
173600
173598
173601
173602
173599
173594
173592
173593
173595
173595
173593
173591
173592
173599
173602
173599
173596
173596
173597
173593
173587
173588
173592
173598
173599
173598
173597
173600
173602
173599
173592
173596
173601
173604
173603
173597
173592
173593
173594
173591
173590
173590
173592
173591
173589
173591
173591
173592
173592
173591
173587
173586
173588
173593
173593
173595
173596
173597
173597
173594
173592
173590
173593
173597
173601
173602
173602
173606
173607
173605
173603
173602
173601
173603
173601
173595
173594
173595
173600
173602
173598
173594
173593
173593
173590
173588
173589
173591
173595
173594
173587
173586
173593
173596
173595
173593
173591
173594
173595
173592
173591
173593
173597
173601
173601
173599
173596
173600
173604
173602
173597
173595
173597
173601
173601
173598
173593
173595
173602
173601
173597
173597
173600
173604
173603
173600
173599
173598
173597
173601
173600
173598
173598
173600
173598
173595
173593
173596
173601
173604
173603
173602
173602
173604
173599
173598
173596
173599
173604
173604
173601
173600
173606
173609
173606
173605
173604
173606
173608
173609
173605
173601
173602
173608
173610
173610
173610
173612
173612
173611
173606
173602
173604
173606
173605
173599
173597
173602
173604
173603
173599
173595
173595
173597
173597
173594
173594
173597
173599
173598
173597
173597
173599
173598
173599
173599
173597
173598
173602
173602
173599
173597
173600
173604
173605
173606
173602
173600
173606
173608
173606
173603
173602
173601
173601
173597
173592
173593
173596
173595
173592
173591
173593
173594
173592
173589
173588
173590
173589
173588
173588
173588
173592
173596
173596
173593
173593
173599
173604
173603
173599
173597
173596
173597
173595
173591
173589
173590
173594
173595
173596
173595
173597
173601
173601
173598
173595
173594
173592
173592
173592
173589
173587
173589
173589
173586
173583
173590
173594
173594
173595
173597
173601
173606
173607
173603
173602
173602
173603
173603
173600
173593
173595
173600
173597
173594
173593
173596
173597
173596
173594
173597
173601
173604
173605
173603
173600
173603
173604
173600
173597
173592
173590
173591
173591
173587
173586
173589
173592
173591
173589
173590
173591
173595
173600
173600
173602
173607
173610
173607
173605
173602
173601
173597
173596
173596
173594
173597
173603
173606
173604
173603
173605
173608
173609
173604
173602
173608
173609
173605
173600
173598
173597
173601
173603
173600
173600
173604
173608
173608
173605
173605
173609
173612
173610
173606
173602
173600
173605
173605
173601
173597
173598
173599
173599
173598
173599
173604
173609
173609
173610
173612
173616
173616
173612
173612
173610
173610
173610
173607
173602
173598
173599
173603
173603
173601
173600
173602
173607
173608
173605
173604
173613
173616
173615
173613
173611
173612
173615
173613
173610
173608
173611
173616
173614
173613
173619
173623
173625
173624
173620
173616
173614
173613
173610
173610
173614
173615
173618
173618
173616
173615
173618
173625
173628
173627
173625
173626
173626
173624
173623
173621
173621
173620
173622
173622
173622
173627
173629
173628
173623
173623
173624
173625
173622
173617
173615
173614
173620
173622
173620
173617
173620
173625
173626
173625
173622
173623
173630
173628
173625
173626
173630
173634
173635
173635
173636
173637
173637
173637
173635
173631
173632
173640
173640
173633
173629
173630
173631
173626
173622
173620
173620
173621
173622
173621
173619
173623
173624
173623
173628
173627
173628
173629
173627
173625
173625
173625
173625
173623
173619
173615
173615
173617
173621
173623
173620
173622
173626
173629
173625
173627
173632
173637
173639
173638
173636
173639
173641
173639
173635
173632
173636
173640
173639
173636
173632
173632
173634
173632
173625
173622
173626
173629
173627
173622
173619
173620
173623
173623
173620
173618
173622
173626
173624
173622
173621
173626
173626
173625
173628
173628
173628
173630
173630
173629
173627
173632
173636
173637
173635
173631
173631
173630
173629
173631
173627
173627
173628
173628
173627
173628
173629
173631
173629
173627
173626
173630
173628
173624
173624
173623
173628
173633
173634
173632
173631
173633
173635
173634
173632
173631
173633
173635
173635
173633
173632
173632
173634
173637
173638
173639
173642
173646
173650
173650
173650
173652
173656
173654
173651
173649
173649
173651
173647
173642
173637
173639
173640
173638
173636
173636
173639
173643
173646
173644
173642
173643
173644
173642
173640
173639
173640
173645
173650
173647
173641
173641
173642
173640
173636
173634
173637
173641
173639
173635
173630
173628
173629
173629
173631
173633
173638
173639
173637
173634
173632
173638
173643
173641
173636
173636
173637
173638
173635
173634
173634
173637
173637
173636
173636
173634
173634
173635
173634
173632
173632
173634
173634
173630
173624
173624
173630
173631
173632
173630
173627
173631
173635
173635
173633
173630
173631
173634
173633
173631
173626
173628
173635
173635
173634
173636
173639
173640
173639
173635
173627
173624
173628
173625
173622
173620
173624
173626
173625
173624
173624
173623
173625
173626
173622
173625
173630
173634
173633
173630
173628
173631
173633
173629
173627
173626
173627
173628
173628
173625
173622
173621
173622
173622
173620
173620
173624
173627
173626
173621
173620
173619
173619
173622
173620
173616
173615
173619
173620
173616
173611
173611
173612
173609
173605
173600
173603
173606
173604
173600
173598
173600
173601
173595
173594
173598
173601
173602
173604
173602
173600
173602
173605
173605
173603
173601
173604
173607
173604
173600
173596
173595
173595
173601
173604
173605
173607
173611
173611
173608
173604
173603
173604
173599
173594
173596
173601
173603
173601
173600
173601
173604
173607
173606
173601
173597
173596
173596
173594
173592
173593
173595
173594
173595
173595
173594
173596
173599
173601
173602
173603
173608
173609
173608
173602
173593
173593
173600
173600
173596
173593
173593
173594
173596
173595
173593
173594
173595
173599
173596
173591
173592
173592
173589
173588
173587
173588
173590
173590
173589
173587
173591
173595
173591
173586
173587
173591
173595
173595
173590
173590
173592
173595
173596
173593
173591
173593
173593
173592
173590
173589
173588
173589
173592
173593
173590
173590
173596
173592
173587
173589
173590
173590
173588
173585
173586
173591
173595
173596
173594
173592
173593
173593
173589
173589
173587
173585
173589
173588
173583
173577
173576
173574
173572
173572
173574
173581
173586
173589
173589
173589
173594
173601
173603
173600
173595
173595
173597
173593
173586
173582
173582
173583
173583
173582
173583
173585
173585
173584
173585
173584
173584
173585
173584
173581
173580
173581
173581
173579
173575
173570
173571
173578
173581
173583
173584
173586
173588
173588
173585
173584
173586
173590
173593
173592
173589
173588
173594
173597
173594
173594
173596
173597
173594
173591
173587
173584
173587
173594
173595
173594
173598
173603
173605
173602
173605
173610
173610
173611
173614
173613
173611
173611
173611
173606
173606
173609
173611
173612
173610
173609
173608
173609
173606
173602
173599
173598
173601
173605
173605
173602
173599
173600
173600
173597
173594
173596
173602
173602
173595
173593
173599
173602
173601
173596
173594
173598
173605
173607
173603
173600
173603
173604
173603
173598
173594
173595
173595
173594
173589
173582
173587
173592
173592
173588
173584
173585
173588
173589
173586
173580
173576
173578
173584
173585
173586
173590
173593
173594
173592
173590
173588
173589
173591
173589
173588
173592
173593
173590
173589
173587
173586
173587
173588
173586
173585
173585
173585
173585
173583
173580
173583
173591
173593
173591
173591
173595
173597
173594
173592
173591
173588
173588
173589
173588
173589
173592
173593
173595
173593
173591
173593
173597
173600
173600
173597
173597
173599
173596
173593
173595
173599
173599
173596
173592
173589
173591
173597
173601
173599
173597
173598
173602
173608
173610
173609
173611
173615
173617
173614
173609
173610
173612
173607
173605
173607
173610
173612
173610
173608
173606
173607
173610
173612
173613
173614
173612
173616
173618
173616
173614
173616
173619
173623
173620
173617
173619
173621
173622
173618
173613
173610
173612
173619
173619
173615
173614
173614
173614
173611
173609
173612
173615
173617
173615
173613
173612
173612
173609
173603
173603
173606
173612
173613
173613
173615
173619
173625
173629
173628
173628
173631
173632
173629
173627
173624
173623
173627
173625
173622
173617
173617
173618
173618
173613
173611
173616
173619
173619
173618
173615
173618
173621
173622
173622
173623
173626
173630
173631
173627
173620
173624
173628
173628
173629
173633
173640
173642
173640
173638
173634
173630
173631
173637
173636
173633
173634
173634
173633
173631
173629
173630
173632
173629
173627
173627
173628
173630
173629
173626
173624
173628
173634
173637
173634
173630
173630
173631
173628
173631
173632
173632
173634
173634
173632
173630
173633
173639
173643
173644
173643
173644
173641
173641
173644
173640
173635
173633
173629
173626
173621
173624
173633
173635
173633
173631
173633
173635
173635
173632
173629
173632
173636
173635
173632
173631
173635
173636
173641
173646
173644
173643
173642
173638
173632
173629
173630
173632
173637
173638
173637
173637
173639
173639
173639
173637
173637
173641
173647
173647
173648
173651
173655
173655
173655
173655
173656
173653
173653
173653
173648
173646
173648
173648
173646
173646
173650
173650
173652
173650
173648
173654
173656
173653
173648
173644
173644
173650
173652
173648
173645
173645
173646
173646
173646
173642
173640
173645
173651
173649
173645
173643
173644
173644
173642
173640
173641
173641
173640
173639
173638
173640
173642
173643
173641
173641
173642
173646
173649
173645
173641
173643
173642
173644
173647
173648
173651
173653
173652
173646
173640
173643
173647
173645
173642
173639
173641
173647
173650
173649
173646
173650
173652
173652
173648
173646
173649
173650
173650
173644
173642
173650
173653
173654
173652
173651
173655
173657
173652
173649
173649
173648
173649
173646
173645
173645
173642
173647
173651
173651
173649
173650
173648
173649
173648
173646
173646
173647
173646
173648
173648
173649
173650
173647
173645
173646
173648
173648
173649
173649
173648
173649
173647
173646
173645
173644
173648
173653
173652
173648
173649
173653
173654
173652
173646
173640
173639
173639
173640
173642
173643
173647
173649
173649
173643
173645
173652
173653
173655
173654
173652
173653
173651
173647
173645
173643
173644
173644
173640
173637
173639
173640
173644
173645
173644
173644
173646
173650
173647
173644
173643
173644
173643
173639
173637
173637
173639
173644
173647
173648
173642
173644
173649
173649
173648
173646
173645
173647
173645
173641
173639
173640
173641
173646
173648
173645
173644
173647
173646
173642
173638
173642
173645
173644
173641
173638
173640
173642
173640
173635
173633
173635
173639
173640
173635
173634
173641
173647
173647
173642
173638
173640
173640
173640
173638
173636
173636
173638
173636
173629
173630
173632
173632
173632
173632
173636
173641
173643
173648
173645
173642
173645
173649
173649
173648
173646
173645
173645
173645
173641
173638
173641
173646
173646
173647
173646
173649
173651
173650
173644
173641
173647
173649
173648
173647
173645
173644
173644
173645
173644
173643
173646
173650
173652
173646
173642
173643
173643
173643
173641
173639
173639
173638
173640
173641
173640
173643
173647
173649
173644
173640
173639
173639
173643
173641
173636
173639
173647
173648
173644
173641
173641
173646
173648
173644
173640
173641
173642
173639
173634
173632
173638
173645
173647
173645
173643
173646
173646
173643
173642
173643
173645
173648
173651
173650
173648
173651
173654
173652
173646
173641
173644
173648
173647
173645
173643
173643
173643
173643
173642
173638
173639
173642
173643
173646
173644
173646
173648
173648
173641
173638
173639
173642
173641
173637
173637
173637
173640
173640
173637
173634
173633
173636
173637
173636
173637
173641
173644
173642
173642
173644
173646
173646
173644
173641
173640
173641
173645
173644
173638
173635
173639
173641
173641
173640
173637
173635
173635
173632
173631
173633
173634
173634
173631
173628
173626
173626
173627
173630
173628
173625
173625
173626
173634
173638
173636
173634
173637
173640
173639
173639
173643
173645
173642
173638
173635
173639
173644
173645
173643
173643
173649
173652
173651
173650
173649
173647
173644
173642
173639
173638
173640
173643
173644
173642
173640
173643
173646
173643
173646
173648
173650
173652
173653
173651
173647
173644
173650
173655
173654
173650
173653
173660
173661
173656
173652
173652
173650
173652
173656
173656
173658
173660
173661
173658
173656
173656
173655
173657
173657
173656
173660
173660
173657
173655
173654
173656
173660
173659
173655
173654
173656
173654
173656
173658
173659
173661
173662
173661
173658
173653
173652
173653
173651
173652
173657
173657
173659
173661
173656
173652
173655
173659
173659
173656
173655
173656
173657
173655
173656
173657
173656
173656
173659
173659
173659
173661
173663
173663
173660
173659
173664
173666
173665
173661
173658
173660
173663
173666
173663
173655
173658
173662
173660
173657
173656
173659
173661
173658
173658
173653
173649
173656
173670
173672
173668
173670
173674
173675
173669
173665
173665
173667
173669
173668
173665
173666
173668
173672
173671
173666
173665
173667
173666
173663
173658
173665
173672
173675
173674
173669
173668
173667
173669
173671
173669
173671
173674
173674
173674
173672
173672
173672
173675
173676
173674
173670
173673
173675
173672
173671
173674
173676
173676
173675
173673
173673
173673
173675
173672
173669
173674
173676
173675
173672
173669
173669
173671
173669
173662
173656
173662
173669
173666
173659
173654
173656
173661
173656
173654
173659
173664
173668
173669
173669
173668
173668
173667
173667
173667
173662
173659
173663
173664
173660
173659
173661
173664
173662
173659
173656
173660
173665
173666
173665
173663
173663
173667
173671
173669
173667
173669
173671
173671
173669
173665
173669
173676
173675
173672
173668
173668
173669
173670
173667
173663
173664
173664
173667
173670
173670
173671
173673
173671
173672
173672
173673
173674
173672
173669
173667
173671
173678
173681
173680
173676
173674
173677
173678
173672
173673
173676
173679
173678
173675
173675
173682
173685
173683
173685
173687
173689
173690
173689
173685
173681
173681
173683
173681
173683
173683
173683
173684
173682
173679
173674
173676
173681
173685
173683
173681
173684
173688
173691
173687
173682
173682
173684
173688
173686
173684
173690
173694
173695
173693
173690
173690
173693
173695
173692
173689
173689
173690
173691
173691
173688
173688
173689
173690
173688
173684
173682
173684
173686
173685
173683
173683
173686
173687
173685
173683
173686
173691
173688
173684
173687
173693
173696
173696
173692
173689
173688
173691
173692
173687
173683
173682
173683
173685
173683
173685
173692
173697
173699
173695
173693
173694
173695
173693
173687
173691
173698
173700
173698
173694
173690
173690
173691
173689
173686
173688
173692
173693
173693
173688
173684
173682
173685
173687
173688
173685
173683
173687
173690
173689
173685
173686
173691
173692
173691
173691
173694
173699
173708
173708
173704
173704
173703
173698
173691
173687
173691
173693
173697
173702
173702
173704
173704
173703
173699
173694
173693
173693
173688
173688
173688
173690
173694
173695
173695
173694
173694
173690
173688
173696
173700
173699
173696
173699
173699
173698
173700
173702
173703
173702
173703
173706
173708
173708
173708
173708
173712
173715
173716
173714
173710
173714
173720
173718
173713
173708
173712
173715
173713
173706
173702
173702
173704
173709
173707
173704
173706
173708
173707
173709
173710
173711
173714
173713
173707
173703
173705
173704
173701
173697
173696
173700
173705
173706
173711
173712
173715
173719
173721
173717
173713
173716
173726
173730
173724
173715
173721
173723
173719
173711
173708
173711
173711
173710
173709
173710
173714
173715
173718
173720
173720
173726
173732
173731
173728
173730
173732
173734
173735
173733
173731
173730
173729
173727
173724
173718
173716
173714
173713
173711
173708
173709
173712
173710
173708
173708
173708
173715
173721
173722
173721
173723
173723
173722
173725
173725
173724
173729
173732
173730
173725
173724
173727
173728
173724
173723
173721
173718
173714
173714
173713
173715
173716
173716
173713
173709
173715
173720
173721
173724
173723
173723
173723
173723
173719
173713
173712
173723
173730
173730
173731
173728
173724
173727
173726
173725
173726
173725
173725
173724
173721
173721
173719
173720
173718
173719
173723
173725
173727
173724
173726
173733
173733
173732
173730
173727
173725
173720
173717
173713
173708
173706
173703
173700
173700
173701
173702
173704
173707
173712
173712
173714
173723
173726
173726
173725
173727
173732
173732
173734
173734
173732
173732
173738
173741
173737
173733
173738
173742
173738
173734
173734
173735
173740
173741
173737
173735
173735
173744
173744
173735
173728
173727
173726
173719
173711
173705
173705
173713
173713
173713
173716
173720
173723
173723
173719
173720
173726
173729
173725
173722
173720
173723
173728
173724
173720
173721
173720
173719
173715
173716
173719
173722
173725
173721
173719
173719
173718
173720
173713
173706
173705
173702
173702
173698
173697
173705
173710
173713
173712
173711
173711
173710
173716
173716
173713
173717
173721
173721
173718
173715
173715
173717
173719
173715
173713
173719
173722
173724
173722
173715
173717
173721
173718
173711
173706
173715
173719
173718
173715
173712
173712
173714
173711
173702
173704
173711
173714
173718
173717
173710
173706
173718
173725
173726
173724
173724
173727
173728
173727
173723
173725
173725
173722
173725
173722
173722
173726
173728
173728
173724
173721
173724
173726
173722
173717
173715
173715
173718
173716
173714
173717
173721
173721
173718
173712
173714
173717
173718
173718
173716
173717
173720
173725
173723
173723
173724
173726
173731
173725
173721
173723
173725
173727
173727
173723
173725
173730
173730
173727
173730
173734
173735
173736
173733
173725
173726
173732
173734
173732
173729
173725
173729
173733
173727
173718
173715
173719
173719
173714
173712
173712
173716
173724
173723
173716
173719
173723
173722
173717
173723
173724
173718
173717
173716
173715
173714
173709
173710
173711
173704
173704
173704
173703
173696
173692
173699
173700
173700
173699
173696
173693
173692
173697
173693
173685
173683
173685
173684
173678
173677
173679
173682
173684
173683
173681
173686
173691
173693
173689
173683
173683
173692
173694
173693
173693
173696
173698
173697
173698
173697
173696
173695
173694
173692
173691
173688
173689
173690
173682
173682
173688
173688
173689
173687
173684
173685
173688
173689
173689
173686
173687
173694
173698
173694
173689
173690
173691
173690
173689
173685
173682
173690
173695
173693
173694
173694
173690
173694
173691
173685
173685
173688
173688
173683
173678
173684
173690
173690
173687
173685
173687
173688
173689
173685
173682
173680
173679
173685
173683
173682
173688
173690
173691
173686
173681
173677
173681
173686
173685
173682
173681
173682
173684
173684
173678
173680
173687
173690
173688
173684
173684
173683
173689
173687
173682
173682
173682
173689
173688
173682
173684
173693
173696
173694
173690
173690
173691
173692
173691
173688
173690
173696
173694
173693
173695
173699
173701
173702
173696
173692
173694
173694
173693
173688
173685
173688
173691
173694
173688
173687
173691
173693
173693
173690
173689
173690
173690
173688
173680
173678
173682
173682
173686
173689
173692
173692
173692
173692
173695
173697
173700
173700
173704
173710
173710
173711
173714
173715
173710
173706
173704
173704
173710
173709
173701
173694
173695
173694
173689
173684
173683
173688
173692
173690
173686
173692
173694
173695
173693
173690
173691
173690
173694
173699
173697
173697
173703
173706
173705
173699
173698
173706
173713
173711
173709
173709
173711
173716
173716
173710
173709
173711
173710
173709
173710
173713
173713
173713
173716
173713
173710
173706
173709
173709
173699
173696
173696
173694
173693
173695
173702
173707
173707
173703
173704
173710
173714
173718
173717
173714
173714
173717
173719
173715
173713
173718
173723
173724
173723
173719
173721
173727
173726
173724
173720
173719
173722
173721
173720
173723
173724
173724
173722
173718
173717
173717
173718
173718
173715
173714
173718
173721
173721
173717
173716
173718
173720
173720
173716
173716
173716
173716
173719
173720
173719
173721
173722
173729
173733
173731
173733
173736
173736
173734
173734
173733
173737
173743
173743
173738
173733
173731
173735
173731
173726
173727
173733
173734
173731
173725
173721
173726
173732
173727
173723
173722
173724
173724
173718
173716
173716
173721
173726
173725
173725
173729
173731
173734
173737
173735
173734
173733
173736
173735
173733
173733
173738
173740
173734
173727
173725
173731
173733
173732
173728
173724
173729
173732
173728
173724
173722
173725
173728
173728
173725
173723
173729
173730
173728
173723
173726
173730
173732
173728
173728
173730
173733
173736
173735
173732
173733
173733
173736
173739
173736
173738
173740
173741
173737
173730
173727
173736
173745
173743
173738
173739
173743
173745
173738
173731
173731
173737
173738
173733
173731
173732
173735
173736
173740
173741
173741
173744
173745
173745
173741
173740
173741
173743
173738
173737
173743
173746
173749
173748
173744
173739
173742
173749
173746
173740
173736
173735
173739
173742
173740
173740
173742
173742
173736
173733
173741
173741
173741
173737
173732
173731
173736
173741
173737
173732
173730
173736
173739
173737
173738
173741
173743
173742
173740
173737
173736
173737
173735
173736
173741
173739
173737
173740
173744
173744
173743
173747
173752
173753
173750
173750
173754
173756
173750
173745
173743
173748
173752
173754
173754
173753
173750
173748
173749
173749
173745
173744
173740
173739
173742
173744
173747
173748
173747
173744
173740
173743
173747
173745
173742
173742
173751
173756
173755
173753
173751
173749
173748
173746
173745
173746
173748
173751
173755
173753
173750
173752
173753
173748
173743
173744
173745
173749
173751
173750
173751
173754
173755
173755
173752
173749
173748
173752
173748
173748
173747
173749
173754
173754
173754
173756
173757
173761
173760
173755
173752
173753
173762
173763
173761
173764
173765
173765
173761
173753
173748
173752
173752
173749
173751
173752
173754
173763
173764
173761
173760
173766
173769
173766
173763
173767
173768
173764
173760
173760
173761
173759
173759
173756
173753
173751
173753
173759
173759
173757
173754
173757
173759
173757
173757
173757
173757
173755
173748
173746
173749
173750
173751
173749
173747
173749
173758
173763
173760
173756
173758
173759
173760
173763
173761
173759
173762
173759
173753
173752
173753
173754
173757
173756
173754
173759
173766
173770
173771
173766
173761
173761
173767
173762
173757
173759
173761
173758
173751
173751
173755
173756
173756
173756
173752
173749
173752
173760
173763
173761
173759
173761
173765
173762
173755
173757
173763
173766
173764
173764
173768
173770
173768
173762
173761
173761
173765
173768
173764
173762
173762
173769
173773
173769
173764
173766
173768
173766
173760
173755
173753
173754
173755
173754
173754
173755
173754
173761
173763
173762
173763
173767
173773
173773
173767
173769
173772
173771
173770
173767
173767
173767
173766
173760
173763
173766
173766
173767
173768
173763
173766
173772
173772
173765
173759
173757
173757
173759
173757
173751
173749
173752
173754
173755
173753
173752
173755
173760
173758
173758
173761
173764
173767
173764
173759
173757
173765
173769
173766
173760
173756
173755
173756
173757
173759
173759
173765
173767
173767
173767
173767
173768
173769
173765
173760
173764
173767
173765
173763
173758
173757
173758
173759
173756
173754
173758
173762
173764
173760
173762
173763
173764
173766
173760
173756
173763
173766
173768
173767
173761
173758
173758
173764
173766
173764
173763
173761
173766
173769
173769
173770
173773
173774
173769
173765
173766
173769
173771
173769
173764
173759
173760
173763
173761
173760
173760
173764
173765
173765
173765
173768
173769
173774
173775
173770
173769
173769
173767
173766
173768
173766
173768
173769
173764
173765
173769
173773
173772
173770
173771
173774
173774
173779
173782
173776
173774
173775
173776
173774
173769
173771
173777
173779
173777
173772
173769
173771
173777
173775
173773
173770
173775
173778
173777
173776
173773
173778
173778
173776
173776
173778
173781
173784
173786
173782
173778
173781
173784
173783
173782
173784
173790
173799
173796
173787
173786
173787
173787
173781
173775
173774
173776
173778
173782
173782
173782
173785
173787
173784
173786
173791
173793
173795
173793
173789
173787
173792
173796
173794
173792
173794
173794
173802
173802
173796
173795
173798
173800
173801
173801
173800
173800
173805
173806
173802
173804
173804
173802
173803
173800
173800
173801
173799
173797
173796
173794
173795
173799
173796
173793
173796
173796
173800
173804
173805
173804
173804
173805
173806
173799
173800
173807
173809
173808
173805
173805
173809
173814
173811
173811
173814
173811
173811
173813
173808
173808
173815
173816
173811
173805
173798
173801
173803
173797
173793
173798
173804
173807
173804
173803
173804
173805
173810
173811
173807
173806
173809
173810
173813
173813
173811
173812
173821
173822
173818
173815
173812
173815
173812
173807
173807
173809
173814
173815
173816
173816
173818
173818
173810
173802
173797
173804
173808
173806
173802
173804
173810
173808
173802
173804
173806
173809
173810
173805
173802
173801
173805
173810
173810
173806
173803
173807
173808
173803
173802
173806
173809
173814
173814
173807
173806
173814
173815
173811
173808
173809
173808
173809
173814
173812
173809
173811
173810
173806
173798
173792
173797
173799
173798
173796
173797
173799
173807
173808
173805
173802
173802
173806
173804
173803
173803
173807
173809
173809
173810
173810
173813
173820
173819
173817
173816
173820
173825
173822
173814
173812
173817
173820
173818
173813
173811
173814
173814
173808
173807
173802
173802
173807
173807
173805
173799
173799
173804
173805
173806
173809
173811
173813
173810
173807
173808
173808
173814
173815
173809
173804
173805
173812
173814
173813
173817
173820
173820
173821
173818
173815
173817
173822
173821
173814
173813
173815
173818
173815
173811
173808
173805
173800
173799
173797
173792
173799
173804
173801
173795
173796
173801
173807
173804
173797
173800
173805
173807
173810
173814
173816
173815
173821
173824
173823
173824
173825
173827
173821
173817
173814
173813
173820
173819
173812
173809
173810
173809
173803
173803
173804
173801
173797
173792
173787
173783
173782
173784
173781
173772
173764
173768
173776
173775
173773
173777
173779
173783
173788
173789
173789
173800
173811
173808
173805
173806
173808
173809
173804
173800
173802
173804
173809
173812
173809
173809
173810
173807
173799
173797
173794
173791
173790
173787
173782
173778
173776
173776
173777
173773
173772
173781
173788
173791
173795
173799
173804
173810
173812
173821
173824
173823
173826
173825
173821
173821
173822
173820
173820
173819
173818
173819
173820
173822
173819
173817
173820
173820
173813
173805
173797
173793
173794
173796
173793
173792
173800
173804
173803
173805
173808
173814
173820
173821
173815
173817
173822
173826
173822
173818
173816
173820
173826
173825
173822
173826
173833
173838
173835
173830
173829
173831
173832
173825
173822
173824
173827
173828
173824
173820
173819
173819
173821
173825
173821
173821
173829
173833
173830
173826
173826
173827
173829
173825
173821
173825
173829
173834
173833
173831
173833
173834
173833
173833
173829
173829
173831
173839
173842
173836
173837
173840
173838
173833
173830
173830
173832
173832
173831
173831
173828
173831
173831
173827
173825
173826
173830
173831
173834
173834
173834
173836
173839
173840
173838
173843
173848
173849
173848
173845
173845
173843
173847
173848
173842
173840
173845
173850
173851
173848
173845
173849
173852
173848
173840
173833
173835
173836
173830
173824
173822
173830
173835
173835
173833
173832
173833
173836
173835
173834
173834
173836
173836
173842
173845
173844
173846
173848
173839
173835
173835
173834
173833
173832
173830
173830
173831
173832
173829
173827
173829
173828
173829
173824
173815
173810
173811
173811
173808
173803
173796
173800
173803
173800
173797
173794
173792
173796
173796
173795
173796
173800
173805
173808
173809
173813
173816
173818
173818
173813
173814
173819
173817
173812
173808
173807
173807
173815
173815
173813
173812
173813
173815
173813
173806
173799
173801
173803
173804
173801
173798
173797
173793
173791
173793
173790
173793
173794
173793
173790
173790
173795
173798
173796
173798
173802
173806
173812
173813
173812
173811
173814
173818
173816
173810
173809
173816
173822
173820
173816
173813
173813
173814
173814
173810
173811
173817
173818
173814
173808
173803
173805
173805
173802
173798
173799
173804
173808
173809
173806
173804
173811
173817
173820
173820
173821
173826
173833
173836
173837
173835
173833
173838
173840
173835
173833
173836
173838
173838
173834
173834
173837
173836
173832
173828
173824
173824
173824
173817
173815
173815
173814
173814
173810
173804
173801
173801
173801
173801
173797
173798
173806
173810
173812
173813
173813
173812
173818
173825
173823
173822
173827
173831
173830
173827
173824
173821
173822
173824
173821
173818
173817
173817
173816
173813
173810
173811
173809
173800
173798
173796
173793
173794
173791
173787
173784
173784
173782
173782
173782
173780
173781
173780
173782
173785
173786
173792
173800
173802
173801
173804
173808
173816
173816
173812
173810
173812
173814
173814
173813
173812
173813
173819
173822
173819
173818
173819
173820
173819
173813
173804
173804
173805
173800
173795
173791
173794
173797
173797
173794
173793
173794
173802
173804
173805
173807
173811
173813
173809
173804
173808
173816
173820
173822
173819
173815
173822
173826
173823
173817
173815
173818
173820
173817
173812
173809
173805
173812
173811
173802
173796
173801
173806
173804
173799
173795
173799
173802
173800
173800
173802
173801
173802
173802
173797
173797
173804
173808
173809
173809
173809
173809
173815
173819
173816
173813
173814
173820
173819
173814
173813
173817
173817
173814
173810
173811
173812
173810
173806
173804
173802
173803
173800
173796
173799
173798
173798
173800
173804
173802
173800
173801
173806
173808
173806
173807
173817
173822
173824
173825
173821
173825
173833
173832
173826
173823
173823
173824
173820
173816
173816
173822
173827
173825
173818
173818
173820
173820
173818
173815
173813
173815
173816
173813
173806
173804
173810
173815
173815
173814
173812
173815
173822
173825
173825
173824
173827
173829
173827
173827
173826
173826
173826
173828
173831
173831
173833
173836
173835
173830
173828
173833
173834
173833
173827
173826
173830
173833
173833
173829
173828
173827
173830
173830
173825
173822
173821
173824
173823
173816
173815
173819
173822
173825
173824
173824
173832
173837
173834
173832
173830
173834
173838
173838
173839
173839
173839
173843
173842
173839
173839
173844
173848
173842
173839
173842
173843
173842
173842
173839
173833
173832
173832
173831
173828
173825
173826
173829
173826
173824
173828
173831
173831
173830
173831
173832
173831
173835
173841
173841
173839
173839
173846
173847
173847
173844
173848
173851
173849
173846
173839
173837
173838
173843
173846
173844
173843
173843
173842
173840
173838
173835
173834
173834
173831
173827
173828
173831
173826
173820
173824
173829
173828
173830
173829
173829
173828
173828
173828
173827
173828
173829
173837
173840
173843
173842
173844
173847
173843
173840
173839
173835
173844
173852
173843
173838
173846
173846
173844
173841
173838
173843
173843
173842
173838
173829
173834
173840
173838
173837
173835
173835
173836
173836
173839
173837
173839
173841
173841
173842
173842
173844
173849
173845
173845
173847
173849
173853
173855
173853
173848
173848
173849
173848
173847
173847
173847
173851
173853
173851
173849
173851
173851
173846
173843
173840
173839
173841
173843
173841
173838
173838
173842
173842
173840
173844
173847
173848
173848
173849
173851
173853
173852
173852
173853
173853
173853
173856
173859
173854
173850
173851
173853
173853
173850
173855
173861
173863
173856
173856
173857
173857
173855
173850
173851
173852
173851
173853
173852
173850
173846
173841
173837
173841
173847
173843
173843
173848
173851
173849
173852
173857
173857
173856
173854
173854
173854
173855
173857
173857
173856
173859
173862
173861
173859
173857
173859
173868
173869
173865
173865
173866
173864
173861
173859
173858
173857
173860
173858
173853
173851
173850
173848
173846
173846
173844
173846
173848
173846
173844
173840
173842
173850
173854
173855
173854
173855
173855
173859
173858
173856
173859
173864
173862
173857
173858
173860
173862
173862
173859
173856
173861
173867
173863
173858
173853
173856
173860
173859
173852
173847
173847
173848
173847
173848
173848
173851
173852
173851
173847
173848
173853
173853
173852
173851
173848
173847
173855
173857
173852
173855
173861
173864
173864
173859
173858
173857
173861
173864
173863
173857
