170895
170895
170901
170905
170901
170898
170900
170906
170909
170904
170899
170897
170898
170901
170898
170894
170895
170899
170903
170901
170898
170897
170899
170900
170897
170893
170892
170898
170901
170898
170896
170898
170903
170906
170903
170901
170903
170908
170910
170906
170903
170902
170906
170910
170907
170903
170902
170904
170907
170904
170900
170900
170906
170911
170909
170907
170908
170913
170915
170911
170906
170905
170909
170912
170909
170907
170910
170916
170919
170917
170913
170913
170916
170916
170911
170907
170908
170912
170915
170911
170907
170909
170914
170915
170911
170907
170911
170917
170921
170918
170915
170915
170920
170924
170922
170916
170916
170921
170924
170922
170919
170918
170921
170925
170924
170922
170925
170930
170934
170929
170924
170924
170928
170933
170930
170925
170926
170929
170931
170925
170920
170920
170924
170926
170922
170916
170918
170924
170927
170926
170922
170923
170928
170931
170925
170920
170919
170921
170924
170923
170920
170924
170930
170933
170930
170927
170927
170931
170936
170933
170929
170930
170935
170938
170934
170929
170931
170935
170938
170936
170932
170932
170935
170938
170933
170926
170928
170932
170934
170930
170926
170927
170929
170933
170930
170928
170930
170932
170933
170927
170920
170921
170926
170930
170927
170923
170927
170935
170938
170935
170931
170932
170935
170937
170932
170927
170927
170932
170936
170932
170929
170932
170936
170938
170935
170929
170929
170934
170938
170935
170931
170931
170934
170936
170933
170930
170932
170935
170938
170934
170929
170930
170933
170936
170933
170929
170931
170935
170939
170937
170933
170933
170938
170942
170939
170933
170933
170936
170936
170933
170931
170930
170934
170939
170937
170933
170934
170939
170941
170938
170934
170934
170936
170938
170933
170929
170931
170936
170940
170937
170932
170932
170933
170934
170933
170929
170931
170935
170938
170937
170934
170936
170942
170945
170944
170941
170942
170947
170951
170945
170941
170942
170945
170950
170946
170943
170944
170946
170946
170942
170938
170938
170943
170946
170943
170941
170942
170944
170945
170942
170938
170936
170939
170942
170938
170935
170936
170942
170945
170943
170939
170940
170944
170946
170941
170936
170938
170941
170942
170938
170932
170931
170935
170936
170934
170931
170931
170936
170939
170937
170934
170935
170939
170939
170932
170932
170933
170931
170935
170936
170929
170925
170931
170930
170921
170918
170920
170924
170925
170920
170917
170919
170923
170923
170917
170913
170916
170921
170924
170921
170918
170921
170926
170928
170923
170919
170919
170924
170926
170924
170922
170926
170931
170934
170931
170926
170926
170929
170930
170925
170920
170921
170926
170929
170925
170921
170924
170929
170930
170929
170927
170928
170933
170935
170932
170928
170930
170935
170938
170934
170929
170930
170931
170931
170923
170914
170920
170928
170930
170930
170928
170930
170936
170937
170935
170933
170935
170940
170942
170938
170934
170937
170941
170944
170940
170939
170940
170944
170948
170946
170943
170946
170952
170953
170950
170944
170944
170946
170947
170942
170938
170939
170942
170943
170939
170935
170936
170940
170942
170938
170933
170934
170936
170937
170933
170931
170935
170939
170939
170936
170933
170936
170939
170941
170937
170933
170936
170939
170941
170936
170933
170934
170938
170941
170936
170934
170938
170942
170944
170939
170935
170935
170938
170937
170933
170930
170932
170935
170937
170936
170934
170936
170941
170943
170938
170932
170931
170931
170930
170924
170921
170925
170930
170932
170930
170926
170927
170932
170934
170930
170928
170929
170932
170935
170930
170927
170930
170933
170936
170934
170931
170936
170942
170944
170939
170936
170938
170942
170944
170943
170941
170943
170947
170948
170944
170941
170944
170948
170950
170947
170943
170944
170946
170948
170943
170940
170942
170946
170945
170939
170933
170935
170940
170943
170940
170936
170938
170942
170943
170939
170935
170936
170941
170942
170938
170935
170940
170949
170951
170948
170945
170945
170948
170949
170948
170944
170947
170952
170956
170955
170952
170955
170959
170959
170953
170949
170950
170953
170953
170947
170942
170942
170946
170947
170943
170938
170941
170946
170947
170940
170936
170937
170942
170943
170940
170937
170940
170945
170946
170943
170941
170944
170949
170948
170944
170941
170944
170949
170950
170945
170940
170944
170949
170948
170942
170940
170943
170946
170945
170941
170936
170940
170944
170944
170940
170937
170941
170945
170945
170941
170938
170939
170943
170945
170940
170935
170936
170938
170939
170938
170935
170938
170941
170939
170936
170934
170937
170940
170940
170938
170936
170937
170940
170940
170937
170934
170938
170944
170943
170938
170935
170939
170944
170945
170941
170937
170941
170944
170943
170940
170939
170942
170947
170947
170944
170940
170942
170946
170948
170946
170944
170947
170952
170951
170946
170942
170946
170950
170949
170944
170941
170944
170948
170949
170945
170942
170944
170947
170947
170942
170937
170939
170944
170945
170942
170938
170940
170943
170944
170942
170941
170945
170950
170950
170946
170940
170941
170944
170944
170940
170937
170941
170944
170945
170939
170936
170941
170944
170946
170942
170939
170942
170946
170946
170942
170939
170942
170947
170948
170942
170940
170944
170948
170949
170948
170945
170948
170953
170953
170947
170941
170943
170947
170947
170944
170945
170951
170953
170952
170947
170944
170944
170946
170947
170942
170938
170939
170943
170944
170939
170934
170935
170939
170940
170937
170935
170939
170943
170942
170936
170931
170932
170934
170934
170931
170929
170935
170941
170942
170938
170934
170936
170939
170938
170934
170931
170935
170939
170939
170935
170932
170935
170939
170938
170934
170931
170933
170934
170936
170933
170930
170935
170941
170941
170938
170934
170937
170940
170939
170934
170930
170933
170938
170937
170932
170930
170933
170937
170936
170932
170931
170933
170937
170936
170933
170930
170932
170935
170933
170929
170927
170932
170936
170935
170931
170929
170931
170935
170934
170929
170925
170930
170936
170935
170931
170928
170929
170931
170930
170926
170922
170924
170928
170928
170925
170924
170929
170935
170935
170931
170927
170929
170931
170930
170925
170922
170927
170933
170931
170926
170924
170926
170932
170932
170929
170927
170930
170935
170933
170927
170922
170924
170929
170928
170923
170922
170927
170933
170934
170929
170925
170928
170931
170931
170928
170925
170930
170935
170936
170932
170929
170933
170936
170933
170927
170923
170927
170933
170933
170930
170927
170931
170934
170932
170928
170925
170931
170937
170934
170924
170919
170925
170931
170933
170931
170928
170932
170934
170932
170926
170922
170925
170930
170930
170926
170923
170925
170928
170927
170924
170922
170925
170929
170928
170924
170923
170929
170933
170931
170926
170925
170929
170933
170931
170927
170924
170928
170934
170935
170930
170927
170930
170934
170934
170931
170928
170928
170933
170936
170933
170928
170931
170933
170931
170929
170927
170931
170935
170936
170931
170927
170930
170933
170931
170927
170925
170930
170936
170937
170932
170928
170930
170934
170933
170929
170925
170926
170930
170930
170926
170925
170930
170935
170935
170931
170927
170929
170929
170926
170922
170922
170927
170933
170933
170930
170928
170931
170933
170933
170930
170926
170927
170932
170932
170927
170926
170932
170937
170937
170934
170931
170934
170937
170936
170933
170930
170931
170932
170928
170923
170921
170926
170933
170934
170931
170930
170933
170936
170933
170928
170923
170924
170927
170926
170922
170920
170924
170930
170930
170926
170923
170926
170930
170930
170929
170928
170933
170936
170933
170929
170924
170925
170927
170926
170921
170920
170925
170929
170928
170922
170919
170921
170925
170924
170922
170922
170928
170933
170931
170926
170922
170925
170927
170927
170923
170921
170924
170927
170925
170920
170917
170919
170924
170923
170918
170917
170922
170927
170926
170922
170920
170925
170931
170930
170925
170923
170926
170933
170932
170926
170921
170924
170928
170927
170922
170920
170925
170929
170927
170922
170919
170921
170926
170926
170923
170923
170928
170931
170928
170923
170921
170924
170928
170926
170921
170919
170922
170926
170924
170920
170919
170925
170931
170931
170926
170925
170930
170934
170932
170927
170924
170927
170931
170929
170924
170922
170925
170931
170931
170926
170924
170928
170930
170928
170925
170922
170926
170931
170928
170924
170921
170925
170928
170926
170922
170919
170923
170930
170930
170927
170924
170928
170932
170929
170923
170922
170925
170928
170924
170919
170917
170922
170925
170925
170923
170920
170922
170925
170921
170916
170913
170918
170922
170923
170921
170919
170922
170927
170926
170923
170919
170923
170927
170925
170921
170918
170921
170924
170924
170921
170920
170925
170929
170928
170925
170922
170926
170929
170928
170925
170922
170927
170932
170932
170927
170924
170929
170929
170925
170921
170919
170924
170928
170927
170922
170920
170923
170927
170927
170926
170924
170929
170932
170929
170923
170920
170922
170925
170923
170921
170921
170926
170930
170928
170924
170920
170924
170930
170929
170926
170925
170930
170934
170932
170927
170926
170928
170932
170930
170926
170923
170927
170930
170928
170924
170923
170926
170930
170927
170922
170923
170927
170933
170930
170925
170924
170928
170931
170928
170926
170925
170931
170937
170937
170934
170933
170935
170937
170935
170929
170928
170934
170939
170937
170933
170932
170935
170937
170930
170924
170922
170926
170931
170928
170923
170921
170925
170930
170928
170924
170924
170929
170933
170931
170925
170924
170929
170933
170929
170924
170922
170926
170926
170922
170917
170916
170922
170928
170929
170926
170926
170929
170932
170928
170924
170924
170928
170930
170927
170923
170923
170925
170929
170928
170924
170926
170931
170936
170933
170926
170922
170925
170927
170924
170922
170922
170927
170931
170928
170925
170926
170928
170929
170922
170916
170918
170924
170928
170927
170925
170925
170931
170934
170933
170927
170926
170929
170931
170928
170924
170923
170926
170930
170928
170923
170923
170928
170931
170928
170923
170921
170925
170928
170924
170920
170920
170925
170930
170928
170924
170922
170925
170927
170924
170918
170919
170925
170928
170925
170921
170921
170926
170929
170926
170922
170920
170924
170926
170922
170919
170917
170922
170928
170926
170923
170926
170932
170935
170931
170926
170925
170928
170931
170927
170923
170924
170928
170932
170931
170927
170928
170931
170934
170932
170927
170927
170932
170934
170930
170925
170923
170926
170929
170925
170922
170922
170923
170926
170921
170917
170916
170918
170922
170919
170914
170914
170919
170925
170923
170918
170918
170922
170924
170920
170914
170914
170920
170925
170925
170925
170927
170930
170932
170929
170923
170922
170926
170931
170928
170925
170924
170927
170930
170927
170923
170924
170930
170933
170931
170927
170927
170931
170932
170927
170923
170922
170926
170929
170927
170925
170926
170929
170932
170929
170924
170926
170930
170929
170925
170919
170918
170924
170927
170925
170921
170919
170924
170926
170922
170918
170917
170921
170922
170920
170916
170916
170920
170923
170920
170913
170912
170917
170921
170917
170914
170915
170920
170923
170920
170916
170918
170921
170923
170919
170914
170915
170920
170922
170920
170918
170919
170923
170922
170915
170912
170914
170916
170917
170915
170911
170912
170918
170922
170919
170913
170912
170917
170918
170915
170912
170913
170917
170922
170920
170915
170915
170920
170921
170915
170911
170912
170917
170919
170914
170911
170910
170913
170915
170913
170909
170909
170914
170918
170914
170910
170912
170916
170920
170918
170915
170914
170917
170921
170916
170910
170912
170917
170919
170915
170910
170910
170913
170916
170913
170909
170909
170915
170918
170917
170912
170915
170919
170922
170918
170913
170913
170916
170920
170917
170915
170919
170924
170925
170915
170905
170910
170916
170917
170912
170905
170906
170910
170913
170909
170904
170906
170910
170913
170909
170905
170905
170910
170914
170910
170907
170909
170914
170915
170910
170905
170905
170907
170910
170906
170903
170905
170911
170914
170910
170908
170909
170913
170915
170911
170907
170909
170913
170916
170912
170909
170910
170915
170917
170914
170912
170916
170921
170922
170918
170913
170914
170919
170921
170916
170912
170911
170914
170915
170913
170910
170910
170914
170916
170910
170906
170911
170916
170918
170913
170911
170912
170918
170922
170918
170915
170919
170925
170929
170927
170925
170924
170924
170924
170920
170915
170917
170921
170921
170917
170913
170915
170920
170923
170920
170916
170915
170920
170922
170918
170915
170917
170923
170928
170923
170917
170917
170921
170923
170919
170915
170917
170922
170923
170919
170916
170918
170923
170925
170921
170917
170917
170919
170920
170916
170913
170914
170919
170923
170921
170918
170921
170927
170929
170926
170921
170918
170921
170921
170915
170910
170911
170914
170915
170911
170906
170906
170909
170912
170910
170909
170911
170914
170915
170911
170905
170906
170911
170913
170910
170906
170906
170909
170911
170905
170902
170905
170910
170914
170912
170908
170910
170915
170917
170912
170909
170910
170913
170915
170910
170906
170906
170910
170912
170909
170907
170911
170915
170917
170913
170909
170909
170913
170915
170910
170906
170906
170908
170910
170906
170901
170904
170909
170911
170908
170904
170906
170910
170914
170912
170908
170908
170911
170913
170909
170905
170907
170912
170914
170909
170905
170905
170908
170909
170904
170898
170901
170905
170906
170900
170898
170900
170905
170906
170899
170892
170895
170899
170901
170896
170894
170898
170902
170905
170902
170898
170901
170904
170905
170900
170895
170896
170901
170905
170903
170898
170901
170906
170906
170902
170896
170897
170901
170904
170901
170899
170900
170903
170905
170902
170899
170900
170906
170910
170907
170903
170904
170907
170906
170901
170898
170900
170904
170907
170903
170898
170899
170903
170907
170905
170902
170906
170909
170912
170909
170905
170905
170909
170910
170907
170905
170909
170915
170916
170910
170905
170905
170908
170909
170904
170900
170903
170908
170910
170908
170904
170904
170907
170908
170905
170902
170903
170907
170909
170906
170904
170906
170911
170910
170907
170901
170901
170903
170904
170900
170899
170902
170906
170908
170904
170899
170900
170903
170904
170901
170897
170900
170903
170906
170903
170899
170901
170907
170909
170904
170900
170902
170906
170907
170902
170898
170898
170902
170903
170901
170898
170901
170908
170911
170908
170905
170907
170909
170908
170903
170898
170901
170906
170905
170902
170900
170902
170906
170908
170905
170902
170906
170911
170913
170908
170902
170903
170908
170908
170903
170899
170901
170904
170903
170897
170894
170899
170904
170908
170907
170905
170907
170910
170911
170906
170901
170902
170905
170904
170900
170898
170901
170903
170904
170902
170899
170902
170907
170911
170907
170903
170906
170910
170909
170904
170899
170901
170906
170906
170903
170900
170903
170906
170907
170903
170900
170903
170907
170909
170907
170904
170906
170912
170913
170910
170908
170909
170912
170914
170909
170905
170906
170909
170910
170906
170903
170906
170909
170910
170907
170905
170904
170908
170909
170907
170906
170911
170917
170917
170912
170908
170909
170911
170910
170903
170899
170903
170908
170910
170906
170900
170901
170902
170903
170898
170893
170895
170900
170902
170899
170898
170899
170902
170901
170899
170895
170898
170904
170905
170902
170899
170901
170905
170905
170900
170897
170899
170901
170903
170901
170898
170901
170905
170907
170904
170900
170904
170908
170910
170907
170903
170905
170909
170909
170906
170902
170904
170909
170908
170904
170901
170903
170906
170904
170900
170895
170898
170904
170905
170901
170899
170902
170908
170908
170904
170898
170899
170901
170900
170897
170892
170895
170900
170900
170895
170890
170892
170896
170895
170891
170887
170888
170890
170891
170890
170886
170888
170894
170894
170888
170885
170887
170887
170890
170885
170880
170883
170890
170890
170889
170885
170887
170891
170892
170887
170883
170885
170889
170889
170886
170885
170889
170891
170890
170884
170881
170883
170888
170890
170886
170884
170888
170892
170893
170890
170887
170888
170890
170889
170885
170883
170887
170893
170895
170891
170886
170888
170892
170892
170885
170882
170888
170893
170892
170888
170885
170885
170888
170887
170883
170878
170880
170883
170882
170879
170876
170882
170887
170889
170886
170882
170886
170890
170887
170881
170875
170877
170881
170881
170879
170877
170882
170885
170885
170881
170878
170882
170884
170884
170880
170877
170880
170884
170886
170884
170882
170885
170889
170888
170884
170881
170885
170889
170887
170882
170879
170883
170887
170886
170882
170879
170882
170887
170888
170883
170881
170885
170889
170888
170883
170878
170881
170886
170885
170879
170874
170876
170880
170879
170875
170873
170877
170882
170884
170882
170882
170885
170887
170885
170879
170875
170878
170883
170882
170879
170877
170880
170883
170881
170876
170873
170875
170880
170881
170879
170876
170878
170882
170883
170881
170881
170886
170888
170886
170883
170879
170881
170884
170883
170877
170873
170876
170880
170878
170873
170871
170874
170878
170879
170877
170874
170878
170882
170880
170875
170871
170876
170881
170883
170879
170877
170881
170885
170883
170878
170875
170878
170883
170883
170879
170875
170877
170881
170881
170879
170876
170879
170884
170884
170881
170880
170885
170888
170887
170883
170881
170884
170886
170886
170884
170881
170884
170888
170887
170882
170879
170882
170887
170886
170881
170880
170882
170885
170882
170873
170869
170873
170879
170878
170875
170876
170880
170884
170882
170879
170877
170880
170883
170881
170878
170874
170879
170885
170886
170882
170880
170884
170889
170888
170882
170878
170883
170886
170883
170881
170879
170882
170886
170882
170876
170874
170875
170879
170876
170871
170869
170874
170879
170878
170875
170873
170876
170880
170882
170880
170878
170881
170885
170885
170880
170876
170879
170885
170884
170879
170876
170881
170886
170885
170882
170878
170881
170885
170882
170878
170877
170882
170887
170885
170882
170879
170881
170883
170881
170878
170875
170877
170881
170881
170878
170876
170879
170883
170885
170884
170880
170881
170886
170881
170875
170875
170881
170885
170886
170881
170882
170885
170889
170886
170882
170878
170881
170887
170888
170886
170886
170890
170894
170891
170887
170883
170885
170887
170887
170884
170883
170887
170892
170890
170884
170878
170880
170883
170881
170877
170876
170880
170886
170886
170882
170882
170883
170886
170884
170877
170875
170877
170882
170881
170876
170876
170881
170884
170882
170878
170875
170878
170881
170877
170871
170868
170872
170875
170874
170868
170866
170870
170873
170873
170870
170868
170872
170878
170877
170873
170870
170872
170874
170870
170865
170863
170869
170875
170874
170872
170874
170880
170882
170877
170871
170868
170872
170877
170877
170875
170874
170879
170881
170877
170874
170871
170874
170878
170877
170871
170869
170872
170874
170873
170870
170869
170873
170877
170875
170871
170869
170873
170878
170878
170872
170870
170875
170876
170871
170867
170868
170873
170877
170875
170873
170871
170872
170876
170874
170869
170869
170873
170878
170877
170871
170869
170873
170875
170873
170869
170869
170871
170876
170874
170869
170865
170868
170870
170868
170866
170865
170869
170874
170873
170870
170869
170872
170874
170872
170867
170865
170869
170873
170873
170871
170871
170872
170875
170872
170867
170866
170870
170874
170871
170865
170863
170867
170871
170870
170867
170865
170870
170873
170871
170865
170863
170865
170869
170868
170863
170863
170867
170868
170866
170861
170861
170864
170865
170862
170855
170853
170857
170861
170861
170860
170860
170864
170866
170863
170860
170858
170860
170863
170860
170856
170853
170859
170863
170859
170852
170849
170853
170856
170853
170850
170848
170853
170856
170853
170850
170848
170849
170854
170852
170846
170843
170848
170853
170849
170845
170848
170853
170853
170850
170845
170843
170841
170841
170838
170835
170833
170838
170842
170840
170834
170832
170835
170838
170835
170831
170831
170837
170842
170840
170836
170833
170835
170836
170831
170826
170823
170827
170832
170831
170828
170827
170830
170834
170834
170832
170831
170835
170838
170836
170832
170831
170834
170838
170836
170832
170829
170832
170835
170831
170827
170828
170833
170837
170836
170833
170833
170837
170840
170836
170830
170828
170832
170835
170833
170829
170827
170829
170831
170827
170819
170817
170822
170826
170825
170823
170823
170829
170834
170833
170829
170828
170832
170834
170830
170826
170825
170829
170831
170825
170820
170817
170819
170824
170821
170818
170819
170825
170830
170827
170823
170823
170828
170831
170829
170823
170822
170825
170829
170827
170823
170823
170827
170831
170829
170826
170824
170827
170831
170829
170824
170824
170828
170830
170827
170823
170820
170822
170827
170825
170820
170821
170826
170829
170828
170825
170827
170832
170837
170836
170832
170831
170836
170838
170832
170825
170823
170826
170829
170826
170823
170822
170826
170830
170826
170823
170823
170825
170827
170822
170816
170815
170816
170818
170814
170810
170811
170815
170818
170814
170810
170811
170817
170820
170819
170817
170818
170824
170828
170826
170822
170821
170824
170825
170820
170814
170812
170815
170817
170814
170808
170807
170811
170816
170814
170810
170809
170812
170813
170810
170807
170807
170812
170818
170816
170814
170813
170816
170820
170818
170815
170814
170818
170820
170817
170811
170810
170816
170821
170817
170809
170806
170808
170812
170808
170804
170806
170810
170814
170810
170806
170805
170808
170810
170808
170804
170804
170810
170814
170810
170806
170805
170808
170811
170810
170807
170809
170813
170816
170811
170806
170804
170806
170806
170800
170796
170795
170800
170804
170802
170798
170798
170803
170808
170804
170801
170802
170805
170808
170804
170801
170800
170804
170807
170801
170797
170798
170803
170807
170804
170799
170800
170804
170806
170802
170799
170800
170805
170808
170805
170801
170801
170804
170805
170801
170794
170793
170797
170801
170800
170799
170801
170807
170811
170807
170802
170800
170802
170805
170802
170798
170798
170802
170804
170802
170800
170799
170802
170805
170800
170795
170797
170802
170805
170802
170798
170797
170800
170802
170799
170794
170793
170798
170801
170798
170792
170792
170796
170797
170794
170792
170792
170795
170796
170791
170786
170788
170797
170803
170799
170795
170797
170801
170802
170797
170792
170791
170794
170796
170794
170792
170791
170795
170798
170796
170792
170792
170796
170799
170796
170792
170793
170797
170800
170799
170796
170797
170801
170802
170798
170794
170796
170801
170804
170801
170796
170796
170799
170801
170797
170793
170793
170798
170801
170796
170791
170792
170795
170798
170795
170791
170792
170796
170798
170794
170789
170790
170794
170798
170795
170791
170793
170801
170805
170802
170797
170795
170798
170800
170797
170793
170794
170800
170805
170805
170801
170801
170805
170807
170803
170798
170798
170802
170805
170803
170800
170801
170805
170808
170804
170799
170799
170801
170803
170799
170795
170797
170801
170804
170799
170794
170795
170798
170800
170798
170795
170795
170799
170803
170799
170794
170793
170798
170801
170797
170793
170793
170795
170796
170793
170789
170790
170795
170798
170794
170790
170791
170796
170800
170797
170794
170793
170797
170801
170797
170793
170794
170798
170799
170795
170793
170795
170798
170800
170796
170791
170791
170795
170799
170797
170793
170792
170797
170800
170796
170792
170793
170797
170799
170795
170790
170791
170795
170797
170791
170787
170788
170793
170797
170795
170793
170795
170799
170802
170799
170797
170798
170801
170803
170800
170796
170798
170801
170805
170803
170798
170798
170801
170802
170796
170791
170792
170796
170797
170794
170790
170792
170797
170800
170796
170791
170792
170796
170797
170793
170789
170791
170795
170797
170790
170784
170783
170787
170787
170783
170781
170783
170787
170789
170785
170781
170782
170784
170785
170782
170780
170782
170788
170790
170788
170783
170782
170784
170786
170783
170781
170781
170785
170788
170784
170780
170781
170785
170788
170784
170781
170783
170787
170789
170784
170780
170781
170786
170790
170785
170781
170782
170786
170788
170785
170783
170785
170788
170792
170788
170783
170782
170786
170788
170782
170777
170778
170783
170787
170785
170782
170785
170790
170794
170792
170791
170792
170794
170796
170793
170787
170787
170789
170790
170786
170782
170784
170789
170791
170787
170783
170783
170785
170785
170780
170775
170777
170782
170784
170779
170776
170779
170782
170784
170781
170777
170777
170781
170783
170781
170779
170782
170788
170791
170787
170782
170783
170785
170786
170782
170778
170779
170785
170788
170785
170782
170785
170789
170791
170788
170783
170783
170787
170788
170783
170779
170778
170782
170783
170779
170774
170775
170781
170784
170781
170778
170779
170784
170787
170785
170780
170783
170787
170787
170782
170776
170778
170782
170785
170783
170780
170783
170788
170789
170785
170781
170781
170784
170786
170782
170779
170781
170785
170786
170782
170779
170781
170783
170786
170784
170779
170780
170784
170787
170782
170778
170781
170786
170787
170783
170778
170779
170782
170785
170783
170779
170781
170785
170787
170782
170776
170776
170779
170781
170778
170773
170775
170780
170783
170780
170777
170780
170784
170785
170783
170780
170782
170784
170786
170782
170777
170779
170785
170786
170781
170776
170776
170778
170779
170774
170770
170773
170779
170781
170777
170774
170776
170778
170777
170773
170770
170772
170776
170778
170773
170769
170770
170772
170773
170770
170767
170772
170777
170778
170775
170772
170774
170778
170779
170773
170769
170769
170772
170774
170772
170770
170774
170778
170779
170774
170769
170771
170775
170775
170772
170769
170772
170775
170776
170773
170769
170771
170776
170777
170772
170768
170771
170774
170775
170772
170767
170768
170771
170771
170767
170765
170768
170772
170773
170768
170765
170765
170768
170768
170763
170758
170760
170764
170767
170764
170759
170761
170766
170768
170765
170762
170765
170768
170770
170765
170758
170759
170763
170763
170758
170755
170754
170758
170760
170755
170751
170756
170761
170762
170757
170754
170756
170759
170759
170754
170749
170751
170755
170757
170754
170750
170751
170753
170754
170749
170745
170749
170754
170758
170756
170753
170757
170762
170763
170759
170756
170759
170764
170764
170760
170755
170756
170759
170760
170754
170750
170752
170757
170760
170757
170754
170756
170761
170762
170757
170753
170757
170761
170762
170760
170757
170758
170761
170764
170763
170759
170761
170765
170767
170764
170760
170761
170764
170765
170760
170757
170760
170766
170766
170763
170760
170763
170766
170766
170760
170757
170760
170764
170764
170760
170756
170757
170760
170760
170754
170749
170751
170755
170758
170755
170752
170755
170759
170760
170757
170753
170755
170759
170759
170756
170752
170754
170758
170759
170756
170752
170754
170758
170759
170756
170752
170754
170757
170758
170753
170751
170754
170758
170758
170754
170750
170750
170754
170757
170754
170750
170754
170759
170759
170756
170754
170756
170759
170759
170755
170753
170755
170758
170757
170753
170751
170755
170760
170761
170756
170752
170756
170759
170758
170753
170750
170753
170758
170758
170754
170750
170755
170762
170762
170758
170753
170755
170759
170759
170755
170750
170752
170756
170757
170755
170751
170753
170756
170757
170752
170748
170751
170753
170751
170746
170742
170743
170747
170748
170744
170741
170744
170748
170749
170745
170742
170745
170749
170750
170749
170748
170751
170754
170754
170751
170748
170752
170756
170756
170752
170748
170751
170754
170752
170749
170745
170746
170748
170748
170744
170741
170744
170748
170749
170746
170743
170743
170745
170743
170737
170731
170731
170733
170732
170728
170725
170726
170729
170728
170722
170718
170721
170728
170729
170725
170722
170726
170731
170731
170726
170723
170726
170730
170730
170725
170721
170723
170728
170730
170726
170723
170728
170731
170730
170725
170722
170723
170727
170726
170722
170717
170719
170721
170720
170716
170713
170713
170716
170717
170716
170712
170717
170723
170722
170715
170712
170714
170717
170717
170712
170708
170711
170715
170714
170708
170705
170709
170713
170714
170710
170704
170704
170706
170706
170702
170701
170706
170709
170707
170703
170700
170701
170702
170702
170698
170696
170699
170701
170702
170699
170697
170699
170700
170700
170695
170693
170697
170703
170705
170701
170698
170702
170708
170710
170706
170702
170703
170707
170705
170703
170702
170707
170710
170711
170709
170707
170709
170712
170713
170712
170710
170714
170721
170723
170720
170717
170720
170725
170725
170722
170724
170731
170735
170734
170730
170728
170732
170738
170739
170736
170734
170739
170742
170742
170739
170736
170736
170740
170742
170739
170738
170741
170746
170746
170743
170739
170740
170744
170744
170739
170738
170743
170749
170750
170746
170743
170744
170745
170743
170737
170733
170736
170741
170741
170738
170737
170742
170747
170747
170741
170739
170743
170746
170745
170741
170740
170746
170752
170754
170749
170744
170748
170753
170752
170747
170741
170742
170747
170749
170747
170745
170746
170750
170749
170741
170738
170741
170744
170743
170740
170738
170741
170744
170742
170739
170736
170739
170743
170742
170738
170735
170739
170743
170742
170738
170733
170736
170743
170742
170738
170735
170738
170742
170740
170738
170738
170743
170748
170748
170744
170741
170743
170748
170749
170745
170742
170746
170751
170751
170746
170741
170743
170747
170745
170739
170736
170743
170750
170747
170741
170740
170746
170751
170750
170745
170742
170745
170750
170750
170748
170749
170753
170754
170754
170751
170746
170746
170749
170747
170743
170742
170747
170752
170751
170748
170747
170751
170756
170755
170750
170749
170752
170756
170756
170752
170748
170751
170755
170756
170752
170749
170752
170755
170755
170751
170747
170750
170753
170751
170746
170743
170748
170754
170756
170753
170751
170754
170755
170756
170753
170752
170757
170759
170757
170755
170750
170753
170757
170754
170749
170747
170749
170749
170749
170746
170743
170743
170746
170745
170740
170739
170743
170746
170745
170742
170740
170744
170747
170746
170742
170740
170744
170749
170748
170743
170741
170744
170748
170746
170740
170734
170742
170748
170745
170740
170737
170740
170743
170742
170739
170737
170742
170745
170744
170740
170738
170742
170745
170745
170740
170737
170741
170746
170744
170740
170737
170739
170744
170742
170737
170734
170737
170742
170740
170733
170732
170736
170738
170735
170729
170725
170726
170730
170725
170720
170718
170720
170723
170722
170718
170714
170718
170722
170721
170717
170713
170716
170720
170720
170718
170718
170722
170727
170726
170723
170720
170721
170721
170718
170713
170712
170716
170721
170720
170716
170714
170718
170723
170720
170718
170715
170719
170723
170721
170716
170714
170718
170725
170727
170723
170721
170726
170728
170726
170721
170719
170722
170729
170728
170723
170718
170717
170722
170733
170730
170728
170734
170738
170742
170740
170737
170744
170748
170748
170747
170746
170753
170760
170761
170758
170758
170762
170766
170764
170762
170761
170765
170768
170766
170760
170757
170761
170765
170765
170761
170760
170763
170768
170766
170760
170757
170760
170763
170760
170756
170756
170760
170764
170763
170758
170756
170761
170764
170761
170754
170752
170755
170759
170757
170753
170751
170756
170760
170758
170752
170748
170757
170765
170761
170756
170756
170760
170765
170765
170761
170763
170769
170776
170777
170774
170771
170771
170773
170770
170765
170763
170769
170773
170772
170770
170768
170773
170776
170774
170771
170770
170772
170779
170778
170774
170772
170777
170782
170779
170774
170771
170774
170777
170775
170769
170767
170771
170775
170774
170773
170772
170777
170781
170778
170772
170771
170776
170780
170779
170775
170776
170783
170787
170785
170780
170779
170782
170786
170786
170783
170781
170783
170785
170784
170779
170778
170782
170786
170784
170782
170781
170787
170792
170791
170785
170783
170785
170788
170786
170783
170781
170785
170789
170787
170783
170782
170785
170789
170788
170783
170780
170785
170790
170788
170785
170785
170791
170795
170793
170790
170789
170792
170795
170794
170791
170790
170797
170800
170796
170792
170791
170796
170801
170801
170797
170797
170802
170807
170805
170801
170799
170803
170806
170803
170798
170795
170799
170802
170801
170799
170797
170804
170810
170811
170806
170801
170804
170807
170803
170797
170794
170799
170803
170802
170800
170799
170803
170806
170803
170799
170797
170800
170804
170801
170797
170794
170798
170802
170801
170797
170796
170798
170801
170798
170793
170794
170798
170804
170803
170800
170800
170806
170810
170807
170803
170801
170805
170808
170805
170800
170797
170801
170806
170803
170801
170801
170803
170807
170805
170799
170797
170800
170803
170802
170798
170800
170805
170808
170806
170802
170803
170807
170810
170807
170802
170800
170805
170809
170806
170804
170804
170807
170810
170807
170803
170801
170805
170808
170805
170800
170801
170808
170815
170813
170809
170808
170812
170815
170814
170811
170810
170812
170817
170813
170807
170805
170809
170812
170810
170807
170806
170810
170813
170811
170807
170806
170809
170813
170812
170808
170807
170809
170812
170808
170803
170801
170804
170809
170809
170805
170805
170810
170815
170813
170811
170809
170814
170818
170814
170808
170808
170812
170815
170812
170807
170808
170813
170818
170815
170809
170807
170811
170816
170811
170806
170806
170811
170816
170813
170809
170808
170813
170818
170816
170813
170812
170816
170818
170813
170807
170807
170812
170818
170817
170814
170813
170817
170820
170818
170814
170811
170811
170814
170812
170808
170809
170813
170818
170816
170811
170811
170816
170820
170816
170812
170810
170813
170817
170815
170810
170809
170813
170816
170814
170810
170809
170813
170817
170816
170813
170812
170819
170824
170821
170816
170816
170821
170824
170822
170818
170816
170819
170821
170817
170808
170807
170814
170818
170815
170809
170804
170808
170810
170810
170808
170804
170808
170809
170805
170802
170802
170806
170808
170806
170800
170796
170801
170810
170805
170797
170799
170801
170799
170794
170795
170797
170797
170802
170800
170793
170787
170795
170796
170789
170781
170778
170782
170790
170783
170774
170768
170773
170773
170771
170767
170764
170767
170766
170760
170756
170754
170757
170762
170760
170758
170758
170760
170764
170759
170753
170754
170760
170763
170760
170755
170756
170759
170761
170758
170752
170751
170757
170760
170757
170754
170754
170757
170761
170758
170755
170756
170761
170767
170765
170762
170764
170769
170772
170768
170764
170764
170767
170768
170765
170761
170760
170764
170768
170765
170762
170763
170768
170769
170765
170759
170758
170761
170763
170760
170757
170759
170765
170769
170766
170761
170760
170762
170763
170760
170758
170759
170762
170765
170761
170754
170753
170757
170763
170759
170752
170752
170755
170760
170758
170756
170755
170757
170761
170758
170755
170753
170755
170758
170754
170751
170751
170758
170763
170760
170755
170753
170757
170761
170758
170754
170753
170755
170755
170750
170746
170746
170751
170753
170747
170745
170746
170750
170754
170751
170748
170749
170753
170757
170754
170750
170750
170755
170759
170757
170753
170754
170758
170762
170760
170755
170753
170756
170758
170753
170747
170747
170749
170750
170746
170741
170741
170746
170750
170746
170742
170740
170742
170743
170738
170736
170738
170745
170750
170747
170743
170742
170743
170746
170742
170736
170735
170739
170743
170741
170738
170738
170742
170742
170735
170730
170736
170741
170748
170748
170745
170746
170753
170756
170753
170751
170753
170759
170763
170759
170754
170753
170755
170758
170756
170752
170752
170754
170756
170752
170748
170748
170752
170754
170748
170741
170738
170742
170746
170744
170740
170741
170747
170751
170749
170745
170745
170749
170753
170751
170748
170751
170757
170760
170754
170749
170748
170752
170755
170752
170749
170748
170751
170752
170748
170743
170743
170745
170747
170743
170738
170738
170744
170749
170747
170744
170745
170749
170751
170745
170739
170739
170743
170747
170746
170743
170748
170754
170752
170750
170747
170744
170745
170748
170744
170740
170741
170746
170751
170748
170744
170744
170746
170747
170743
170738
170739
170743
170747
170745
170742
170742
170744
170744
170738
170732
170732
170736
170740
170739
170738
170741
170747
170749
170748
170744
170744
170747
170749
170743
170738
170739
170744
170746
170744
170740
170739
170741
170743
170738
170731
170730
170735
170740
170738
170735
170736
170740
170744
170741
170737
170739
170743
170745
170741
170736
170736
170740
170742
170737
170730
170733
170738
170741
170737
170730
170729
170732
170734
170731
170727
170726
170728
170729
170725
170722
170724
170729
170733
170729
170724
170725
170729
170732
170728
170724
170725
170727
170730
170726
170723
170724
170730
170734
170731
170727
170727
170728
170728
170725
170722
170725
170731
170735
170732
170728
170728
170731
170733
170727
170721
170721
170725
170726
170721
170719
170726
170734
170737
170733
170728
170727
170729
170730
170727
170724
170728
170735
170739
170735
170731
170732
170738
170740
170737
170734
170734
170739
170743
170741
170737
170738
170742
170742
170736
170731
170731
170734
170738
170735
170729
170732
170736
170737
170733
170729
170732
170737
170741
170736
170731
170730
170732
170736
170737
170733
170734
170736
170738
170735
170731
170732
170739
170744
170742
170739
170741
170746
170748
170741
170737
170739
170744
170745
170741
170736
170738
170741
170744
170738
170730
170732
170737
170737
170733
170729
170730
170732
170736
170729
170724
170722
170723
170723
170718
170713
170714
170719
170722
170715
170710
170711
170716
170718
170713
170707
170708
170713
170716
170712
170706
170708
170711
170713
170710
170705
170706
170712
170716
170713
170709
170710
170712
170713
170709
170706
170708
170712
170716
170712
170707
170708
170709
170710
170705
170703
170705
170711
170713
170710
170706
170706
170708
170710
170706
170703
170705
170711
170717
170715
170710
170711
170712
170711
170706
170701
170703
170708
170709
170706
170703
170706
170711
170715
170711
170706
170707
170713
170717
170712
170706
170706
170710
170709
170704
170699
170701
170704
170703
170696
170690
170690
170691
170693
170689
170687
170688
170694
170696
170694
170690
170690
170693
170695
170691
170686
170687
170689
170691
170687
170683
170683
170685
170687
170682
170677
170679
170682
170685
170683
170678
170680
170685
170687
170683
170676
170677
170680
170682
170678
170672
170674
170679
170680
170675
170672
170673
170675
170676
170673
170670
170671
170673
170675
170672
170668
170671
170676
170678
170675
170673
170676
170679
170683
170678
170676
170676
170678
170678
170672
170668
170671
170676
170680
170675
170670
170670
170673
170678
170677
170670
170676
170684
170688
170682
170676
170683
170692
170694
170690
170692
170693
170697
170701
170700
170698
170699
170704
170707
170706
170704
170708
170712
170711
170709
170710
170713
170717
170720
170717
170715
170722
170725
170728
170725
170722
170723
170729
170732
170730
170730
170734
170738
170742
170738
170735
170737
170740
170744
170741
170735
170738
170745
170746
170742
170739
170738
170742
170745
170742
170741
170744
170747
170750
170746
170743
170745
170747
170748
170745
170742
170744
170747
170747
170743
170739
170742
170746
170747
170742
170738
170738
170741
170743
170740
170738
170741
170744
170745
170742
170738
170739
170745
170747
170744
170742
170745
170749
170749
170744
170740
170742
170744
170741
170734
170731
170735
170742
170743
170739
170735
170737
170742
170746
170744
170740
170741
170745
170747
170743
170740
170742
170746
170748
170745
170740
170739
170740
170742
170739
170736
170738
170743
170747
170745
170743
170747
170751
170750
170744
170740
170740
170742
170743
170740
170734
170736
170742
170744
170736
170729
170729
170735
170737
170733
170730
170735
170742
170744
170739
170734
170736
170741
170743
170740
170737
170739
170742
170742
170737
170731
170733
170736
170737
170734
170730
170732
170738
170742
170738
170734
170736
170741
170742
170736
170731
170734
170738
170739
170737
170736
170739
170742
170742
170737
170731
170733
170736
170737
170732
170727
170729
170731
170732
170730
170729
170734
170740
170742
170738
170736
170737
170737
170733
170730
170727
170731
170738
170742
170737
170731
170732
170738
170739
170734
170729
170730
170735
170736
170731
170727
170729
170730
170730
170725
170723
170727
170733
170736
170732
170730
170731
170734
170734
170730
170726
170728
170733
170737
170735
170732
170734
170737
170739
170733
170727
170728
170732
170732
170728
170728
170730
170730
170733
170731
170723
170725
170728
170724
170723
170720
170719
170723
170725
170721
170716
170717
170722
170719
170715
170711
170709
170712
170712
170709
170703
170705
170711
170710
170703
170698
170697
170700
170701
170696
170693
170694
170698
170701
170696
170690
170691
170693
170694
170689
170684
170685
170689
170691
170688
170684
170687
170691
170690
170684
170680
170682
170687
170690
170686
170682
170684
170689
170692
170688
170684
170687
170691
170692
170689
170684
170687
170693
170694
170691
170688
170689
170692
170696
170693
170691
170694
170700
170705
170704
170701
170703
170703
170700
170698
170700
170701
170705
170706
170702
170697
170699
170705
170706
170699
170696
170701
170708
170712
170710
170707
170709
170713
170712
170706
170701
170702
170706
170709
170706
170706
170710
170715
170718
170716
170712
170713
170715
170715
170710
170705
170706
170709
170712
170709
170705
170707
170711
170711
170706
170703
170706
170711
170713
170709
170705
170707
170712
170715
170713
170711
170713
170716
170716
170711
170706
170708
170711
170711
170706
170704
170707
170712
170714
170712
170710
170712
170715
170715
170709
170705
170706
170708
170708
170703
170699
170702
170706
170707
170705
170702
170704
170709
170711
170708
170705
170709
170714
170715
170711
170708
170711
170714
170714
170710
170707
170710
170715
170717
170713
170709
170711
170714
170715
170710
170705
170707
170711
170711
170707
170702
170705
170711
170713
170709
170705
170709
170715
170716
170710
170706
170709
170713
170713
170708
170703
170705
170710
170711
170707
170705
170710
170715
170717
170713
170709
170710
170713
170712
170708
170704
170705
170708
170710
170705
170700
170703
170709
170710
170706
170703
170707
170711
170711
170707
170703
170702
170703
170704
170699
170694
170697
170702
170703
170700
170697
170700
170703
170705
170703
170700
170702
170707
170708
170703
170700
170703
170707
170708
170705
170702
170705
170710
170711
170707
170703
170704
170707
170708
170704
170701
170703
170705
170702
170696
170691
170692
170696
170696
170692
170689
170694
170700
170701
170698
170696
170699
170703
170705
170700
170696
170700
170704
170703
170698
170693
170695
170697
170696
170693
170692
170696
170700
170701
170699
170698
170701
170705
170706
170700
170694
170695
170698
170698
170696
170692
170696
170701
170702
170698
170691
170691
170695
170697
170694
170691
170696
170702
170703
170700
170699
170703
170706
170705
170701
170698
170701
170705
170708
170707
170704
170708
170713
170714
170709
170706
170709
170712
170712
170706
170702
170704
170707
170708
170703
170700
170702
170704
170703
170700
170697
170700
170703
170704
170700
170695
170696
170700
170700
170695
170692
170695
170700
170701
170699
170697
170699
170703
170702
170699
170696
170700
170703
170704
170702
170701
170705
170709
170709
170704
170701
170704
170708
170707
170701
170695
170696
170699
170699
170693
170690
170694
170699
170700
170697
170694
170699
170704
170704
170700
170696
170698
170699
170697
170691
170686
170687
170691
170692
170688
170685
170688
170692
170691
170686
170683
170685
170689
170690
170688
170687
170692
170699
170699
170694
170689
170692
170695
170695
170690
170685
170688
170692
170693
170689
170688
170692
170697
170698
170692
170688
170689
170693
170691
170688
170689
170697
170700
170700
170698
170696
170697
170700
170701
170698
170694
170697
170703
170703
170698
170695
170699
170702
170702
170697
170693
170695
170698
170696
170692
170690
170694
170699
170699
170694
170691
170694
170699
170701
170697
170694
170698
170703
170703
170699
170696
170698
170704
170707
170704
170701
170705
170710
170711
170709
170707
170708
170708
170704
170699
170696
170697
170701
170701
170695
170692
170695
170699
170700
170698
170696
170701
170704
170701
170695
170692
170697
170700
170700
170697
170694
170699
170703
170702
170697
170695
170699
170703
170702
170696
170692
170695
170697
170697
170693
170690
170692
170696
170696
170690
170686
170689
170694
170695
170692
170690
170694
170698
170698
170689
170686
170689
170692
170692
170688
170683
170689
170690
170689
170684
170683
170686
170690
170690
170687
170683
170687
170693
170694
170692
170690
170692
170694
170692
170686
170682
170685
170687
170685
170682
170681
170686
170691
170691
170688
170685
170685
170687
170685
170680
170675
170677
170681
170681
170677
170676
170680
170683
170683
170678
170675
170679
170683
170683
170680
170678
170681
170687
170688
170685
170683
170686
170692
170692
170688
170684
170684
170685
170683
170680
170679
170682
170685
170685
170680
170677
170682
170685
170684
170679
170676
170680
170685
170684
170681
170679
170684
170688
170689
170685
170682
170685
170690
170690
170686
170683
170685
170689
170690
170687
170684
170688
170692
170690
170686
170683
170686
170690
170691
170689
170689
170694
170699
170699
170696
170692
170695
170700
170700
170695
170690
170691
170694
170692
170687
170684
170690
170696
170696
170692
170690
170695
170699
170700
170694
170692
170695
170699
170699
170697
170695
170699
170701
170699
170694
170690
170692
170695
170693
170690
170687
170691
170695
170695
170690
170687
170689
170693
170691
170687
170683
170686
170690
170688
170684
170681
170683
170686
170685
170682
170681
170685
170691
170692
170689
170687
170690
170694
170692
170686
170682
170685
170686
170684
170679
170676
170680
170683
170683
170680
170678
170683
170688
170688
170684
170681
170684
170689
170690
170686
170681
170683
170686
170686
170682
170679
170683
170686
170685
170681
170679
170681
170686
170685
170681
170678
170682
170687
170685
170680
170676
170678
170680
170680
170676
170672
170677
170683
170683
170679
170675
170678
170682
170682
170677
170674
170677
170682
170683
170678
170675
170679
170681
170681
170677
170675
170678
170683
170683
170680
170678
170680
170684
170681
170676
170673
170676
170679
170679
170676
170675
170679
170682
170680
170674
170671
170674
170679
170679
170677
170676
170680
170685
170684
170679
170675
170678
170683
170681
170674
170670
170673
170676
170676
170673
170670
170675
170681
170678
170674
170672
170674
170677
170676
170673
170672
170677
170682
170682
170680
170678
170681
170683
170682
170679
170678
170681
170687
170687
170681
170677
170680
170683
170681
170677
170674
170677
170680
170679
170674
170673
170679
170683
170684
170683
170680
170682
170685
170683
170678
170675
170681
170686
170686
170681
170678
170683
170687
170684
170678
170674
170678
170682
170679
170672
170672
170677
170682
170684
170682
170679
170681
170685
170682
170679
170678
170682
170686
170683
170678
170675
170680
170684
170684
170682
170680
170683
170687
170684
170676
170669
170670
170673
170673
170670
170670
170676
170680
170681
170676
170673
170675
170679
170679
170676
170676
170678
170682
170680
170676
170673
170675
170679
170677
170675
170674
170679
170684
170684
170681
170678
170680
170682
170679
170674
170672
170676
170679
170677
170674
170670
170673
170676
170674
170672
170670
170672
170676
170675
170671
170670
170673
170677
170676
170672
170672
170676
170679
170678
170673
170670
170673
170678
170677
170672
170672
170677
170679
170677
170672
170670
170675
170678
170678
170673
170669
170673
170677
170677
170674
170671
170674
170677
170676
170673
170670
170673
170676
170675
170670
170667
170670
170674
170674
170671
170668
170672
170675
170671
170666
170664
170668
170673
170671
170666
170664
170668
170672
170670
170666
170664
170670
170675
170674
170668
170665
170668
170670
170668
170663
170662
170666
170670
170670
170667
170665
170668
170672
170669
170664
170661
170664
170668
170668
170665
170663
170667
170669
170669
170666
170666
170671
170677
170676
170672
170669
170671
170673
170671
170667
170666
170670
170673
170670
170664
170661
170663
170668
170667
170662
170658
170662
170666
170664
170661
170660
170664
170669
170666
170663
170661
170666
170671
170671
170668
170666
170669
170671
170669
170663
170661
170665
170669
170667
170663
170662
170666
170669
170666
170662
170660
170664
170667
170662
170655
170652
170655
170659
170659
170656
170654
170660
170666
170664
170660
170658
170661
170664
170662
170659
170657
170662
170667
170665
170661
170661
170667
170673
170672
170669
170666
170668
170670
170670
170665
170661
170665
170668
170664
170658
170655
170657
170661
170660
170656
170654
170657
170661
170660
170655
170655
170660
170664
170661
170657
170655
170659
170664
170663
170659
170658
170663
170666
170665
170661
170658
170660
170663
170661
170658
170656
170661
170665
170662
170658
170657
170659
170663
170662
170657
170654
170657
170661
170659
170653
170651
170655
170660
170660
170657
170657
170662
170667
170666
170664
170662
170665
170667
170665
170661
170660
170665
170669
170668
170665
170663
170667
170670
170669
170663
170661
170665
170669
170668
170665
170665
170670
170674
170674
170670
170668
170669
170672
170670
170666
170664
170669
170674
170674
170673
170671
170676
170681
170680
170678
170678
170681
170683
170680
170676
170674
170679
170682
170680
170674
170672
170676
170679
170677
170673
170671
170676
170681
170680
170675
170673
170677
170680
170678
170674
170673
170677
170681
170678
170673
170670
170674
170679
170680
170678
170678
170683
170686
170685
170679
170676
170680
170684
170684
170681
170680
170684
170688
170687
170684
170683
170686
170690
170687
170680
170676
170678
170682
170681
170677
170676
170682
170687
170684
170680
170678
170680
170680
170677
170673
170672
170677
170681
170680
170677
170676
170680
170682
170680
170678
170678
170682
170686
170684
170679
170678
170684
170687
170686
170686
170685
170691
170696
170693
170692
170694
170698
170701
170701
170697
170696
170700
170703
170701
170697
170695
170699
170703
170702
170699
170698
170703
170707
170704
170700
170696
170697
170698
170694
170690
170687
170690
170694
170693
170690
170689
170690
170690
170687
170684
170685
170692
170699
170699
170697
170696
170701
170706
170705
170702
170701
170704
170706
170703
170697
170694
170699
170703
170704
170701
170700
170705
170711
170708
170703
170700
170702
170703
170699
170695
170693
170697
170702
170700
170696
170694
170697
170701
170699
170696
170695
170701
170706
170704
170699
170699
170703
170706
170704
170700
170698
170702
170704
170701
170697
170697
170702
170706
170704
170700
170699
170703
170706
170703
170699
170698
170703
170707
170706
170703
170703
170707
170709
170706
170701
170699
170704
170709
170707
170703
170700
170703
170704
170701
170698
170697
170700
170705
170706
170702
170701
170704
170705
170702
170699
170698
170704
170708
170706
170703
170702
170707
170708
170705
170700
170699
170703
170707
170706
170702
170700
170704
170707
170704
170699
170697
170701
170706
170704
170699
170698
170703
170707
170704
170700
170698
170703
170708
170708
170705
170704
170707
170710
170706
170701
170700
170706
170710
170709
170705
170702
170705
170708
170705
170701
170699
170703
170706
170702
170697
170698
170704
170709
170708
170705
170704
170709
170711
170706
170700
170698
170701
170705
170704
170702
170702
170706
170709
170707
170703
170702
170707
170711
170708
170703
170701
170704
170708
170705
170701
170701
170704
170708
170705
170700
170699
170703
170706
170703
170698
170696
170701
170706
170705
170701
170700
170703
170706
170705
170703
170702
170708
170712
170708
170703
170701
170703
170706
170705
170702
170702
170706
170710
170709
170704
170704
170707
170709
170706
170702
170699
170702
170705
170703
170700
170701
170707
170710
170708
170705
170705
170711
170715
170713
170708
170707
170710
170714
170710
170706
170705
170710
170714
170711
170707
170706
170710
170713
170710
170707
170707
170711
170717
170716
170712
170711
170716
170721
170719
170714
170712
170715
170717
170713
170707
170705
170710
170714
170711
170707
170706
170709
170711
170708
170706
170706
170709
170712
170709
170705
170703
170705
170708
170707
170703
170703
170707
170712
