170560
170558
170555
170553
170555
170557
170555
170550
170548
170553
170559
170560
170556
170555
170557
170561
170560
170556
170553
170557
170562
170561
170558
170556
170560
170564
170562
170558
170556
170562
170567
170568
170567
170566
170569
170571
170569
170564
170560
170563
170569
170569
170567
170566
170571
170574
170571
170565
170563
170567
170571
170568
170564
170563
170569
170574
170573
170569
170568
170570
170573
170570
170566
170564
170569
170575
170574
170571
170571
170575
170578
170576
170572
170569
170570
170573
170570
170567
170565
170570
170576
170574
170571
170570
170573
170576
170573
170570
170569
170575
170580
170578
170573
170571
170574
170580
170578
170574
170573
170577
170581
170577
170572
170570
170573
170577
170574
170570
170569
170572
170576
170575
170572
170571
170575
170579
170578
170576
170576
170580
170584
170582
170579
170579
170583
170585
170582
170576
170575
170579
170583
170580
170576
170576
170579
170581
170576
170570
170567
170571
170574
170572
170569
170570
170574
170578
170576
170572
170570
170573
170578
170576
170573
170573
170577
170581
170579
170576
170577
170579
170582
170580
170577
170577
170580
170584
170580
170573
170570
170573
170577
170576
170573
170571
170574
170577
170574
170567
170565
170569
170572
170568
170563
170562
170566
170571
170570
170567
170566
170570
170575
170573
170570
170569
170574
170579
170577
170573
170572
170577
170584
170583
170580
170581
170585
170589
170586
170582
170582
170585
170589
170588
170585
170585
170588
170591
170587
170583
170582
170586
170589
170586
170582
170580
170584
170588
170586
170581
170579
170583
170587
170586
170583
170582
170586
170591
170590
170587
170586
170589
170594
170591
170586
170584
170588
170595
170594
170590
170590
170595
170598
170595
170590
170587
170589
170592
170589
170583
170580
170581
170584
170581
170577
170576
170579
170583
170582
170580
170580
170585
170588
170584
170580
170579
170582
170587
170585
170582
170580
170582
170586
170584
170581
170580
170584
170587
170584
170579
170577
170580
170582
170578
170572
170570
170574
170579
170577
170573
170572
170577
170581
170578
170575
170577
170582
170584
170581
170577
170576
170579
170582
170578
170574
170573
170577
170580
170577
170574
170574
170579
170585
170584
170582
170582
170585
170586
170581
170575
170574
170578
170582
170582
170581
170582
170587
170591
170587
170582
170580
170584
170586
170581
170577
170577
170582
170587
170585
170581
170582
170587
170591
170589
170585
170582
170584
170585
170582
170578
170577
170581
170585
170583
170578
170577
170582
170585
170582
170577
170576
170580
170582
170578
170575
170575
170579
170584
170582
170579
170579
170584
170588
170585
170580
170578
170581
170584
170580
170576
170575
170580
170584
170582
170578
170579
170583
170586
170584
170581
170580
170583
170584
170580
170576
170577
170581
170584
170582
170579
170579
170583
170587
170584
170579
170579
170583
170586
170583
170577
170576
170580
170584
170582
170578
170579
170583
170586
170583
170579
170580
170585
170588
170585
170579
170578
170582
170586
170583
170579
170580
170585
170591
170588
170584
170584
170588
170590
170587
170583
170583
170587
170590
170586
170582
170582
170587
170591
170589
170585
170585
170589
170592
170590
170587
170588
170593
170596
170594
170588
170585
170587
170589
170586
170582
170582
170587
170592
170589
170585
170584
170588
170591
170588
170584
170582
170586
170589
170585
170581
170582
170586
170589
170586
170581
170581
170585
170588
170585
170580
170580
170585
170587
170585
170582
170582
170585
170586
170581
170577
170578
170583
170586
170583
170578
170578
170581
170581
170576
170572
170573
170576
170580
170580
170577
170578
170582
170584
170579
170574
170575
170579
170583
170580
170575
170575
170579
170581
170577
170572
170571
170575
170578
170576
170572
170574
170578
170580
170577
170573
170573
170576
170579
170575
170571
170572
170575
170577
170574
170571
170572
170577
170581
170577
170573
170573
170576
170578
170574
170570
170571
170576
170582
170581
170578
170577
170580
170582
170578
170573
170573
170579
170582
170579
170575
170575
170577
170580
170577
170573
170573
170577
170580
170578
170575
170576
170578
170579
170574
170569
170570
170573
170577
170575
170572
170573
170577
170579
170575
170569
170570
170575
170579
170577
170574
170574
170576
170577
170573
170568
170569
170573
170577
170575
170571
170572
170576
170579
170577
170572
170572
170576
170578
170574
170569
170569
170572
170574
170570
170567
170568
170573
170578
170576
170573
170573
170577
170581
170578
170574
170574
170577
170580
170576
170572
170573
170578
170581
170577
170573
170573
170576
170578
170574
170571
170573
170577
170579
170574
170569
170568
170571
170574
170571
170567
170568
170572
170575
170572
170568
170570
170574
170577
170574
170571
170573
170577
170578
170573
170568
170570
170576
170579
170577
170574
170575
170580
170581
170576
170571
170571
170575
170578
170575
170570
170571
170573
170575
170572
170568
170567
170570
170572
170568
170564
170566
170571
170574
170570
170565
170566
170570
170573
170571
170568
170569
170575
170577
170573
170568
170568
170570
170571
170567
170564
170568
170574
170576
170570
170565
170567
170572
170574
170570
170566
170568
170573
170577
170573
170569
170570
170574
170576
170573
170569
170569
170573
170574
170571
170566
170567
170571
170574
170570
170566
170568
170573
170576
170573
170570
170571
170574
170577
170573
170567
170568
170573
170575
170570
170565
170565
170568
170572
170569
170566
170569
170576
170579
170575
170569
170568
170570
170571
170566
170562
170564
170569
170572
170569
170566
170567
170570
170573
170569
170565
170565
170569
170573
170571
170567
170568
170572
170574
170570
170565
170567
170571
170573
170568
170564
170565
170569
170570
170567
170563
170564
170568
170571
170567
170563
170564
170568
170572
170570
170566
170568
170572
170574
170571
170569
170571
170573
170572
170566
170560
170559
170560
170561
170559
170557
170561
170567
170570
170567
170564
170566
170571
170575
170570
170565
170567
170571
170572
170568
170563
170565
170570
170573
170570
170565
170567
170572
170573
170567
170562
170563
170567
170571
170568
170564
170566
170571
170573
170569
170566
170569
170573
170575
170571
170566
170568
170573
170575
170571
170566
170566
170569
170571
170569
170566
170569
170573
170576
170573
170569
170569
170572
170573
170569
170564
170566
170570
170571
170567
170565
170568
170572
170573
170568
170562
170563
170567
170570
170566
170564
170569
170575
170578
170574
170569
170569
170572
170572
170566
170561
170563
170568
170571
170569
170566
170568
170571
170573
170568
170563
170563
170566
170567
170564
170563
170567
170571
170571
170567
170562
170564
170569
170572
170568
170564
170565
170569
170570
170568
170565
170568
170574
170578
170575
170571
170573
170576
170577
170573
170569
170571
170574
170576
170571
170567
170568
170570
170570
170566
170562
170562
170567
170570
170567
170563
170566
170570
170572
170567
170562
170563
170566
170566
170562
170561
170566
170573
170576
170573
170567
170567
170571
170573
170568
170565
170567
170570
170572
170567
170563
170566
170570
170572
170569
170567
170568
170572
170574
170570
170566
170569
170574
170576
170572
170568
170570
170573
170574
170572
170569
170572
170577
170579
170574
170570
170572
170577
170581
170578
170574
170576
170581
170582
170576
170571
170572
170573
170572
170566
170562
170564
170569
170572
170568
170566
170569
170572
170573
170569
170564
170566
170569
170570
170567
170563
170565
170569
170570
170566
170561
170563
170567
170568
170565
170562
170564
170567
170570
170566
170562
170563
170566
170567
170561
170557
170559
170564
170565
170562
170558
170562
170566
170567
170562
170559
170561
170566
170569
170567
170565
170568
170571
170570
170565
170560
170562
170566
170566
170561
170557
170560
170564
170566
170562
170559
170561
170564
170565
170560
170555
170557
170561
170562
170558
170553
170555
170560
170562
170557
170552
170554
170558
170560
170557
170555
170560
170566
170567
170564
170560
170561
170562
170561
170556
170549
170549
170551
170551
170547
170546
170550
170556
170559
170555
170551
170552
170555
170557
170553
170551
170555
170562
170566
170563
170559
170560
170563
170564
170560
170556
170559
170564
170565
170560
170553
170554
170557
170558
170554
170551
170553
170557
170558
170555
170553
170556
170560
170559
170553
170548
170549
170552
170552
170548
170544
170547
170551
170552
170548
170545
170549
170555
170556
170553
170550
170552
170554
170553
170549
170545
170548
170554
170554
170550
170547
170549
170553
170553
170548
170543
170545
170549
170551
170548
170545
170547
170551
170552
170548
170546
170549
170554
170556
170553
170552
170555
170558
170559
170555
170550
170552
170558
170559
170555
170552
170554
170558
170557
170552
170547
170549
170554
170555
170554
170552
170555
170559
170559
170554
170548
170549
170551
170551
170547
170543
170548
170554
170555
170551
170547
170550
170553
170553
170549
170545
170548
170550
170550
170546
170543
170546
170553
170555
170552
170549
170551
170554
170554
170549
170545
170549
170553
170554
170551
170547
170550
170554
170554
170549
170545
170548
170552
170553
170548
170545
170548
170553
170553
170548
170545
170548
170552
170552
170547
170544
170547
170551
170553
170550
170547
170550
170554
170553
170548
170545
170549
170553
170553
170547
170541
170543
170546
170545
170541
170537
170541
170548
170551
170547
170544
170549
170554
170555
170551
170547
170548
170550
170549
170544
170540
170542
170546
170547
170543
170538
170540
170544
170544
170540
170537
170540
170544
170545
170542
170539
170542
170545
170545
170542
170539
170543
170549
170550
170545
170542
170545
170550
170551
170546
170542
170545
170548
170547
170543
170541
170544
170548
170550
170548
170545
170547
170550
170549
170543
170537
170539
170544
170544
170539
170537
170541
170544
170544
170541
170538
170541
170545
170544
170539
170534
170536
170540
170540
170536
170533
170537
170541
170542
170537
170533
170536
170539
170540
170538
170536
170540
170546
170546
170541
170538
170542
170546
170546
170541
170536
170537
170540
170540
170535
170531
170535
170539
170540
170537
170534
170537
170541
170540
170535
170532
170536
170540
170538
170532
170529
170532
170537
170538
170534
170532
170536
170541
170541
170538
170536
170538
170541
170541
170536
170533
170535
170538
170538
170534
170530
170532
170537
170537
170533
170529
170532
170537
170538
170534
170532
170537
170541
170542
170537
170534
170536
170540
170540
170536
170534
170538
170541
170540
170536
170532
170534
170539
170538
170535
170533
170537
170542
170544
170541
170539
170542
170546
170546
170541
170537
170539
170542
170542
170538
170535
170538
170543
170543
170537
170533
170536
170538
170537
170533
170530
170532
170537
170538
170535
170532
170536
170540
170540
170536
170533
170536
170541
170541
170536
170532
170538
170542
170542
170538
170535
170539
170541
170538
170532
170527
170530
170535
170536
170533
170534
170539
170544
170543
170538
170533
170534
170537
170536
170532
170528
170529
170532
170532
170528
170525
170529
170533
170532
170527
170523
170526
170529
170528
170523
170522
170525
170529
170530
170528
170526
170530
170537
170539
170537
170535
170538
170540
170538
170534
170530
170532
170535
170535
170532
170531
170535
170540
170538
170533
170529
170531
170536
170535
170532
170529
170531
170535
170534
170529
170526
170530
170537
170537
170533
170531
170536
170541
170542
170539
170536
170540
170544
170542
170536
170532
170535
170537
170536
170533
170532
170536
170540
170538
170535
170534
170537
170539
170537
170532
170530
170535
170539
170538
170533
170529
170531
170535
170532
170527
170523
170526
170531
170532
170529
170526
170530
170534
170533
170529
170528
170532
170535
170535
170532
170530
170535
170540
170540
170537
170533
170534
170538
170536
170532
170530
170532
170535
170535
170532
170528
170532
170536
170535
170533
170530
170532
170536
170534
170527
170522
170523
170525
170522
170518
170515
170520
170526
170526
170522
170520
170524
170528
170527
170524
170523
170529
170533
170532
170528
170525
170528
170531
170528
170522
170519
170524
170530
170531
170529
170528
170532
170537
170539
170535
170531
170533
170536
170534
170530
170527
170531
170535
170533
170528
170524
170527
170530
170529
170528
170526
170530
170534
170533
170529
170526
170529
170532
170531
170527
170525
170530
170534
170535
170532
170530
170533
170536
170535
170530
170527
170531
170535
170533
170528
170526
170530
170535
170533
170529
170524
170526
170529
170529
170524
170522
170524
170528
170528
170525
170523
170528
170532
170530
170525
170521
170524
170528
170529
170526
170524
170528
170531
170528
170523
170521
170526
170532
170531
170527
170525
170528
170531
170527
170521
170517
170522
170526
170526
170522
170521
170525
170529
170526
170521
170518
170521
170527
170528
170525
170523
170528
170532
170531
170527
170526
170531
170535
170534
170530
170526
170529
170532
170531
170526
170522
170526
170530
170529
170524
170521
170524
170528
170527
170523
170522
170526
170530
170530
170527
170525
170528
170532
170530
170525
170522
170526
170529
170528
170525
170523
170526
170530
170529
170523
170521
170525
170528
170526
170523
170522
170526
170529
170527
170524
170521
170524
170527
170526
170523
170520
170525
170529
170528
170525
170521
170523
170527
170526
170522
170520
170524
170527
170525
170520
170517
170521
170525
170523
170518
170515
170518
170522
170520
170518
170516
170520
170524
170522
170517
170515
170519
170523
170522
170518
170516
170520
170525
170522
170517
170516
170520
170527
170527
170524
170523
170528
170531
170530
170526
170522
170526
170529
170527
170523
170522
170527
170532
170531
170526
170523
170525
170528
170527
170524
170523
170526
170530
170529
170526
170523
170528
170532
170531
170527
170525
170529
170532
170531
170526
170523
170527
170532
170531
170527
170526
170530
170535
170533
170528
170525
170528
170533
170533
170529
170526
170530
170535
170534
170533
170532
170536
170541
170539
170534
170530
170532
170535
170532
170528
170526
170530
170535
170535
170532
170531
170535
170538
170536
170531
170529
170532
170536
170534
170530
170529
170532
170536
170533
170526
170522
170524
170528
170527
170524
170522
170524
170528
170528
170525
170522
170525
170531
170531
170527
170526
170529
170531
170529
170523
170520
170522
170527
170527
170522
170520
170524
170528
170526
170522
170520
170524
170527
170524
170519
170516
170520
170522
170519
170515
170513
170517
170521
170519
170514
170511
170514
170518
170515
170511
170511
170516
170520
170517
170512
170510
170514
170519
170518
170515
170513
170516
170520
170518
170512
170509
170512
170515
170513
170509
170508
170512
170517
170515
170509
170507
170511
170515
170515
170511
170510
170512
170515
170512
170509
170508
170514
170519
170517
170511
170507
170510
170512
170511
170507
170506
170510
170515
170513
170510
170509
170513
170518
170517
170514
170512
170515
170518
170517
170514
170514
170518
170522
170519
170512
170508
170511
170514
170514
170511
170510
170516
170520
170519
170515
170512
170514
170516
170515
170511
170510
170515
170520
170519
170515
170513
170517
170520
170517
170513
170512
170516
170519
170518
170515
170514
170518
170521
170519
170516
170514
170516
170518
170516
170512
170511
170515
170520
170520
170517
170515
170519
170522
170518
170511
170509
170513
170518
170517
170513
170512
170515
170519
170516
170511
170509
170513
170516
170514
170511
170512
170517
170522
170521
170516
170514
170517
170520
170517
170512
170512
170516
170519
170516
170511
170509
170513
170516
170514
170510
170506
170508
170512
170510
170507
170507
170513
170519
170519
170515
170513
170518
170522
170521
170518
170516
170520
170524
170521
170516
170514
170520
170524
170522
170516
170514
170517
170519
170514
170509
170506
170510
170515
170514
170512
170512
170516
170520
170517
170512
170507
170507
170509
170506
170502
170500
170503
170507
170506
170504
170503
170507
170511
170508
170504
170502
170507
170510
170509
170506
170506
170511
170515
170513
170508
170507
170510
170513
170511
170507
170505
170511
170517
170516
170512
170509
170512
170515
170512
170506
170504
170508
170511
170508
170506
170506
170512
170516
170515
170509
170506
170510
170513
170510
170506
170504
170507
170512
170511
170508
170507
170511
170515
170513
170508
170506
170509
170511
170509
170504
170502
170505
170509
170509
170506
170507
170511
170514
170511
170505
170502
170505
170509
170506
170504
170504
170510
170516
170514
170511
170509
170513
170515
170512
170506
170503
170505
170509
170509
170507
170508
170513
170517
170515
170511
170509
170512
170515
170512
170508
170507
170512
170516
170513
170508
170507
170512
170516
170514
170509
170507
170510
170513
170510
170506
170504
170508
170513
170511
170507
170505
170509
170514
170513
170510
170508
170512
170515
170512
170508
170509
170514
170517
170514
170512
170510
170514
170519
170516
170510
170507
170509
170512
170508
170503
170502
170505
170509
170506
170500
170499
170503
170507
170506
170503
170500
170503
170505
170503
170499
170499
170504
170509
170508
170504
170501
170503
170505
170501
170496
170494
170498
170502
170501
170499
170500
170504
170508
170506
170501
170499
170501
170505
170503
170499
170498
170504
170510
170510
170508
170506
170508
170511
170507
170502
170500
170503
170507
170505
170501
170499
170502
170507
170505
170500
170499
170503
170508
170506
170503
170502
170506
170510
170508
170504
170503
170506
170508
170506
170502
170503
170508
170512
170511
170506
170505
170507
170510
170506
170500
170499
170503
170506
170504
170502
170502
170507
170511
170508
170504
170503
170508
170511
170508
170504
170503
170506
170509
170507
170504
170503
170508
170511
170508
170502
170500
170505
170509
170508
170504
170504
170507
170510
170507
170503
170501
170503
170507
170506
170503
170503
170508
170512
170510
170506
170505
170509
170511
170506
170500
170498
170502
170506
170503
170500
170503
170509
170513
170510
170505
170505
170507
170510
170506
170500
170497
170501
170506
170505
170502
170503
170508
170512
170510
170507
170507
170512
170516
170513
170509
170508
170513
170517
170515
170510
170507
170510
170514
170509
170504
170504
170508
170512
170509
170504
170503
170507
170511
170510
170506
170504
170507
170512
170511
170507
170507
170510
170512
170508
170502
170501
170507
170513
170511
170508
170507
170510
170512
170508
170503
170501
170504
170508
170505
170501
170501
170505
170508
170505
170500
170499
170505
170510
170507
170503
170504
170509
170513
170510
170507
170507
170511
170515
170511
170504
170502
170508
170511
170506
170501
170499
170502
170507
170505
170501
170501
170506
170509
170506
170502
170502
170508
170513
170511
170506
170504
170508
170511
170508
170502
170502
170507
170511
170510
170506
170506
170511
170516
170515
170513
170513
170515
170515
170510
170505
170505
170509
170513
170512
170507
170506
170509
170513
170512
170510
170510
170514
170516
170512
170506
170505
170511
170516
170514
170510
170510
170515
170519
170516
170512
170511
170514
170516
170512
170509
170509
170513
170517
170513
170508
170508
170512
170514
170509
170503
170503
170509
170514
170514
170511
170511
170514
170516
170511
170506
170507
170512
170516
170515
170512
170512
170516
170519
170516
170512
170511
170515
170517
170512
170505
170505
170512
170519
170517
170512
170511
170514
170517
170513
170508
170509
170512
170514
170509
170505
170505
170510
170514
170512
170508
170509
170514
170518
170515
170511
170510
170514
170517
170513
170508
170507
170511
170515
170512
170509
170508
170511
170514
170510
170506
170507
170512
170515
170510
170505
170504
170508
170512
170512
170509
170510
170514
170518
170514
170510
170509
170512
170515
170511
170505
170502
170505
170509
170508
170505
170505
170511
170514
170511
170508
170508
170511
170514
170511
170508
170507
170512
170515
170513
170509
170508
170512
170513
170511
170508
170509
170513
170518
170514
170510
170511
170515
170518
170515
170510
170508
170509
170513
170511
170507
170507
170510
170512
170508
170504
170503
170507
170512
170510
170506
170505
170510
170513
170509
170504
170503
170506
170508
170505
170500
170500
170505
170510
170508
170503
170504
170508
170511
170509
170506
170506
170510
170513
170510
170506
170507
170510
170514
170512
170510
170513
170517
170518
170512
170505
170503
170507
170512
170510
170505
170503
170507
170510
170506
170502
170501
170505
170509
170507
170504
170503
170506
170508
170504
170500
170498
170502
170506
170503
170500
170498
170502
170503
170499
170497
170498
170503
170506
170502
170497
170496
170499
170502
170501
170499
170499
170503
170507
170504
170501
170502
170507
170511
170509
170505
170502
170504
170507
170505
170503
170504
170508
170510
170507
170501
170500
170504
170509
170506
170501
170501
170504
170507
170503
170499
170498
170500
170501
170497
170493
170494
170499
170504
170502
170497
170497
170502
170505
170502
170499
170500
170504
170507
170503
170497
170495
170498
170500
170497
170493
170492
170494
170496
170492
170488
170488
170494
170500
170499
170497
170498
170502
170505
170502
170499
170499
170501
170503
170501
170498
170497
170499
170501
170497
170492
170492
170496
170500
170498
170496
170498
170502
170505
170504
170501
170501
170506
170509
170506
170503
170506
170510
170512
170507
170502
170500
170504
170508
170506
170502
170503
170508
170512
170509
170504
170502
170505
170505
170500
170495
170496
170501
170505
170501
170496
170495
170500
170505
170506
170503
170501
170506
170509
170505
170501
170504
170511
170515
170512
170506
170507
170512
170514
170508
170502
170502
170507
170510
170506
170502
170502
170507
170511
170509
170505
170504
170508
170511
170507
170503
170504
170508
170511
170508
170505
170505
170509
170513
170511
170507
170507
170511
170514
170510
170507
170506
170510
170512
170507
170502
170503
170507
170511
170508
170504
170506
170512
170515
170512
170506
170505
170508
170508
170506
170503
170504
170509
170513
170509
170506
170508
170510
170513
170509
170504
170504
170508
170512
170507
170501
170500
170505
170509
170508
170506
170506
170510
170515
170512
170508
170507
170510
170512
170509
170506
170507
170511
170515
170511
170507
170505
170507
170509
170504
170500
170499
170504
170507
170504
170499
170499
170503
170505
170502
170498
170497
170502
170506
170502
170498
170499
170503
170508
170506
170503
170503
170504
170506
170503
170498
170498
170503
170507
170503
170498
170498
170502
170505
170502
170499
170500
170506
170509
170506
170500
170499
170501
170502
170497
170491
170490
170493
170497
170494
170492
170493
170498
170501
170499
170494
170493
170496
170500
170498
170495
170496
170499
170502
170499
170495
170494
170498
170500
170497
170494
170494
170497
170497
170492
170489
170491
170497
170501
170499
170497
170497
170502
170504
170499
170494
170493
170496
170497
170494
170491
170491
170497
170502
170501
170497
170497
170502
170506
170503
170501
170501
170504
170507
170504
170499
170497
170500
170503
170499
170495
170495
170499
170502
170498
170494
170495
170500
170503
170500
170497
170497
170500
170502
170498
170494
170494
170499
170503
170501
170497
170497
170502
170506
170505
170501
170502
170506
170509
170506
170500
170499
170501
170501
170498
170495
170496
170501
170504
170500
170496
170496
170500
170503
170501
170498
170497
170502
170506
170503
170498
170496
170500
170503
170500
170495
170494
170499
170504
170503
170499
170500
170504
170505
170500
170497
170496
170500
170505
170502
170500
170503
170508
170511
170508
170502
170500
170504
170510
170508
170503
170503
170507
170511
170507
170503
170504
170509
170511
170505
170501
170501
170505
170508
170507
170502
170503
170507
170511
170509
170504
170505
170508
170512
170509
170505
170504
170507
170508
170505
170502
170502
170506
170508
170505
170500
170500
170505
170510
170507
170501
170499
170502
170504
170501
170498
170499
170504
170508
170505
170501
170501
170505
170509
170507
170503
170502
170504
170506
170502
170497
170497
170501
170503
170499
170495
170496
170500
170503
170499
170495
170493
170496
170500
170498
170495
170496
170502
170506
170503
170500
170501
170506
170509
170505
170500
170499
170502
170504
170501
170497
170498
170503
170507
170504
170501
170502
170507
170509
170505
170499
170495
170497
170498
170495
170492
170494
170499
170505
170504
170501
170501
170506
170508
170504
170500
170500
170506
170510
170509
170506
170506
170510
170515
170512
170509
170509
170513
170516
170512
170507
170507
170511
170514
170510
170507
170507
170510
170513
170509
170505
170504
170507
170512
170509
170504
170503
170506
170508
170503
170498
170498
170502
170505
170502
170498
170499
170502
170505
170503
170499
170501
170505
170506
170500
170495
170493
170496
170497
170493
170490
170491
170495
170499
170496
170493
170494
170499
170502
170498
170494
170493
170496
170499
170496
170492
170491
170494
170496
170493
170488
170489
170492
170495
170491
170487
170487
170491
170495
170491
170486
170487
170492
170496
170494
170490
170490
170494
170497
170495
170492
170493
170497
170500
170497
170492
170491
170495
170498
170495
170491
170492
170497
170502
170499
170496
170496
170498
170500
170494
170488
170486
170489
170493
170491
170489
170489
170494
170497
170494
170489
170490
170494
170497
170494
170491
170493
170497
170500
170495
170491
170492
170495
170498
170495
170491
170491
170496
170501
170497
170492
170492
170496
170500
170499
170496
170496
170498
170501
170498
170491
170490
170494
170499
170498
170494
170494
170497
170499
170494
170487
170486
170490
170494
170493
170491
170492
170497
170500
170497
170494
170495
170499
170501
170498
170494
170493
170496
170498
170496
170492
170492
170496
170499
170497
170492
170492
170495
170497
170493
170488
170489
170493
170497
170493
170490
170490
170495
170497
170492
170488
170488
170491
170494
170491
170487
170487
170492
170495
170491
170487
170488
170492
170496
170493
170490
170492
170497
170501
170498
170494
170494
170496
170497
170493
170490
170490
170494
170498
170494
170489
170487
170489
170491
170487
170484
170485
170491
170495
170493
170488
170488
170493
170495
170490
170486
170486
170491
170493
170491
170487
170487
170491
170493
170490
170485
170484
170488
170491
170488
170482
170480
170484
170485
170481
170477
170478
170483
170487
170484
170481
170482
170487
170489
170484
170479
170478
170483
170486
170483
170479
170480
170485
170490
170489
170485
170485
170489
170491
170488
170482
170484
170486
170488
170489
170484
170482
170488
170494
170492
170488
170488
170491
170493
170490
170485
170485
170489
170492
170489
170485
170485
170489
170492
170489
170486
170487
170491
170494
170492
170486
170485
170486
170488
170484
170479
170478
170483
170488
170484
170479
170480
170486
170489
170486
170482
170482
170486
170488
170484
170478
170478
170481
170484
170482
170477
170477
170481
170485
170482
170477
170478
170482
170485
170482
170478
170477
170480
170483
170479
170475
170476
170480
170484
170482
170480
170481
170486
170490
170488
170485
170486
170488
170489
170483
170476
170476
170480
170483
170481
170478
170479
170482
170485
170481
170477
170476
170480
170484
170481
170477
170478
170481
170484
170481
170477
170475
170478
170481
170479
170476
170476
170480
170484
170481
170477
170478
170481
170484
170479
170476
170476
170480
170483
170479
170475
170476
170481
170485
170481
170475
170474
170478
170480
170476
170472
170473
170479
170484
170481
170476
170477
170480
170482
170478
170473
170474
170478
170482
170480
170476
170476
170480
170484
170480
170476
170475
170478
170481
170480
170477
170478
170483
170486
170482
170475
170473
170475
170478
170474
170470
170471
170476
170479
170475
170471
170473
170477
170480
170476
170473
170473
170477
170482
170478
170475
170478
170483
170486
170482
170476
170474
170477
170480
170478
170474
170476
170482
170485
170483
170479
170478
170480
170481
170476
170470
170470
170476
170481
170479
170476
170478
170482
170484
170481
170477
170476
170478
170481
170478
170474
170473
170476
170480
170477
170474
170475
170480
170484
170481
170476
170475
170479
170483
170479
170475
170475
170478
170481
170477
170473
170473
170478
170482
170479
170474
170472
170475
170478
170473
170466
170463
170466
170470
170469
170467
170471
170477
170482
170479
170474
170474
170477
170480
170478
170475
170476
170479
170481
170476
170471
170470
170474
170478
170475
170471
170471
170473
170474
170470
170464
170464
170468
170472
170469
170467
170469
170474
170479
170476
170472
170472
170477
170482
170480
170475
170474
170478
170482
170478
170475
170477
170483
170489
170488
170484
170484
170488
170491
170487
170484
170484
170488
170491
170488
170485
170485
170488
170489
170486
170483
170485
170489
170493
170489
170482
170480
170483
170484
170481
170476
170478
170482
170487
170484
170479
170478
170481
170485
170482
170477
170477
170480
170483
170480
170475
170475
170479
170482
170479
170476
170477
170480
170483
170480
170474
170473
170478
170482
170480
170477
170477
170479
170482
170480
170478
170480
170484
170486
170481
170476
170475
170478
170479
170474
170470
170471
170477
170480
170477
170473
170471
170475
170480
170477
170474
170476
170479
170482
170478
170476
170478
170483
170487
170484
170478
170476
170479
170482
170481
170477
170478
170482
170485
170481
170478
170478
170482
170486
170484
170481
170481
170485
170485
170479
170472
170469
170472
170476
170474
170471
170472
170478
170484
170482
170479
170478
170480
170482
170478
170475
170475
170480
170484
170482
170477
170476
170479
170482
170478
170473
170473
170477
170480
170477
170474
170476
170483
170488
170485
170481
170481
170484
170486
170482
170479
170480
170485
170489
170486
170482
170483
170487
170489
170484
170477
170476
170481
170486
170484
170481
170482
170486
170489
170486
170482
170483
170488
170493
170490
170486
170486
170491
170493
170488
170482
170482
170486
170490
170486
170480
170479
170483
170487
170485
170481
170482
170488
170492
170488
170483
170483
170488
170492
170489
170485
170485
170487
170489
170485
170481
170482
170486
170489
170487
170484
170485
170489
170492
170487
170481
170479
170480
170482
170482
170480
170481
170486
170491
170489
170485
170485
170488
170490
170485
170479
170478
170481
170484
170482
170478
170479
170484
170488
170485
170479
170476
170478
170481
170478
170476
170476
170480
170485
170485
170483
170483
170487
170488
170484
170480
170480
170485
170488
170486
170484
170484
170487
170489
170485
170479
170478
170481
170484
170481
170476
170476
170481
170485
170482
170477
170477
170482
170485
170482
170478
170477
170479
170482
170478
170474
170474
170479
170483
170480
170475
170474
170477
170481
170480
170477
170477
170483
170487
170485
170482
170481
170485
170488
170486
170482
170481
170485
170487
170484
170480
170479
170484
170489
170487
170482
170481
170485
170488
170484
170480
170479
170483
170486
170484
170480
170480
170485
170489
170484
170479
170478
170483
170486
170481
170477
170477
170482
170485
170482
170476
170474
170478
170482
170479
170476
170476
170481
170486
170485
170481
170479
170482
170484
170479
170472
170472
170477
170481
170479
170476
170478
170482
170485
170482
170477
170477
170481
170484
170481
170478
170478
170482
170484
170480
170475
170475
170479
170482
170479
170474
170474
170477
170479
170476
170472
170473
170477
170481
170478
170474
170474
170480
170482
170478
170473
170474
170477
170480
170478
170476
170476
170481
170484
170480
170475
170473
170476
170478
170476
170472
170472
170478
170482
170479
170476
170476
170479
170483
170479
170475
170474
170477
170480
170476
170472
170472
170476
170480
170479
170477
170477
170481
170484
170480
170476
170477
170482
170485
170482
170476
170475
170480
170483
170481
170478
170478
170482
170486
170482
170477
170477
170482
170485
170482
170478
170478
170482
170485
170480
170474
170473
170478
170482
170480
170476
170475
170479
170481
170478
170474
170475
170482
170487
170485
170482
170481
170484
170485
170481
170475
170474
170478
170483
170482
170480
170481
170486
170489
170484
170478
170475
170479
170483
170480
170476
170474
170476
170479
170475
170473
170475
170479
170482
170479
170474
170473
170476
170477
170475
170471
170470
170473
170477
170475
170470
170469
170474
170477
170473
170469
170468
170474
170479
170478
170475
170475
170477
170478
170475
170471
170472
170478
170482
170479
170475
170473
170475
170477
170471
170466
170467
170473
170479
170478
170476
170476
170479
170481
170478
170472
170470
170474
170477
170474
170471
170471
170477
170482
170481
170477
170477
170481
170483
170478
170472
170471
170476
170481
170479
170476
170477
170481
170484
170480
170475
170473
170477
170480
170477
170474
170475
170481
170485
170483
170477
170476
170479
170482
170480
170477
170477
170480
170485
170482
170479
170480
170483
170485
170480
170474
170473
170477
170481
170479
170473
170469
170472
170474
170470
170467
170468
170474
170478
170475
170472
170471
170475
170478
170474
170470
170470
170477
170482
170480
170475
170474
170477
170480
170477
170471
170470
170475
170478
170476
170473
170471
170474
170478
170475
170471
170470
170475
170478
170473
170467
170467
170471
170474
170472
170469
170471
170478
170483
170480
170474
170471
170472
170474
170469
170466
170468
170474
170478
170475
170471
170470
170473
170475
170471
170467
170465
170468
170470
170467
170462
170462
170466
170470
170469
170465
170464
170467
170471
170469
170465
170464
170467
170472
170470
170466
170466
170471
170478
170478
170476
170474
170477
170480
170477
170472
170472
170476
170480
170478
170474
170471
170472
170473
170470
170465
170466
170473
170479
170477
170473
170472
170476
170480
170477
170473
170474
170478
170483
170479
170475
170473
170477
170480
170477
170473
170473
170476
170480
170477
170472
170471
170474
170477
170474
170470
170468
170473
170478
170475
170470
170469
170473
170476
170473
170467
170466
170468
170472
170469
170464
170464
170469
170474
170474
170473
170474
170478
170482
170479
170474
170471
170473
170475
170472
170468
170467
170471
170475
170473
170470
170470
170475
170478
170476
170471
170470
170472
170475
170471
170466
170466
170470
170474
170472
170468
170467
170471
170475
170473
170470
170470
170474
170476
170473
170468
170466
170469
170473
170471
170468
170468
170473
170475
170472
170468
170465
170468
170470
170467
170462
170461
170465
170469
170466
170462
170463
170469
170474
170472
170469
170468
170471
170475
170471
170467
170467
170471
170473
170471
170466
170464
170469
170473
170470
170465
170464
170468
170472
170471
170467
170467
170471
170474
170470
170466
170464
170467
170469
170467
170464
170463
170467
170470
170467
170464
170462
170466
170469
170466
170462
170462
170466
170469
170467
170463
170462
170465
170469
170467
170463
170462
170466
170471
170469
170465
170464
170468
170471
170469
170466
170465
170470
170473
170470
170464
170462
170466
170470
170469
170466
170466
170468
170470
170466
170462
170460
170463
170467
170466
170464
170465
170470
170474
170471
170467
170465
170468
170473
170471
170467
170466
170471
170475
170474
170470
170468
170472
170477
170475
170470
170470
170474
170478
170475
170470
170468
170471
170474
170472
170467
170467
170471
170475
170474
170471
170472
170477
170480
170476
170470
170468
170471
170475
170474
170472
170471
170476
170479
170475
170470
170468
170471
170475
170472
170467
170466
170470
170472
170469
170463
170461
170465
170468
170466
170462
170462
170466
170469
170466
170461
170461
170467
170472
170470
170467
170465
170468
170472
170469
170465
170464
170468
170469
170466
170462
170462
170467
170472
170471
170468
170466
170469
170471
170467
170463
170462
170466
170471
170470
170465
170463
170468
170471
170468
170464
170463
170466
170469
170468
170464
170463
170468
170472
170471
170469
170470
170475
170479
170474
170468
170466
170469
170473
170471
170467
170466
170471
170476
170475
170472
170469
170471
170473
170468
170463
170462
170466
170471
170470
170466
170465
170470
170475
170472
170468
170467
170472
170477
170476
170471
170469
170473
170475
170474
170469
170468
170472
170476
170474
170470
170468
170472
170475
170473
170470
170470
170473
170475
170473
170470
170468
170471
170474
170471
170466
170464
170468
170472
170471
170468
170468
170474
170479
170477
170473
170472
170477
170481
170479
170475
170473
170477
170480
170477
170472
170469
170473
170475
170473
170470
170470
170474
170476
170473
170468
170467
170472
170477
170476
170474
170474
170479
170482
170478
170472
170469
170474
170479
170479
170477
170476
170481
170484
170478
170472
170470
170474
170478
170475
170472
170472
170475
170477
170473
170468
170465
170469
170473
170473
170469
170469
170473
170476
170474
170470
170469
170473
170478
170477
170475
170474
170477
170479
170474
170468
170467
170472
170477
170476
170474
170474
170478
170481
170477
170471
170468
170471
170475
170474
170471
170470
170475
170478
170475
170471
170470
170474
170476
170471
170465
170462
170465
170470
170470
170466
170466
170471
170475
170473
170470
170468
170473
170476
170473
170469
170468
170472
170477
170474
170468
170466
170469
170472
170472
170468
170467
170472
170476
170475
170472
170469
170472
170476
170474
170470
170468
170470
170473
170472
170468
170468
170472
170475
170473
170470
170470
170475
170482
170481
170476
170472
170473
170475
170472
170468
170467
170472
170476
170474
170469
170466
170469
170472
170469
170466
170466
170471
170478
170477
170472
170469
170471
170476
170475
170471
170467
170470
170474
170473
170469
170467
170473
170477
170476
170474
170473
170477
170480
170479
170475
170473
170476
170480
170479
170477
170476
170479
170484
170480
170475
170474
170477
170481
170480
170476
170475
170480
170485
170484
170480
170478
170482
170485
170483
170478
170475
170478
170481
170479
170477
170477
170482
170487
170485
170479
170474
170476
170479
170477
170474
170473
170478
170481
170478
170474
170473
170476
170480
170477
170472
170469
170472
170476
170474
170473
170473
170478
170482
170480
170475
170472
170476
170480
170477
170471
170469
170475
170481
170482
170480
170478
170480
170482
170479
170475
170473
170476
170479
170478
170474
170473
170478
170481
170479
170476
170475
170480
170484
170483
170480
170479
170483
170485
170482
170475
170471
170474
170479
170477
170471
170470
170475
170480
170479
170475
170473
170475
170479
170477
170473
170472
170476
170481
170480
170476
170473
170476
170481
170480
170478
170478
170484
170489
170488
170484
170482
170486
170489
170489
170485
170483
170489
170495
170496
170492
170489
170491
170494
170491
170486
170483
170486
170488
170485
170481
170479
170483
170487
170488
170484
170482
170485
170486
170482
170476
170472
170473
170475
170472
170466
170463
170467
170469
170467
170462
170460
170464
170468
170467
170462
170458
170459
170461
170458
170453
170451
170456
170462
170462
170460
170459
170465
170468
170466
170461
170458
170460
170462
170458
170451
170444
170444
170445
170442
170438
170436
170441
170446
170445
170442
170442
170446
170451
170451
170449
170448
170452
170456
170456
170453
170452
170458
170463
170461
170456
170455
170460
170465
170464
170462
170460
170462
170465
170462
170457
170452
170454
170457
170455
170450
170446
170448
170449
170445
170440
170439
170444
170452
170454
170452
170451
170455
170458
170456
170452
170450
170456
170464
170465
170465
170466
170474
170480
170481
170479
170480
170486
170490
170488
170483
170479
170481
170482
170479
170474
170471
170477
170482
170480
170477
170474
170479
170485
170486
170483
170481
170484
170488
170486
170481
170479
170482
170486
170483
170477
170474
170477
170482
170482
170480
170480
170485
170490
170488
170482
170477
170480
170484
170484
170480
170478
170480
170483
170482
170479
170479
170484
170490
170490
170486
170484
170486
170489
170487
170482
170480
170485
170487
170486
170482
170479
170484
170489
170489
170485
170483
170488
170493
170493
170489
170486
170490
170495
170493
170489
170486
170488
170490
170487
170480
170476
170479
170483
170481
170476
170473
170477
170483
170482
170478
170475
170479
170485
170484
170479
170476
170480
170483
170482
170480
170479
170482
170485
170484
170480
170479
170483
170487
170486
170483
170481
170484
170488
170485
170479
170477
170481
170483
170482
170480
170478
170482
170486
170486
170481
170476
170476
170477
170473
170468
170466
170470
170474
170473
170470
170467
170469
170472
170470
170465
170462
170466
170471
170472
170470
170470
170474
170477
170475
170470
170467
170471
170474
170474
170471
170470
170476
170481
170480
170476
170473
170477
170482
170484
170482
170480
170483
170486
170485
170480
170476
170477
170479
170478
170475
170473
170478
170483
170483
170480
170477
170480
170482
170479
170475
170473
170476
170480
170479
170474
170471
170472
170475
170475
170471
170468
170471
170476
170477
170476
170475
170479
170482
170481
170477
170474
170478
170482
170480
170474
170470
170473
170476
170475
170471
170469
170473
170478
170477
170472
170469
170473
170477
170475
170471
170468
170472
170478
170480
170478
170477
170482
170487
170485
170480
170475
170476
170479
170479
170476
170473
170475
170478
170477
170473
170470
170474
170477
170477
170472
170468
170471
170474
170474
170471
170468
170472
170477
170477
170473
170471
170475
170479
170481
170478
170476
170481
170484
170482
170477
170474
170477
170481
170481
170477
170475
170479
170482
170482
170479
170477
170481
170485
170486
170481
170478
170479
170482
170479
170472
170468
170470
170475
170476
170472
170470
170474
170477
170478
170474
170472
170475
170481
170482
170479
170475
170477
170481
170480
170475
170471
170475
170481
170482
170479
170477
170481
170486
170485
170480
170476
170478
170481
170480
170474
170468
170470
170474
170473
170470
170469
170475
170480
170482
170479
170476
170478
170480
170478
170473
170470
170475
170480
170479
170475
170472
170476
170480
170480
170476
170473
170476
170479
170479
170475
170472
170475
170479
170480
170476
170474
170476
170479
170478
170473
170470
170473
170476
170475
170470
170468
170471
170476
170476
170474
170472
170476
170480
170480
170476
170475
170480
170484
170482
170476
170470
170471
170475
170476
170474
170473
170477
170481
170480
170476
170474
170478
170482
170482
170478
170475
170479
170482
170480
170473
170469
170470
170474
170475
170472
170469
170472
170475
170476
170474
170472
170476
170479
170478
170474
170471
170474
170478
170479
170476
170473
170478
170483
170485
170482
170477
170480
170483
170482
170480
170478
170483
170489
170490
170486
170483
170484
170487
170485
170480
170476
170479
170482
170481
170476
170473
170476
170479
170479
170476
170474
170477
170482
170481
170475
170471
170473
170477
170476
170472
170469
170472
170477
170479
170476
170473
170475
170478
170477
170474
170471
170473
170477
170476
170471
170468
170471
170475
170475
170471
170468
170470
170475
170475
170472
170470
170473
170477
170480
170478
170474
170476
170478
170478
170473
170470
170474
170479
170479
170475
170472
170475
170479
170480
170476
170473
170477
170480
170480
170476
170472
170475
170479
170481
170476
170472
170476
170481
170480
170474
170471
170476
170481
170482
170479
170477
170481
170485
170484
170479
170477
170480
170484
170484
170482
170482
170487
170491
170490
170484
170480
170482
170486
170488
170486
170484
170488
170491
170489
170482
170476
170478
170481
170481
170476
170472
170477
170483
170485
170483
170479
170482
170485
170485
170480
170477
170480
170482
170481
170478
170476
170480
170485
170485
170480
170477
170478
170482
170482
170479
170475
170478
170481
170479
170474
170472
170475
170480
170481
170479
170477
170480
170483
170482
170477
170473
170475
170479
170478
170476
170474
170478
170482
170484
170480
170477
170481
170487
170488
170482
170479
170481
170486
170486
170482
170478
170480
170486
170487
170483
170481
170485
170490
170491
170487
170482
170485
170489
170488
170482
170478
170481
170483
170482
170478
170475
170478
170484
170486
170482
170478
170481
170486
170487
170484
170480
170484
170489
170490
170485
170480
170483
170486
170485
170478
170475
170477
170481
170482
170478
170476
170480
170485
170485
170482
170477
170479
170481
170480
170476
170471
170473
170476
170476
170471
170468
170472
170476
170477
170473
170469
170474
170481
170483
170479
170475
170477
170480
170479
170475
170471
170475
170481
170484
170481
170477
170479
170482
170481
170475
170470
170471
170474
170475
170473
170470
170473
170476
170476
170471
170467
170469
170474
170476
170473
170469
170471
170473
170473
170469
170466
170468
170473
170475
170472
170468
170469
170471
170471
170468
170465
170469
170474
170476
170472
170468
170471
170475
170475
170471
170468
170470
170474
170475
170472
170468
170470
170474
170475
170471
170467
170471
170476
170478
170474
170470
170473
170478
170480
170476
170473
170474
170478
170481
170478
170473
170475
170479
170480
170475
170470
170472
170478
170481
170480
170476
170478
170481
170481
170476
170473
170477
170482
170485
170480
170476
170478
170481
170481
170476
170472
170475
170478
170478
170474
170470
170473
170478
170479
170476
170472
170473
170478
170480
170477
170475
170477
170479
170480
170477
170475
170478
170481
170482
170478
170475
170478
170483
170484
170479
170476
170479
170483
170483
170479
170475
170478
170482
170483
170480
170478
170480
170483
170484
170480
170475
170475
170476
170476
170471
170468
170472
170478
170480
170476
170472
170474
170478
170479
170475
170473
170477
170481
170483
170479
170477
170478
170482
170482
170479
170477
170480
170485
170487
170483
170477
170478
170480
170481
170478
170475
170477
170481
170484
170480
170477
170479
170482
170483
170479
170475
170478
170482
170483
170479
170475
170477
170481
170483
170482
170480
170484
170491
170494
170489
170484
170487
170491
170492
170489
170486
170486
170490
170491
170488
170484
170487
170491
170491
170487
170484
170487
170492
170494
170489
170485
170487
170491
170491
170487
170485
170490
170494
170496
170491
170486
170488
170492
170493
170488
170483
170485
170489
170490
170486
170482
170486
170489
170489
170483
170479
170481
170484
170485
170481
170477
170479
170482
170482
170479
170474
170476
170481
170483
170482
170480
170483
170487
170488
170484
170479
170478
170481
170482
170478
170475
170478
170482
170482
170478
170475
170476
170479
170482
170478
170473
170475
170479
170479
170475
170469
170470
170473
170472
170469
170466
170469
170474
170476
170473
170470
170474
170479
170481
170476
170474
170476
170480
170481
170476
170472
170472
170476
170479
170476
170472
170473
170478
170480
170476
170473
170474
170477
170478
170476
170473
170475
170479
170480
170477
170473
170475
170479
170481
170477
170472
170473
170478
170479
170475
170470
170472
170477
170479
170476
170474
170477
170479
170479
170476
170474
170475
170479
170481
170478
170475
170478
170483
170485
170481
170477
170479
170483
170486
170482
170477
170479
170484
170486
170484
170480
170482
170484
170484
170478
170473
170474
170478
170481
170477
170474
170475
170479
170481
170477
170473
170474
170477
170481
170479
170476
170476
170479
170481
170477
170474
170478
170484
170486
170482
170479
170481
170484
170486
170481
170478
170479
170483
170486
170482
170478
170479
170483
170483
170479
170475
170476
170478
170477
170472
170468
170471
170475
170477
170474
170472
170474
170477
170478
170475
170471
170472
170475
170477
170475
170471
170472
170476
170477
170474
170470
170472
170476
170478
170475
170472
170474
170478
170478
170474
170471
170472
170477
170481
170479
170476
170478
170482
170483
170478
170473
170473
170476
170477
170475
170472
170475
170481
170482
170477
170473
170474
170479
170482
170479
170475
170476
170479
170481
170477
170473
170475
170480
170483
170480
170477
170479
170483
170485
170482
170476
170476
170480
170481
170476
170470
170470
170474
170478
170475
170473
170476
170480
170481
170476
170471
170472
170476
170478
170477
170473
170474
170477
170480
170475
170471
170473
170476
170478
170473
170470
170472
170476
170478
170474
170469
170470
170474
170476
170472
170469
170471
170475
170478
170475
170471
170473
170475
170477
170474
170469
170471
170475
170477
170474
170471
170473
170476
170480
170478
170475
170474
170477
170478
170472
170467
170469
170473
170475
170472
170468
170469
170473
170476
170471
170466
170468
170472
170474
170471
170467
170470
170475
170478
170474
170468
170468
170471
170472
170468
170463
170465
170470
170473
170470
170467
170468
170473
170476
170471
170468
170469
170472
170474
170470
170466
170467
170471
170476
170474
170471
170473
170476
170477
170472
170467
170468
170472
170476
170475
170471
170472
170477
170480
170476
170472
170473
170478
170480
170476
170470
170471
170475
170477
170475
170472
170474
170477
170479
170474
170468
170467
170469
170471
170468
170466
170469
170474
170478
170475
170471
170473
170477
170478
170474
170469
170470
170474
170475
170471
170466
170467
170471
170473
170471
170468
170469
170474
170476
170471
170466
170469
170474
170476
170473
170468
170469
170473
170474
170470
170466
170467
170471
170475
170474
170472
170475
170480
170483
170479
170472
170472
170475
170476
170472
170468
170470
170475
170479
170474
170469
170470
170473
170475
170472
170470
170474
170480
170483
170478
170473
170473
170477
170480
170477
170476
170478
170483
170485
170481
170479
170481
170485
170488
170483
170478
170479
170482
170483
170479
170476
170478
170482
170485
170481
170479
170480
170484
170486
170481
170475
170475
170479
170481
170478
170474
170475
170478
170480
170476
170471
170473
170479
170483
170481
170477
170478
170482
170485
170481
170475
170477
170482
170482
170478
170474
170475
170479
170482
170479
170474
170474
170479
170482
170480
170477
170478
170482
170483
170478
170473
170475
170480
170485
170482
170478
170478
170482
170485
170482
170477
170477
170481
170484
170482
170478
170478
170481
170484
170480
170475
170477
170481
170483
170479
170474
170475
170480
170484
170480
170476
170477
170481
170485
170482
170476
170477
170483
170486
170482
170477
170477
170481
170483
170480
170477
170478
170482
170485
170481
170478
170478
170481
170483
170479
170475
170476
170481
170485
170483
170481
170483
170486
170487
170482
170477
170477
170479
170481
170478
170476
170478
170483
170486
170481
170476
170475
170478
170482
170479
170475
170476
170479
170481
170478
170474
170474
170478
170482
170479
170476
170477
170482
170487
170484
170479
170479
170483
170487
170484
170482
170484
170487
170488
170486
170483
170483
170487
170490
170486
170482
170483
170486
170490
170486
170481
170481
170485
170489
170486
170482
170481
170483
170485
170482
170478
170479
170483
170487
170483
170479
170481
170485
170486
170483
170479
170479
170483
170486
170484
170480
170481
170484
170486
170484
170481
170482
170486
170485
170481
170476
170476
170480
170483
170481
170479
170480
170486
170490
170488
170484
170484
170488
170491
170487
170482
170481
170484
170486
170482
170477
170477
170482
170487
170486
170483
170485
170489
170491
170486
170481
170481
170486
170491
170488
170484
170485
170489
170491
170486
170482
170482
170486
170488
170483
170479
170481
170486
170491
170491
170488
170488
170494
170497
170492
170487
170487
170492
170493
170490
170486
170487
170491
170494
170490
170486
170487
170491
170495
170491
170487
170489
170493
170497
170495
170490
170490
170494
170498
170494
170489
170489
170495
170499
170497
170493
170493
170496
170499
170497
170493
170493
170498
170503
170499
170494
170494
170499
170503
170499
170492
170491
170495
170500
170498
170497
170498
170502
170504
170500
170495
170495
170498
170500
170497
170492
170491
170496
170502
170499
170495
170495
170500
170505
170502
170497
170497
170501
170504
170502
170498
170498
170502
170505
170502
170498
170499
170503
170506
170503
170499
170499
170503
170506
170503
170499
170500
170505
170508
170504
170498
170496
170498
170500
170497
170493
170492
170498
170501
170498
170494
170494
170499
170504
170501
170496
170495
170499
170503
170499
170494
170493
170498
170501
170498
170496
170499
170505
170510
170506
170502
170501
170506
170509
170506
170502
170503
170507
170510
170506
170501
170501
170506
170510
170508
170503
170502
170505
170506
170502
170498
170497
170501
170505
170501
170496
170497
170503
170506
170503
170499
170501
170506
170510
170507
170504
170503
170506
170509
170506
170501
170501
170505
170509
170506
170503
170503
170507
170510
170506
170502
170501
170506
170510
170507
170503
170503
170507
170510
170508
170503
170502
170505
170507
170503
170498
170498
170502
170504
170501
170497
170499
170504
170508
170506
170502
170500
170502
170505
170501
170497
170498
170502
170505
170503
170499
170498
170501
170504
170500
170496
170494
170497
170501
170500
170497
170497
170500
