170197
170196
170192
170189
170193
170198
170198
170194
170192
170197
170202
170203
170199
170196
170199
170204
170204
170200
170197
170200
170204
170202
170197
170193
170196
170200
170201
170197
170194
170197
170200
170199
170194
170191
170193
170198
170198
170195
170194
170200
170205
170205
170202
170201
170205
170208
170209
170205
170202
170204
170208
170207
170202
170199
170200
170200
170196
170189
170183
170184
170189
170190
170189
170188
170194
170201
170201
170196
170193
170197
170200
170198
170195
170193
170197
170201
170200
170196
170192
170195
170200
170199
170195
170193
170197
170202
170200
170195
170191
170195
170200
170200
170196
170194
170198
170202
170201
170194
170190
170193
170197
170197
170194
170192
170197
170202
170201
170196
170192
170194
170198
170198
170194
170191
170195
170199
170198
170193
170190
170194
170199
170199
170196
170193
170194
170196
170194
170190
170188
170193
170199
170200
170197
170195
170199
170203
170202
170199
170195
170198
170201
170199
170196
170194
170197
170200
170200
170196
170195
170199
170203
170202
170196
170192
170195
170200
170200
170196
170194
170199
170204
170203
170198
170194
170198
170204
170204
170200
170198
170201
170204
170203
170199
170197
170200
170204
170203
170199
170195
170197
170200
170198
170193
170191
170196
170202
170202
170197
170193
170195
170198
170196
170191
170189
170194
170198
170197
170192
170188
170192
170197
170197
170194
170193
170197
170202
170200
170195
170192
170196
170201
170200
170196
170194
170195
170198
170196
170193
170192
170196
170201
170200
170197
170195
170200
170204
170201
170195
170189
170191
170195
170195
170192
170190
170195
170198
170196
170191
170189
170194
170200
170200
170197
170195
170201
170205
170204
170200
170196
170199
170203
170201
170198
170196
170201
170204
170201
170195
170192
170194
170198
170197
170194
170193
170198
170202
170201
170198
170194
170198
170200
170198
170194
170192
170196
170200
170198
170195
170194
170198
170202
170200
170196
170194
170196
170200
170199
170194
170191
170194
170198
170197
170194
170193
170199
170205
170204
170200
170199
170202
170207
170204
170199
170196
170198
170202
170201
170198
170196
170200
170205
170204
170200
170198
170202
170207
170205
170199
170195
170199
170204
170204
170201
170200
170204
170208
170204
170198
170193
170196
170200
170200
170196
170195
170200
170205
170204
170203
170203
170209
170214
170213
170208
170206
170211
170216
170215
170211
170209
170212
170215
170213
170208
170206
170210
170213
170211
170205
170202
170205
170207
170204
170200
170200
170205
170209
170207
170203
170201
170203
170205
170202
170198
170196
170199
170202
170199
170194
170193
170198
170203
170204
170204
170205
170210
170214
170211
170205
170203
170205
170208
170206
170201
170200
170204
170207
170205
170201
170200
170203
170205
170202
170197
170196
170200
170203
170201
170197
170195
170199
170201
170198
170193
170191
170194
170199
170198
170193
170192
170197
170202
170201
170198
170197
170201
170204
170202
170198
170195
170198
170201
170198
170193
170191
170197
170202
170200
170195
170194
170197
170202
170201
170198
170199
170203
170206
170203
170198
170197
170200
170204
170203
170199
170199
170204
170208
170206
170202
170199
170202
170206
170203
170200
170199
170202
170205
170202
170196
170196
170201
170206
170205
170204
170205
170211
170215
170211
170206
170205
170209
170212
170210
170206
170206
170210
170213
170210
170204
170201
170205
170208
170205
170200
170201
170206
170209
170207
170202
170199
170203
170208
170205
170201
170201
170205
170210
170210
170206
170206
170211
170214
170209
170204
170203
170207
170211
170211
170208
170207
170211
170214
170210
170205
170205
170211
170216
170215
170213
170213
170218
170221
170216
170210
170210
170215
170221
170220
170217
170217
170222
170225
170222
170217
170214
170216
170219
170215
170211
170211
170214
170218
170216
170212
170211
170216
170220
170216
170211
170210
170215
170219
170216
170212
170211
170214
170218
170214
170208
170208
170215
170218
170216
170213
170213
170217
170219
170215
170211
170209
170213
170217
170215
170211
170211
170215
170219
170216
170213
170215
170221
170223
170219
170213
170212
170215
170217
170214
170210
170210
170214
170216
170212
170208
170208
170212
170216
170214
170211
170211
170216
170221
170218
170214
170214
170218
170221
170217
170211
170210
170214
170217
170214
170211
170212
170218
170221
170217
170213
170211
170214
170219
170217
170211
170211
170214
170215
170211
170206
170206
170212
170218
170216
170214
170215
170219
170223
170220
170216
170216
170219
170221
170216
170211
170211
170215
170218
170216
170212
170212
170216
170218
170212
170206
170205
170209
170213
170210
170206
170206
170210
170215
170214
170211
170212
170215
170218
170213
170208
170207
170210
170214
170211
170208
170208
170212
170215
170214
170212
170214
170218
170221
170218
170212
170211
170213
170216
170211
170206
170206
170212
170216
170214
170209
170209
170214
170217
170213
170209
170209
170212
170215
170211
170206
170205
170209
170212
170209
170207
170208
170212
170217
170215
170211
170212
170214
170216
170212
170210
170211
170216
170220
170217
170214
170215
170219
170222
170218
170214
170215
170218
170221
170218
170216
170217
170221
170224
170222
170217
170217
170221
170225
170221
170217
170218
170221
170224
170221
170218
170218
170223
170227
170224
170219
170218
170222
170226
170222
170216
170216
170220
170222
170219
170216
170218
170224
170228
170223
170217
170217
170222
170225
170222
170217
170217
170220
170222
170217
170213
170214
170218
170222
170220
170217
170218
170222
170223
170218
170214
170216
170220
170223
170221
170217
170219
170223
170225
170220
170215
170216
170218
170220
170216
170212
170214
170216
170216
170210
170206
170208
170213
170217
170215
170211
170211
170215
170217
170215
170212
170216
170223
170226
170223
170219
170218
170221
170223
170218
170212
170212
170215
170218
170214
170211
170214
170217
170219
170216
170212
170212
170216
170220
170217
170214
170215
170221
170224
170220
170215
170215
170217
170217
170213
170210
170210
170215
170217
170215
170212
170214
170220
170222
170219
170214
170215
170218
170218
170214
170209
170210
170214
170215
170210
170206
170207
170212
170216
170213
170210
170215
170221
170223
170216
170209
170208
170212
170214
170209
170204
170205
170208
170210
170206
170202
170204
170208
170209
170206
170204
170207
170212
170216
170212
170208
170208
170211
170212
170208
170203
170203
170206
170208
170204
170200
170202
170206
170208
170205
170201
170203
170208
170212
170211
170208
170211
170215
170217
170213
170209
170211
170216
170218
170216
170213
170216
170220
170221
170217
170212
170214
170219
170223
170221
170216
170218
170223
170223
170217
170214
170217
170223
170225
170220
170215
170216
170219
170221
170216
170212
170214
170218
170220
170215
170211
170211
170214
170215
170211
170208
170211
170218
170222
170221
170219
170222
170226
170228
170226
170224
170226
170228
170228
170223
170219
170222
170226
170227
170222
170217
170221
170226
170227
170223
170220
170222
170225
170224
170219
170216
170217
170221
170223
170220
170215
170218
170221
170223
170220
170216
170219
170223
170223
170218
170214
170215
170219
170220
170217
170214
170217
170222
170226
170224
170222
170224
170227
170228
170225
170222
170225
170229
170228
170222
170217
170219
170223
170225
170221
170218
170222
170229
170231
170228
170225
170227
170231
170231
170227
170223
170225
170229
170231
170227
170225
170229
170232
170232
170227
170223
170225
170230
170232
170229
170224
170226
170228
170227
170222
170218
170219
170222
170222
170218
170216
170221
170228
170230
170226
170222
170224
170228
170227
170221
170216
170218
170223
170224
170219
170215
170217
170223
170225
170222
170218
170220
170226
170226
170221
170216
170217
170221
170221
170218
170216
170220
170225
170227
170224
170220
170221
170224
170223
170218
170215
170217
170220
170221
170216
170212
170218
170225
170226
170223
170221
170226
170233
170234
170231
170228
170232
170235
170234
170229
170224
170224
170226
170226
170221
170218
170221
170226
170224
170218
170212
170212
170215
170213
170207
170203
170206
170211
170212
170211
170209
170213
170220
170222
170219
170219
170224
170230
170231
170228
170226
170230
170235
170235
170230
170226
170228
170231
170230
170223
170217
170220
170224
170225
170221
170216
170217
170220
170219
170216
170214
170218
170223
170224
170220
170218
170221
170226
170227
170225
170223
170229
170235
170236
170232
170229
170231
170236
170236
170232
170229
170234
170241
170242
170239
170236
170238
170241
170240
170237
170236
170240
170246
170247
170244
170242
170245
170248
170247
170242
170237
170239
170243
170244
170240
170237
170239
170241
170237
170230
170228
170234
170240
170242
170239
170235
170237
170239
170237
170231
170228
170231
170236
170236
170233
170231
170236
170240
170238
170233
170230
170234
170238
170238
170235
170232
170235
170238
170236
170233
170231
170235
170240
170242
170238
170234
170236
170239
170236
170230
170224
170227
170232
170232
170229
170226
170229
170233
170233
170229
170228
170233
170239
170239
170235
170230
170232
170235
170232
170225
170222
170225
170229
170229
170226
170225
170230
170234
170233
170229
170228
170234
170238
170236
170231
170227
170230
170234
170234
170229
170226
170228
170231
170228
170223
170220
170224
170229
170228
170223
170220
170223
170227
170226
170223
170223
170228
170233
170232
170228
170224
170228
170232
170231
170226
170223
170227
170230
170225
170218
170214
170217
170220
170218
170215
170216
170222
170227
170225
170219
170217
170221
170226
170225
170223
170223
170227
170231
170228
170224
170221
170224
170227
170225
170219
170216
170219
170222
170220
170216
170214
170217
170222
170222
170218
170217
170221
170226
170224
170220
170218
170223
170227
170227
170223
170221
170225
170229
170227
170223
170220
170222
170226
170225
170220
170218
170221
170225
170225
170221
170219
170222
170227
170224
170220
170219
170224
170228
170227
170224
170221
170225
170229
170227
170221
170218
170222
170226
170225
170220
170216
170218
170222
170219
170216
170214
170220
170228
170228
170226
170225
170228
170230
170227
170222
170218
170221
170224
170223
170219
170218
170223
170227
170224
170219
170217
170221
170226
170227
170224
170223
170226
170229
170228
170224
170223
170227
170230
170227
170222
170220
170223
170227
170226
170223
170222
170226
170229
170225
170221
170220
170225
170228
170227
170225
170224
170229
170233
170229
170224
170219
170222
170225
170223
170219
170219
170223
170227
170225
170222
170221
170225
170229
170227
170222
170221
170226
170232
170231
170228
170227
170230
170233
170229
170223
170221
170225
170229
170229
170227
170227
170230
170231
170228
170222
170219
170224
170229
170227
170223
170223
170227
170231
170229
170224
170224
170228
170231
170227
170222
170221
170224
170228
170225
170221
170223
170229
170234
170231
170225
170223
170226
170229
170227
170224
170224
170229
170234
170232
170227
170224
170228
170232
170231
170229
170230
170236
170239
170236
170229
170227
170230
170233
170231
170226
170226
170230
170235
170233
170229
170229
170233
170237
170232
170228
170227
170231
170234
170231
170228
170229
170235
170241
170241
170237
170238
170244
170249
170247
170243
170243
170246
170249
170244
170238
170238
170242
170245
170243
170239
170236
170238
170240
170237
170234
170235
170240
170245
170244
170241
170240
170243
170246
170243
170239
170240
170245
170249
170246
170240
170239
170243
170245
170243
170239
170238
170241
170244
170241
170238
170238
170241
170244
170241
170238
170238
170243
170248
170246
170242
170240
170244
170247
170242
170235
170234
170238
170241
170237
170233
170232
170236
170239
170235
170230
170230
170236
170240
170239
170234
170232
170234
170235
170230
170225
170224
170226
170229
170228
170223
170223
170228
170232
170231
170229
170228
170231
170234
170231
170226
170225
170227
170228
170222
170217
170216
170219
170222
170221
170219
170220
170226
170230
170227
170223
170223
170229
170233
170230
170226
170225
170227
170229
170224
170219
170219
170224
170230
170228
170225
170225
170227
170228
170223
170219
170219
170223
170226
170222
170219
170221
170226
170229
170225
170219
170219
170223
170228
170225
170221
170221
170226
170230
170227
170222
170221
170225
170228
170224
170219
170218
170221
170224
170222
170217
170217
170223
170227
170226
170223
170224
170227
170231
170228
170224
170223
170227
170231
170228
170223
170222
170224
170227
170223
170219
170220
170224
170228
170226
170223
170224
170227
170228
170223
170216
170214
170219
170224
170223
170220
170221
170225
170227
170224
170219
170220
170224
170226
170222
170217
170217
170220
170222
170218
170214
170215
170220
170223
170220
170216
170215
170220
170224
170220
170216
170216
170220
170221
170217
170214
170214
170217
170220
170216
170212
170214
170221
170225
170222
170220
170221
170226
170228
170223
170217
170217
170220
170222
170216
170210
170209
170213
170217
170214
170211
170212
170216
170219
170215
170211
170213
170219
170224
170221
170217
170217
170220
170222
170216
170212
170213
170217
170221
170219
170215
170216
170221
170225
170223
170221
170220
170223
170224
170220
170214
170214
170218
170221
170217
170213
170214
170219
170222
170218
170213
170214
170217
170218
170215
170211
170212
170216
170218
170215
170213
170215
170221
170225
170221
170216
170217
170221
170223
170219
170216
170217
170220
170222
170218
170212
170212
170216
170219
170215
170211
170212
170216
170220
170218
170214
170215
170220
170222
170218
170212
170212
170216
170219
170216
170213
170215
170221
170225
170220
170215
170215
170217
170217
170211
170206
170206
170212
170215
170212
170208
170211
170216
170218
170213
170210
170212
170216
170220
170215
170210
170210
170214
170217
170212
170207
170208
170211
170214
170210
170206
170208
170212
170214
170211
170207
170208
170213
170215
170212
170209
170211
170216
170218
170213
170207
170207
170209
170210
170204
170199
170200
170205
170208
170203
170197
170198
170202
170206
170203
170201
170205
170208
170209
170205
170202
170203
170206
170208
170205
170201
170202
170205
170207
170205
170202
170204
170208
170210
170207
170203
170204
170208
170210
170206
170202
170204
170209
170210
170206
170201
170202
170206
170209
170206
170202
170204
170208
170210
170206
170201
170202
170205
170207
170203
170200
170203
170208
170211
170207
170204
170205
170209
170212
170209
170206
170208
170213
170216
170212
170209
170211
170214
170214
170208
170204
170207
170212
170214
170209
170204
170207
170213
170216
170213
170209
170211
170215
170216
170212
170207
170208
170211
170213
170210
170207
170209
170213
170214
170208
170203
170203
170207
170208
170205
170201
170203
170207
170208
170204
170201
170203
170207
170209
170206
170203
170206
170211
170212
170207
170202
170203
170207
170209
170204
170198
170200
170204
170205
170200
170198
170201
170206
170208
170204
170200
170201
170203
170204
170200
170196
170200
170206
170207
170202
170198
170199
170204
170204
170198
170194
170198
170204
170208
170207
170203
170206
170211
170212
170208
170205
170207
170211
170213
170210
170208
170212
170218
170220
170217
170213
170215
170218
170218
170211
170206
170207
170211
170213
170208
170203
170205
170209
170211
170207
170205
170209
170214
170215
170211
170206
170207
170210
170209
170205
170201
170203
170209
170211
170207
170203
170205
170210
170210
170205
170201
170205
170210
170211
170207
170201
170203
170207
170208
170204
170199
170200
170204
170203
170198
170194
170197
170203
170205
170202
170198
170200
170203
170204
170199
170195
170197
170201
170203
170202
170200
170203
170207
170207
170202
170197
170197
170200
170200
170196
170193
170198
170204
170206
170201
170197
170200
170204
170205
170201
170198
170200
170203
170204
170200
170196
170199
170203
170204
170198
170194
170197
170201
170203
170199
170195
170196
170200
170200
170195
170192
170194
170198
170199
170194
170191
170194
170199
170201
170197
170194
170198
170202
170204
170201
170198
170202
170207
170207
170202
170199
170203
170208
170208
170203
170199
170202
170203
170203
170199
170195
170198
170202
170201
170197
170195
170198
170203
170203
170198
170194
170197
170200
170200
170197
170193
170196
170201
170202
170198
170197
170202
170207
170209
170204
170200
170204
170211
170210
170206
170202
170206
170210
170210
170206
170203
170206
170209
170208
170203
170198
170202
170207
170208
170205
170202
170204
170207
170206
170201
170197
170198
170200
170200
170198
170197
170203
170208
170209
170205
170202
170202
170204
170202
170197
170193
170197
170202
170203
170199
170197
170200
170205
170204
170199
170195
170199
170202
170200
170195
170192
170196
170201
170201
170198
170196
170200
170203
170202
170198
170195
170198
170202
170202
170199
170197
170200
170204
170205
170201
170197
170198
170201
170200
170196
170194
170198
170204
170205
170202
170200
170204
170210
170211
170207
170203
170204
170207
170207
170202
170198
170201
170204
170204
170199
170195
170198
170203
170205
170202
170200
170204
170208
170208
170203
170199
170201
170204
170203
170199
170196
170199
170201
170199
170195
170192
170196
170199
170197
170193
170190
170194
170200
170202
170200
170198
170203
170209
170210
170204
170200
170203
170206
170203
170197
170190
170192
170196
170196
170194
170193
170197
170202
170199
170194
170191
170194
170198
170197
170193
170189
170192
170195
170194
170190
170187
170190
170193
170191
170187
170185
170188
170193
170193
170191
170190
170195
170201
170201
170196
170191
170194
170197
170196
170194
170193
170198
170203
170202
170197
170195
170199
170204
170201
170196
170192
170195
170200
170199
170196
170194
170197
170201
170200
170196
170194
170197
170200
170199
170195
170193
170197
170201
170202
170199
170196
170200
170204
170203
170198
170196
170201
170205
170205
170200
170198
170202
170206
170205
170202
170200
170204
170208
170207
170202
170200
170202
170205
170204
170201
170199
170201
170203
170201
170195
170190
170194
170199
170199
170196
170196
170201
170206
170204
170199
170196
170200
170205
170203
170198
170195
170199
170204
170203
170200
170199
170204
170209
170206
170201
170198
170201
170205
170206
170203
170201
170205
170208
170206
170202
170200
170204
170209
170208
170203
170201
170205
170208
170206
170201
170198
170201
170204
170203
170199
170198
170202
170207
170208
170204
170201
170204
170207
170207
170205
170204
170209
170213
170211
170206
170203
170206
170209
170207
170204
170200
170204
170207
170206
170202
170200
170205
170208
170207
170204
170202
170206
170211
170209
170205
170204
170208
170210
170207
170204
170203
170207
170210
170207
170202
170200
170203
170207
170206
170203
170202
170206
170210
170208
170203
170199
170201
170205
170204
170201
170200
170207
170213
170212
170208
170207
170210
170212
170208
170204
170202
170207
170212
170211
170208
170207
170210
170213
170211
170208
170206
170209
170213
170211
170207
170205
170208
170212
170210
170203
170200
170205
170211
170211
170208
170204
170207
170210
170207
170203
170202
170207
170212
170209
170204
170200
170202
170204
170200
170196
170194
170198
170202
170200
170197
170197
170202
170207
170207
170204
170201
170204
170208
170206
170203
170203
170208
170213
170212
170207
170204
170206
170208
170206
170204
170203
170208
170212
170210
170204
170202
170205
170209
170207
170204
170204
170210
170214
170211
170206
170204
170207
170208
170203
170197
170195
170199
170204
170203
170200
170198
170201
170206
170203
170198
170196
170199
170202
170201
170198
170198
170202
170205
170202
170197
170193
170197
170200
170198
170194
170195
170202
170206
170205
170201
170198
170201
170204
170201
170199
170198
170203
170207
170205
170201
170200
170204
170209
170206
170202
170201
170205
170208
170206
170202
170202
170207
170212
170210
170206
170203
170206
170209
170207
170202
170202
170207
170211
170208
170203
170202
170207
170212
170211
170207
170205
170210
170214
170212
170208
170206
170210
170212
170210
170205
170206
170211
170215
170212
170207
170205
170207
170210
170206
170202
170201
170204
170206
170203
170197
170195
170200
170204
170203
170199
170199
170204
170208
170206
170203
170202
170205
170207
170204
170200
170201
170207
170212
170210
170205
170203
170207
170211
170210
170206
170204
170207
170209
170205
170200
170198
170201
170204
170202
170199
170200
170205
170210
170208
170203
170202
170206
170210
170207
170204
170205
170210
170214
170213
170209
170208
170211
170214
170210
170205
170205
170210
170214
170211
170206
170206
170211
170214
170210
170206
170206
170211
170214
170212
170210
170210
170214
170217
170212
170206
170204
170207
170211
170210
170207
170207
170211
170214
170211
170206
170206
170210
170213
170211
170208
170208
170212
170215
170212
170207
170206
170209
170214
170212
170208
170208
170213
170217
170215
170210
170210
170214
170218
170215
170210
170209
170212
170215
170212
170209
170208
170213
170218
170216
170213
170212
170215
170217
170212
170207
170205
170209
170213
170212
170209
170209
170214
170217
170214
170209
170209
170214
170219
170217
170213
170212
170215
170218
170214
170209
170208
170212
170216
170213
170210
170210
170214
170218
170217
170212
170212
170216
170220
170217
170214
170215
170219
170223
170221
170217
170217
170222
170225
170222
170217
170216
170220
170223
170220
170215
170216
170222
170226
170223
170218
170218
170223
170228
170226
170222
170222
170226
170228
170223
170217
170215
170218
170221
170218
170215
170215
170220
170224
170224
170220
170221
170226
170229
170224
170218
170218
170222
170224
170220
170215
170216
170220
170222
170216
170210
170210
170216
170221
170217
170212
170211
170215
170218
170216
170212
170212
170217
170221
170218
170213
170213
170217
170221
170217
170214
170214
170218
170220
170216
170212
170211
170216
170220
170217
170213
170213
170216
170218
170214
170211
170212
170218
170222
170219
170215
170215
170220
170223
170221
170218
170221
170224
170225
170220
170215
170215
170220
170224
170221
170217
170217
170221
170225
170222
170217
170216
170219
170221
170218
170214
170216
170222
170227
170224
170219
170218
170222
170224
170220
170217
170216
170219
170223
170219
170215
170216
170221
170224
170221
170217
170219
170225
170228
170225
170220
170220
170223
170226
170223
170221
170222
170226
170228
170224
170220
170219
170222
170223
170219
170215
170216
170222
170225
170220
170216
170218
170222
170225
170221
170217
170218
170223
170226
170221
170216
170216
170220
170223
170219
170215
170216
170221
170226
170223
170218
170218
170220
170222
170218
170214
170216
170221
170225
170222
170219
170219
170223
170228
170224
170218
170216
170219
170222
170218
170216
170218
170223
170227
170222
170217
170217
170220
170224
170220
170217
170220
170226
170229
170225
170220
170220
170223
170224
170219
170214
170216
170221
170224
170221
170216
170215
170216
170218
170215
170211
170213
170218
170222
170219
170214
170215
170219
170219
170213
170209
170213
170220
170224
170221
170215
170214
170217
170218
170212
170207
170210
170216
170220
170216
170212
170213
170216
170217
170213
170210
170214
170218
170221
170218
170213
170213
170216
170219
170215
170211
170212
170214
170214
170211
170208
170210
170214
170216
170212
170208
170210
170216
170219
170215
170211
170211
170215
170217
170212
170209
170212
170216
170219
170215
170210
170210
170213
170215
170211
170205
170206
170211
170215
170211
170207
170209
170215
170219
170215
170210
170210
170214
170216
170212
170207
170208
170213
170216
170213
170210
170211
170215
170217
170212
170208
170211
170215
170216
170211
170207
170209
170214
170217
170215
170213
170214
170217
170218
170212
170207
170208
170214
170217
170215
170212
170214
170216
170217
170212
170207
170209
170213
170215
170212
170208
170210
170214
170218
170217
170214
170216
170219
170219
170214
170208
170207
170210
170212
170210
170207
170211
170216
170218
170213
170207
170208
170211
170212
170207
170204
170206
170212
170215
170211
170208
170209
170212
170213
170207
170203
170204
170209
170212
170209
170201
170195
170193
170191
170183
170175
170175
170179
170180
170175
170170
170170
170172
170172
170166
170160
170161
170164
170165
170161
170156
170157
170161
170162
170158
170153
170155
170159
170163
170159
170153
170154
170154
170153
170147
170142
170145
170151
170154
170150
170146
170148
170152
170155
170152
170148
170148
170150
170150
170144
170139
170142
170148
170150
170148
170144
170144
170146
170146
170141
170137
170138
170143
170146
170143
170138
170141
170146
170149
170145
170141
170142
170146
170147
170142
170138
170140
170144
170147
170142
170136
170137
170140
170141
170139
170136
170139
170144
170146
170142
170136
170138
170143
170145
170141
170138
170139
170144
170145
170141
170136
170139
170144
170145
170141
170138
170141
170146
170147
170141
170134
170135
170137
170138
170133
170129
170132
170135
170136
170132
170129
170131
170134
170135
170131
170126
170128
170132
170132
170128
170124
170125
170130
170131
170128
170125
170127
170132
170134
170132
170130
170133
170137
170137
170133
170129
170130
170132
170133
170128
170126
170130
170134
170135
170129
170123
170125
170128
170129
170124
170119
170122
170126
170127
170122
170118
170119
170122
170123
170119
170116
170118
170123
170125
170122
170118
170119
170122
170123
170119
170114
170115
170118
170119
170114
170109
170111
170116
170118
170113
170109
170112
170116
170117
170114
170111
170114
170120
170121
170117
170114
170116
170119
170121
170117
170113
170116
170121
170124
170120
170116
170118
170122
170121
170116
170112
170114
170119
170120
170115
170111
170112
170115
170115
170110
170107
170109
170112
170112
170107
170102
170105
170109
170110
170106
170104
170108
170112
170112
170107
170104
170106
170111
170112
170108
170105
170107
170112
170114
170111
170108
170111
170114
170115
170110
170106
170108
170112
170111
170105
170102
170105
170110
170110
170106
170102
170105
170109
170109
170105
170101
170105
170110
170111
170108
170103
170105
170108
170108
170104
170100
170102
170106
170106
170102
170100
170104
170109
170110
170105
170099
170100
170102
170103
170100
170098
170100
170102
170101
170096
170092
170095
170100
170101
170099
170097
170101
170106
170107
170103
170097
170098
170102
170103
170100
170097
170099
170104
170105
170101
170097
170099
170102
170103
170099
170096
170099
170103
170104
170102
170099
170102
170106
170105
170099
170094
170096
170099
170100
170097
170094
170097
170102
170104
170100
170096
170100
170105
170104
170100
170097
170100
170104
170105
170102
170098
170101
170104
170104
170101
170097
170100
170104
170105
170101
170094
170096
170099
170098
170092
170089
170092
170097
170098
170094
170090
170091
170094
170094
170090
170086
170090
170095
170095
170091
170089
170092
170096
170096
170092
170089
170092
170095
170095
170092
170089
170091
170096
170096
170092
170089
170094
170100
170101
170095
170090
170092
170095
170095
170089
170086
170091
170096
170096
170092
170090
170092
170096
170096
170092
170088
170091
170096
170097
170092
170087
170089
170091
170089
170084
170079
170082
170086
170088
170086
170084
170088
170093
170095
170092
170089
170094
170100
170101
170095
170090
170091
170093
170092
170087
170084
170087
170090
170088
170084
170080
170083
170087
170089
170086
170085
170090
170093
170093
170089
170085
170088
170091
170092
170089
170087
170090
170093
170093
170089
170086
170091
170097
170097
170093
170089
170090
170094
170093
170089
170087
170091
170097
170098
170094
170090
170092
170094
170092
170086
170084
170088
170092
170092
170089
170085
170088
170091
170090
170086
170083
170086
170091
170091
170087
170084
170088
170093
170093
170090
170087
170091
170094
170092
170085
170080
170082
170087
170086
170083
170079
170082
170087
170086
170081
170077
170080
170083
170082
170076
170074
170078
170084
170086
170084
170082
170085
170090
170088
170082
170077
170081
170085
170084
170079
170074
170077
170083
170084
170080
170077
170080
170084
170083
170080
170077
170080
170084
170083
170078
170074
170077
170081
170081
170078
170076
170079
170082
170081
170076
170072
170076
170080
170080
170076
170074
170079
170083
170081
170076
170073
170076
170079
170078
170073
170069
170072
170075
170074
170071
170069
170073
170076
170075
170071
170067
170071
170075
170073
170068
170065
170069
170073
170072
170068
170067
170071
170076
170076
170073
170071
170075
170078
170077
170072
170068
170070
170074
170072
170069
170067
170071
170076
170074
170069
170066
170070
170074
170072
170065
170060
170063
170067
170065
170062
170061
170065
170069
170068
170064
170061
170064
170068
170066
170062
170059
170063
170067
170064
170057
170053
170057
170062
170060
170055
170052
170054
170058
170058
170055
170053
170057
170062
170061
170056
170054
170058
170061
170061
170057
170054
170057
170063
170062
170056
170052
170056
170059
170058
170054
170053
170058
170062
170059
170054
170050
170053
170056
170055
170050
170046
170050
170056
170057
170053
170050
170052
170055
170052
170046
170043
170048
170051
170049
170045
170041
170044
170048
170047
170043
170041
170045
170050
170050
170045
170042
170046
170050
170050
170046
170043
170047
170051
170047
170041
170037
170040
170045
170045
170042
170041
170045
170050
170049
170044
170042
170044
170047
170046
170042
170039
170041
170045
170044
170040
170039
170044
170048
170047
170042
170039
170043
170046
170044
170040
170037
170040
170044
170044
170041
170038
170041
170046
170045
170041
170037
170040
170045
170045
170041
170039
170043
170048
170047
170043
170040
170045
170048
170046
170041
170039
170041
170043
170040
170034
170031
170035
170041
170041
170037
170036
170040
170045
170043
170040
170038
170042
170045
170041
170035
170033
170037
170041
170041
170038
170035
170040
170044
170042
170038
170037
170040
170043
170042
170037
170032
170034
170038
170037
170034
170031
170034
170038
170035
170030
170026
170029
170034
170034
170031
170030
170034
170039
170037
170032
170028
170030
170034
170033
170030
170029
170034
170038
170037
170032
170029
170033
170037
170035
170030
170026
170030
170035
170034
170029
170027
170030
170033
170032
170027
170025
170028
170033
170032
170026
170024
170028
170031
170030
170025
170024
170027
170031
170029
170025
170022
170026
170031
170030
170026
170024
170026
170030
170027
170021
170019
170024
170029
170029
170026
170024
170028
170030
170026
170022
170019
170023
170029
170029
170026
170024
170027
170031
170028
170022
170020
170023
170026
170025
170022
170021
170024
170027
170025
170020
170016
170018
170022
170020
170017
170016
170020
170024
170022
170018
170017
170022
170025
170023
170018
170015
170019
170020
170018
170014
170014
170019
170023
170020
170015
170013
170017
170021
170018
170013
170011
170014
170018
170016
170012
170011
170014
170017
170016
170012
170009
170013
170017
170016
170012
170010
170013
170018
170016
170011
170008
170012
170016
170015
170011
170011
170015
170019
170016
170012
170011
170016
170020
170017
170013
170011
170015
170018
170016
170010
170007
170010
170014
170015
170012
170011
170015
170018
170015
170011
170009
170013
170016
170014
170009
170009
170013
170017
170014
170010
170008
170011
170016
170014
170010
170008
170012
170015
170014
170010
170008
170010
170012
170008
170000
169996
169999
170003
170002
169998
169998
170005
170009
170008
170003
170002
170005
170009
170005
170001
169999
170004
170006
170004
170000
170000
170005
170010
170008
170003
170002
170006
170009
170007
170004
170003
170008
170013
170010
170004
170000
170002
170003
170000
169997
169997
170004
170012
170012
170011
170009
170012
170013
170008
169999
169994
169996
169999
169995
169991
169989
169993
169998
169998
169995
169994
169998
170002
170001
169997
169996
170001
170005
170004
170000
169999
170003
170007
170004
169998
169998
170002
170005
170003
169999
169998
170002
170005
170001
169996
169996
170001
170005
170003
169998
169995
169997
170001
169999
169995
169993
169996
169999
169996
169993
169992
169996
170000
169998
169994
169992
169997
170000
169997
169992
169990
169993
169995
169991
169986
169986
169991
169996
169995
169991
169991
169995
169999
169996
169992
169992
169996
169999
169995
169992
169991
169994
169995
169992
169988
169989
169994
169999
169997
169994
169994
169997
170000
169997
169991
169988
169991
169994
169993
169990
169990
169994
169997
169993
169988
169987
169991
169996
169993
169988
169986
169990
169993
169991
169988
169986
169989
169992
169987
169982
169982
169988
169994
169994
169990
169988
169992
169995
169991
169986
169985
169988
169991
169988
169983
169983
169989
169994
169991
169986
169983
169985
169988
169986
169982
169983
169989
169994
169992
169988
169985
169988
169990
169988
169984
169985
169990
169994
169991
169987
169987
169990
169991
169987
169983
169982
169987
169990
169987
169982
169980
169983
169985
169983
169978
169975
169978
169982
169980
169976
169974
169978
169982
169982
169979
169980
169985
169988
169985
169981
169980
169983
169987
169984
169980
169979
169983
169987
169984
169980
169980
169983
169985
169982
169977
169975
169979
169983
169980
169976
169976
169979
169981
169976
169971
169970
169974
169980
169980
169978
169977
169980
169983
169980
169975
169974
169977
169980
169976
169972
169972
169977
169981
169979
169975
169976
169979
169983
169980
169975
169975
169981
169986
169984
169982
169983
169987
169991
169988
169982
169978
169980
169983
169979
169975
169976
169982
169987
169985
169981
169980
169985
169989
169985
169980
169980
169983
169986
169982
169977
169976
169980
169983
169981
169978
169979
169985
169989
169987
169983
169983
169986
169988
169984
169981
169980
169985
169989
169985
169980
169979
169981
169983
169979
169974
169971
169975
169978
169977
169975
169975
169980
169982
169978
169972
169972
169976
169979
169976
169971
169970
169974
169979
169976
169973
169973
169976
169979
169976
169971
169971
169975
169978
169976
169971
169970
169974
169977
169973
169968
169966
169969
169973
169970
169967
169967
169972
169976
169974
169969
169968
169972
169976
169974
169970
169970
169974
169977
169976
169971
169970
169975
169978
169977
169974
169975
169979
169982
169980
169976
169976
169979
169982
169978
169972
169971
169974
169977
169974
169970
169970
169975
169979
169977
169973
169972
169976
169979
169975
169968
169965
169966
169966
169962
169959
169960
169966
169972
169970
169966
169967
169971
169974
169970
169967
169968
169975
169980
169977
169973
169971
169973
169976
169973
169969
169971
169976
169981
169978
169974
169974
169978
169980
169975
169970
169971
169975
169979
169976
169971
169971
169976
169978
169975
169969
169968
169970
169973
169969
169965
169966
169972
169978
169977
169974
169974
169976
169980
169979
169978
169978
169983
169988
169984
169978
169977
169978
169980
169976
169971
169973
169978
169982
169979
169974
169973
169976
169978
169973
169967
169967
169971
169975
169972
169969
169969
169973
169976
169974
169970
169970
169975
169979
169975
169971
169972
169977
169980
169978
169974
169974
169976
169977
169972
169967
169968
169974
169979
169976
169973
169974
169978
169981
169978
169975
169976
169982
169987
169984
169978
169977
169979
169980
169976
169973
169973
169976
169980
169977
169974
169976
169980
169982
169978
169972
169968
169970
169972
169968
169964
169965
169969
169971
169968
169965
169965
169971
169976
169974
169972
169972
169975
169976
169970
169964
169964
169969
169972
169969
169966
169967
169971
169973
169969
169964
169965
169969
169972
169968
169963
169963
169967
169969
169964
169958
169958
169961
169964
169960
169957
169958
169962
169965
169962
169959
169958
169961
169963
169959
169955
169956
169960
169963
169960
169955
169955
169960
169964
169962
169959
169960
169963
169965
169961
169957
169958
169962
169963
169959
169957
169959
169964
169967
169964
169960
169959
169962
169964
169960
169956
169955
169958
169961
169956
169950
169950
169955
169959
169958
169957
169960
169965
169968
169963
169958
169957
169960
169962
169959
169956
169957
169961
169962
169958
169954
169954
169958
169961
169960
169959
169961
169966
169969
169965
169960
169959
169961
169963
169959
169954
169954
169957
169959
169955
169950
169950
169953
169955
169952
169948
169949
169954
169956
169951
169946
169948
169952
169956
169954
169951
169952
169956
169960
169959
169955
169955
169958
169960
169956
169952
169953
169957
169960
169957
169953
169953
169956
169958
169954
169949
169949
169953
169957
169953
169949
169950
169953
169955
169949
169943
169942
169946
169950
169947
169945
169948
169952
169953
169948
169941
169940
169943
169946
169944
169940
169941
169947
169951
169947
169944
169945
169950
169954
169950
169946
169946
169948
169951
169947
169943
169944
169948
169951
169949
169945
169945
169949
169951
169946
169941
169942
169947
169949
169946
169943
169944
169948
169951
169946
169940
169940
169944
169946
169943
169940
169941
169946
169949
169947
169943
169944
169948
169949
169944
169940
169940
169944
169947
169944
169941
169942
169948
169951
169948
169946
169947
169950
169951
169946
169942
169944
169950
169954
169950
169945
169945
169948
169948
169943
169939
169940
169945
169949
169946
169942
169943
169948
169951
169948
169944
169945
169948
169949
169943
169936
169935
169940
169946
169944
169940
169939
169941
169940
169934
169928
169929
169935
169938
169937
169936
169939
169943
169945
169940
169936
169938
169942
169945
169941
169937
169938
169941
169942
169940
169937
169939
169944
169947
169942
169936
169937
169941
169944
169941
169936
169937
169943
169945
169940
169935
169937
169942
169945
169942
169937
169938
169942
169944
169940
169936
169938
169942
169944
169940
169936
169937
169939
169939
169934
169929
169931
169935
169939
169937
169934
169937
169943
169945
169941
169935
169935
169939
169940
169937
169934
169934
169937
169939
169935
169932
169934
169938
169940
169935
169930
169929
169932
169934
169932
169928
169929
169931
169931
169927
169923
169924
169929
169931
169928
169924
169926
169932
169934
169929
169925
169926
169931
169934
169931
169927
169928
169932
169935
169930
169926
169927
169931
169934
169930
169925
169925
169927
169929
169925
169922
169924
169928
169930
169926
169921
169922
169927
169930
169926
169921
169922
169926
169929
169926
169923
169925
169929
169931
169927
169923
169924
169929
169931
169927
169923
169924
169927
169929
169924
169920
169922
169926
169928
169925
169921
169923
169927
169929
169926
169921
169922
169926
169929
169926
169922
169924
169928
169930
169925
169920
169922
169925
169927
169923
169919
169920
169924
169927
169925
169921
169923
169928
169931
169926
169920
169920
169922
169923
169919
169916
169919
169924
169926
169922
169918
169919
169923
169924
169920
169916
169917
169920
169922
169920
169917
169919
169923
169925
169921
169917
169919
169921
169921
169915
169908
169908
169912
169915
169911
169908
169912
169917
169919
169915
169909
169909
169912
169915
169912
169907
169909
169914
169916
169912
169909
169910
169915
169917
169913
169908
169910
169916
169917
169912
169907
169908
169912
169913
169908
169903
169904
169908
169910
169907
169904
169907
169913
169916
169913
169910
169911
169914
169916
169910
169905
169907
169912
169916
169912
169907
169907
169910
169912
169907
169903
169904
169909
169911
169908
169905
169907
169913
169916
169911
169906
169907
169911
169914
169909
169905
169907
169911
169911
169906
169902
169904
169909
169911
169907
169903
169904
169907
169908
169904
169900
169901
169906
169908
169905
169901
169903
169908
169910
169905
169899
169898
169901
169903
169900
169897
169899
169904
169908
169905
169901
169902
169905
169907
169902
169897
169897
169901
169903
169899
169896
169898
169903
169906
169903
169899
169899
169902
169902
169899
169896
169898
169902
169902
169897
169893
169894
169896
169897
169893
169889
169891
169896
169900
169897
169893
169893
169896
169897
169893
169889
169891
169896
169897
169894
169892
169895
169899
169900
169895
169891
169892
169896
169897
169894
169890
169891
169894
169895
169891
169888
169892
169896
169900
169897
169894
169897
169899
169899
169894
169890
169892
169897
169898
169895
169891
169893
169896
169896
169890
169885
169888
169893
169896
169892
169889
169891
169896
169899
169896
169893
169894
169898
169899
169896
169892
169893
169897
169897
169891
169885
169885
169886
169887
169884
169882
169886
169891
169893
169888
169883
169885
169890
169892
169890
169887
169890
169895
169897
169893
169887
169887
169889
169888
169882
169877
169880
169883
169885
169882
169879
169882
169886
169887
169884
169881
169884
169888
169889
169885
169882
169885
169890
169893
169888
169885
169888
169893
169895
169891
169886
169889
169893
169894
169889
169885
169886
169890
169892
169887
169883
169884
169886
169886
169880
169876
169878
169883
169887
169886
169884
169888
169893
169895
169892
169890
169893
169898
169900
169897
169893
169895
169900
169901
169896
169891
169893
169899
169903
169901
169898
169901
169906
169908
169903
169900
169902
169904
169904
169897
169892
169893
169896
169896
169892
169888
169890
169894
169896
169892
169888
169889
169893
169895
169892
169889
169894
169901
169903
169899
169896
169899
169903
169904
169901
169898
169902
169907
169908
169904
169899
169900
169902
169902
169897
169892
169893
169895
169896
169893
169889
169892
169898
169902
169897
169892
169894
169899
169901
169898
169894
169897
169901
169902
169897
169891
169893
169896
169896
169891
169886
169887
169891
169892
169888
169885
169886
169887
169885
169879
169873
169875
169880
169882
169877
169874
169877
169882
169884
169880
169878
169881
169885
169885
169880
169875
169876
169879
169881
169877
169874
169876
169880
169880
169874
169870
169872
169876
169877
169874
169871
169872
169876
169879
169876
169872
169876
169881
169883
169877
169871
169873
169878
169879
169875
169870
169871
169874
169875
169871
169869
169871
169875
169875
169871
169869
169872
169877
169878
169873
169869
169871
169875
169876
169872
169868
169871
169876
169878
169876
169872
169873
169876
169875
169871
169867
169869
169873
169875
169872
169868
169869
169872
169873
169869
169867
169869
169873
169874
169870
169866
169867
169870
169870
169864
169859
169862
169867
169868
169865
169863
169867
169871
169872
169867
169863
169867
169871
169871
169868
169866
169871
169877
169879
169877
169875
169878
169882
169882
169877
169872
169873
169878
169879
169872
169864
169864
169865
169864
169860
169857
169859
169863
169863
169858
169853
169854
169857
169858
169853
169849
169851
169855
169857
169855
169854
169859
169864
169863
169857
169852
169854
169858
169859
169856
169853
169856
169861
169862
169857
169852
169851
169853
169852
169850
169848
169852
169857
169858
169853
169848
169850
169855
169856
169851
169846
169849
169853
169854
169850
169847
169851
169856
169857
169852
169847
169850
169855
169856
169852
169848
169850
169855
169857
169853
169848
169850
169854
169854
169849
169845
169848
169853
169855
169852
169847
169849
169852
169851
169845
169842
169845
169850
169851
169848
169844
169846
169850
169850
169846
169842
169845
169849
169850
169845
169841
169844
169848
169849
169846
169842
169843
169846
169848
169845
169843
169847
169851
169849
169844
169838
169839
169842
169843
169840
169838
169843
169848
169849
169844
169838
169838
169839
169838
169833
169828
169830
169834
169834
169831
169830
169834
169838
169838
169833
169828
169830
169834
169836
169833
169831
169835
169841
169841
169837
169833
169834
169837
169837
169834
169833
169838
169843
169844
169840
169836
169839
169842
169842
169839
169835
169839
169844
169846
169843
169839
169841
169844
169844
169837
169833
169836
169841
169842
169839
169837
169841
169845
169845
169839
169834
169834
169836
169836
169832
169829
169834
169839
169840
169836
169831
169834
169838
169838
169835
169834
169837
169843
169847
169845
169841
169843
169846
169847
169843
169840
169845
169850
169850
169845
169839
169840
169843
169844
169840
169836
169840
169845
169845
169840
169834
169836
169839
169841
169837
169835
169840
169845
169847
169843
169839
169841
169844
169843
169839
169835
169837
169841
169841
169836
169832
169835
169839
169841
169838
169833
169835
169838
169838
169835
169832
169837
169842
169843
169838
169834
169836
169841
169842
169838
169835
169837
169841
169840
169835
169830
169831
169834
169835
169831
169827
169832
169838
169842
169837
169832
169833
169836
169834
169830
169829
169832
169836
169836
169834
169831
169833
169837
169838
169835
169832
169836
169842
169844
169841
169837
169839
169842
169844
169840
169834
169836
169839
169839
169833
169829
169833
169838
169840
169837
169834
169838
169842
169842
169837
169831
169834
169837
169838
169834
169831
169833
169839
169839
169835
169834
169838
169843
169844
169839
169834
169835
169837
169836
169832
169828
169831
169837
169838
169837
169836
169841
169847
169847
169840
169836
169837
169841
169842
169839
169835
169838
169842
169843
169839
169835
169836
169839
169838
169834
169831
169835
169839
169837
169832
169827
169830
169835
169837
169835
169832
169835
169836
169833
169827
169823
169826
169831
169832
169830
169828
169830
169835
169836
169833
169832
169836
169841
169842
169837
169833
169835
169839
169839
169835
169832
169834
169837
169837
169833
169828
169829
169831
169831
169827
169826
169829
169834
169835
169830
169823
169823
169826
169827
169824
169823
169828
169835
169837
169832
169827
169828
169831
169829
169824
169821
169826
169831
169831
169827
169823
169826
169831
169832
169828
169824
169825
169827
169826
169821
169817
169820
169826
169830
169827
169824
169827
169831
169830
169825
169822
169824
169829
169829
169825
169822
169824
169827
169827
169822
169818
169822
169826
169828
169826
169824
169829
169834
169833
169827
169822
169824
169827
169827
169825
169822
169826
169831
169832
169828
169824
169826
169830
169828
169822
169818
169819
169824
169826
169824
169822
169825
169829
169830
169827
169823
169825
169828
169828
169824
169821
169824
169829
169830
169827
169824
169828
169833
169833
169829
169825
169828
169831
169830
169823
169818
169819
169822
169823
169821
169820
169825
169831
169832
169828
169826
169830
169834
169833
169828
169824
169825
169828
169828
169825
169823
169826
169831
169833
169831
169829
169832
169836
169836
169831
169826
169827
169831
169831
169828
169825
169829
169833
169834
169830
169825
169828
169832
169834
169830
169828
169831
169837
169837
169834
169830
169833
169839
169839
169834
169831
169834
169837
169837
169832
169827
169830
169834
169837
169837
169834
169838
169843
169844
169840
169835
169836
169838
169836
169830
169825
169828
169831
169831
169826
169823
169826
169831
169832
169830
169828
169832
169837
169836
169832
169828
169829
169833
169833
169827
169824
169829
169835
169836
169833
169830
169833
169837
169837
169834
169833
169837
169841
169842
169837
169831
169832
169835
169836
169832
169829
169833
169840
169842
169838
169835
169838
169841
169840
169837
169835
169838
169842
169842
169836
169833
169837
169842
169842
169839
169836
169841
169846
169846
169842
169840
169843
169845
169842
169837
169834
169834
169836
169835
169830
169827
169830
169835
169837
169832
169829
169832
169836
169838
169835
169832
169836
169841
169841
169835
169829
169832
169835
169834
169829
169825
169827
169831
169831
169826
169822
169826
169831
169832
169829
169827
169831
169837
169838
169835
169833
169836
169841
169842
169839
169836
169838
169843
169843
169840
169839
169843
169848
169848
169844
169841
169843
169846
169845
169840
169835
169836
169840
169840
169835
169830
169831
169833
169832
169826
169822
169826
169830
169830
169826
169823
169826
169831
169832
169829
169826
169828
169831
169830
169825
169822
169827
169833
169834
169830
169827
169829
169833
169833
169829
169825
169828
169832
169831
169827
169823
169826
169829
169828
169824
169820
169823
169827
169827
169823
169818
169822
169827
169828
169825
169822
169826
169830
169831
169827
169823
169826
169829
169829
169824
169822
169826
169831
169832
169828
169824
169826
169828
169826
169821
169820
169825
169830
169830
169824
169819
169819
169821
169821
169817
169813
169816
169821
169823
169821
169817
169821
169825
169826
169822
169818
169820
169824
169825
169823
169821
169825
169831
169832
169828
169825
169827
169831
169832
169828
169824
169825
169828
169827
169824
169823
169827
169831
169830
169826
169822
169826
169831
169832
169828
169825
169828
169832
169832
169828
169825
169828
169832
169833
169830
169826
169829
169834
169834
169830
169825
169826
169829
169828
169824
169821
169825
169832
169832
169828
169824
169826
169832
169834
169831
169829
169833
169839
169841
169838
169834
169837
169841
169840
169835
169832
169836
169840
169839
169835
169832
169836
169841
169840
169835
169831
169835
169841
169841
169836
169832
169835
169840
169840
169836
169834
169838
169843
169844
169840
169837
169839
169843
169843
169838
169835
169840
169846
169846
169843
169841
169843
169846
169846
169842
169839
169842
169847
169847
169843
169840
169842
169846
169846
169841
169837
169838
169842
169843
169839
169835
169839
169844
169845
169842
169841
169845
169850
169852
169850
169848
169853
169859
169861
169857
169853
169855
169859
169859
169852
169846
169848
169851
169852
169848
169845
169847
169851
169852
169849
169846
169852
169860
169863
169862
169861
169864
169867
169867
169862
169858
169859
169862
169862
169858
169855
169855
169857
169855
169850
169845
169848
169855
169858
169855
169852
169858
169866
169869
169867
169865
169871
169875
169875
169871
169866
169868
169869
169866
169860
169855
169858
169862
169863
169861
169858
169860
169864
169864
169861
169860
169865
169872
169874
169870
169866
169870
169873
169871
169866
169863
169865
169870
169871
169867
169863
169863
169865
169864
169860
169857
169862
169867
169868
169865
169863
169867
169870
169869
169864
169860
169862
169866
169864
169859
169856
169858
169862
169862
169858
169857
169861
169866
169866
169863
169859
169862
169865
169865
169861
169858
169860
169864
169865
169861
169857
169861
169864
169863
169860
169858
169861
169865
169866
169862
169859
169862
169866
169866
169860
169857
169859
169861
169860
169854
169851
169854
169858
169858
169854
169850
169851
169855
169853
169847
169843
169845
169850
169850
169848
169847
169852
169857
169858
169855
169853
169855
169858
169857
169851
169847
169850
169853
169853
169849
169846
169849
169851
169850
169846
169842
169846
169851
169853
169851
169849
169854
169859
169858
169853
169850
169853
169857
169857
169852
169849
169853
169857
169858
169854
169851
169855
169858
169856
169852
169851
169857
169863
169862
169858
169854
169857
169858
169855
169848
169842
169845
169851
169853
169851
169850
169855
169859
169858
169853
169849
169852
169856
169855
169850
169845
169847
169851
169850
169844
169840
169844
169849
169849
169846
169843
169846
169848
169846
169839
169834
169836
169841
169844
169842
169844
169850
169857
169857
169854
169852
169855
169859
169859
169852
169848
169849
169851
169849
169845
169841
169843
169848
169849
169845
169843
169847
169851
169851
169847
169843
169846
169850
169851
169848
169846
169851
169858
169860
169857
169854
169857
169861
169859
169853
169849
169852
169856
169858
169855
169853
169858
169863
169865
169861
169858
169862
169867
169867
169861
169855
169856
169856
169853
169847
169843
169847
169852
169852
169849
169846
169850
169853
169852
169850
169849
169853
169860
169860
169854
169848
169850
169853
169852
169847
169844
169848
169852
169852
169848
169845
169850
169855
169856
169852
169848
169850
169854
169854
169852
169849
169853
169858
169857
169851
169846
169848
169851
169850
169846
169844
169849
169852
169851
169846
169842
169845
169849
169849
169845
169842
169845
169850
169852
169848
169845
169848
169851
169852
169849
169847
169852
169857
169857
169853
169849
169852
169856
169856
169853
169849
169850
169851
169848
169842
169839
169842
169846
169848
169846
169843
169848
169855
169857
169854
169852
169857
169862
169862
169857
169855
169860
169865
169865
169861
169858
169861
169866
169868
169864
169861
169864
169868
169869
169864
169860
169863
169865
169864
169860
169857
169859
169863
169865
169862
169859
169862
169866
169865
169862
169859
169861
169863
169862
169857
169852
169853
169856
169856
169850
169846
169850
169856
169856
169851
169848
169852
169858
169860
169856
169852
169854
169857
169855
169851
169847
169850
169855
169855
169850
169846
169850
169854
169854
169850
169846
169849
169854
169855
169851
169847
169850
169855
169856
169853
169850
169853
169857
169858
169853
169849
169851
169854
169853
169847
169843
169846
169848
169847
169843
169841
169846
169852
169853
169849
169845
169848
169851
169850
169846
169843
169848
169853
169853
169850
169847
169850
169854
169854
169849
169846
169849
169853
169853
169851
169848
169851
169855
169855
169851
169847
169850
169853
169852
169848
169845
