169880
169877
169881
169886
169886
169884
169880
169882
169885
169883
169879
169876
169879
169883
169883
169879
169877
169880
169885
169884
169878
169874
169878
169883
169883
169880
169878
169882
169887
169886
169881
169878
169882
169887
169887
169885
169883
169887
169891
169889
169882
169877
169880
169883
169881
169875
169871
169876
169882
169882
169877
169872
169877
169881
169880
169876
169873
169877
169882
169881
169877
169875
169881
169887
169886
169881
169878
169882
169888
169888
169883
169880
169883
169886
169883
169878
169874
169877
169880
169879
169876
169875
169879
169884
169883
169878
169874
169876
169881
169881
169877
169874
169879
169885
169885
169882
169878
169882
169888
169890
169890
169889
169894
169899
169898
169895
169892
169896
169900
169898
169894
169891
169896
169900
169898
169892
169888
169892
169896
169894
169889
169886
169889
169893
169891
169886
169884
169889
169893
169889
169884
169882
169887
169891
169890
169886
169884
169887
169891
169889
169883
169880
169885
169891
169890
169886
169883
169887
169890
169888
169883
169881
169886
169891
169888
169883
169880
169885
169890
169887
169882
169880
169884
169889
169887
169883
169882
169887
169891
169891
169886
169882
169886
169888
169885
169880
169877
169882
169887
169886
169882
169878
169881
169885
169884
169878
169877
169881
169886
169884
169878
169875
169879
169883
169882
169877
169875
169880
169884
169882
169878
169876
169881
169885
169883
169879
169875
169878
169881
169880
169876
169876
169883
169889
169887
169881
169877
169879
169883
169882
169876
169873
169876
169879
169876
169871
169869
169873
169879
169878
169874
169872
169876
169881
169880
169876
169874
169877
169881
169879
169874
169873
169878
169882
169880
169875
169873
169878
169882
169880
169876
169875
169881
169887
169884
169878
169876
169880
169884
169882
169878
169876
169879
169882
169879
169875
169874
169880
169885
169882
169878
169877
169884
169889
169887
169881
169876
169877
169881
169879
169875
169874
169879
169884
169883
169879
169877
169880
169884
169882
169877
169874
169879
169883
169880
169875
169873
169878
169884
169884
169880
169878
169882
169884
169880
169874
169872
169875
169879
169876
169872
169870
169875
169880
169879
169876
169875
169880
169886
169886
169883
169882
169886
169890
169888
169884
169883
169887
169891
169888
169884
169880
169883
169885
169881
169875
169874
169879
169884
169883
169880
169881
169888
169893
169890
169884
169882
169885
169890
169886
169879
169877
169882
169887
169885
169881
169882
169888
169894
169892
169886
169882
169885
169888
169886
169880
169878
169881
169885
169882
169878
169876
169880
169884
169882
169879
169878
169883
169888
169884
169878
169874
169877
169879
169877
169872
169872
169878
169883
169880
169876
169876
169880
169885
169884
169880
169879
169883
169887
169883
169875
169872
169877
169883
169881
169879
169880
169888
169895
169893
169889
169887
169890
169891
169886
169879
169876
169880
169884
169881
169876
169876
169882
169887
169886
169884
169884
169889
169895
169893
169890
169890
169894
169897
169892
169884
169880
169883
169884
169881
169880
169880
169887
169895
169894
169892
169891
169895
169898
169894
169887
169885
169889
169893
169890
169887
169887
169892
169897
169894
169889
169889
169894
169900
169899
169895
169894
169898
169902
169900
169893
169892
169895
169900
169899
169897
169897
169902
169906
169905
169902
169903
169908
169912
169907
169901
169899
169901
169904
169901
169897
169898
169902
169907
169905
169901
169900
169904
169907
169903
169897
169896
169902
169906
169904
169900
169900
169906
169912
169909
169904
169902
169905
169907
169903
169898
169898
169903
169908
169906
169902
169901
169906
169910
169907
169902
169900
169904
169907
169904
169900
169900
169905
169910
169907
169903
169904
169909
169912
169910
169905
169902
169905
169909
169907
169902
169903
169910
169916
169914
169909
169909
169914
169919
169917
169912
169912
169917
169920
169917
169913
169914
169919
169924
169921
169915
169913
169917
169920
169917
169914
169913
169917
169919
169915
169909
169909
169915
169919
169917
169913
169913
169918
169921
169917
169910
169910
169914
169917
169915
169912
169912
169917
169921
169918
169914
169914
169918
169922
169918
169914
169914
169920
169925
169923
169920
169922
169927
169931
169928
169923
169924
169928
169933
169930
169925
169924
169927
169929
169924
169918
169916
169920
169925
169922
169917
169918
169926
169932
169933
169932
169933
169939
169942
169938
169931
169929
169932
169936
169934
169931
169933
169939
169944
169942
169937
169937
169942
169946
169944
169941
169943
169948
169952
169948
169944
169943
169946
169948
169943
169938
169937
169941
169943
169939
169936
169937
169942
169946
169943
169939
169940
169944
169949
169946
169940
169938
169941
169945
169942
169938
169939
169944
169947
169944
169940
169939
169944
169947
169941
169935
169934
169939
169943
169941
169937
169936
169941
169946
169943
169940
169942
169947
169951
169947
169942
169942
169947
169953
169951
169947
169948
169955
169959
169956
169953
169952
169956
169960
169955
169949
169948
169953
169957
169954
169950
169949
169953
169956
169952
169947
169948
169952
169955
169951
169946
169947
169950
169954
169951
169946
169946
169950
169952
169949
169946
169949
169955
169960
169958
169955
169957
169962
169964
169959
169954
169955
169961
169966
169962
169960
169962
169967
169970
169965
169959
169958
169962
169964
169961
169957
169957
169962
169967
169963
169958
169958
169959
169960
169956
169951
169952
169958
169962
169959
169956
169957
169961
169964
169959
169954
169954
169959
169963
169960
169955
169956
169960
169963
169959
169956
169957
169961
169964
169959
169955
169955
169960
169964
169961
169957
169956
169958
169959
169955
169951
169952
169958
169963
169959
169955
169956
169961
169963
169960
169956
169956
169961
169965
169962
169958
169959
169964
169968
169964
169959
169958
169963
169967
169963
169960
169961
169966
169969
169964
169958
169958
169962
169965
169961
169956
169958
169963
169966
169963
169959
169961
169967
169971
169967
169961
169960
169963
169966
169963
169958
169961
169966
169971
169970
169966
169967
169971
169973
169968
169963
169964
169970
169976
169972
169966
169967
169971
169974
169970
169964
169964
169968
169971
169967
169964
169967
169972
169975
169972
169968
169970
169975
169977
169972
169967
169968
169973
169977
169973
169969
169970
169974
169976
169971
169966
169967
169972
169975
169972
169969
169971
169975
169978
169975
169971
169972
169977
169979
169976
169973
169975
169979
169981
169976
169971
169972
169978
169980
169976
169971
169972
169976
169978
169976
169972
169974
169978
169982
169978
169973
169973
169978
169979
169974
169968
169969
169974
169977
169974
169970
169973
169979
169983
169979
169974
169975
169979
169982
169978
169975
169977
169982
169984
169978
169971
169974
169980
169984
169981
169977
169977
169979
169981
169978
169975
169978
169983
169987
169985
169982
169984
169989
169992
169988
169984
169985
169989
169990
169985
169981
169984
169989
169992
169989
169985
169987
169991
169992
169988
169982
169984
169989
169993
169989
169986
169988
169992
169995
169991
169988
169991
169996
169998
169993
169989
169991
169995
169998
169994
169990
169992
169998
170002
169997
169993
169995
169998
169999
169994
169988
169990
169994
169996
169992
169988
169990
169996
169998
169994
169990
169992
169997
170000
169996
169991
169993
169998
170000
169997
169992
169994
169999
170004
170002
169999
170002
170006
170006
170000
169995
169997
170001
170004
170001
169998
170001
170006
170008
170003
169997
169999
170003
170004
170001
169997
169999
170003
170004
170000
169997
170000
170006
170008
170004
170001
170005
170012
170016
170012
170008
170010
170014
170016
170012
170007
170009
170014
170016
170012
170006
170009
170013
170014
170010
170006
170009
170012
170014
170009
170005
170008
170014
170017
170014
170010
170014
170019
170023
170019
170016
170019
170024
170024
170020
170015
170016
170020
170022
170018
170014
170016
170020
170021
170016
170012
170014
170019
170021
170016
170012
170013
170018
170021
170017
170013
170014
170019
170021
170017
170012
170015
170020
170022
170017
170012
170014
170020
170022
170019
170018
170024
170029
170029
170022
170017
170019
170024
170026
170022
170018
170022
170028
170030
170026
170023
170026
170030
170031
170026
170022
170025
170031
170033
170027
170021
170023
170029
170031
170027
170024
170027
170032
170034
170032
170028
170032
170039
170041
170039
170034
170035
170039
170040
170037
170033
170037
170043
170045
170041
170039
170041
170044
170043
170039
170035
170039
170044
170047
170043
170039
170042
170047
170047
170044
170041
170044
170049
170050
170047
170044
170048
170052
170051
170045
170040
170042
170047
170048
170044
170040
170043
170048
170049
170044
170040
170043
170049
170051
170046
170043
170047
170051
170050
170044
170038
170040
170046
170046
170041
170037
170041
170047
170050
170048
170045
170049
170054
170054
170048
170043
170045
170049
170048
170040
170034
170036
170041
170043
170038
170033
170035
170040
170042
170040
170036
170039
170044
170044
170040
170036
170039
170044
170044
170039
170034
170038
170042
170043
170038
170033
170036
170040
170041
170037
170033
170037
170043
170045
170043
170042
170046
170052
170054
170048
170044
170047
170053
170055
170051
170047
170051
170055
170056
170052
170048
170051
170056
170057
170052
170047
170050
170055
170057
170052
170047
170050
170054
170054
170049
170044
170047
170053
170054
170050
170048
170053
170059
170061
170058
170053
170056
170061
170061
170056
170051
170054
170059
170060
170056
170052
170055
170060
170059
170053
170048
170050
170055
170056
170052
170049
170053
170057
170056
170052
170049
170053
170057
170056
170051
170047
170051
170057
170057
170053
170050
170055
170060
170062
170058
170055
170060
170064
170064
170058
170053
170056
170060
170061
170056
170053
170058
170064
170064
170060
170056
170060
170065
170065
170060
170056
170058
170062
170062
170058
170054
170058
170063
170063
170058
170054
170057
170062
170061
170057
170053
170056
170059
170057
170052
170050
170055
170060
170060
170055
170051
170056
170061
170062
170058
170055
170060
170067
170069
170065
170062
170064
170066
170066
170062
170059
170062
170068
170068
170064
170061
170064
170068
170069
170066
170065
170071
170077
170077
170072
170068
170071
170076
170075
170070
170065
170067
170072
170073
170068
170064
170067
170072
170072
170068
170065
170067
170071
170070
170065
170062
170066
170071
170071
170067
170063
170065
170068
170066
170061
170059
170063
170069
170069
170064
170060
170064
170069
170069
170065
170063
170067
170070
170069
170064
170061
170067
170072
170071
170066
170064
170068
170073
170073
170068
170065
170067
170071
170069
170063
170059
170064
170070
170071
170067
170065
170069
170074
170075
170070
170066
170068
170072
170072
170068
170064
170067
170071
170072
170070
170067
170071
170075
170075
170070
170068
170074
170080
170081
170078
170074
170077
170083
170083
170080
170078
170082
170087
170086
170080
170076
170078
170080
170078
170074
170072
170078
170084
170085
170082
170078
170082
170086
170084
170079
170074
170079
170084
170084
170080
170078
170082
170088
170088
170084
170080
170083
170088
170088
170084
170083
170089
170096
170098
170094
170091
170094
170097
170095
170089
170082
170084
170086
170084
170079
170076
170079
170084
170083
170079
170076
170081
170086
170085
170081
170078
170082
170087
170087
170083
170081
170086
170092
170094
170091
170088
170091
170094
170093
170087
170083
170087
170092
170093
170089
170086
170090
170094
170093
170088
170086
170091
170095
170093
170087
170082
170085
170090
170088
170084
170082
170085
170090
170091
170087
170083
170087
170091
170089
170085
170081
170086
170091
170090
170086
170082
170083
170087
170087
170083
170080
170083
170087
170086
170081
170077
170080
170083
170080
170076
170074
170079
170084
170082
170076
170074
170076
170080
170080
170077
170074
170078
170084
170085
170082
170078
170081
170086
170085
170080
170078
170083
170090
170089
170085
170083
170089
170095
170093
170090
170087
170091
170095
170092
170086
170082
170084
170087
170086
170080
170078
170084
170090
170091
170087
170086
170089
170093
170091
170085
170081
170085
170089
170088
170084
170082
170086
170090
170088
170083
170081
170084
170089
170087
170082
170077
170079
170083
170081
170077
170074
170078
170083
170081
170075
170069
170073
170078
170076
170070
170069
170075
170079
170076
170071
170069
170074
170079
170077
170072
170071
170077
170082
170081
170077
170076
170081
170086
170085
170080
170076
170079
170084
170083
170079
170076
170080
170086
170083
170077
170073
170077
170081
170078
170071
170068
170070
170073
170071
170067
170065
170070
170076
170077
170074
170071
170076
170081
170080
170076
170074
170077
170081
170079
170073
170069
170073
170080
170080
170076
170074
170079
170086
170084
170078
170077
170081
170087
170086
170082
170081
170086
170091
170088
170082
170080
170085
170089
170087
170083
170081
170084
170090
170090
170088
170089
170094
170099
170097
170091
170088
170093
170098
170098
170095
170093
170097
170102
170098
170092
170088
170092
170096
170093
170087
170085
170091
170097
170095
170091
170089
170092
170096
170094
170089
170088
170093
170098
170096
170091
170087
170090
170094
170092
170087
170086
170091
170096
170095
170092
170091
170097
170103
170101
170097
170094
170098
170099
170096
170090
170087
170092
170098
170097
170096
170096
170101
170104
170101
170097
170094
170097
170100
170099
170095
170094
170099
170103
170101
170096
170095
170100
170106
170105
170101
170098
170101
170106
170103
170097
170095
170100
170105
170104
170101
170102
170106
170110
170106
170100
170096
170098
170101
170097
170090
170089
170095
170100
170098
170095
170096
170100
170103
170101
170096
170096
170100
170104
170100
170096
170095
170100
170106
170104
170100
170099
170105
170111
170110
170106
170103
170104
170106
170103
170097
170095
170099
170102
170099
170095
170095
170101
170105
170103
170098
170095
170097
170100
170097
170091
170091
170096
170100
170098
170093
170094
170099
170104
170101
170098
170099
170104
170108
170104
170098
170098
170104
170107
170104
170098
170095
170099
170103
170100
170097
170097
170102
170107
170103
170097
170096
170102
170107
170105
170099
170097
170102
170108
170107
170104
170104
170108
170112
170108
170103
170101
170105
170109
170106
170099
170097
170101
170104
170101
170095
170093
170099
170104
170099
170094
170093
170097
170102
170097
170091
170089
170092
170095
170092
170089
170089
170094
170099
170095
170092
170094
170099
170103
170101
170098
170097
170100
170105
170103
170097
170095
170101
170106
170104
170101
170098
170100
170102
170099
170093
170090
170094
170098
170094
170086
170083
170088
170094
170093
170089
170088
170092
170095
170090
170083
170082
170088
170094
170092
170090
170091
170096
170100
170095
170088
170086
170089
170092
170088
170085
170086
170092
170097
170094
170089
170087
170092
170095
170092
170087
170087
170090
170094
170091
170086
170086
170089
170093
170090
170086
170087
170093
170098
170095
170088
170085
170089
170093
170088
170084
170085
170087
170091
170089
170085
170084
170088
170091
170087
170083
170082
170087
170092
170089
170084
170085
170089
170093
170091
170087
170086
170091
170095
170090
170084
170083
170086
170089
170085
170081
170080
170083
170084
170079
170074
170074
170079
170084
170081
170077
170076
170080
170085
170081
170077
170077
170081
170085
170079
170073
170072
170077
170082
170081
170077
170076
170079
170081
170077
170074
170075
170082
170087
170083
170077
170076
170080
170083
170079
170073
170073
170077
170080
170077
170073
170073
170079
170085
170081
170074
170072
170075
170080
170078
170075
170076
170081
170084
170079
170074
170072
170077
170082
170079
170076
170077
170079
170080
170075
170070
170068
170072
170077
170076
170073
170075
170081
170086
170082
170076
170075
170079
170081
170078
170072
170072
170077
170081
170078
170073
170071
170075
170078
170073
170069
170071
170077
170082
170080
170077
170077
170081
170084
170077
170070
170069
170073
170076
170073
170070
170071
170074
170076
170074
170072
170075
170076
170076
170072
170065
170066
170073
170076
170074
170070
170067
170072
170073
170066
170059
170058
170061
170067
170063
170059
170061
170066
170073
170070
170065
170068
170073
170077
170073
170065
170063
170067
170069
170067
170064
170063
170067
170072
170066
170058
170058
170062
170067
170066
170062
170063
170067
170071
170066
170060
170058
170062
170066
170061
170056
170057
170061
170065
170062
170060
170064
170070
170073
170069
170063
170063
170069
170072
170066
170059
170057
170060
170063
170059
170055
170057
170062
170065
170059
170053
170052
170055
170058
170056
170052
170051
170055
170058
170055
170051
170052
170056
170059
170059
170060
170062
170064
170068
170064
170059
170059
170063
170065
170060
170055
170057
170061
170063
170061
170056
170055
170060
170064
170060
170055
170055
170059
170061
170056
170052
170054
170059
170062
170058
170053
170055
170061
170064
170062
170059
170061
170066
170069
170064
170059
170059
170062
170062
170059
170057
170058
170061
170064
170059
170053
170051
170052
170056
170052
170046
170045
170048
170050
170045
170040
170041
170046
170049
170045
170039
170038
170041
170042
170037
170034
170037
170044
170047
170042
170037
170038
170043
170046
170042
170038
170040
170045
170048
170044
170040
170041
170045
170047
170042
170036
170037
170040
170041
170036
170030
170030
170032
170033
170028
170025
170027
170032
170038
170036
170028
170027
170034
170035
170030
170026
170029
170034
170038
170035
170030
170032
170036
170038
170035
170033
170036
170041
170043
170038
170034
170034
170039
170041
170035
170030
170032
170036
170037
170032
170029
170031
170034
170035
170030
170024
170025
170030
170030
170025
170019
170021
170027
170032
170029
170026
170029
170033
170036
170031
170026
170027
170031
170035
170031
170026
170028
170033
170037
170035
170031
170032
170034
170034
170028
170022
170022
170026
170029
170024
170021
170024
170030
170034
170031
170026
170027
170030
170031
170026
170020
170021
170024
170023
170018
170015
170018
170024
170027
170025
170022
170024
170028
170030
170026
170022
170024
170029
170031
170026
170022
170024
170028
170030
170027
170023
170024
170027
170028
170023
170018
170021
170025
170027
170024
170021
170023
170027
170030
170024
170018
170018
170021
170021
170015
170008
170008
170012
170014
170010
170009
170014
170020
170024
170022
170019
170021
170027
170028
170023
170018
170018
170020
170022
170020
170017
170018
170022
170025
170020
170017
170019
170022
170023
170019
170014
170018
170026
170031
170026
170022
170025
170029
170028
170022
170017
170019
170023
170026
170023
170018
170020
170025
170028
170025
170020
170022
170027
170030
170026
170022
170024
170027
170027
170022
170017
170018
170022
170024
170021
170017
170020
170024
170027
170024
170020
170021
170026
170028
170024
170018
170018
170026
170030
170027
170023
170026
170030
170031
170026
170022
170024
170029
170031
170028
170025
170026
170029
170030
170024
170017
170018
170022
170025
170020
170017
170021
170027
170029
170025
170022
170024
170028
170030
170024
170018
170019
170024
170025
170021
170017
170019
170024
170026
170021
170016
170017
170020
170020
170017
170014
170017
170022
170025
170023
170019
170020
170023
170024
170019
170015
170018
170021
170021
170015
170011
170017
170025
170029
170026
170024
170028
170031
170031
170027
170022
170024
170028
170030
170028
170023
170024
170028
170031
170028
170027
170031
170036
170037
170031
170025
170027
170030
170030
170026
170022
170025
170031
170034
170032
170029
170031
170036
170038
170033
170030
170033
170039
170039
170034
170031
170034
170040
170042
170040
170039
170044
170050
170054
170051
170048
170051
170055
170056
170051
170045
170045
170049
170050
170045
170041
170046
170051
170052
170048
170044
170047
170051
170052
170049
170046
170049
170053
170053
170048
170044
170047
170050
170051
170047
170042
170043
170048
170049
170045
170041
170043
170047
170049
170046
170041
170043
170045
170045
170039
170034
170035
170038
170039
170035
170032
170036
170039
170038
170035
170033
170037
170043
170044
170040
170037
170039
170042
170042
170038
170032
170033
170039
170040
170037
170035
170040
170045
170045
170040
170036
170038
170042
170041
170034
170027
170028
170031
170030
170026
170022
170024
170028
170028
170023
170018
170021
170026
170027
170024
170021
170025
170030
170031
170027
170024
170028
170032
170032
170027
170022
170025
170029
170030
170025
170022
170026
170030
170030
170025
170021
170025
170029
170028
170023
170019
170021
170024
170023
170018
170015
170019
170024
170023
170017
170011
170014
170017
170018
170016
170013
170018
170024
170024
170020
170016
170019
170024
170024
170019
170014
170017
170021
170024
170022
170019
170023
170029
170029
170024
170019
170022
170027
170027
170022
170017
170021
170027
170029
170025
170023
170027
170031
170030
170026
170024
170028
170029
170028
170024
170021
170024
170029
170030
170027
170023
170026
170030
170028
170021
170015
170018
170022
170022
170018
170016
170023
170030
170031
170027
170024
170029
170034
170034
170029
170025
170026
170030
170029
170025
170022
170027
170031
170032
170027
170023
170025
170028
170026
170020
170017
170021
170027
170029
170025
170022
170025
170029
170029
170025
170022
170025
170028
170027
170023
170022
170027
170033
170034
170030
170027
170031
170034
170033
170028
170022
170024
170030
170031
170027
170024
170028
170033
170030
170022
170015
170018
170023
170023
170019
170016
170019
170024
170026
170024
170022
170025
170031
170031
170026
170022
170025
170029
170027
170022
170018
170021
170025
170023
170018
170014
170016
170020
170018
170013
170011
170016
170020
170020
170016
170014
170018
170022
170021
170017
170014
170016
170020
170021
170018
170015
170018
170023
170023
170018
170015
170017
170021
170021
170018
170015
170020
170025
170025
170019
170015
170019
170022
170019
170013
170009
170012
170015
170012
170007
170002
170006
170011
170010
170006
170003
170007
170012
170013
170010
170009
170015
170020
170020
170017
170016
170022
170028
170028
170023
170019
170019
170021
170018
170012
170008
170012
170018
170020
170016
170013
170018
170022
170019
170012
170007
170009
170012
170010
170006
170004
170011
170017
170018
170015
170012
170017
170023
170022
170016
170013
170016
170020
170020
170016
170014
170019
170024
170024
170019
170015
170018
170020
170018
170013
170010
170013
170017
170015
170010
170005
170007
170010
170008
170004
170002
170006
170011
170009
170005
170004
170010
170015
170014
170009
170006
170010
170014
170012
170007
170004
170007
170011
170010
170006
170003
170008
170012
170010
170003
169999
170002
170006
170005
170001
170000
170005
170010
170007
170000
169996
169999
170002
170000
169995
169994
169999
170003
170002
169999
169997
170001
170005
170003
169998
169995
169999
170003
170003
169998
169996
170000
170005
170004
169999
169997
170001
170006
170005
169998
169994
169998
170002
170000
169995
169992
169997
170000
169996
169992
169990
169994
169999
169998
169995
169993
169998
170004
170004
170001
169998
170002
170007
170005
170000
169998
170001
170004
170002
169997
169996
170000
170005
170005
170001
169998
170003
170008
170006
170001
169997
170002
170008
170007
170003
170002
170008
170015
170014
170011
170010
170015
170019
170016
170011
170006
170008
170012
170009
170003
170000
170005
170011
170010
170006
170004
170008
170010
170007
170002
169999
170000
170002
170000
169996
169995
170001
170008
170007
170003
169999
170004
170008
170007
170003
170001
170005
170009
170008
170005
170003
170008
170014
170011
170006
170002
170006
170009
170005
170000
169998
170000
170003
170002
169999
169998
170002
170006
170002
169995
169992
169996
170000
169997
169994
169994
169999
170003
170001
169995
169992
169996
170000
169999
169995
169993
169998
170002
170000
169994
169992
169998
170003
170002
169998
169996
170001
170005
170001
169995
169994
169999
170002
170000
169994
169991
169995
169999
169997
169993
169992
169998
170002
170001
169998
169997
170004
170009
170008
170002
169999
170002
170006
170002
169998
169996
169999
170003
170001
169997
169995
169999
170004
170002
169996
169992
169997
170002
169999
169993
169992
169998
170003
170002
169997
169996
170000
170006
170004
170000
169998
170004
170010
170008
170003
170001
170005
170009
170006
170001
169999
170002
170005
170002
169997
169996
169999
170002
170001
169998
169996
170001
170006
170003
169998
169996
170000
170004
170001
169996
169994
169998
170003
170001
169998
169998
170002
170005
170001
169995
169993
169996
169999
169998
169995
169994
170000
170005
170002
169997
169996
170000
170002
169998
169994
169991
169996
170001
169998
169992
169990
169994
169997
169993
169989
169990
169995
170000
169998
169994
169993
169996
169999
169997
169992
169991
169996
170000
169997
169992
169989
169993
169999
169996
169991
169989
169993
169998
169997
169993
169992
169997
170000
169996
169991
169990
169995
169999
169996
169989
169987
169993
170000
170001
169998
169997
170000
170002
169998
169991
169989
169994
169999
169995
169991
169991
169996
170001
169999
169994
169991
169994
169998
169995
169989
169988
169992
169995
169992
169987
169988
169993
169995
169992
169987
169985
169988
169991
169988
169984
169983
169988
169994
169994
169990
169989
169993
169997
169994
169989
169988
169993
169996
169994
169989
169990
169996
169998
169992
169986
169986
169990
169994
169992
169987
169986
169991
169996
169993
169987
169986
169990
169993
169987
169983
169983
169988
169991
169988
169986
169984
169988
169993
169991
169987
169987
169991
169995
169992
169986
169984
169987
169991
169990
169988
169988
169994
169999
169997
169991
169989
169993
169998
169994
169990
169990
169996
170001
169998
169993
169992
169996
169997
169991
169984
169982
169986
169990
169987
169983
169984
169991
169997
169996
169993
169993
169997
169997
169991
169987
169987
169991
169996
169994
169990
169989
169993
169998
169995
169991
169992
169996
169998
169993
169987
169987
169993
169999
169995
169990
169988
169992
169994
169990
169985
169986
169990
169994
169990
169985
169987
169993
169994
169990
169985
169987
169993
169996
169993
169989
169989
169994
169998
169995
169990
169989
169991
169992
169988
169982
169982
169987
169991
169989
169987
169989
169993
169995
169990
169984
169983
169989
169993
169990
169987
169986
169990
169994
169989
169984
169983
169986
169990
169986
169983
169986
169990
169993
169989
169984
169985
169992
169994
169988
169982
169982
169988
169991
169988
169983
169983
169987
169990
169985
169979
169980
169984
169989
169987
169983
169982
169986
169990
169986
169981
169981
169985
169988
169984
169979
169978
169983
169988
169983
169976
169977
169981
169986
169982
169978
169979
169985
169989
169987
169981
169981
169985
169986
169980
169974
169974
169979
169982
169979
169975
169978
169983
169987
169982
169977
169979
169984
169987
169981
169975
169975
169981
169987
169984
169980
169980
169985
169988
169982
169976
169976
169980
169982
169979
169975
169977
169983
169986
169981
169976
169977
169981
169983
169979
169976
169976
169981
169985
169981
169976
169977
169981
169984
169980
169976
169977
169981
169986
169983
169977
169977
169981
169984
169980
169975
169974
169979
169983
169979
169975
169975
169979
169983
169980
169975
169975
169978
169981
169977
169972
169972
169977
169980
169976
169973
169976
169981
169985
169981
169976
169976
169979
169981
169975
169970
169973
169980
169984
169980
169976
169975
169978
169982
169979
169975
169974
169978
169981
169979
169976
169977
169980
169981
169977
169972
169971
169976
169979
169977
169974
169975
169980
169982
169978
169974
169972
169978
169984
169977
169968
169971
169977
169982
169975
169971
169973
169978
169982
169978
169973
169974
169979
169982
169978
169973
169973
169977
169979
169973
169967
169968
169973
169976
169972
169967
169968
169972
169976
169972
169969
169971
169975
169977
169976
169972
169970
169974
169978
169974
169968
169970
169976
169978
169975
169973
169976
169979
169980
169975
169969
169969
169972
169976
169973
169970
169973
169981
169985
169980
169974
169974
169976
169977
169972
169966
169967
169972
169975
169971
169968
169969
169973
169975
169971
169967
169969
169974
169977
169972
169969
169971
169977
169981
169977
169972
169973
169977
169979
169975
169971
169973
169976
169978
169973
169970
169972
169975
169975
169969
169964
169964
169967
169969
169966
169962
169966
169973
169977
169972
169966
169967
169970
169971
169965
169962
169965
169971
169975
169973
169970
169973
169978
169980
169974
169967
169968
169971
169972
169968
169965
169968
169974
169976
169972
169968
169970
169973
169974
169971
169967
169969
169975
169978
169975
169971
169973
169978
169978
169972
169966
169967
169971
169974
169970
169965
169967
169972
169973
169968
169964
169965
169969
169971
169968
169966
169968
169972
169975
169972
169968
169970
169974
169974
169969
169963
169964
169969
169972
169970
169966
169969
169973
169976
169972
169967
169969
169974
169975
169971
169965
169967
169972
169973
169969
169964
169966
169969
169970
169966
169961
169964
169969
169972
169969
169966
169969
169972
169972
169968
169963
169963
169968
169972
169968
169964
169967
169971
169972
169966
169960
169961
169965
169967
169961
169956
169958
169964
169966
169963
169960
169964
169970
169973
169968
169963
169966
169971
169973
169969
169965
169968
169973
169974
169969
169964
169967
169972
169972
169966
169961
169960
169962
169963
169960
169956
169957
169961
169964
169960
169956
169958
169963
169966
169964
169961
169964
169969
169971
169966
169962
169964
169968
169969
169966
169961
169964
169970
169972
169967
169963
169964
169968
169969
169963
169957
169958
169962
169962
169958
169954
169958
169963
169965
169961
169957
169959
169964
169965
169960
169957
169961
169967
169969
169963
169957
169958
169962
169962
169957
169953
169956
169961
169963
169961
169957
169959
169964
169966
169961
169955
169956
169960
169962
169957
169953
169955
169960
169962
169956
169952
169954
169958
169959
169954
169949
169952
169958
169960
169957
169954
169956
169960
169961
169956
169952
169954
169958
169959
169954
169951
169954
169958
169959
169956
169952
169956
169960
169963
169960
169955
169958
169962
169962
169957
169954
169957
169962
169963
169959
169953
169955
169960
169962
169958
169956
169960
169965
169965
169960
169956
169960
169964
169964
169959
169955
169956
169960
169961
169958
169954
169955
169959
169960
169957
169954
169958
169964
169967
169965
169963
169965
169969
169967
169960
169955
169957
169960
169959
169953
169949
169953
169960
169962
169957
169954
169957
169962
169962
169958
169954
169957
169963
169963
169959
169953
169955
169959
169960
169958
169954
169957
169961
169962
169957
169953
169953
169956
169957
169954
169952
169956
169962
169964
169959
169955
169956
169960
169960
169956
169953
169957
169963
169964
169960
169957
169960
169964
169964
169958
169954
169957
169961
169962
169958
169952
169955
169960
169960
169955
169950
169952
169955
169955
169949
169946
169951
169958
169962
169959
169954
169955
169958
169956
169950
169944
169946
169948
169948
169943
169940
169945
169953
169955
169952
169947
169949
169953
169952
169947
169943
169948
169953
169955
169953
169951
169953
169956
169956
169949
169944
169946
169951
169953
169948
169944
169947
169953
169954
169951
169949
169953
169958
169959
169954
169950
169952
169955
169954
169950
169946
169950
169956
169957
169953
169948
169950
169955
169955
169950
169946
169949
169953
169953
169947
169943
169946
169951
169951
169947
169943
169946
169951
169952
169948
169944
169948
169953
169954
169953
169951
169955
169960
169960
169954
169950
169953
169958
169957
169952
169949
169953
169957
169956
169951
169947
169950
169954
169952
169946
169943
169948
169952
169953
169949
169945
169948
169951
169950
169946
169942
169946
169951
169951
169946
169941
169944
169947
169948
169945
169942
169946
169950
169949
169945
169942
169947
169954
169954
169948
169944
169947
169951
169951
169947
169946
169952
169957
169957
169952
169948
169950
169954
169952
169947
169944
169947
169951
169950
169945
169941
169944
169948
169948
169943
169938
169940
169945
169945
169943
169941
169946
169951
169950
169945
169940
169943
169948
169948
169946
169944
169948
169954
169956
169952
169947
169950
169954
169953
169948
169944
169948
169954
169955
169951
169948
169949
169952
169950
169944
169942
169945
169951
169952
169948
169944
169948
169953
169955
169951
169947
169950
169954
169955
169951
169948
169953
169959
169959
169955
169952
169955
169957
169955
169950
169948
169952
169956
169956
169950
169947
169951
169954
169954
169948
169943
169947
169952
169953
169949
169946
169951
169955
169952
169947
169943
169947
169951
169952
169947
169945
169949
169954
169952
169948
169944
169946
169950
169947
169941
169937
169941
169946
169947
169943
169940
169945
169951
169951
169947
169944
169947
169950
169949
169943
169939
169941
169945
169946
169942
169940
169943
169948
169947
169941
169936
169939
169944
169946
169943
169939
169942
169944
169943
169939
169936
169941
169948
169947
169943
169939
169941
169945
169943
169939
169936
169939
169945
169944
169940
169938
169944
169948
169947
169942
169939
169942
169947
169946
169942
169940
169944
169948
169946
169942
169939
169942
169946
169945
169942
169939
169943
169947
169945
169941
169938
169941
169947
169946
169942
169941
169945
169951
169950
169945
169941
169943
169947
169946
169942
169940
169944
169948
169946
169939
169936
169940
169946
169946
169943
169941
169947
169951
169949
169943
169938
169941
169947
169946
169943
169940
169943
169947
169946
169941
169937
169941
169947
169946
169943
169940
169944
169949
169949
169944
169940
169943
169947
169945
169939
169935
169939
169944
169944
169940
169939
169943
169947
169945
169939
169935
169938
169942
169941
169939
169937
169941
169945
169942
169936
169933
169937
169942
169942
169940
169939
169945
169951
169950
169946
169942
169945
169948
169945
169939
169936
169942
169947
169947
169942
169939
169942
169945
169944
169939
169936
169939
169943
169941
169936
169930
169933
169938
169938
169933
169931
169936
169940
169938
169933
169928
169931
169935
169934
169931
169929
169932
169936
169935
169931
169928
169934
169942
169944
169940
169939
169944
169949
169946
169939
169935
169939
169944
169943
169940
169939
169944
169948
169947
169942
169938
169941
169945
169943
169939
169937
169940
169944
169943
169938
169935
169940
169945
169943
169937
169932
169935
169939
169938
169933
169931
169935
169939
169938
169933
169930
169935
169942
169941
169937
169935
169939
169941
169939
169935
169933
169937
169940
169938
169934
169931
169936
169940
169939
169935
169934
169938
169942
169940
169936
169933
169937
169943
169941
169936
169933
169936
169939
169938
169933
169931
169935
169940
169939
169935
169932
169936
169941
169938
169934
169931
169933
169937
169936
169932
169931
169936
169942
169940
169934
169931
169934
169938
169936
169931
169927
169931
169935
169935
169932
169930
169934
169939
169937
169933
169930
169934
169938
169938
169935
169934
169938
169941
169938
169932
169928
169931
169937
169937
169934
169933
169938
169944
169943
169937
169933
169934
169938
169936
169932
169931
169937
169942
169940
169934
169930
169933
169937
169933
169928
169925
169929
169935
169934
169929
169927
169931
169936
169935
169931
169931
169936
169943
169943
169938
169935
169937
169940
169938
169932
169930
169935
169939
169937
169932
169928
169933
169939
169938
169934
169933
169938
169941
169937
169932
169930
169932
169937
169938
169934
169933
169937
169942
169940
169937
169935
169939
169944
169944
169941
169940
169943
169947
169944
169938
169935
169938
169942
169941
169939
169938
169944
169949
169947
169941
169937
169939
169941
169940
169935
169933
169937
169942
169940
169935
169934
169937
169941
169940
169936
169934
169938
169942
169940
169936
169934
169940
169945
169943
169940
169938
169943
169947
169944
169940
169938
169943
169947
169946
169941
169939
169943
169949
169948
169944
169942
169948
169953
169950
169946
169943
169947
169951
169948
169943
169940
169944
169951
169951
169946
169944
169948
169953
169950
169947
169946
169951
169954
169949
169944
169940
169944
169950
169949
169945
169944
169949
169952
169949
169944
169941
169944
169949
169948
169945
169943
169948
169954
169952
169948
169947
169952
169957
169954
169949
169947
169952
169956
169954
169949
169947
169951
169956
169954
169949
169947
169951
169953
169950
169946
169946
169953
169960
169958
169952
169950
169952
169955
169950
169943
169940
169943
169948
169946
169942
169943
169948
169953
169953
169947
169945
169949
169954
169953
169949
169948
169952
169956
169953
169950
169949
169954
169959
169956
169951
169950
169954
169957
169953
169948
169945
169948
169952
169949
169944
169941
169944
169949
169949
169946
169946
169952
169957
169955
169951
169949
169953
169957
169955
169952
169951
169956
169959
169955
169950
169948
169952
169957
169955
169949
169947
169950
169952
169948
169942
169943
169950
169954
169952
169948
169946
169950
169955
169953
169948
169947
169951
169956
169953
169950
169949
169955
169962
169961
169959
169957
169962
169966
169963
169956
169954
169958
169960
169957
169952
169951
169956
169960
169959
169954
169953
169958
169962
169960
169954
169951
169955
169958
169955
169949
169948
169952
169958
169957
169955
169954
169959
169962
169959
169955
169954
169958
169963
169962
169960
169960
169964
169970
169968
169964
169960
169961
169963
169960
169955
169953
169958
169964
169963
169959
169957
169962
169966
169963
169957
169954
169957
169959
169955
169951
169951
169956
169960
169956
169950
169949
169954
169958
169956
169952
169953
169958
169963
169960
169955
169953
169957
169960
169955
169947
169944
169948
169952
169950
169946
169945
169950
169954
169950
169945
169943
169946
169949
169945
169940
169939
169943
169947
169946
169942
169941
169945
169949
169945
169939
169938
169943
169947
169945
169942
169942
169947
169951
169950
169945
169944
169949
169953
169949
169944
169943
169949
169955
169953
169948
169946
169949
169951
169946
169940
169937
169939
169943
169941
169937
169937
169944
169951
169949
169945
169945
169949
169953
169951
169946
169944
169948
169951
169948
169943
169942
169946
169951
169950
169947
169948
169953
169957
169955
169951
169949
169953
169957
169956
169951
169949
169954
169958
169955
169951
169952
169957
169961
169959
169953
169952
169955
169959
169957
169952
169951
169957
169962
169959
169954
169953
169957
169961
169958
169953
169951
169953
169958
169956
169954
169955
169961
169965
169962
169957
169956
169960
169964
169961
169956
169955
169960
169964
169961
169957
169957
169962
169968
169966
169961
169959
169962
169966
169962
169957
169957
169961
169964
169961
169957
169956
169960
169963
169960
169957
169958
169964
169970
169968
169964
169963
169968
169972
169967
169960
169959
169964
169968
169964
169961
169962
169966
169970
169968
169963
169962
169967
169972
169969
169965
169963
169967
169971
169968
169964
169963
169969
169973
169970
169966
169963
169967
169969
169965
169960
169960
169964
169970
169967
169963
169963
169966
169969
169965
169960
169961
169967
169970
169968
169966
169966
169970
169974
169972
169970
169970
169975
169977
169975
169970
169968
169972
169975
169969
169963
169961
169965
169969
169965
169958
169955
169957
169961
169959
169956
169955
169959
169963
169961
169956
169955
169960
169963
169958
169952
169952
169956
169962
169960
169955
169953
169956
169960
169956
169952
169953
169959
169966
169964
169959
169958
169962
169967
169964
169960
169960
169966
169971
169969
169964
169962
169965
169969
169966
169961
169961
169967
169970
169967
169959
169957
169961
169965
169963
169958
169958
169965
169970
169966
169960
169959
169962
169966
169963
169959
169959
169964
169967
169962
169958
169958
169962
169964
169962
169959
169960
169966
169970
169967
169961
169960
169964
169970
169968
169964
169964
169967
169971
169967
169962
169962
169966
169971
169968
169964
169963
169968
169972
169969
169964
169963
169967
169971
169968
169962
169961
169965
169969
169965
169959
169960
169965
169969
169966
169961
169959
169964
169967
169962
169959
169959
169964
169966
169964
169961
169962
169970
169976
169974
169970
169971
169977
169981
169976
169971
169970
169973
169975
169970
169964
169962
169967
169971
169968
169964
169963
169966
169968
169963
169958
169958
169964
169969
169966
169963
169963
169969
169972
169969
169965
169962
169965
169968
169965
169961
169961
169966
169970
169966
169962
169963
169967
169971
169968
169964
169964
169967
169969
169966
169961
169960
169965
169968
169964
169961
169962
169968
169972
169966
169960
169959
169963
169966
169963
169958
169957
169962
169966
169963
169959
169959
169965
169970
169967
169962
169961
169967
169972
169969
169964
169965
169969
169973
169972
169967
169967
169972
169975
169971
169966
169963
169966
169969
169967
169964
169963
169967
169970
169965
169959
169959
169964
169968
169964
169961
169963
169968
169971
169967
169962
169961
169965
169968
169965
169960
169961
169966
169969
169965
169960
169961
169965
169967
169962
169956
169957
169962
169967
169966
169963
169965
169969
169972
169969
169963
169962
169966
169967
169961
169955
169957
169961
169964
169959
169956
169958
169963
169966
169962
169957
169956
169960
169964
169961
169957
169960
169965
169968
169965
169962
169963
169968
169971
169968
169962
169963
169967
169971
169968
169964
169963
169969
169970
169965
169961
169961
169966
169970
169966
169962
169961
169965
169968
169964
169960
169962
169966
169969
169965
169960
169960
169964
169966
169962
169958
169960
169966
169971
169968
169963
169963
169967
169969
169966
169964
169964
169969
169974
169971
169969
169970
169975
169978
169972
169965
169964
169967
169971
169968
169962
169961
169966
169969
169965
169962
169963
169968
169970
169965
169959
169959
169964
169966
169962
169958
169958
169964
169968
169966
169963
169965
169970
169972
169968
169963
169964
169970
169975
169972
169966
169967
169972
169976
169972
169967
169968
169975
169979
169975
169969
169969
169973
169975
169971
169966
169966
169972
169976
169973
169969
169970
169974
169976
169971
169965
169966
169971
169975
169971
169967
169967
169972
169975
169973
169969
169971
169977
169979
169974
169968
169968
169974
169978
169974
169969
169969
169972
169974
169971
169968
169970
169975
169979
169976
169971
169971
169974
169976
169973
169970
169971
169977
169982
169979
169974
169975
169978
169980
169976
169973
169974
169978
169981
169975
169969
169969
169972
169974
169971
169966
169967
169973
169979
169977
169974
169974
169976
169978
169974
169969
169969
169975
169979
169976
169972
169974
169978
169980
169974
169968
169969
169973
169977
169974
169971
169974
169981
169985
169980
169974
169972
169974
169975
169971
169967
169969
169975
169980
169976
169971
169970
169974
169976
169974
169969
169970
169974
169978
169974
169970
169971
169975
169979
169974
169970
169971
169978
169982
169978
169975
169978
169982
169987
169982
169975
169973
169975
169978
169973
169968
169970
169975
169979
169974
169969
169971
169975
169979
169975
169970
169970
169975
169980
169979
169976
169977
169980
169982
169977
169971
169971
169976
169980
169977
169973
169975
169980
169983
169977
169969
169968
169972
169976
169973
169971
169973
169978
169979
169973
169967
169968
169973
169975
169971
169969
169971
169976
169980
169975
169971
169973
169978
169980
169977
169972
169971
169975
169979
169975
169970
169971
169977
169980
169976
169971
169970
169974
169977
169974
169971
169972
169976
169979
169976
169972
169973
169978
169980
169975
169970
169970
169973
169975
169973
169970
169973
169979
169984
169981
169976
169976
169980
169982
169977
169971
169971
169975
169978
169975
169971
169972
169978
169981
169976
169971
169972
169977
169979
169976
169972
169973
169978
169980
169975
169969
169969
169974
169977
169974
169970
169970
169974
169978
169975
169971
169971
169976
169978
169973
169970
169973
169979
169983
169980
169974
169975
169981
169985
169982
169978
169979
169984
169987
169981
169975
169975
169980
169983
169979
169973
169972
169974
169976
169972
169968
169968
169970
169973
169970
169965
169965
169970
169974
169970
169964
169966
169972
169977
169974
169970
169971
169975
169977
169972
169969
169971
169977
169982
169980
169976
169976
169979
169980
169975
169970
169970
169974
169977
169973
169969
169971
169976
169978
169974
169971
169972
169978
169981
169977
169972
169972
169978
169982
169978
169973
169973
169977
169979
169973
169967
169967
169972
169975
169971
169966
169967
169972
169974
169969
169965
169965
169968
169971
169968
169965
169967
169972
169977
169974
169970
169972
169977
169982
169978
169974
169974
169978
169982
169979
169975
169979
169985
169987
169983
169977
169978
169981
169983
169977
169972
169972
169977
169980
169976
169972
169973
169977
169981
169979
169975
169978
169982
169983
169979
169975
169975
169980
169983
169979
169975
169977
169981
169983
169978
169972
169971
169973
169975
169971
169967
169969
169974
169978
169975
169971
169973
169978
169982
169979
169977
169980
169984
169986
169980
169976
169978
169983
169986
169982
169977
169977
169979
169979
169973
169968
169971
169977
169981
169978
169973
169975
169980
169983
169978
169973
169975
169981
169985
169982
169979
169980
169983
169986
169982
169976
169978
169983
169986
169982
169978
169979
169983
169986
169982
169978
169978
169982
169984
169979
169973
169973
169978
169980
169976
169971
169973
169978
169981
169978
169974
169975
169979
169981
169977
169974
169977
169981
169985
169982
169978
169980
169985
169989
169985
169980
169980
169984
169987
169982
169976
169977
169980
169982
169977
169973
169974
169977
169979
169975
169971
169972
169977
169981
169977
169974
169975
169979
169980
169974
169969
169971
169976
169979
169973
169966
169967
169973
169979
169976
169972
169973
169976
169977
169973
169969
169972
169978
169983
169981
169976
169976
169980
169982
169976
169972
169973
169978
169980
169976
169971
169973
169978
169980
169976
169970
169970
169975
169977
169973
169969
169970
169975
169978
169974
169971
169972
169975
169975
169970
169963
169964
169970
169974
169972
169969
169972
169977
169980
169975
169972
169974
169978
169981
169975
169969
169970
169974
169977
169973
169970
169972
169977
169980
169976
169970
169969
169972
169974
169970
169966
169967
169973
169976
169973
169970
169971
169976
169978
169974
169969
169970
169975
169978
169975
169972
169975
169980
169982
169978
169973
169972
169975
169976
169971
169966
169966
169971
169975
169972
169969
169969
169974
169976
169970
169964
169966
169969
169971
169966
169962
169963
169968
169971
169968
169964
169964
169969
169972
169968
169963
169964
169968
169971
169966
169962
169963
169969
169974
169972
169968
169969
169973
169974
169968
169963
169963
169966
169968
169964
169960
169962
169969
169973
169969
169963
169965
169970
169972
169968
169965
169968
169972
169973
169969
169964
169965
169967
169970
169968
169965
169965
169970
169974
169970
169967
169971
169974
169977
169974
169970
169972
169976
169977
169971
169966
169965
169968
169971
169967
169964
169967
169974
169978
169975
169970
169971
169977
169980
169975
169969
169970
169976
169977
169974
169970
169970
169974
169976
169971
169966
169966
169969
169971
169967
169963
169966
169971
169975
169973
169970
169972
169978
169981
169978
169973
169975
169980
169984
169980
169974
169974
169978
169981
169976
169973
169975
169981
169983
169978
169973
169975
169980
169983
169979
169974
169975
169980
169982
169977
169973
169974
169979
169982
169978
169974
169976
169980
169982
169979
169975
169976
169980
169983
169980
169976
169977
169982
169984
169980
169975
169977
169983
169985
169980
169977
169979
169983
169985
169979
169972
169972
169974
169976
169972
169968
169971
169978
169981
169976
169971
169972
169977
169979
169974
169971
169974
169980
169982
169977
169973
169974
169978
169980
169976
169970
169970
169973
169974
169971
169966
169966
169970
169972
169968
169963
169963
169968
169971
169968
169965
169968
169974
169977
169974
169970
169971
169974
169976
169972
169968
169970
169973
169975
169970
169965
169968
169974
169977
169974
169968
169968
169972
169975
169971
169967
169969
169975
169977
169972
169966
169967
169972
169976
169973
169969
169971
169974
169976
169972
169968
169969
169973
169976
169971
169967
169970
169975
169978
169973
169969
169969
169973
169976
169972
169967
169967
169971
169973
169970
169965
169967
169972
169972
169967
169962
169964
169969
169971
169966
169963
169964
169969
169970
169967
169965
169969
169975
169978
169974
169969
169970
169974
169976
169972
169966
169968
169973
169976
169973
169969
169971
169976
169978
169973
169966
169966
169970
169972
169968
169964
169966
169970
169973
169969
169964
169967
169972
169973
169968
169964
169964
169969
169972
169968
169964
169966
169970
169974
169970
169965
169967
169973
169977
169973
169969
169969
169971
169973
169969
169965
169968
169971
169971
169966
169962
169964
169969
169971
169968
169964
169965
169970
169972
169968
169964
169965
169970
169973
169969
169964
169964
169968
169970
169964
169959
169960
169966
169969
169966
169964
169967
169972
169974
169969
169964
169964
169967
169969
169967
169963
169966
169971
169972
169968
169965
169967
169970
169971
169965
169960
169963
169967
169970
169966
169962
169963
169967
169970
169964
169960
169962
169968
169971
169966
169961
169962
169967
169971
169969
169966
169967
169971
169973
169969
169964
169965
169969
169971
169968
169964
169967
169972
169974
169969
169964
169965
169969
169971
169968
169963
169963
169965
169967
169964
169962
169964
169970
169973
169969
169965
169964
169969
169973
169969
169964
169965
169968
169971
169966
169962
169965
169970
169973
169970
169966
169967
169970
169973
169968
169963
169964
169970
169972
169969
169965
169967
169970
169971
169966
169961
169964
169968
169972
169969
169965
169967
169972
169974
169968
169963
169964
169968
169970
169966
169961
169963
169967
169970
169966
169962
169963
169967
169968
169963
169958
169959
169964
169966
169963
169961
169965
169969
169970
169966
169961
169963
169966
169968
169962
169958
169959
169964
169966
169961
169955
169957
169963
169966
169962
169957
169958
169962
169963
169959
169954
169956
169963
169967
169964
169960
169960
169965
169968
169963
169959
169960
169963
169965
169961
169959
169961
169967
169970
169967
169962
169963
169967
169969
169965
169961
169963
169968
169972
169968
169963
169964
169967
169969
169964
169959
169961
169967
169970
169967
169964
169965
169970
169971
169965
169960
169961
169966
169967
169961
169956
169958
169964
169967
169962
169956
169956
169960
169962
169959
169956
169958
169963
169966
169962
169959
169961
169965
169967
169962
169957
169959
169964
169967
169962
169957
169960
169966
169970
169965
169961
169962
169967
169969
169964
169957
169958
169962
169964
169960
169955
169959
169965
169968
169963
169957
169957
169961
169965
169960
169956
169957
169960
169962
169957
169953
169955
169962
169964
169960
169956
169957
169962
169964
169960
169955
169956
169960
169962
169956
169951
169952
169956
169957
169954
169951
169954
169959
169960
169955
169951
169953
169958
169961
169957
169952
169953
169957
169959
169954
169949
169949
169953
169956
169952
169948
169950
169953
169956
169953
169949
169951
169955
169958
169954
169952
169955
169959
169960
169956
169951
169952
169956
169957
169953
169949
169952
169957
169961
169958
169953
169955
169958
169960
169955
169950
169953
169959
169962
169958
169953
169954
169958
169960
169955
169950
169951
169957
169960
169957
169953
169955
169960
169962
169958
169953
169954
169958
169960
169956
169951
169953
169957
169959
169954
169950
169952
169958
169961
169956
169949
169950
169954
169955
169951
169948
169952
169958
169959
169954
169951
169953
169956
169957
169953
169948
169950
169955
169956
169952
169947
169950
169954
169956
169952
169948
169950
169953
169953
169948
169944
169946
169950
169951
169946
169942
169944
169950
169952
169948
169947
169951
169958
169961
169955
169949
169948
169951
169953
169949
169945
169946
169951
169954
169950
169944
169945
169950
169951
169947
169942
169943
169948
169951
169948
169945
169947
169951
169953
169948
169943
169944
169948
169952
169949
169945
169947
169951
169953
169947
169941
169944
169949
169953
169949
169944
169946
169952
169955
169951
169946
169947
169953
169955
169950
169945
169944
169947
169948
169944
169940
169942
169948
169951
169947
169944
169947
169950
169951
169947
169942
169945
169948
169950
169947
169945
169947
169952
169955
169952
169947
169946
169948
169949
169945
169941
169943
169949
