169720
169714
169710
169714
169719
169721
169717
169714
169717
169721
169722
169718
169714
169717
169722
169723
169718
169715
169719
169723
169723
169718
169714
169716
169721
169723
169720
169716
169718
169721
169722
169717
169713
169716
169721
169721
169717
169713
169716
169722
169725
169722
169719
169724
169728
169729
169725
169720
169722
169726
169726
169721
169717
169721
169726
169726
169722
169719
169722
169726
169725
169718
169713
169716
169721
169723
169720
169719
169724
169729
169730
169725
169721
169724
169728
169728
169724
169720
169723
169727
169727
169722
169718
169721
169726
169726
169721
169716
169718
169723
169724
169721
169719
169723
169727
169729
169725
169719
169720
169723
169724
169719
169715
169718
169724
169727
169722
169717
169719
169723
169724
169721
169719
169723
169728
169728
169724
169721
169723
169727
169727
169722
169718
169721
169727
169730
169727
169723
169725
169729
169729
169724
169720
169723
169728
169730
169725
169721
169723
169727
169729
169724
169719
169722
169727
169729
169726
169723
169725
169729
169729
169724
169719
169722
169727
169731
169727
169721
169723
169726
169726
169722
169719
169722
169726
169727
169722
169718
169722
169726
169728
169725
169722
169723
169727
169727
169722
169716
169718
169722
169722
169717
169714
169718
169724
169727
169724
169721
169725
169731
169734
169728
169723
169724
169729
169732
169729
169725
169725
169729
169730
169725
169721
169723
169727
169729
169726
169723
169725
169730
169731
169726
169722
169725
169731
169733
169728
169725
169727
169733
169736
169733
169729
169730
169734
169736
169731
169726
169728
169732
169734
169728
169724
169728
169734
169735
169731
169726
169728
169731
169733
169728
169725
169729
169734
169737
169734
169730
169731
169735
169735
169730
169727
169729
169733
169735
169731
169728
169730
169735
169737
169732
169727
169729
169734
169736
169733
169729
169731
169735
169734
169729
169724
169727
169733
169737
169734
169731
169734
169739
169740
169734
169729
169732
169737
169738
169734
169730
169731
169732
169732
169728
169723
169726
169731
169733
169727
169721
169722
169725
169727
169722
169719
169723
169731
169735
169733
169728
169728
169732
169734
169729
169723
169726
169733
169736
169732
169727
169729
169734
169736
169732
169727
169728
169732
169732
169728
169724
169724
169727
169729
169725
169720
169722
169728
169732
169729
169726
169728
169731
169732
169726
169718
169720
169726
169730
169727
169723
169725
169729
169731
169728
169723
169724
169731
169736
169734
169728
169728
169733
169735
169730
169724
169725
169731
169735
169732
169729
169732
169736
169738
169732
169727
169727
169731
169734
169730
169725
169728
169734
169737
169733
169727
169727
169732
169736
169734
169731
169734
169737
169738
169733
169728
169730
169735
169740
169738
169735
169736
169739
169740
169736
169731
169733
169738
169741
169737
169732
169733
169737
169739
169735
169732
169735
169742
169746
169743
169739
169739
169742
169746
169743
169739
169741
169747
169751
169747
169742
169742
169746
169748
169744
169740
169743
169747
169749
169743
169739
169742
169747
169750
169747
169745
169747
169752
169756
169753
169750
169751
169754
169756
169751
169747
169747
169751
169755
169752
169748
169750
169754
169756
169752
169747
169747
169750
169752
169749
169745
169746
169751
169754
169750
169745
169745
169750
169753
169749
169746
169748
169753
169756
169751
169745
169746
169750
169753
169750
169746
169748
169754
169757
169754
169749
169749
169753
169755
169751
169746
169746
169751
169754
169750
169746
169746
169750
169754
169749
169745
169745
169749
169753
169751
169748
169750
169756
169759
169756
169750
169750
169754
169757
169753
169749
169749
169753
169756
169754
169750
169752
169757
169761
169756
169750
169749
169754
169759
169757
169753
169752
169755
169758
169754
169748
169747
169751
169754
169752
169749
169751
169758
169761
169757
169753
169754
169759
169762
169758
169754
169755
169760
169764
169761
169757
169757
169761
169764
169759
169753
169753
169757
169761
169758
169753
169752
169756
169759
169756
169752
169755
169761
169766
169764
169759
169759
169762
169765
169762
169757
169758
169763
169766
169761
169756
169755
169760
169765
169762
169756
169758
169763
169766
169763
169758
169758
169762
169765
169761
169756
169756
169761
169765
169762
169756
169756
169760
169763
169758
169752
169751
169756
169761
169760
169758
169759
169763
169766
169761
169756
169756
169762
169768
169766
169764
169765
169770
169772
169766
169759
169756
169760
169764
169762
169759
169759
169763
169768
169765
169760
169761
169766
169771
169768
169766
169767
169773
169776
169772
169766
169764
169768
169771
169767
169762
169763
169768
169772
169770
169766
169766
169770
169773
169769
169764
169763
169767
169769
169764
169759
169758
169762
169767
169764
169760
169761
169765
169769
169767
169764
169766
169772
169777
169773
169768
169767
169770
169772
169769
169766
169768
169775
169780
169776
169771
169770
169773
169776
169773
169769
169768
169774
169778
169775
169772
169774
169781
169786
169783
169776
169771
169774
169778
169775
169773
169773
169778
169781
169777
169772
169771
169776
169780
169777
169773
169772
169777
169782
169781
169779
169780
169783
169785
169780
169774
169773
169776
169780
169777
169773
169772
169776
169782
169781
169776
169776
169778
169781
169777
169772
169771
169776
169782
169780
169778
169778
169784
169787
169783
169777
169776
169781
169787
169786
169782
169782
169787
169791
169787
169782
169780
169784
169788
169784
169779
169777
169782
169785
169782
169778
169776
169779
169784
169782
169780
169780
169784
169787
169784
169778
169776
169779
169783
169781
169778
169777
169781
169783
169777
169772
169773
169780
169786
169786
169782
169778
169780
169784
169780
169775
169774
169779
169786
169785
169781
169779
169782
169784
169780
169774
169774
169779
169784
169783
169778
169775
169778
169782
169781
169779
169779
169785
169789
169786
169780
169777
169780
169785
169785
169783
169784
169790
169795
169792
169786
169783
169787
169791
169788
169783
169782
169787
169791
169789
169784
169781
169784
169788
169786
169781
169779
169783
169787
169784
169780
169778
169781
169785
169783
169780
169779
169784
169787
169783
169779
169779
169786
169790
169787
169780
169777
169782
169786
169784
169779
169778
169781
169785
169782
169778
169776
169779
169782
169780
169777
169777
169782
169786
169786
169783
169782
169787
169792
169789
169784
169782
169787
169792
169789
169783
169780
169783
169787
169785
169782
169780
169787
169793
169792
169786
169784
169788
169793
169792
169790
169789
169794
169797
169794
169789
169787
169792
169798
169796
169791
169788
169791
169795
169794
169790
169788
169793
169797
169794
169788
169783
169786
169792
169790
169785
169783
169788
169793
169792
169788
169786
169791
169796
169795
169792
169790
169793
169796
169793
169786
169783
169788
169793
169792
169788
169787
169791
169794
169792
169788
169784
169787
169793
169792
169786
169782
169785
169789
169788
169784
169782
169786
169788
169785
169780
169781
169789
169795
169794
169790
169787
169790
169794
169792
169787
169785
169789
169795
169792
169787
169784
169788
169791
169788
169783
169779
169783
169787
169787
169783
169783
169790
169794
169793
169789
169786
169789
169792
169789
169784
169780
169783
169787
169785
169781
169778
169783
169787
169784
169777
169773
169777
169782
169780
169777
169775
169779
169783
169780
169775
169774
169780
169786
169786
169782
169777
169779
169782
169780
169774
169771
169777
169783
169782
169777
169773
169776
169778
169775
169771
169770
169775
169782
169783
169779
169776
169779
169782
169780
169774
169771
169775
169779
169778
169775
169774
169779
169785
169786
169783
169780
169784
169788
169784
169779
169776
169780
169785
169787
169784
169780
169783
169786
169783
169777
169773
169777
169781
169780
169777
169774
169777
169781
169781
169778
169776
169779
169782
169782
169778
169776
169781
169786
169786
169781
169777
169780
169784
169783
169779
169776
169781
169787
169786
169780
169775
169778
169783
169783
169778
169776
169779
169781
169778
169772
169769
169774
169780
169781
169777
169774
169776
169778
169778
169774
169770
169774
169780
169780
169776
169771
169773
169776
169775
169768
169764
169767
169771
169772
169769
169767
169772
169779
169780
169776
169772
169776
169779
169777
169771
169766
169768
169771
169770
169766
169764
169769
169776
169777
169772
169766
169767
169769
169768
169763
169760
169765
169771
169772
169769
169765
169767
169770
169768
169763
169759
169762
169767
169768
169765
169763
169766
169770
169769
169764
169761
169765
169770
169770
169766
169764
169767
169771
169771
169766
169762
169765
169770
169771
169767
169763
169766
169770
169770
169764
169760
169762
169767
169768
169764
169760
169762
169768
169769
169766
169762
169766
169771
169770
169764
169760
169762
169767
169767
169763
169761
169764
169767
169766
169761
169757
169761
169767
169767
169762
169757
169760
169765
169766
169761
169757
169761
169765
169767
169764
169761
169766
169770
169768
169760
169755
169758
169764
169765
169762
169759
169763
169767
169767
169763
169760
169763
169765
169765
169761
169760
169764
169769
169767
169761
169755
169757
169761
169760
169757
169758
169765
169772
169774
169770
169764
169765
169767
169765
169760
169757
169761
169767
169769
169765
169759
169759
169762
169762
169757
169753
169758
169765
169767
169763
169759
169761
169764
169764
169760
169758
169762
169768
169770
169765
169760
169762
169766
169766
169760
169756
169761
169767
169769
169764
169762
169766
169770
169770
169765
169760
169762
169766
169766
169761
169759
169764
169769
169770
169764
169758
169759
169762
169762
169758
169753
169755
169759
169761
169756
169751
169753
169756
169757
169752
169750
169754
169760
169761
169756
169750
169752
169757
169760
169756
169752
169753
169757
169758
169753
169750
169754
169759
169761
169757
169752
169753
169755
169754
169749
169744
169747
169752
169753
169750
169748
169751
169755
169755
169750
169746
169749
169754
169755
169750
169745
169747
169750
169751
169747
169743
169746
169751
169755
169753
169751
169756
169760
169760
169753
169747
169749
169754
169756
169752
169749
169753
169759
169760
169753
169748
169749
169753
169754
169750
169748
169752
169758
169761
169755
169749
169749
169752
169753
169748
169743
169746
169750
169752
169748
169744
169746
169750
169750
169744
169740
169742
169744
169744
169739
169735
169738
169743
169745
169740
169736
169739
169744
169746
169743
169739
169742
169746
169746
169741
169736
169738
169742
169744
169740
169737
169740
169747
169751
169747
169740
169739
169742
169741
169736
169734
169739
169745
169747
169744
169741
169744
169749
169750
169745
169740
169743
169747
169750
169747
169743
169744
169747
169748
169742
169737
169738
169743
169745
169740
169735
169737
169742
169745
169742
169739
169741
169744
169745
169741
169737
169741
169747
169749
169745
169740
169741
169744
169745
169740
169736
169738
169744
169749
169747
169743
169744
169747
169747
169742
169738
169741
169748
169750
169744
169739
169740
169742
169743
169737
169732
169734
169739
169741
169738
169734
169737
169741
169743
169739
169735
169739
169744
169746
169741
169737
169737
169738
169738
169732
169727
169729
169735
169740
169738
169736
169739
169744
169744
169738
169733
169734
169738
169740
169736
169734
169738
169744
169747
169742
169737
169737
169739
169740
169736
169732
169735
169741
169744
169739
169735
169738
169742
169744
169739
169733
169734
169738
169740
169735
169730
169734
169739
169742
169739
169735
169737
169741
169744
169742
169739
169740
169745
169746
169741
169736
169738
169742
169744
169740
169735
169737
169742
169746
169742
169737
169737
169739
169741
169735
169729
169731
169736
169739
169736
169732
169735
169740
169741
169735
169731
169733
169737
169739
169735
169729
169731
169735
169738
169735
169731
169733
169738
169739
169734
169729
169730
169735
169738
169733
169728
169729
169735
169738
169733
169728
169730
169734
169736
169732
169726
169726
169731
169736
169734
169732
169735
169740
169742
169738
169734
169735
169740
169744
169740
169735
169734
169737
169738
169733
169728
169729
169732
169736
169732
169727
169730
169736
169739
169734
169729
169730
169734
169736
169733
169728
169729
169735
169739
169735
169730
169731
169735
169737
169734
169731
169732
169737
169738
169734
169728
169729
169735
169740
169738
169734
169735
169738
169739
169734
169728
169728
169732
169737
169735
169732
169733
169736
169737
169733
169728
169729
169732
169735
169732
169727
169729
169735
169738
169734
169729
169729
169734
169738
169734
169729
169730
169737
169740
169737
169734
169735
169741
169744
169740
169733
169731
169734
169736
169731
169726
169727
169733
169736
169732
169727
169726
169730
169733
169730
169725
169725
169729
169731
169728
169724
169726
169730
169734
169730
169726
169726
169731
169735
169732
169728
169729
169734
169738
169733
169728
169728
169732
169734
169732
169729
169732
169738
169742
169737
169732
169731
169735
169738
169733
169728
169729
169735
169738
169734
169728
169728
169731
169734
169730
169727
169729
169734
169739
169735
169730
169729
169732
169735
169732
169728
169727
169732
169738
169736
169733
169733
169736
169740
169736
169732
169732
169737
169740
169737
169734
169737
169743
169747
169742
169734
169732
169737
169743
169741
169736
169737
169741
169744
169740
169735
169735
169738
169741
169738
169734
169735
169739
169741
169737
169732
169733
169739
169743
169739
169734
169734
169738
169741
169740
169735
169736
169740
169742
169738
169734
169735
169740
169743
169739
169735
169734
169738
169741
169737
169732
169731
169734
169738
169736
169733
169734
169739
169743
169740
169735
169734
169739
169743
169739
169734
169733
169736
169739
169737
169734
169735
169739
169744
169740
169734
169733
169736
169739
169736
169733
169733
169738
169742
169739
169735
169736
169742
169745
169740
169733
169733
169737
169740
169738
169734
169734
169739
169744
169742
169736
169735
169738
169741
169738
169734
169735
169740
169745
169742
169738
169739
169745
169750
169747
169743
169742
169746
169749
169744
169739
169737
169740
169744
169743
169741
169744
169750
169754
169752
169747
169745
169750
169753
169747
169741
169740
169745
169750
169747
169744
169745
169750
169752
169747
169739
169739
169744
169748
169744
169741
169741
169747
169752
169750
169744
169744
169747
169750
169748
169745
169745
169750
169755
169752
169748
169748
169753
169758
169754
169749
169750
169756
169761
169759
169755
169754
169756
169758
169753
169746
169743
169746
169751
169749
169746
169745
169750
169754
169752
169748
169746
169749
169752
169749
169745
169745
169751
169755
169752
169748
169746
169748
169751
169747
169741
169740
169745
169749
169746
169742
169743
169749
169754
169751
169745
169743
169746
169748
169743
169739
169740
169747
169753
169752
169748
169748
169752
169755
169752
169746
169744
169747
169749
169745
169740
169739
169744
169749
169747
169743
169742
169746
169749
169746
169741
169740
169746
169751
169749
169743
169742
169747
169752
169750
169746
169745
169748
169752
169749
169744
169742
169747
169752
169748
169743
169742
169746
169750
169748
169744
169743
169748
169753
169751
169748
169748
169754
169759
169758
169753
169751
169755
169760
169757
169753
169751
169755
169757
169754
169749
169747
169751
169754
169751
169746
169743
169747
169752
169751
169748
169750
169754
169758
169756
169753
169754
169761
169766
169763
169758
169756
169760
169765
169764
169761
169760
169765
169770
169768
169764
169763
169768
169773
169771
169765
169761
169763
169765
169761
169755
169753
169757
169762
169760
169755
169754
169758
169764
169765
169763
169763
169768
169773
169772
169769
169768
169773
169779
169778
169775
169771
169773
169776
169773
169767
169765
169770
169775
169773
169768
169766
169771
169776
169775
169772
169770
169774
169779
169778
169775
169773
169777
169781
169778
169772
169770
169773
169779
169778
169773
169770
169774
169780
169779
169776
169776
169781
169785
169783
169779
169778
169782
169786
169784
169780
169779
169782
169786
169782
169776
169772
169776
169780
169778
169774
169774
169780
169786
169785
169782
169780
169783
169788
169786
169782
169779
169782
169786
169785
169780
169779
169784
169789
169789
169784
169783
169788
169793
169793
169789
169786
169791
169796
169796
169792
169791
169796
169800
169798
169795
169795
169800
169806
169805
169799
169796
169799
169800
169796
169791
169789
169794
169801
169801
169799
169798
169804
169808
169804
169798
169794
169797
169800
169799
169795
169794
169798
169802
169801
169798
169795
169800
169804
169803
169799
169798
169803
169809
169809
169806
169804
169807
169810
169806
169801
169797
169799
169802
169799
169793
169789
169792
169796
169795
169791
169789
169792
169796
169793
169789
169787
169792
169797
169796
169792
169788
169793
169799
169797
169792
169789
169792
169795
169793
169787
169784
169788
169793
169792
169788
169785
169790
169795
169794
169789
169785
169788
169792
169791
169789
169788
169793
169796
169794
169788
169784
169787
169791
169788
169783
169781
169784
169789
169789
169786
169784
169788
169792
169789
169784
169782
169785
169789
169788
169785
169783
169789
169795
169794
169788
169783
169786
169788
169785
169779
169777
169781
169787
169787
169782
169780
169785
169789
169787
169783
169781
169787
169794
169794
169789
169784
169786
169791
169790
169786
169784
169788
169791
169788
169783
169780
169785
169793
169794
169791
169787
169792
169796
169793
169787
169783
169786
169791
169790
169785
169783
169787
169793
169793
169787
169784
169788
169792
169790
169786
169785
169790
169796
169795
169790
169786
169789
169793
169790
169784
169780
169782
169785
169784
169779
169777
169782
169789
169790
169786
169783
169788
169792
169790
169785
169784
169789
169795
169795
169791
169785
169786
169791
169790
169786
169785
169792
169798
169798
169795
169792
169797
169802
169800
169795
169792
169796
169800
169798
169791
169787
169789
169792
169791
169786
169784
169789
169797
169800
169798
169795
169800
169805
169803
169796
169791
169793
169794
169789
169781
169775
169779
169785
169786
169783
169783
169791
169799
169801
169799
169795
169798
169802
169800
169793
169786
169787
169790
169788
169781
169775
169778
169782
169782
169778
169777
169783
169790
169791
169787
169785
169789
169793
169791
169785
169783
169787
169790
169788
169782
169779
169784
169791
169792
169789
169787
169792
169796
169794
169789
169784
169788
169792
169792
169788
169786
169791
169797
169797
169792
169787
169790
169793
169792
169787
169784
169789
169796
169796
169790
169785
169787
169791
169792
169789
169787
169791
169796
169795
169790
169788
169794
169799
169799
169794
169790
169795
169802
169802
169797
169794
169800
169805
169805
169800
169796
169800
169803
169802
169797
169793
169795
169799
169799
169794
169792
169795
169800
169802
169797
169793
169796
169801
169801
169796
169792
169796
169801
169802
169799
169797
169801
169807
169807
169803
169799
169802
169807
169807
169801
169798
169803
169809
169808
169802
169798
169801
169805
169803
169799
169797
169801
169808
169809
169804
169800
169803
169807
169807
169802
169797
169802
169808
169808
169804
169801
169806
169811
169812
169808
169807
169812
169817
169817
169811
169806
169807
169810
169809
169805
169801
169804
169808
169809
169805
169802
169806
169811
169812
169808
169805
169808
169812
169812
169809
169807
169812
169817
169817
169811
169809
169813
169819
169819
169814
169809
169811
169814
169814
169811
169808
169812
169816
169817
169811
169807
169810
169815
169815
169811
169807
169811
169817
169818
169814
169811
169814
169817
169817
169811
169806
169809
169814
169816
169812
169808
169811
169818
169819
169815
169810
169812
169817
169816
169810
169808
169811
169817
169818
169814
169809
169812
169817
169818
169813
169810
169814
169820
169821
169816
169811
169814
169818
169820
169815
169811
169815
169820
169821
169814
169809
169813
169817
169816
169811
169808
169813
169817
169817
169813
169809
169812
169816
169816
169810
169806
169809
169814
169816
169812
169810
169814
169819
169820
169816
169812
169814
169818
169816
169809
169805
169810
169816
169817
169812
169808
169809
169812
169812
169808
169805
169808
169814
169816
169813
169809
169811
169814
169815
169810
169806
169809
169815
169817
169814
169812
169817
169822
169823
169817
169811
169812
169816
169819
169816
169812
169815
169820
169820
169815
169811
169815
169819
169822
169818
169814
169816
169821
169821
169815
169810
169812
169816
169817
169814
169811
169815
169820
169821
169816
169811
169814
169819
169821
169819
169817
169821
169825
169826
169822
169817
169818
169822
169822
169819
169816
169818
169823
169824
169819
169815
169817
169822
169824
169821
169817
169820
169824
169825
169819
169812
169813
169816
169817
169813
169810
169813
169819
169824
169821
169818
169821
169824
169825
169820
169815
169817
169821
169821
169816
169810
169812
169819
169822
169819
169816
169821
169828
169831
169828
169823
169825
169828
169828
169822
169815
169815
169820
169820
169815
169811
169814
169821
169823
169819
169816
169819
169824
169826
169823
169819
169823
169829
169832
169828
169823
169825
169828
169830
169825
169820
169823
169827
169829
169825
169821
169822
169826
169825
169819
169815
169819
169825
169828
169825
169821
169821
169825
169827
169823
169819
169821
169825
169826
169821
169817
169821
169827
169830
169826
169821
169823
169827
169827
169821
169817
169819
169825
169829
169826
169821
169824
169828
169829
169823
169818
169819
169824
169827
169825
169822
169825
169830
169831
169824
169819
169821
169825
169829
169827
169823
169826
169831
169832
169827
169822
169823
169824
169826
169822
169818
169823
169828
169831
169827
169822
169823
169827
169829
169826
169822
169825
169829
169831
169826
169820
169821
169824
169825
169821
169817
169821
169827
169830
169827
169823
169825
169829
169830
169825
169820
169823
169830
169833
169828
169822
169823
169828
169831
169827
169823
169826
169832
169835
169830
169825
169825
169830
169831
169826
169822
169823
169827
169828
169824
169820
169821
169825
169827
169822
169818
169820
169823
169824
169817
169811
169812
169818
169822
169819
169812
169812
169816
169818
169815
169811
169812
169817
169819
169814
169810
169811
169816
169820
169816
169810
169811
169815
169816
169812
169808
169810
169816
169818
169813
169807
169807
169811
169812
169808
169805
169808
169813
169815
169812
169808
169810
169815
169817
169812
169808
169811
169818
169822
169818
169813
169813
169818
169819
169814
169811
169813
169817
169820
169815
169809
169809
169813
169816
169813
169810
169812
169816
169819
169815
169811
169813
169819
169822
169818
169814
169816
169819
169822
169818
169813
169812
169814
169814
169808
169803
169806
169813
169818
169817
169815
169819
169823
169825
169822
169817
169816
169818
169819
169813
169808
169809
169813
169817
169812
169808
169810
169816
169820
169818
169814
169816
169823
169827
169825
169821
169822
169826
169830
169826
169821
169822
169826
169829
169826
169823
169825
169832
169836
169832
169828
169827
169831
169833
169827
169820
169820
169825
169827
169824
169819
169819
169824
169825
169820
169816
169817
169822
169824
169821
169817
169820
169827
169832
169829
169825
169826
169831
169833
169827
169821
169819
169822
169824
169820
169815
169816
169819
169820
169815
169811
169812
169815
169818
169815
169810
169810
169813
169816
169812
169807
169806
169810
169814
169811
169807
169807
169812
169815
169811
169807
169808
169812
169814
169809
169804
169804
169808
169810
169805
169801
169801
169805
169809
169807
169806
169810
169816
169818
169814
169810
169811
169816
169818
169814
169810
169809
169812
169814
169809
169804
169804
169806
169808
169804
169801
169803
169809
169811
169807
169803
169805
169810
169814
169810
169805
169804
169808
169812
169810
169805
169806
169811
169815
169810
169806
169806
169810
169813
169809
169804
169806
169811
169813
169808
169803
169803
169807
169809
169806
169802
169803
169807
169810
169806
169802
169803
169808
169811
169809
169805
169805
169809
169813
169810
169806
169806
169811
169815
169811
169807
169808
169812
169816
169813
169808
169808
169813
169816
169812
169807
169806
169810
169812
169808
169803
169804
169809
169814
169813
169809
169809
169814
169818
169813
169808
169807
169809
169812
169808
169805
169806
169811
169814
169808
169802
169800
169806
169811
169807
169804
169804
169808
169810
169805
169799
169801
169809
169814
169810
169804
169801
169803
169807
169805
169801
169801
169805
169809
169805
169801
169802
169806
169809
169806
169801
169800
169804
169809
169806
169803
169804
169809
169812
169808
169803
169802
169807
169811
169807
169802
169802
169808
169813
169809
169804
169802
169805
169807
169804
169799
169796
169800
169803
169800
169796
169797
169802
169805
169803
169799
169798
169802
169806
169803
169799
169799
169804
169808
169805
169800
169799
169802
169806
169804
169799
169799
169804
169808
169803
169798
169796
169799
169803
169801
169798
169798
169804
169806
169802
169796
169795
169800
169805
169803
169799
169799
169804
169807
169802
169797
169795
169799
169803
169802
169799
169798
169801
169805
169801
169797
169796
169801
169805
169801
169796
169796
169802
169806
169804
169799
169798
169801
169803
169799
169793
169790
169794
169798
169795
169792
169793
169797
169801
169799
169795
169793
169796
169798
169796
169792
169791
169797
169800
169797
169791
169789
169792
169796
169794
169792
169791
169795
169799
169796
169791
169789
169792
169794
169789
169782
169779
169783
169787
169785
169781
169782
169788
169794
169793
169790
169789
169793
169797
169794
169789
169788
169792
169797
169794
169789
169787
169793
169798
169797
169793
169792
169796
169799
169795
169791
169790
169794
169799
169796
169792
169792
169796
169802
169799
169793
169792
169795
169797
169793
169789
169788
169792
169796
169794
169789
169788
169794
169799
169796
169792
169790
169794
169799
169796
169792
169791
169795
169799
169796
169791
169790
169795
169799
169797
169794
169792
169796
169800
169796
169790
169787
169790
169794
169792
169788
169788
169793
169795
169792
169788
169788
169793
169798
169796
169793
169792
169797
169802
169800
169794
169792
169795
169797
169794
169789
169788
169793
169798
169798
169795
169792
169797
169802
169798
169793
169790
169795
169799
169798
169793
169792
169795
169798
169797
169795
169795
169801
169806
169803
169798
169795
169799
169805
169804
169800
169796
169799
169804
169804
169802
169801
169804
169808
169805
169798
169794
169796
169799
169797
169792
169790
169794
169799
169798
169796
169796
169802
169807
169805
169802
169800
169804
169808
169805
169800
169797
169802
169807
169805
169803
169803
169807
169810
169806
169800
169799
169805
169811
169810
169806
169803
169806
169810
169805
169800
169796
169800
169805
169803
169799
169798
169803
169806
169803
169798
169796
169801
169804
169802
169797
169794
169798
169802
169801
169795
169794
169798
169800
169795
169787
169783
169785
169789
169787
169783
169782
169789
169796
169799
169796
169794
169798
169802
169800
169795
169792
169797
169803
169802
169798
169797
169802
169805
169802
169797
169795
169801
169806
169805
169800
169796
169799
169802
169797
169793
169791
169797
169802
169800
169795
169794
169799
169803
169802
169797
169795
169799
169804
169803
169797
169794
169798
169802
169801
169799
169798
169802
169806
169803
169797
169793
169797
169802
169801
169795
169793
169799
169806
169806
169802
169798
169801
169804
169800
169794
169791
169795
169799
169797
169795
169795
169800
169805
169804
169798
169795
169797
169800
169796
169791
169788
169791
169797
169799
169796
169793
169798
169805
169804
169799
169794
169797
169801
169800
169796
169794
169799
169804
169803
169799
169795
169797
169802
169800
169795
169794
169799
169805
169805
169801
169798
169800
169803
169800
169794
169791
169796
169801
169800
169795
169791
169793
169795
169793
169788
169784
169789
169795
169795
169792
169791
169796
169801
169799
169794
169789
169792
169797
169796
169791
169789
169794
169800
169801
169797
169795
169800
169803
169802
169797
169794
169798
169805
169808
169805
169801
169801
169803
169800
169793
169788
169792
169798
169798
169795
169794
169797
169802
169800
169794
169790
169792
169794
169790
169783
169781
169786
169792
169793
169790
169789
169796
169801
169802
169800
169798
169803
169807
169806
169802
169799
169803
169808
169807
169803
169800
169804
169809
169810
169805
169801
169804
169808
169806
169801
169799
169804
169808
169809
169806
169803
169807
169810
169808
169803
169799
169803
169806
169806
169802
169799
169801
169805
169805
169801
169797
169801
169806
169806
169802
169799
169804
169810
169811
169807
169804
169808
169814
169814
169811
169808
169810
169813
169813
169810
169807
169811
169815
169813
169807
169802
169805
169809
169808
169804
169801
169804
169810
169809
169804
169801
169804
169808
169808
169803
169798
169801
169805
169805
169800
169795
169798
169803
169803
169798
169796
169801
169808
169809
169803
169797
169799
169804
169802
169798
169795
169799
169804
169804
169800
169798
169802
169807
169807
169803
169800
169804
169808
169809
169805
169802
169807
169813
169814
169809
169805
169808
169811
169811
169807
169804
169808
169814
169816
169812
169808
169809
169812
169812
169808
169805
169809
169815
169818
169815
169812
169815
169818
169816
169809
169803
169804
169807
169808
169805
169804
169810
169816
169817
169812
169807
169808
169811
169810
169804
169799
169803
169808
169811
169807
169804
169809
169814
169815
169812
169808
169811
169816
169818
169814
169811
169814
169817
169817
169814
169810
169813
169818
169819
169814
169808
169812
169819
169819
169812
169807
169811
169817
169820
169816
169812
169814
169818
169818
169812
169807
169809
169814
169815
169810
169806
169809
169814
169815
169812
169809
169814
169818
169817
169813
169808
169812
169817
169817
169812
169807
169811
169815
169816
169810
169805
169807
169812
169814
169811
169808
169812
169816
169815
169810
169807
169811
169817
169818
169813
169809
169811
169814
169815
169811
169808
169812
169817
169820
169816
169812
169814
169819
169820
169816
169811
169814
169818
169819
169816
169812
169814
169817
169817
169812
169808
169813
169820
169823
169819
169814
169816
169820
169821
169817
169814
169818
169823
169824
169819
169814
169817
169820
169823
169820
169816
169819
169823
169823
169817
169813
169817
169822
169823
169819
169815
169817
169821
169823
169818
169813
169814
169817
169816
169811
169808
169812
169819
169822
169817
169813
169815
169818
169819
169815
169810
169814
169819
169822
169818
169814
169816
169819
169820
169815
169811
169813
169817
169819
169816
169811
169813
169819
169824
169820
169816
169819
169824
169825
169820
169814
169817
169822
169824
169821
169816
169818
169822
169824
169819
169816
169818
169823
169826
169823
169820
169824
169830
169831
169828
169824
169825
169830
169832
169827
169822
169823
169826
169827
169824
169820
169824
169830
169832
169827
169823
169824
169828
169829
169824
169820
169822
169827
169831
169827
169822
169824
169829
169829
169824
169820
169821
169826
169828
169824
169819
169819
169823
169824
169820
169816
169818
169823
169826
169823
169819
169821
169824
169826
169821
169816
169817
169823
169825
169822
169818
169819
169823
169825
169821
169816
169817
169820
169820
169815
169810
169811
169816
169821
169819
169817
169819
169824
169826
169822
169818
169820
169825
169828
169826
169822
169824
169828
169828
169821
169816
169818
169823
169827
169823
169820
169824
169830
169832
169826
169820
169821
169826
169828
169826
169824
169827
169831
169832
169826
169819
169820
169824
169827
169824
169821
169825
169831
169835
169832
169830
169833
169838
169842
169838
169833
169833
169838
169840
169836
169831
169832
169837
169840
169836
169832
169833
169837
169840
169836
169831
169832
169836
169837
169834
169829
169828
169834
169838
169834
169829
169829
169833
169835
169831
169826
169826
169830
169834
169831
169826
169827
169832
169833
169829
169824
169825
169831
169834
169830
169827
169831
169837
169841
169837
169832
169833
169837
169840
169836
169832
169834
169839
169843
169839
169835
169834
169838
169839
169833
169829
169831
169835
169839
169836
169830
169830
169834
169838
169835
169830
169830
169834
169838
169836
169832
169832
169837
169839
169836
169832
169834
169839
169841
169837
169832
169832
169836
169839
169835
169830
169831
169837
169840
169835
169829
169830
169836
169838
169832
169828
169829
169834
169838
169833
169828
169828
169831
169834
169830
169826
169827
169833
169837
169833
169828
169827
169830
169833
169828
169824
169825
169829
169832
169828
169823
169823
169828
169832
169829
169826
169827
169833
169837
169834
169829
169829
169833
169837
169835
169832
169832
169837
169840
169836
169831
169831
169835
169837
169832
169826
169826
169832
169837
169837
169834
169834
169838
169839
169834
169826
169826
169831
169834
169830
169827
169829
169836
169841
169839
169833
169832
169836
169841
169838
169835
169837
169842
169847
169843
169838
169839
169842
169844
169841
169836
169837
169841
169845
169842
169837
169836
169841
169845
169842
169837
169836
169840
169843
169840
169837
169838
169842
169845
169842
169837
169838
169843
169846
169843
169837
169836
169840
169844
169840
169834
169832
169835
169839
169836
169831
169831
169835
169840
169838
169836
169837
169840
169842
169839
169833
169832
169837
169841
169838
169834
169834
169839
169842
169838
169833
169834
169840
169843
169839
169835
169835
169839
169843
169841
169837
169837
169841
169845
169843
169840
169841
169846
169849
169845
169840
169840
169844
169847
169844
169838
169837
169843
169849
169846
169841
169840
169844
169848
169844
169839
169838
169842
169846
169844
169841
169842
169847
169850
169846
169840
169840
169844
169848
169845
169842
169843
169848
169853
169850
169847
169846
169849
169852
169849
169844
169843
169845
169848
169846
169842
169843
169849
169854
169851
169846
169844
169848
169852
169850
169847
169846
169849
169853
169849
169845
169846
169851
169855
169853
169849
169849
169853
169857
169855
169850
169849
169852
169855
169852
169848
169848
169852
169856
169853
169849
169847
169851
169855
169851
169846
169847
169853
169858
169856
169852
169850
169854
169858
169854
169850
169849
169852
169856
169855
169851
169852
169858
169862
169859
169855
169853
169856
169860
169858
169855
169854
169858
169862
169858
169853
169851
169853
169855
169852
169849
169849
169856
169862
169860
169856
169854
169857
169861
169858
169853
169851
169855
169859
169855
169850
169847
169849
169853
169851
169847
169846
169852
169858
169858
169856
169857
169861
169864
169860
169853
169851
169856
169860
169857
169853
169853
169859
169862
169858
169852
169850
169854
169858
169856
169853
169853
169859
169864
169861
169856
169855
169859
169864
169863
169859
169858
169861
169864
169861
169855
169853
169857
169861
169859
169855
169854
169857
169861
169859
169855
169855
169861
169867
169865
169862
169860
169864
169867
169863
169858
169856
169860
169864
169862
169858
169856
169860
169863
169859
169854
169853
169859
169865
169864
169860
169856
169858
169861
169859
169857
169858
169864
169870
169869
169864
169863
169867
169871
169869
169864
169863
169866
169870
169867
169862
169860
169864
169869
169868
169863
169861
169865
169868
169866
169862
169860
169864
169869
169866
169861
169861
169866
169870
169867
169863
169861
169866
169869
169866
169862
169861
169865
169868
169867
169863
169862
169867
169873
169871
169866
169864
169868
169872
169869
169864
169863
169867
169872
169870
169867
169866
169871
169876
169873
169866
169862
169865
169870
169869
169866
169865
169870
169874
169871
169865
169864
169868
169871
169870
169865
169864
169870
169875
169872
169867
169865
169869
169873
169869
169863
169861
169866
169870
169869
169865
169863
169867
169871
169869
169863
169861
169867
169874
169872
169866
169863
169865
169868
169864
169859
169857
169862
169868
169868
169863
169860
169863
169867
169865
169861
169859
169864
169869
169868
169863
169861
169865
169870
169869
169865
169861
169864
169867
169865
169861
169862
169868
169874
169872
169868
169867
169872
169877
169876
169871
169867
169871
169876
169876
169874
169873
169876
169880
169876
169870
169866
169869
169875
169875
169872
169869
169872
169876
169873
169868
169866
169871
169875
169873
169868
169869
169874
169880
169879
169875
169872
169876
169879
169875
169870
169866
169870
169876
169876
169873
169872
169877
169880
169878
169874
169871
169874
169878
169877
169873
169871
169874
169876
169873
169868
169865
169869
169873
169872
169869
169868
169872
169875
169873
169869
169867
169871
169876
169875
169872
169871
169875
169879
169878
169873
169870
169875
169881
169878
169873
169870
169873
169877
169876
169872
169870
169875
169880
169880
169876
169875
169879
169883
169882
169876
169871
169874
169878
169875
169869
169866
169870
169873
169872
169867
169863
169866
169871
169871
169868
169864
169868
169872
169871
169867
169864
169869
169875
169874
169870
169865
169867
169870
169869
169866
169865
169871
169876
169876
169871
169869
169874
169879
169879
169874
169870
169873
169878
169877
169873
169870
169875
169879
169877
169871
169865
169867
169872
169872
169868
169866
169871
169877
169876
169871
169868
169870
169876
169876
169871
169867
169872
169877
169877
169873
169870
169872
169875
169873
169867
169864
169869
169875
169876
169872
169869
169872
169877
169876
169871
169869
169873
169878
169877
169871
169866
169870
169875
169875
169871
169868
169872
169875
169874
169869
169866
169872
169879
169880
169876
169872
169873
169875
169872
169867
169864
169869
169874
169873
169868
169865
169868
169873
169874
169870
169867
169872
169877
169878
169874
169872
169876
169880
169879
169874
169871
169874
169878
169877
169873
169869
169873
169878
169878
169873
169869
169872
169878
169877
169872
169869
169873
169877
169876
169869
169864
169866
169871
169871
169867
169865
169869
169874
169874
169870
169868
169873
169878
169876
169872
169869
169873
169878
169880
169876
169873
169877
169880
169878
169873
169869
169871
169875
169875
169869
169865
169869
169874
169873
169867
169862
169865
169870
169870
169867
169863
169867
169871
169871
169866
169863
169868
169875
169875
169869
169865
169869
169872
169871
169867
169865
169869
169875
169877
169872
169868
169871
169875
169874
169869
169865
169867
169872
169873
169870
169867
169869
169872
169871
169867
169862
169866
169872
169872
169868
169864
169868
169873
169874
169870
169866
169868
169871
169871
169866
169861
169864
169869
169869
169864
169861
169865
169869
169870
169864
169860
169863
169868
169868
169864
169861
169864
169867
169865
169859
169856
169859
169863
169863
169858
169854
169857
169863
169865
169862
169859
169863
169867
169867
169862
169857
169859
169864
169866
169862
169860
169863
169868
169867
169861
169857
169860
169865
169865
169859
169856
169860
169866
169868
169862
169856
169858
169862
169863
169860
169857
169859
169862
169862
169857
169853
169857
169862
169862
169858
169854
169857
169861
169861
169856
169851
169853
169859
169860
169858
169857
169861
169868
169870
169864
169857
169857
169860
169860
169854
169849
169854
169861
169864
169860
169855
169856
169858
169859
169854
169851
169855
169859
169860
169855
169849
169851
169854
169854
169847
169842
169846
169852
169854
169851
169848
169850
169852
169851
169846
169842
169845
169851
169852
169850
169848
169852
169854
169853
169847
169841
169841
169845
169846
169842
169840
169844
169849
169849
169844
169837
169839
169844
169844
169841
169836
169839
169845
169847
169844
169839
169843
169848
169848
169843
169838
169841
169847
169849
169846
169842
169845
169849
169849
169844
169838
169839
169842
169843
169839
169836
169840
169845
169846
169842
169838
169840
169843
169844
169841
169838
169840
169845
169846
169841
169837
169839
169843
169844
169839
169833
169835
169839
169840
169836
169832
169835
169838
169840
169837
169834
169837
169841
169842
169837
169833
169836
169842
169844
169841
169837
169840
169843
169843
169838
169835
169838
169843
169844
169838
169833
169834
169839
169841
169837
169834
169837
169841
169842
169837
169833
169836
169841
169843
169839
169833
169833
169838
169839
169835
169832
169836
169843
169845
169839
169834
169836
169839
169839
169835
169831
169835
169841
169843
169838
169834
169836
169841
169844
169840
169837
169839
169845
169846
169840
169834
169835
169841
169842
169836
169830
169830
169833
169835
169832
169828
169831
169837
169840
169835
169830
169831
169834
169836
169832
169828
169832
169839
169841
169836
169831
169832
169836
169837
169834
169831
169833
169837
169838
169832
169826
169827
169831
169833
169829
169825
169828
169833
169834
169830
169825
169826
169831
169833
169829
169826
169829
169833
169834
169830
169826
169829
169833
169834
169829
169823
169826
169831
169833
169828
169824
169825
169829
169831
169826
169822
169825
169830
169832
169828
169824
169825
169829
169829
169824
169820
169823
169829
169833
169830
169825
169825
169827
169826
169821
169815
169817
169823
169827
169824
169820
169821
169825
169827
169823
169818
169820
169825
169826
169821
169816
169818
169823
169825
169821
169818
169821
169827
169828
169822
169816
169818
169823
169827
169822
169816
169818
169824
169827
169823
169818
169818
169822
169823
169818
169815
169819
169826
169829
169823
169817
169818
169823
169826
169821
169816
169818
169823
169825
169820
169815
169817
169822
169824
169820
169815
169816
169822
169824
169819
169815
169816
169820
169821
169816
169810
169812
169818
169823
169821
169817
169818
169822
169823
169816
169809
169809
169813
169818
169816
169813
169816
169823
169827
169824
169819
169819
169822
169823
169818
169814
169816
169822
169828
169827
169824
169826
169830
169832
169826
169820
169819
169822
169825
169820
169815
169817
169824
169826
169823
169819
169821
169826
169828
169823
169818
169817
169821
169823
169816
169812
169814
169817
169820
169816
169811
169813
169817
169820
169816
169811
169812
169817
169820
169816
169811
169812
169817
169822
169819
169815
169817
169820
169823
169820
169815
169817
169823
169826
169821
169816
169816
169821
169825
169822
169818
169817
169819
169821
169815
169810
169813
169817
169819
169814
169808
169807
169811
169815
169812
169808
169807
169810
169811
169806
169800
169802
169808
169813
169811
169806
169805
169808
169810
169806
169803
169805
169810
169814
169809
169802
169803
169808
169811
169807
169803
169804
169808
169812
169809
169806
169809
169814
169818
169813
169807
169808
169812
169814
169810
169803
169803
169809
169815
169813
169811
169812
169816
169818
169811
169804
169804
169809
169814
169811
169806
169806
169810
169813
169808
169802
169801
169805
169809
169807
169803
169804
169809
169813
169810
169805
169804
169808
169813
169810
169805
169806
169812
169816
169814
169810
169812
169816
169818
169814
169809
169808
169812
169814
169810
169805
169807
169813
169817
169814
169810
169811
169815
169816
169812
169808
169807
169812
169816
169813
169809
169809
169813
169817
169814
169809
169809
169814
169816
169810
169803
169802
169805
169809
169806
169801
169800
169805
169809
169806
169801
169801
169807
169811
169808
169804
169806
169811
169815
169811
169805
169804
169808
169812
169807
169802
169802
169808
169812
169809
169805
169804
169808
169808
169803
169799
169799
169804
169808
169805
169800
169800
169806
169811
169808
169802
169801
169804
169806
169802
169799
169800
169806
169811
169808
169804
169804
169808
169810
169805
169797
169795
169800
169805
169804
169800
169801
169806
169810
169807
169803
169802
169806
169810
169806
169802
169802
169807
169811
169808
169801
169799
169801
169803
169800
169797
169798
169802
169806
169804
169800
169800
169803
169806
169802
169798
169797
169802
169805
169802
169797
169797
169803
169806
169802
169797
169797
169801
169804
169799
169794
169795
169800
169804
169802
169797
169796
169799
169803
169799
169794
169794
169798
169802
169800
169797
169797
169802
169805
169801
169796
169795
169799
169804
169802
169797
169796
169800
169803
169799
169794
169793
169798
169802
169799
169796
169797
169802
169805
169802
169797
169795
169800
169804
169801
169796
169794
169798
169801
169798
169794
169792
169796
169799
169795
169792
169793
169800
169806
169806
169802
169800
169802
169805
169800
169794
169792
169796
169798
169795
169792
169791
169795
169798
169795
169792
169792
169799
169803
169800
169794
169791
169795
169799
169795
169789
169789
169794
169795
169791
169787
169786
169790
169794
169792
169789
169789
169792
169796
169794
169789
169788
169793
169797
169794
169789
169788
169793
169796
169792
169787
169786
169789
169794
169792
169788
169787
169791
169795
169794
169792
169794
169801
169806
169805
169801
169801
169806
169810
169808
169803
169802
169805
169809
169805
169799
169797
169801
169805
169802
169797
169797
169801
169805
169804
169800
169798
169803
169808
169806
169801
169800
169803
169807
169805
169801
169800
169804
169808
169806
169800
169799
169804
169810
169810
169808
169808
169814
169819
169819
169813
169809
169812
169815
169811
169806
169803
169807
169811
169809
169804
169801
169805
169809
169806
169802
169800
169806
169814
169813
169808
169805
169811
169815
169811
169806
169803
169807
169811
169809
169804
169800
169804
169809
169807
169804
169802
169807
169811
169808
169804
169802
169807
169812
169811
169807
169805
169809
169812
169809
169804
169802
169806
169810
169808
169803
169799
169803
169807
169804
169799
169798
169804
169810
169809
169805
169803
169808
169810
169808
169802
169800
169805
169810
169809
169806
169806
169810
169815
169813
169807
169804
169808
169813
169810
169805
169804
169808
169812
169810
169806
169805
169810
169813
169809
169803
169802
169807
169811
169809
169804
169803
169808
169813
169812
169808
169806
169811
169814
169812
169807
169804
169809
169815
169814
169810
169809
169815
169819
169816
169812
169810
169813
169817
169815
169811
169811
169815
169820
169818
169813
169809
169814
169820
169819
169816
169814
169818
169822
169821
169817
169817
169823
169826
169823
169818
169815
169820
169826
169825
169822
169821
169825
169828
169825
169819
169816
169822
169829
169829
169823
169819
169822
169825
169824
169819
169817
169821
169827
169826
169822
169819
169823
169826
169823
169816
169813
169816
169819
169816
169811
169809
169814
169821
169821
169819
169820
169826
169831
169829
169822
169819
169823
169827
169825
169820
169818
169823
169827
169825
169818
169816
169821
169826
169825
169820
169818
169822
169828
169829
169825
169823
169826
169830
169829
169825
169823
169827
169832
169832
169827
169823
169827
169833
169832
169829
169828
169833
169837
169836
169830
169826
169828
169833
169834
169831
169829
169834
169839
169838
169832
169830
169834
169840
169840
169835
169832
169836
169842
169841
169836
169834
169839
169844
169843
169839
169835
169837
169839
169837
169832
169829
169835
169841
169841
169836
169833
169837
169842
169841
169836
169832
169837
169843
169843
169839
169837
169841
169846
169843
169837
169833
169837
169842
169842
169838
169836
169840
169844
169840
169835
169832
169836
169841
169841
169837
169835
169838
169841
169838
169834
169831
169836
169843
169844
169841
169839
169844
169850
169850
169846
169841
169843
169846
169845
169840
169837
169841
169846
169844
169840
169836
169841
169846
169844
169838
169834
169839
169844
169843
169839
169835
169840
169847
169848
169845
169841
169844
169848
169850
169848
169846
169850
169855
169855
169851
169848
169852
169856
169856
169851
169848
169850
169854
169852
169846
169843
169846
169849
169849
169844
169841
169847
169853
169853
169849
169846
169851
169855
169853
169848
169842
169844
169849
169848
169842
169838
169841
169845
169843
169839
169836
169840
169846
169848
169845
169841
169847
169852
169852
169847
169842
169846
169850
169849
169844
169840
169844
169850
169852
169849
169847
169849
169853
169851
169845
169841
169846
169850
169849
169845
169841
169844
169849
169849
169844
169839
169841
169844
169843
169839
169835
169839
169844
169844
169841
169839
169844
169850
169851
169847
169844
169847
169850
169849
169845
169842
169847
169853
169853
169848
169845
169848
169853
169854
169850
169846
169849
169852
169850
169845
169841
169846
169852
169855
169853
169851
169855
169858
169857
169850
169843
169846
169850
169851
169846
169842
169847
169852
169853
169850
169846
169849
169853
169853
169848
169843
169847
169852
169851
169845
169841
169844
169850
169852
169850
169848
169854
169860
169860
169856
169850
169852
169855
169855
169850
169845
169848
169853
169853
169848
169845
169849
169854
169854
169848
169844
169847
169853
169855
169851
169847
169850
169854
169852
169847
169843
169848
169854
169856
169852
169848
169851
169856
169857
169854
169851
169854
169860
169863
169860
169857
169860
169864
169866
169862
169858
169862
169867
169868
169864
169860
169863
169865
169864
169861
169858
169861
169866
169866
169862
169859
169862
169868
169870
169865
169861
169865
169870
169870
169865
169863
169867
169871
169871
169866
169862
169866
169872
169874
169869
169865
169868
169874
169875
169873
169870
169874
169878
169878
169874
169871
169875
169879
169878
169871
169864
169866
169868
169868
169864
169860
169864
169869
169872
169869
169864
169867
169871
169869
169863
169859
169862
169866
169867
169864
169861
169863
169867
169867
169861
169855
169857
169861
169861
169858
169854
169857
169861
169862
169858
169855
169859
169865
169867
169862
169858
169861
169865
169865
169860
169854
169856
169861
169862
169857
169852
169854
169859
169860
169855
169850
169853
169858
169860
169857
169855
169858
169864
169867
169861
169855
169856
169860
169860
169857
169853
169856
169861
169863
169859
169856
169860
169865
169866
169862
169856
169859
169864
169865
169862
169858
169861
169865
169866
169861
169857
169860
169865
169866
169862
169860
169864
169870
169872
169867
169861
169862
169866
169866
169860
169857
169859
169864
169867
169865
169864
169867
169872
169875
169871
169868
169872
169876
169876
169869
169865
169868
169872
169873
169869
169864
169866
169872
169874
169869
169863
169865
169868
169868
169864
169858
169860
169866
169868
169864
169860
169862
169868
169870
169864
169860
169863
169867
169868
169862
169859
169863
169870
169873
169870
169867
169870
169874
169875
169870
169865
169869
169875
169879
169876
169873
169876
169880
169880
169874
169868
169869
169872
169873
169870
169868
169872
169878
169880
169875
169869
169871
169876
169877
169872
169869
169872
169878
169880
169876
169872
169875
169878
169878
169872
169868
169870
169874
169876
169870
169866
169868
169873
169877
169873
169868
169869
169871
169871
169865
169860
169863
169868
169871
169867
169862
169863
169866
169867
169863
169860
169864
169871
169876
169873
169869
169872
169876
169877
169872
169867
169868
169874
169877
169873
169868
169869
169872
169872
169866
169861
169863
169868
169871
169867
169865
169868
169873
169874
169867
169862
169863
169866
169869
169865
169860
169860
169863
169866
169862
169859
169862
169868
169873
169869
169865
169866
169870
169872
169866
169861
169863
169867
169870
169866
169862
169865
169871
169873
169869
169864
169865
169869
169870
169866
169863
169865
169870
169873
169868
169864
169866
169871
169873
169867
169861
169860
169863
169865
169861
169858
169860
169864
169866
169862
169858
169859
169863
169865
169861
169857
169858
169861
169863
169857
169854
169856
169861
169864
169861
169857
169859
169864
169867
169863
169859
169861
169866
169868
169863
169858
169857
169861
169864
169860
169856
169859
169864
169866
169861
169856
169859
169863
169865
169863
169860
169863
169869
169872
169868
169862
169862
169865
169866
169861
169857
169858
169862
169863
169858
169854
169856
169863
169868
169864
169861
169864
169868
169869
169864
169858
169859
169864
169867
169862
169858
169860
169865
169868
169863
169859
169861
169865
169867
169864
169860
169861
169866
169868
169864
169860
169861
169866
169868
169863
169857
169858
169863
169865
169860
169857
169858
169863
169866
169863
169859
169861
169867
169871
169868
169864
169865
169868
169869
169863
169856
169855
169859
169861
169857
169854
169858
169865
169869
169866
169861
169861
169865
169867
169862
169855
169855
169861
169864
169860
169855
169855
169859
169861
169856
169852
169854
169859
169863
169859
169854
169856
169861
169864
169860
169857
169860
169865
169866
169859
169852
169852
169857
169860
169857
169854
169855
169860
169863
169858
169853
169853
169858
169862
169858
169853
169854
169858
169860
169854
169848
169850
169856
169860
169856
169852
169853
169857
169861
169857
169852
169852
169858
169862
169859
169854
169852
169855
169858
169854
169850
169853
169859
169862
169859
169854
169855
169859
169861
169856
169850
169851
169853
169853
169847
169841
169842
169846
169848
169843
169838
169841
169846
