169848
169845
169840
169842
169846
169849
169846
169841
169842
169847
169850
169846
169841
169840
169844
169846
169841
169834
169834
169838
169841
169838
169835
169837
169842
169846
169842
169835
169835
169840
169843
169840
169835
169836
169840
169843
169839
169835
169836
169840
169844
169841
169837
169838
169843
169846
169843
169838
169838
169842
169844
169840
169836
169837
169843
169848
169845
169840
169839
169842
169844
169839
169833
169833
169836
169839
169834
169829
169829
169832
169834
169830
169826
169828
169834
169837
169834
169830
169832
169838
169842
169837
169832
169832
169836
169840
169837
169833
169833
169838
169841
169838
169832
169832
169835
169838
169832
169826
169825
169829
169833
169831
169828
169830
169835
169839
169837
169835
169838
169844
169848
169844
169840
169840
169844
169845
169839
169832
169829
169830
169831
169826
169822
169823
169829
169834
169832
169828
169828
169832
169834
169829
169824
169825
169832
169836
169834
169831
169832
169835
169837
169832
169826
169825
169827
169830
169826
169821
169820
169825
169830
169826
169821
169819
169824
169829
169828
169823
169822
169826
169830
169826
169820
169820
169825
169830
169826
169820
169819
169822
169825
169820
169814
169814
169819
169823
169820
169816
169815
169819
169822
169819
169813
169813
169819
169824
169822
169818
169819
169824
169829
169828
169824
169824
169829
169833
169829
169823
169821
169824
169826
169822
169816
169815
169817
169821
169819
169814
169813
169816
169819
169814
169809
169808
169813
169817
169814
169809
169809
169814
169818
169815
169811
169812
169818
169823
169819
169814
169814
169819
169823
169820
169815
169813
169818
169821
169819
169815
169814
169818
169820
169815
169809
169809
169815
169819
169817
169813
169813
169817
169820
169816
169810
169809
169814
169818
169815
169809
169807
169811
169814
169813
169810
169810
169814
169815
169810
169804
169801
169804
169808
169805
169801
169802
169807
169812
169810
169805
169805
169810
169815
169814
169810
169810
169814
169818
169815
169810
169809
169813
169816
169813
169808
169808
169812
169814
169810
169806
169806
169810
169814
169811
169806
169806
169812
169817
169814
169810
169810
169815
169819
169815
169807
169805
169810
169813
169810
169805
169804
169810
169814
169812
169807
169804
169808
169810
169805
169800
169799
169803
169808
169804
169799
169797
169800
169804
169800
169796
169796
169801
169807
169805
169803
169803
169807
169812
169810
169807
169807
169812
169817
169815
169810
169809
169812
169814
169812
169808
169808
169814
169819
169816
169811
169809
169812
169812
169806
169798
169795
169797
169799
169797
169795
169796
169802
169808
169805
169800
169798
169801
169804
169800
169794
169791
169795
169800
169796
169791
169790
169795
169800
169799
169793
169791
169793
169796
169794
169789
169789
169794
169799
169797
169792
169790
169795
169800
169796
169793
169792
169796
169799
169795
169789
169787
169792
169796
169794
169791
169789
169792
169795
169791
169784
169782
169786
169789
169786
169781
169780
169784
169787
169785
169780
169780
169784
169789
169788
169783
169782
169786
169789
169788
169784
169783
169788
169792
169789
169785
169784
169788
169792
169790
169785
169784
169787
169790
169787
169783
169782
169785
169789
169787
169783
169782
169786
169790
169787
169782
169780
169783
169786
169783
169779
169779
169785
169789
169786
169781
169779
169783
169787
169785
169782
169780
169784
169787
169784
169778
169774
169778
169782
169780
169776
169776
169781
169786
169783
169779
169777
169782
169786
169784
169780
169778
169781
169784
169781
169776
169776
169781
169785
169784
169780
169779
169783
169787
169785
169780
169778
169783
169787
169784
169778
169775
169779
169783
169782
169778
169777
169781
169784
169781
169777
169775
169779
169782
169780
169777
169777
169782
169787
169784
169778
169775
169779
169783
169781
169777
169775
169778
169781
169779
169775
169774
169780
169786
169786
169782
169779
169783
169785
169782
169776
169775
169780
169786
169785
169783
169783
169788
169793
169789
169783
169779
169782
169787
169784
169780
169777
169781
169785
169782
169778
169778
169783
169788
169786
169781
169778
169781
169783
169782
169778
169777
169781
169785
169782
169778
169775
169778
169782
169779
169775
169773
169778
169783
169782
169776
169773
169776
169780
169779
169775
169774
169780
169785
169783
169779
169777
169780
169783
169780
169774
169772
169778
169782
169780
169774
169771
169776
169780
169777
169772
169769
169774
169780
169778
169772
169769
169774
169780
169779
169774
169771
169775
169780
169779
169774
169770
169774
169779
169778
169773
169770
169775
169781
169780
169777
169775
169779
169783
169781
169776
169774
169779
169784
169782
169777
169774
169776
169778
169775
169769
169767
169770
169776
169776
169773
169772
169777
169782
169780
169774
169771
169774
169776
169774
169771
169770
169775
169779
169777
169771
169767
169771
169777
169776
169771
169768
169773
169777
169775
169770
169768
169773
169780
169781
169777
169775
169779
169781
169778
169771
169767
169771
169776
169774
169769
169766
169771
169776
169775
169772
169768
169772
169777
169776
169771
169767
169769
169773
169771
169767
169765
169770
169776
169776
169773
169772
169774
169777
169775
169768
169765
169769
169774
169773
169769
169767
169772
169778
169778
169775
169773
169778
169782
169778
169773
169770
169772
169776
169774
169769
169766
169770
169774
169772
169768
169767
169772
169777
169777
169773
169771
169777
169783
169783
169780
169778
169781
169785
169783
169777
169773
169776
169781
169779
169775
169773
169777
169781
169778
169771
169767
169773
169778
169775
169769
169764
169766
169771
169770
169765
169762
169766
169770
169770
169766
169764
169769
169773
169772
169766
169762
169766
169770
169770
169766
169765
169770
169776
169775
169769
169766
169770
169774
169773
169769
169765
169770
169774
169772
169767
169764
169767
169771
169770
169766
169763
169767
169772
169770
169765
169762
169767
169772
169772
169768
169766
169773
169777
169775
169770
169766
169768
169771
169770
169767
169766
169771
169775
169774
169768
169763
169765
169769
169767
169760
169757
169761
169767
169768
169765
169763
169768
169773
169773
169768
169764
169767
169771
169770
169766
169765
169768
169772
169772
169767
169763
169766
169770
169771
169769
169766
169771
169776
169776
169772
169767
169768
169771
169770
169765
169762
169767
169770
169770
169767
169763
169766
169770
169767
169762
169758
169761
169765
169765
169762
169761
169766
169771
169770
169764
169759
169763
169767
169767
169763
169760
169764
169768
169768
169766
169763
169767
169772
169771
169766
169763
169766
169771
169772
169768
169765
169769
169774
169774
169769
169763
169764
169767
169767
169763
169760
169763
169768
169770
169766
169763
169766
169769
169768
169762
169758
169763
169770
169772
169768
169764
169767
169771
169770
169765
169762
169765
169768
169767
169762
169758
169761
169766
169767
169763
169760
169764
169769
169768
169762
169757
169759
169764
169765
169762
169759
169764
169770
169770
169766
169761
169763
169767
169766
169763
169761
169764
169768
169768
169763
169759
169762
169766
169768
169764
169760
169763
169768
169770
169766
169761
169762
169765
169764
169760
169757
169761
169765
169764
169759
169756
169760
169766
169768
169759
169755
169761
169764
169765
169761
169756
169758
169762
169763
169761
169760
169764
169769
169769
169763
169756
169757
169761
169763
169760
169758
169762
169768
169768
169761
169756
169758
169763
169765
169760
169756
169759
169763
169763
169759
169756
169759
169763
169764
169760
169756
169762
169769
169772
169768
169764
169767
169772
169772
169768
169764
169766
169768
169765
169759
169754
169757
169761
169761
169756
169753
169759
169765
169766
169761
169757
169760
169766
169768
169764
169761
169763
169766
169767
169762
169758
169762
169768
169771
169768
169763
169765
169769
169767
169759
169753
169754
169757
169757
169753
169750
169754
169759
169759
169754
169751
169755
169760
169762
169758
169753
169757
169763
169767
169763
169759
169762
169766
169767
169762
169759
169763
169770
169770
169764
169757
169757
169759
169758
169754
169751
169756
169763
169764
169760
169755
169757
169761
169761
169756
169753
169758
169763
169765
169762
169759
169761
169764
169765
169761
169756
169757
169761
169763
169758
169754
169756
169761
169763
169758
169753
169755
169761
169763
169760
169757
169761
169765
169765
169759
169753
169755
169760
169762
169758
169755
169759
169764
169766
169762
169758
169760
169765
169767
169762
169756
169757
169761
169760
169755
169751
169754
169760
169763
169760
169759
169763
169768
169768
169764
169759
169762
169767
169770
169766
169761
169764
169769
169771
169767
169762
169765
169769
169771
169766
169761
169762
169765
169767
169762
169756
169759
169764
169764
169759
169755
169757
169762
169764
169761
169758
169760
169764
169765
169760
169756
169758
169761
169762
169757
169754
169758
169763
169764
169759
169755
169757
169763
169766
169763
169759
169761
169765
169765
169759
169753
169755
169759
169760
169755
169752
169755
169761
169763
169758
169752
169754
169760
169763
169759
169754
169756
169761
169762
169758
169752
169753
169756
169757
169752
169749
169753
169759
169764
169762
169759
169762
169766
169767
169761
169755
169756
169759
169761
169756
169751
169754
169759
169761
169758
169754
169756
169762
169764
169758
169756
169759
169765
169767
169764
169760
169763
169768
169770
169764
169757
169757
169760
169761
169758
169756
169761
169769
169773
169768
169763
169764
169766
169765
169758
169752
169754
169759
169762
169760
169759
169763
169768
169771
169768
169764
169765
169770
169771
169766
169762
169764
169770
169773
169769
169765
169766
169770
169772
169767
169762
169763
169767
169769
169765
169761
169764
169769
169772
169767
169762
169765
169771
169774
169770
169764
169765
169769
169770
169764
169759
169761
169767
169769
169766
169763
169766
169771
169775
169772
169767
169769
169772
169771
169764
169758
169760
169765
169768
169765
169761
169763
169767
169769
169765
169760
169761
169766
169770
169767
169763
169765
169769
169771
169767
169763
169764
169769
169772
169769
169766
169769
169774
169776
169772
169767
169768
169772
169774
169770
169768
169771
169778
169782
169779
169776
169779
169783
169785
169781
169776
169778
169783
169785
169781
169776
169776
169777
169778
169772
169766
169766
169769
169771
169767
169763
169765
169771
169776
169772
169768
169769
169774
169778
169774
169767
169767
169770
169773
169769
169766
169769
169774
169777
169774
169770
169771
169776
169779
169774
169768
169768
169773
169774
169770
169767
169769
169774
169778
169775
169769
169766
169767
169768
169762
169757
169758
169764
169767
169764
169761
169763
169768
169770
169766
169761
169762
169766
169769
169765
169760
169761
169766
169770
169767
169762
169764
169769
169773
169770
169764
169764
169768
169768
169761
169754
169754
169756
169756
169753
169750
169754
169763
169769
169767
169763
169765
169769
169771
169767
169763
169766
169771
169775
169772
169768
169769
169773
169776
169771
169766
169766
169770
169774
169770
169765
169765
169770
169773
169767
169761
169761
169766
169769
169765
169761
169761
169765
169767
169763
169757
169759
169764
169768
169766
169764
169767
169774
169782
169779
169772
169771
169774
169774
169768
169761
169759
169763
169765
169759
169754
169755
169760
169764
169761
169758
169760
169766
169771
169769
169763
169763
169765
169767
169762
169758
169759
169766
169772
169767
169762
169761
169765
169767
169763
169759
169760
169765
169770
169768
169765
169767
169772
169776
169771
169766
169766
169770
169773
169769
169763
169761
169765
169766
169762
169757
169758
169765
169770
169766
169763
169764
169769
169773
169767
169761
169760
169765
169769
169764
169758
169758
169765
169772
169772
169770
169770
169773
169776
169775
169770
169769
169774
169778
169774
169768
169767
169771
169775
169772
169768
169770
169777
169783
169782
169780
169780
169783
169785
169779
169775
169776
169780
169782
169778
169775
169775
169780
169783
169778
169774
169773
169778
169783
169779
169775
169777
169781
169785
169783
169778
169777
169781
169783
169780
169777
169777
169784
169790
169788
169783
169783
169786
169789
169787
169784
169784
169787
169790
169785
169780
169780
169785
169788
169783
169778
169777
169780
169782
169780
169776
169776
169782
169788
169786
169781
169779
169781
169784
169780
169775
169775
169779
169783
169780
169776
169776
169781
169784
169781
169777
169778
169783
169787
169784
169779
169779
169783
169787
169783
169778
169778
169783
169787
169784
169779
169778
169781
169784
169781
169776
169775
169780
169784
169781
169776
169776
169781
169784
169781
169776
169776
169781
169785
169782
169777
169778
169784
169788
169786
169783
169784
169789
169792
169787
169780
169778
169783
169785
169781
169777
169776
169782
169787
169786
169783
169783
169787
169788
169783
169778
169778
169784
169788
169785
169781
169781
169786
169788
169783
169777
169776
169781
169785
169782
169777
169777
169780
169783
169781
169778
169778
169784
169788
169786
169782
169782
169786
169789
169786
169782
169781
169786
169790
169787
169782
169779
169783
169787
169784
169779
169779
169784
169789
169787
169785
169787
169792
169795
169790
169785
169783
169788
169792
169790
169786
169786
169789
169793
169790
169786
169785
169789
169791
169786
169782
169782
169787
169792
169790
169786
169785
169790
169796
169792
169786
169783
169785
169787
169783
169779
169779
169785
169790
169790
169788
169789
169795
169799
169795
169789
169787
169791
169796
169795
169790
169790
169795
169799
169795
169789
169787
169791
169794
169793
169788
169787
169792
169796
169794
169789
169786
169791
169795
169794
169789
169788
169791
169794
169790
169785
169783
169788
169792
169791
169788
169788
169792
169797
169794
169789
169789
169793
169796
169794
169790
169789
169793
169797
169793
169788
169785
169790
169795
169792
169787
169786
169789
169793
169791
169788
169787
169792
169797
169794
169790
169790
169795
169800
169798
169793
169792
169798
169802
169800
169794
169792
169796
169800
169796
169790
169786
169788
169789
169784
169778
169777
169783
169789
169788
169784
169782
169786
169790
169788
169784
169782
169789
169794
169792
169786
169783
169786
169792
169791
169787
169786
169790
169795
169792
169787
169785
169788
169792
169790
169786
169786
169791
169794
169791
169786
169784
169789
169793
169791
169786
169784
169787
169791
169789
169785
169783
169787
169791
169788
169783
169781
169786
169791
169789
169784
169784
169789
169796
169795
169792
169788
169790
169791
169787
169780
169779
169785
169790
169789
169783
169780
169783
169785
169782
169777
169774
169779
169787
169788
169785
169784
169789
169795
169793
169787
169785
169789
169794
169793
169789
169786
169790
169794
169792
169788
169786
169792
169796
169793
169786
169781
169785
169789
169788
169785
169784
169789
169794
169791
169786
169784
169787
169791
169789
169784
169781
169785
169788
169787
169785
169786
169791
169796
169793
169787
169783
169786
169790
169789
169785
169782
169786
169790
169788
169783
169781
169785
169790
169790
169785
169784
169786
169788
169785
169780
169777
169782
169786
169785
169782
169781
169785
169787
169785
169779
169776
169778
169781
169780
169777
169777
169784
169790
169787
169781
169777
169780
169785
169784
169778
169777
169781
169787
169784
169781
169778
169780
169785
169784
169780
169778
169782
169785
169783
169778
169774
169776
169781
169780
169776
169773
169777
169781
169778
169772
169769
169772
169775
169775
169771
169769
169776
169783
169782
169776
169772
169775
169779
169776
169771
169769
169773
169777
169777
169773
169770
169773
169776
169776
169772
169770
169775
169781
169780
169775
169772
169776
169780
169780
169776
169774
169779
169783
169781
169777
169773
169776
169780
169778
169774
169771
169775
169779
169776
169771
169767
169771
169776
169775
169769
169767
169772
169778
169777
169771
169767
169769
169771
169769
169765
169762
169766
169772
169772
169769
169767
169771
169775
169773
169767
169765
169771
169777
169773
169771
169773
169782
169787
169784
169778
169772
169774
169777
169775
169769
169765
169767
169770
169769
169764
169762
169765
169770
169771
169768
169766
169770
169775
169774
169770
169767
169771
169777
169777
169772
169768
169771
169777
169777
169772
169770
169774
169778
169777
169773
169771
169774
169778
169777
169772
169770
169774
169777
169774
169768
169765
169769
169773
169772
169769
169767
169771
169776
169774
169767
169763
169768
169773
169773
169769
169764
169768
169773
169774
169772
169769
169773
169777
169776
169771
169768
169771
169774
169771
169765
169761
169765
169770
169769
169764
169761
169765
169770
169769
169763
169757
169760
169764
169762
169758
169756
169762
169768
169769
169765
169762
169766
169770
169769
169763
169760
169763
169768
169769
169766
169763
169767
169772
169770
169765
169763
169767
169770
169770
169765
169761
169764
169767
169765
169761
169759
169764
169769
169767
169759
169756
169761
169767
169766
169760
169755
169758
169762
169761
169758
169756
169760
169765
169765
169760
169756
169759
169765
169766
169761
169757
169763
169769
169768
169762
169757
169761
169765
169766
169762
169759
169763
169769
169770
169766
169762
169764
169767
169764
169757
169753
169757
169762
169763
169760
169758
169762
169767
169765
169759
169755
169757
169761
169760
169757
169754
169757
169762
169762
169758
169754
169758
169763
169763
169758
169754
169757
169761
169761
169757
169754
169760
169765
169766
169761
169759
169763
169768
169765
169759
169755
169758
169762
169761
169756
169751
169755
169760
169760
169757
169755
169759
169763
169762
169757
169754
169757
169761
169762
169758
169755
169760
169764
169764
169759
169754
169756
169760
169759
169753
169751
169756
169761
169762
169757
169754
169758
169761
169760
169755
169750
169754
169759
169760
169755
169753
169757
169760
169758
169752
169750
169756
169762
169763
169759
169755
169756
169759
169757
169752
169748
169752
169757
169759
169754
169751
169753
169757
169759
169755
169752
169755
169759
169758
169751
169745
169747
169751
169752
169748
169745
169747
169751
169750
169745
169743
169748
169754
169754
169748
169745
169749
169753
169752
169747
169742
169746
169752
169752
169748
169743
169746
169751
169753
169750
169746
169751
169755
169755
169750
169745
169747
169751
169752
169749
169746
169749
169754
169753
169747
169743
169745
169749
169749
169743
169740
169743
169749
169753
169750
169747
169751
169755
169753
169747
169741
169742
169747
169748
169744
169740
169743
169747
169747
169742
169738
169741
169747
169748
169745
169740
169742
169746
169746
169741
169737
169741
169746
169748
169746
169743
169746
169750
169750
169745
169740
169742
169745
169745
169740
169735
169739
169743
169745
169739
169734
169736
169740
169740
169735
169733
169738
169743
169745
169741
169737
169739
169743
169745
169741
169737
169740
169743
169743
169739
169733
169735
169740
169742
169738
169734
169738
169744
169747
169744
169740
169742
169747
169749
169744
169738
169738
169742
169743
169739
169735
169737
169742
169745
169741
169735
169737
169739
169740
169734
169728
169730
169735
169736
169733
169730
169734
169741
169743
169739
169734
169736
169740
169740
169734
169730
169732
169736
169737
169733
169730
169734
169740
169742
169737
169730
169732
169738
169739
169734
169728
169730
169734
169735
169731
169727
169729
169734
169734
169729
169724
169728
169734
169736
169732
169728
169732
169738
169738
169734
169731
169735
169740
169741
169736
169732
169733
169736
169738
169733
169728
169731
169737
169739
169735
169731
169733
169736
169736
169732
169727
169728
169732
169734
169730
169727
169730
169736
169738
169734
169730
169733
169740
169742
169737
169733
169734
169737
169738
169734
169729
169731
169735
169736
169731
169726
169728
169731
169733
169729
169724
169724
169728
169729
169725
169721
169723
169726
169726
169722
169718
169719
169724
169725
169721
169718
169720
169724
169727
169723
169720
169724
169730
169731
169727
169723
169725
169729
169730
169725
169721
169722
169725
169726
169721
169717
169719
169724
169726
169722
169717
169718
169722
169724
169719
169714
169716
169721
169724
169720
169715
169717
169721
169723
169719
169715
169718
169724
169726
169722
169717
169716
169718
169719
169716
169712
169714
169718
169719
169714
169709
169713
169719
169722
169718
169714
169717
169723
169724
169720
169715
169716
169719
169720
169716
169712
169713
169717
169718
169713
169709
169709
169713
169714
169710
169707
169710
169715
169717
169714
169711
169713
169719
169722
169717
169712
169714
169718
169720
169716
169712
169713
169717
169720
169715
169709
169709
169712
169714
169709
169705
169706
169711
169713
169709
169704
169707
169712
169714
169711
169707
169709
169714
169716
169712
169708
169710
169715
169717
169712
169707
169709
169714
169716
169712
169707
169709
169715
169718
169715
169710
169711
169714
169715
169711
169706
169706
169711
169715
169712
169709
169713
169718
169718
169711
169705
169707
169713
169715
169711
169706
169706
169710
169712
169707
169704
169705
169710
169714
169710
169705
169707
169712
169715
169711
169707
169709
169714
169717
169714
169711
169713
169719
169722
169718
169712
169712
169716
169717
169713
169708
169710
169716
169720
169716
169711
169712
169715
169718
169713
169708
169709
169713
169716
169714
169711
169713
169718
169721
169717
169712
169712
169716
169718
169714
169708
169709
169713
169716
169712
169707
169707
169711
169714
169710
169706
169708
169713
169715
169710
169705
169707
169713
169717
169713
169709
169712
169717
169720
169714
169710
169711
169714
169714
169710
169704
169705
169710
169713
169708
169703
169704
169708
169710
169705
169699
169700
169704
169707
169704
169700
169702
169707
169709
169703
169697
169698
169704
169708
169705
169702
169704
169708
169709
169703
169699
169701
169707
169711
169708
169703
169704
169710
169712
169707
169701
169702
169706
169710
169707
169704
169705
169709
169710
169706
169702
169704
169710
169714
169710
169704
169704
169706
169707
169704
169700
169703
169708
169710
169707
169704
169706
169710
169713
169709
169703
169703
169706
169708
169704
169701
169703
169708
169711
169707
169703
169703
169705
169708
169703
169698
169698
169704
169708
169703
169699
169700
169704
169706
169701
169697
169699
169703
169706
169702
169697
169698
169702
169704
169701
169698
169701
169706
169709
169704
169699
169700
169705
169709
169706
169702
169703
169708
169712
169709
169704
169705
169709
169713
169709
169704
169704
169709
169712
169708
169703
169702
169706
169709
169705
169700
169700
169706
169708
169702
169697
169698
169703
169707
169703
169698
169700
169705
169710
169707
169701
169701
169705
169707
169703
169699
169699
169703
169705
169700
169696
169698
169702
169705
169701
169695
169695
169699
169701
169698
169694
169696
169700
169704
169701
169697
169697
169701
169706
169702
169697
169697
169700
169704
169702
169699
169701
169705
169708
169705
169701
169701
169703
169704
169700
169696
169698
169703
169706
169704
169700
169701
169706
169709
169705
169700
169701
169706
169711
169709
169705
169705
169708
169709
169705
169700
169699
169704
169707
169704
169701
169704
169710
169713
169709
169702
169701
169704
169707
169703
169700
169702
169707
169711
169708
169703
169701
169704
169706
169702
169696
169697
169703
169707
169704
169699
169698
169704
169708
169705
169702
169702
169707
169710
169706
169701
169701
169704
169707
169703
169699
169699
169703
169706
169702
169697
169697
169701
169704
169702
169701
169703
169709
169713
169708
169701
169699
169701
169703
169697
169690
169690
169696
169701
169700
169696
169695
169698
169702
169700
169697
169698
169704
169709
169706
169700
169699
169702
169704
169699
169693
169693
169699
169703
169701
169698
169698
169700
169702
169698
169694
169695
169699
169703
169700
169695
169694
169699
169703
169700
169695
169695
169700
169704
169701
169696
169696
169701
169703
169699
169694
169694
169698
169703
169702
169699
169699
169703
169705
169700
169695
169695
169700
169706
169704
169700
169699
169703
169705
169701
169697
169697
169702
169708
169705
169700
169698
169701
169704
169698
169692
169690
169695
169698
169696
169694
169693
169697
169700
169695
169690
169689
169694
169700
169699
169696
169697
169701
169703
169698
169691
169691
169696
169702
169701
169697
169697
169702
169705
169701
169695
169695
169698
169700
169694
169689
169689
169693
169697
169694
169690
169690
169695
169700
169696
169691
169692
169698
169703
169702
169700
169700
169704
169707
169706
169701
169699
169702
169705
169701
169696
169696
169701
169704
169699
169694
169691
169694
169697
169694
169690
169691
169698
169704
169702
169698
169697
169701
169704
169700
169694
169691
169696
169701
169698
169694
169694
169700
169705
169703
169698
169699
169704
169708
169705
169701
169701
169705
169709
169705
169698
169697
169701
169704
169700
169695
169693
169696
169700
169696
169691
169690
169695
169699
169698
169695
169696
169702
169707
169703
169698
169696
169699
169702
169698
169692
169691
169695
169700
169696
169690
169689
169694
169698
169695
169692
169693
169699
169703
169698
169692
169689
169694
169697
169694
169691
169691
169695
169700
169697
169693
169692
169697
169700
169696
169691
169690
169695
169700
169699
169695
169693
169698
169703
169700
169695
169694
169699
169703
169701
169697
169696
169699
169703
169699
169694
169695
169700
169703
169698
169692
169691
169696
169700
169696
169690
169686
169689
169691
169689
169688
169689
169695
169700
169697
169693
169691
169693
169696
169692
169688
169688
169692
169695
169692
169687
169687
169693
169697
169694
169690
169691
169695
169698
169695
169691
169690
169694
169700
169699
169697
169696
169701
169705
169703
169699
169699
169704
169707
169702
169696
169695
169700
169707
169706
169701
169701
169706
169709
169705
169700
169696
169700
169704
169702
169697
169696
169701
169705
169702
169698
169696
169700
169702
169699
169695
169694
169699
169703
169702
169697
169695
169699
169703
169701
169697
169697
169702
169705
169702
169696
169694
169698
169702
169699
169694
169692
169696
169700
169698
169693
169692
169697
169703
169700
169694
169693
169698
169702
169698
169695
169695
169702
169707
169704
169699
169698
169703
169706
169701
169695
169692
169696
169700
169697
169691
169690
169694
169698
169695
169688
169687
169693
169699
169697
169694
169694
169698
169701
169698
169694
169693
169698
169703
169701
169696
169695
169702
169707
169702
169696
169694
169700
169706
169704
169701
169700
169705
169708
169705
169699
169697
169701
169706
169704
169702
169704
169708
169712
169710
169706
169704
169708
169712
169710
169706
169705
169709
169714
169712
169706
169704
169710
169714
169711
169705
169702
169706
169712
169710
169704
169702
169706
169710
169709
169704
169702
169707
169711
169709
169705
169704
169709
169713
169711
169707
169704
169709
169715
169714
169709
169707
169711
169714
169711
169706
169705
169709
169712
169708
169703
169702
169707
169714
169714
169709
169707
169711
169714
169711
169706
169704
169707
169711
169709
169703
169701
169705
169709
169707
169704
169703
169707
169712
169710
169706
169704
169708
169712
169709
169704
169701
169706
169710
169708
169703
169702
169709
169715
169715
169712
169711
169716
169721
169719
169714
169712
169716
169719
169718
169714
169713
169717
169722
169721
169716
169712
169714
169717
169715
169711
169709
169713
169717
169715
169712
169711
169716
169719
169716
169711
169709
169714
169719
169716
169711
169708
169713
169716
169714
169711
169709
169714
169718
169715
169708
169705
169709
169714
169712
169708
169705
169710
169715
169714
169709
169708
169713
169716
169713
169707
169704
169706
169710
169708
169705
169703
169707
169712
169710
169706
169705
169708
169710
169706
169701
169698
169702
169709
169709
169706
169706
169710
169714
169713
169709
169707
169713
169718
169716
169710
169707
169710
169714
169712
169706
169703
169708
169714
169714
169710
169707
169711
169716
169713
169709
169708
169713
169716
169715
169709
169707
169712
169717
169715
169710
169708
169712
169715
169713
169709
169709
169715
169721
169721
169716
169713
169716
169721
169720
169717
169716
169721
169727
169725
169718
169713
169717
169721
169721
169717
169715
169719
169723
169721
169717
169715
169718
169722
169719
169713
169709
169714
169720
169721
169719
169718
169723
169727
169724
169720
169718
169721
169726
169725
169720
169716
169719
169723
169723
169719
169719
169725
169730
169729
169726
169724
169728
169731
169728
169723
169720
169725
169730
169729
169725
169722
169726
169729
169725
169719
169717
169720
169725
169725
169720
169717
169722
169727
169726
169721
169719
169724
169729
169727
169723
169721
169726
169728
169724
169719
169716
169719
169722
169722
169719
169718
169723
169729
169728
169722
169719
169723
169727
169724
169717
169712
169715
169719
169719
169716
169715
169720
169727
169727
169722
169718
169722
169726
169723
169717
169715
169717
169721
169719
169715
169713
169717
169721
169719
169715
169712
169717
169721
169721
169718
169717
169723
169726
169723
169717
169713
169716
169721
169720
169716
169714
169719
169724
169722
169717
169714
169718
169723
169723
169718
169715
169719
169723
169721
169718
169716
169720
169725
169723
169718
169714
169718
169722
169720
169716
169714
169720
169726
169726
169723
169720
169724
169728
169725
169720
169716
169720
169725
169724
169719
169716
169720
169725
169723
169717
169715
169719
169723
169723
169719
169718
169720
169724
169724
169722
169720
169725
169730
169729
169724
169721
169724
169728
169726
169720
169716
169720
169725
169724
169721
169719
169722
169727
169728
169724
169723
169727
169730
169728
169723
169719
169723
169729
169729
169725
169722
169726
169732
169731
169725
169723
169725
169727
169725
169720
169714
169718
169726
169726
169723
169720
169725
169731
169729
169724
169723
169729
169734
169733
169728
169724
169726
169731
169730
169725
169721
169725
169730
169730
169726
169722
169724
169730
169731
169726
169722
169725
169728
169728
169724
169722
169726
169732
169731
169725
169722
169725
169729
169729
169726
169725
169730
169734
169733
169728
169726
169732
169738
169737
169732
169729
169734
169740
169740
169734
169729
169731
169734
169731
169726
169723
169729
169735
169733
169728
169725
169727
169730
169729
169725
169722
169728
169734
169734
169729
169726
169729
169732
169732
169726
169721
169726
169732
169732
169728
169725
169729
169735
169735
169731
169727
169731
169737
169737
169733
169731
169736
169740
169738
169732
169727
169729
169731
169731
169728
169726
169730
169735
169734
169727
169722
169725
169729
169728
169725
169724
169730
169735
169734
169730
169727
169730
169734
169733
169728
169725
169730
169736
169735
169731
169727
169729
169733
169733
169730
169725
169727
169731
169731
169725
169720
169723
169728
169729
169725
169723
169727
169731
169730
169725
169722
169725
169729
169729
169725
169723
169727
169732
169730
169724
169720
169723
169727
169728
169722
169717
169721
169725
169726
169723
169719
169722
169726
169724
169718
169714
169719
169724
169725
169721
169719
169724
169729
169729
169725
169722
169725
169732
169734
169730
169728
169733
169737
169735
169729
169725
169727
169731
169730
169724
169718
169721
169725
169725
169722
169721
169725
169732
169733
169729
169727
169731
169735
169733
169729
169726
169729
169733
169732
169727
169722
169725
169730
169729
169725
169720
169724
169730
169730
169727
169726
169730
169736
169737
169731
169726
169730
169734
169734
169730
169727
169730
169734
169733
169728
169725
169730
169736
169737
169734
169731
169734
169738
169738
169734
169731
169735
169741
169740
169734
169732
169736
169742
169743
169739
169736
169739
169743
169743
169737
169734
169736
169741
169741
169737
169732
169735
169739
169739
169735
169731
169735
169739
169738
169734
169729
169731
169737
169739
169736
169734
169738
169742
169743
169740
169736
169740
169744
169743
169737
169731
169732
169735
169735
169730
169725
169728
169731
169730
169725
169724
169729
169736
169735
169730
169727
169731
169735
169736
169733
169730
169733
169736
169735
169730
169726
169728
169733
169734
169731
169728
169733
169739
169741
169734
169728
169731
169735
169733
169727
169722
169725
169731
169733
169730
169727
169731
169736
169735
169728
169722
169725
169731
169731
169727
169725
169730
169736
169737
169732
169728
169730
169734
169734
169728
169725
169728
169733
169734
169728
169723
169726
169730
169731
169727
169724
169726
169730
169730
169727
169724
169727
169731
169731
169725
169719
169722
169729
169730
169725
169722
169727
169733
169734
169729
169725
169729
169734
169733
169728
169725
169731
169737
169736
169729
169723
169726
169730
169729
169724
169720
169725
169733
169736
169733
169729
169732
169736
169737
169732
169730
169735
169743
169745
169739
169733
169735
169738
169737
169731
169726
169728
169734
169735
169730
169726
169728
169731
169730
169725
169721
169725
169729
169731
169727
169724
169728
169734
169736
169731
169727
169730
169733
169734
169728
169723
169726
169731
169732
169729
169726
169730
169733
169732
169726
169721
169723
169728
169728
169722
169717
169719
169724
169723
169719
169717
169723
169729
169731
169726
169722
169725
169731
169732
169728
169723
169725
169728
169727
169722
169718
169722
169727
169729
169726
169723
169725
169729
169731
169726
169722
169726
169731
169731
169725
169718
169718
169721
169722
169717
169713
169716
169720
169722
169718
169715
169718
169722
169724
169721
169717
169720
169724
169725
169721
169718
169722
169729
169730
169725
169720
169722
169725
169726
169722
169718
169721
169726
169726
169719
169713
169713
169716
169718
169715
169710
169712
169718
169719
169716
169712
169714
169718
169717
169713
169711
169716
169719
169721
169716
169711
169714
169717
169715
169710
169706
169710
169716
169718
169715
169710
169713
169718
169719
169713
169710
169714
169721
169722
169718
169713
169715
169717
169717
169714
169713
169717
169721
169721
169715
169708
169711
169716
169717
169713
169710
169714
169719
169721
169717
169712
169714
169717
169716
169713
169709
169712
169717
169718
169714
169709
169712
169717
169718
169714
169711
169714
169720
169721
169717
169714
169716
169720
169721
169717
169711
169712
169714
169716
169712
169708
169711
169717
169718
169714
169710
169712
169716
169719
169716
169712
169715
169719
169721
169716
169711
169713
169717
169719
169716
169713
169717
169721
169721
169715
169710
169712
169716
169718
169715
169712
169715
169718
169717
169711
169707
169711
169717
169720
169717
169714
169718
169722
169722
169716
169710
169712
169717
169717
169712
169708
169709
169713
169714
169709
169705
169708
169714
169718
169716
169712
169714
169718
169717
169710
169705
169709
169715
169717
169713
169709
169711
169717
169719
169715
169712
169714
169719
169721
169716
169710
169710
169715
169716
169713
169710
169713
169717
169717
169712
169709
169711
169714
169716
169712
169708
169711
169716
169715
169711
169708
169707
169707
169708
169703
169702
169701
169704
169706
169702
169698
169701
169706
169706
169701
169697
169700
169705
169707
169704
169703
169708
169716
169718
169712
169703
169704
169708
169709
169705
169702
169706
169710
169711
169707
169703
169707
169712
169713
169710
169706
169709
169713
169716
169712
169708
169709
169714
169716
169713
169709
169712
169718
169720
169715
169710
169713
169719
169721
169716
169710
169711
169713
169713
169709
169707
169710
169713
169714
169708
169702
169703
169706
169708
169704
169699
169700
169705
169708
169704
169701
169704
169708
169710
169707
169703
169706
169713
169714
169710
169705
169706
169709
169709
169706
169701
169702
169708
169709
169706
169702
169705
169710
169713
169710
169705
169707
169712
169715
169710
169705
169708
169714
169717
169711
169706
169708
169711
169712
169707
169704
169706
169712
169716
169711
169706
169709
169712
169714
169710
169706
169706
169710
169713
169708
169703
169705
169710
169713
169709
169705
169708
169713
169717
169714
169709
169711
169715
169716
169711
169708
169709
169712
169714
169711
169707
169711
169719
169721
169717
169712
169713
169717
169720
169716
169710
169712
169717
169717
169713
169709
169711
169717
169719
169713
169708
169711
169717
169718
169714
169709
169711
169717
169718
169714
169709
169711
169716
169717
169713
169708
169709
169716
169720
169716
169711
169712
169716
169718
169714
169711
169712
169715
169716
169709
169703
169704
169709
169711
169706
169701
169704
169709
169713
169709
169705
169709
169716
169718
169712
169708
169711
169716
169717
169713
169707
169708
169713
169715
169709
169705
169709
169715
169717
169714
169711
169712
169716
169717
169711
169707
169710
169716
169719
169716
169712
169714
169718
169721
169717
169712
169715
169719
169721
169715
169711
169714
169720
169722
169716
169711
169713
169718
169719
169714
169711
169713
169715
169716
169711
169707
169710
169717
169720
169715
169710
169713
169717
169717
169714
169710
169712
169717
169718
169713
169708
169710
169715
169717
169712
169707
169710
169714
169718
169715
169712
169716
169721
169721
169715
169707
169705
169707
169708
169703
169698
169702
169709
169713
169710
169707
169710
169717
169720
169717
169712
169713
169717
169718
169711
169706
169709
169714
169717
169714
169710
169712
169716
169719
169714
169707
169707
169711
169710
169704
169701
169704
169711
169714
169710
169705
169705
169710
169710
169706
169704
169707
169710
169710
169705
169699
169700
169704
169705
169700
169697
169700
169707
169711
169707
169702
169704
169707
169707
169703
169700
169703
169708
169710
169704
169699
169699
169702
169703
169699
169695
169697
169702
169705
169702
169699
169701
169706
169709
169706
169703
169707
169712
169713
169706
169701
169703
169710
169713
169709
169706
169708
169714
169715
169709
169703
169704
169708
169708
169702
169698
169701
169707
169712
169709
169706
169707
169710
169712
169707
169701
169703
169709
169713
169710
169707
169711
169716
169719
169716
169712
169713
169717
169719
169716
169713
169715
169720
169723
169720
169715
169716
169720
169722
169717
169712
169714
169719
169720
169717
169714
169715
169720
169724
169720
169716
169719
169723
169725
169722
169717
169713
169719
169725
169723
169720
169722
169727
169731
169727
169722
169723
169728
169730
169728
169726
169730
169735
169738
169732
169726
169726
169728
169732
169729
169724
169728
169732
169733
169728
169723
169725
169729
169731
169726
169720
169722
169727
169728
169722
169718
169721
169726
169727
169723
169720
169721
169726
169730
169727
169723
169725
169730
169733
169728
169722
169723
169726
169728
169723
169718
169720
169727
169731
169729
169724
169723
169726
169728
169722
169716
169717
169722
169726
169721
169717
169719
169723
169725
169720
169718
169722
169726
169729
169724
169718
169719
169723
169726
169722
169718
169721
169726
169728
169725
169723
169726
169732
169733
169728
169721
169717
169720
169720
169715
169711
169713
169717
169720
169715
169710
169711
169714
169716
169712
169706
169707
169713
169717
169715
169710
169711
169714
169715
169712
169709
169711
169715
169719
169715
169710
169713
169717
169719
169716
169712
169714
169720
169723
169718
169712
169711
169715
169717
169713
169708
169710
169714
169715
169710
169705
169707
169711
169713
169710
169705
169706
169711
169713
169709
169706
169709
169714
169717
169712
169707
169707
169709
169712
169707
169703
169706
169711
169715
169712
169708
169709
169714
169716
169711
169705
169707
169711
169712
169709
169706
169708
169712
169716
169711
169706
169707
169710
169714
169711
169705
169708
169714
169716
169709
169705
169705
169709
169711
169708
169704
169705
169709
169713
169709
169705
169707
169711
169714
169710
169707
169711
169717
169720
169716
169710
169711
169714
169715
169710
169703
169703
169706
169709
169703
169698
169699
169704
169707
169704
169700
169702
169708
169713
169710
169707
169708
169713
169716
169713
169708
169710
169713
169716
169712
169707
169708
169714
169718
169715
169711
169713
169718
169723
169721
169718
169721
169725
169728
169725
169719
169719
169722
169726
169722
169717
169718
169722
169724
169720
169716
169717
169721
169725
169721
169717
169719
169724
169727
169722
169718
169720
169725
169728
169723
169719
169720
169726
169731
169729
169725
169725
169729
169730
169726
169724
169726
169732
169737
169734
169729
169729
169733
169736
169732
169728
169728
169733
169735
169731
169729
169731
169737
169740
169736
169730
169731
169735
169739
169735
169730
169729
169733
169736
169730
169725
169725
169728
169731
169727
169723
169723
169727
169731
169727
169723
169725
169731
169735
169732
169728
169729
169734
169737
169730
169724
169723
169728
169732
169728
169721
169720
169725
169728
169725
169721
169721
169725
169728
169725
169721
169723
169727
169730
169726
169722
169723
169728
169731
169728
169724
169725
169728
169731
169727
169722
169722
169726
169730
169726
169723
169723
169728
169731
169730
169726
169728
169734
169737
169733
169728
169729
169734
169735
169729
169723
169722
169726
169728
169723
169720
169722
169729
169734
169730
169724
169723
169727
169733
169731
169727
169728
169733
169736
169733
169727
169727
169730
169731
169726
169720
169719
169724
169728
169724
169719
169721
169726
169730
169727
169721
169720
169726
169731
169730
169726
169727
169733
169737
169734
169730
169730
169735
169738
169735
169729
169729
169732
169733
169727
169720
169720
169726
169730
169727
169723
169725
169730
169733
169730
169725
169727
169732
169736
169732
169725
169725
169729
169732
169728
169724
169726
169732
169737
169734
169731
169731
169735
169738
169734
169730
169730
169735
169739
169736
169731
169731
169734
169736
169733
169729
169731
169737
169740
169735
169730
169731
169733
169735
169731
169728
169729
169734
169738
169734
169729
169729
169732
169734
169728
169723
169721
169724
169728
169726
169722
169723
169728
169731
169727
169723
169724
169728
169732
169728
169723
169724
169728
169732
169729
169724
169726
169731
169735
169733
169729
169731
169736
169738
169734
169728
169728
169732
169736
169734
169731
169732
169737
169740
169735
169730
169731
169735
169739
169736
169733
169734
169737
169741
169737
169733
169734
169739
169743
169740
169736
169735
169739
169742
169738
169732
169732
169738
169741
169736
169731
169732
169736
169739
169736
169732
169733
169739
169743
169739
169735
169735
169738
169741
169735
169730
169732
169738
169744
169743
169739
169740
169744
169747
169743
169738
169738
169743
169747
169743
169738
169736
169738
169741
169738
169733
169734
169740
169745
169741
169736
169736
169739
169742
169739
169734
169733
169738
169742
169739
169735
169736
169740
169743
169740
169735
169735
169740
169743
169738
169734
169735
169741
169747
169744
169738
169738
169741
169742
169737
169731
169730
169733
169736
169733
169730
169731
169735
169739
169737
169732
169730
169734
169735
169730
169725
169725
169730
169735
169733
169731
169731
169736
169739
169735
169730
169730
169734
169739
169735
169731
169730
169734
169740
169737
169733
169733
169736
169739
169735
169730
169730
169735
169739
169736
169732
169733
169737
169741
169737
169732
169732
169736
169740
169737
169733
169733
169738
169742
169739
169734
169733
169738
169742
169738
169733
169733
169739
169744
169741
169737
169736
169740
169745
169740
169734
169732
169735
169739
169735
169731
169732
169737
169740
169738
169734
169735
169740
169744
169742
169738
169738
169743
169746
169742
169736
169735
169738
169742
169739
169734
169734
169739
169742
169738
169732
169731
169735
169740
169736
169731
169731
169735
169737
169733
169729
169730
169736
169739
169737
169734
169733
169738
169741
169737
169732
169732
169736
169738
169735
169730
169729
169734
169738
169734
169728
169728
169733
169737
169734
169728
169727
169732
169735
169731
169726
169727
169732
169736
169733
169727
169726
169731
169734
169730
169724
169723
169727
169732
169729
169725
169724
169726
169729
169726
169721
169722
169728
169735
169734
169730
169730
169733
169736
169733
169728
169729
169735
169740
169736
169730
169728
169731
169734
169732
169728
169729
169735
169740
169736
169730
169729
169733
169736
169732
169728
169728
169734
169740
169737
169732
169730
169733
169736
169733
169729
169730
169737
169741
169738
169732
169732
169738
169741
169739
169734
169733
169737
169741
169737
169732
169732
169738
169743
169740
169734
169732
169736
169739
169735
169730
169729
169733
169736
169733
169728
169726
169731
169736
169734
169730
169728
169732
169737
169734
169731
169730
169734
169737
169733
169729
169730
169737
169743
169741
169737
169738
169744
169748
169744
169738
169736
169738
169740
169737
169733
169734
169740
169746
169745
169739
169736
169738
169741
169738
169732
169730
169734
169739
169737
169734
169734
169739
169744
169742
169738
169737
169741
169744
169742
169739
169738
169743
169746
169743
169738
169737
169741
169746
169745
169740
169739
169743
169747
169744
169740
169740
169744
169747
169743
169737
169733
169737
169742
169740
169736
169735
169740
169744
169742
169737
169736
169740
169744
169741
169738
169738
169743
169747
169744
169738
169737
169740
169743
169739
169734
169734
169739
169744
169743
169738
169736
169741
169746
169744
169740
169739
169742
169746
169744
169739
169738
169744
169748
169745
169742
169743
169748
169752
169748
169742
169741
169746
169752
169751
169748
169747
169751
169754
169749
169743
169740
169745
169751
169750
169745
169742
169746
169752
169748
169741
169740
169745
169750
169747
169742
169739
169744
169749
169747
169742
169742
169746
169751
169750
169746
169744
169749
169753
169751
169746
169745
169750
169754
169752
169748
169747
169751
169756
169752
169746
169744
169749
169755
169753
169748
169748
169752
169758
169755
169751
169751
169755
169759
169757
169752
169750
169754
169757
169753
169749
169750
169756
169762
169762
169757
169754
169757
169760
169757
169752
169753
169758
169764
169761
169756
169755
169761
169764
169761
169756
169752
169756
169760
169757
169754
169754
169759
169763
169761
169756
169753
169756
169759
169755
169749
169748
169752
169756
169753
169749
169748
169751
169755
169751
169746
169746
169751
169755
169754
169750
169748
169751
169755
169752
169748
169746
169751
169756
169755
169751
169751
169756
169760
169756
169751
169749
169753
169755
169752
169746
169745
169750
169755
169752
169749
169750
169756
169759
169756
169751
169749
169753
169757
169754
169750
169749
169753
169755
169751
169748
169746
169750
169755
169756
169753
169751
169754
169757
169755
169751
169751
169756
169760
169757
169753
169751
169755
169760
169758
169754
169752
169756
169760
169759
169755
169754
169759
169764
169761
169756
169753
169757
169760
169757
169751
169748
169752
169755
169752
169747
169745
169751
169756
169752
169749
169749
169753
169757
169755
169748
169745
169750
169754
169755
169753
169753
169758
169762
169758
169751
169749
169753
169758
169757
169753
169751
169755
169758
169756
169752
169749
169752
169756
169754
169749
169747
169752
169757
169755
169751
169749
169754
169759
169757
169753
169751
169757
169762
169760
169756
169755
169760
169764
169761
169756
169754
169757
169760
169756
169750
169748
169753
169760
169760
169758
169757
169760
169762
169759
169754
169751
169756
169762
169760
169756
169754
169757
169759
169755
169751
169751
169757
169763
169762
169758
169757
169760
169762
169759
169754
169752
169758
169762
169759
169754
169751
169754
169758
169756
169752
169751
169756
169760
169758
169755
169753
169757
169762
169760
169756
169754
169758
169763
169763
169759
169758
169763
169767
169764
169759
169757
169761
169766
169765
169760
169758
169762
169766
169763
169759
169758
169763
169767
169765
169761
169760
169764
169768
169765
169760
169759
169764
169768
169765
169759
169755
169758
169760
169757
169752
169752
169758
169765
169765
169762
169761
169765
169770
169766
169759
169758
169762
169768
169766
169763
169762
169765
169770
169769
169764
169763
169767
169771
169768
169763
169761
169765
169769
169766
169760
169759
169763
169767
169765
169760
169757
169761
169765
169762
169758
169757
169761
169764
169760
169753
169749
169752
169757
169756
169751
169750
169756
169761
169760
169755
169754
169758
169762
169761
169757
169757
169763
169767
169765
169759
169756
169758
169760
169758
169753
169753
169760
169766
169764
169760
169759
169764
169768
169765
169758
169755
169757
169762
169762
169758
169757
169762
169766
169763
169758
169755
169760
169764
169760
169754
169751
169757
169762
169760
169756
169755
169759
169762
169759
169754
169752
169755
169759
169757
169752
169750
169755
169758
169757
169754
169753
169758
169762
169760
169753
169748
169751
169755
169753
169750
169749
169754
169758
169757
169752
169750
169754
169759
169757
169753
169751
169755
169760
169758
169754
169753
169757
169762
169760
169756
169755
169759
169763
169761
169756
169755
169759
169763
169761
169757
169755
169759
169763
169760
169757
169756
169761
169765
169762
169755
169752
169757
169763
169763
169760
169757
169761
169765
169762
169758
169756
169760
169766
169765
169761
169760
169765
169768
169765
169759
169757
169762
169768
169768
169764
169761
169764
169767
169765
169760
169757
169761
169765
169765
169761
169758
169762
169766
169763
169758
169755
169761
169766
169766
169762
169760
169765
169769
169766
169762
169759
169764
169770
169769
169765
169763
169767
169771
169770
169764
169759
169763
169767
169767
169763
169761
169764
169768
169765
169759
169757
169760
169764
169762
169756
169753
169757
169761
169762
169759
169755
169759
169764
169763
169758
169755
169760
169765
169762
169757
169756
169761
169766
169765
169762
169760
169765
169770
169767
169761
169758
169763
169768
169767
169762
169759
169763
169766
169763
169757
169754
169759
169764
169764
169762
169759
169762
169765
169763
169758
169756
169760
169764
169761
169758
169757
169762
169769
169768
169762
169760
169764
169768
169767
169763
169762
169765
169767
169765
169759
169756
169761
169765
169764
169760
169759
169763
169767
169766
169760
169756
169758
169762
169760
169755
169753
169759
169765
169765
169762
169761
169765
169770
169770
169766
169763
169766
169772
169771
169766
169762
169764
169768
169766
169761
169758
169762
169765
169761
169757
169755
169759
169763
169762
169758
169756
169762
169766
169765
169761
169759
169765
169770
169769
169765
169763
169767
169773
169773
169769
169765
169768
169771
169769
169763
169760
169765
169770
169770
169766
169764
169767
169772
169768
169763
169760
169765
169770
169769
169763
169760
169763
169768
169768
169763
169760
169765
169770
169767
169763
169760
169765
169769
169767
169763
169761
169767
169772
169770
169765
169762
169768
169772
169772
169767
169764
169767
169771
169770
169767
169766
169770
169774
169773
169767
169764
169768
169772
169772
169768
169766
169769
169773
169772
169766
169764
169768
169773
169772
169766
169763
169766
169769
169767
169762
169757
169761
169766
169766
169761
169757
169761
169766
169766
169762
169760
169765
169771
169769
169764
169762
169766
169771
169770
169765
169763
169768
169772
169771
169766
169763
169767
169773
169774
169771
169771
169775
169778
169774
169768
169764
169768
169772
169772
169769
169765
169769
169775
169773
169767
169762
169766
169770
169769
169765
169764
169769
169773
169772
169767
169763
169767
169771
169768
169762
169759
169764
169769
169767
169761
169758
169760
169764
169764
169761
169761
169767
169774
169774
169769
169765
169769
169772
169770
169765
169763
169768
169773
169772
169768
169765
169770
169775
169774
169768
169763
169766
169770
169769
169764
169760
169765
169771
169771
169766
169761
169762
169766
169765
169760
169757
169762
169767
169767
169762
169759
169762
169766
169766
169763
169761
169765
169771
169769
169764
169761
169766
169772
169771
169765
169761
169765
169770
169770
169766
169765
169770
169776
169777
169773
169770
169773
169777
169774
169768
169766
169770
169774
169772
169767
169763
169766
169770
169768
169763
169760
169767
169773
169771
169767
169763
169767
169770
169769
169765
169763
169769
169775
169776
169772
169769
169772
169775
169774
169769
169767
169770
169774
169775
169771
169767
169771
169775
169773
169768
169765
169770
169777
169778
169774
169770
169772
169776
169775
169770
169766
169769
169772
169769
169764
169761
169765
169769
169769
169764
169761
169764
169768
169768
169763
169760
169765
169770
169770
169765
169762
169766
169771
169770
169764
169761
169765
169770
169769
169766
169764
169769
169774
169774
169769
169767
169771
169777
169778
169774
169770
169773
169777
169775
169769
169764
169768
169774
169775
169771
169769
169772
169776
169774
169770
169767
169772
169777
169777
169772
169768
169773
169776
169775
169770
169766
169768
169772
169771
169767
169764
169768
169772
169771
169767
169763
169767
169770
169769
169766
169763
169768
169773
169773
169769
169766
169768
169771
169769
