175545
175547
175545
175545
175548
175548
175546
175543
175542
175541
175544
175543
175539
175540
175543
175547
175546
175541
175540
175534
175537
175546
175550
175553
175556
175549
175542
175545
175549
175547
175547
175542
175537
175537
175537
175536
175535
175536
175538
175536
175529
175527
175532
175538
175538
175530
175524
175529
175531
175533
175534
175532
175530
175530
175534
175533
175532
175536
175534
175530
175532
175530
175526
175535
175537
175532
175523
175520
175522
175524
175524
175520
175514
175513
175514
175516
175515
175512
175509
175511
175512
175509
175509
175514
175511
175509
175505
175503
175506
175508
175510
175512
175509
175512
175509
175508
175510
175511
175510
175509
175504
175501
175499
175502
175497
175491
175490
175489
175487
175483
175481
175478
175474
175476
175482
175484
175480
175481
175483
175481
175475
175472
175470
175467
175468
175464
175460
175455
175460
175460
175457
175455
175453
175453
175448
175451
175450
175452
175457
175461
175462
175460
175455
175457
175461
175458
175450
175450
175451
175450
175454
175456
175454
175453
175451
175453
175454
175449
175450
175450
175446
175449
175452
175453
175454
175453
175447
175448
175451
175450
175445
175444
175443
175441
175444
175447
175445
175445
175449
175451
175451
175450
175447
175447
175450
175451
175450
175449
175452
175451
175449
175449
175447
175445
175449
175449
175449
175449
175447
175448
175449
175450
175453
175454
175454
175455
175456
175458
175458
175457
175453
175453
175451
175448
175447
175444
175442
175442
175446
175446
175444
175442
175437
175442
175447
175446
175442
175438
175445
175457
175454
175446
175449
175459
175468
175463
175458
175461
175468
175470
175462
175463
175464
175459
175459
175463
175460
175459
175458
175458
175456
175453
175453
175456
175456
175455
175451
175455
175464
175467
175466
175470
175474
175476
175480
175480
175477
175476
175476
175477
175476
175473
175473
175474
175474
175475
175476
175477
175484
175487
175488
175492
175492
175491
175493
175494
175494
175494
175490
175482
175482
175482
175479
175481
175483
175483
175487
175495
175498
175496
175493
175490
175492
175497
175498
175492
175492
175500
175500
175500
175496
175493
175495
175496
175495
175492
175489
175489
175496
175506
175509
175506
175508
175513
175511
175509
175516
175522
175517
175507
175507
175505
175495
175489
175490
175489
175483
175484
175487
175486
175485
175492
175502
175501
175502
175500
175496
175499
175499
175498
175498
175493
175487
175495
175502
175500
175497
175495
175495
175504
175509
175508
175507
175511
175518
175520
175523
175525
175521
175517
175511
175506
175497
175494
175498
175497
175493
175494
175497
175499
175508
175514
175514
175512
175510
175510
175510
175502
175501
175507
175507
175503
175504
175508
175510
175510
175510
175507
175506
175514
175519
175515
175509
175515
175517
175515
175509
175500
175500
175504
175503
175498
175497
175507
175512
175512
175515
175515
175515
175517
175517
175518
175517
175516
175518
175520
175527
175530
175528
175527
175533
175534
175529
175527
175523
175516
175509
175514
175517
175516
175513
175512
175512
175512
175513
175517
175517
175516
175516
175517
175512
175509
175519
175523
175523
175522
175520
175522
175528
175529
175528
175528
175524
175522
175530
175532
175527
175525
175528
175530
175531
175534
175535
175532
175530
175528
175530
175531
175530
175528
175526
175523
175525
175527
175527
175528
175527
175525
175523
175522
175518
175509
175509
175517
175521
175520
175516
175514
175519
175524
175522
175520
175521
175526
175530
175527
175524
175528
175530
175530
175527
175519
175518
175521
175523
175519
175515
175519
175520
175520
175521
175516
175516
175518
175517
175516
175517
175517
175517
175520
175517
175515
175512
175515
175522
175521
175521
175520
175523
175528
175523
175521
175521
175523
175524
175519
175518
175523
175519
175517
175520
175518
175517
175515
175515
175518
175516
175514
175515
175514
175513
175510
175507
175508
175509
175508
175506
175505
175502
175501
175505
175503
175503
175506
175503
175502
175504
175503
175503
175501
175507
175510
175510
175509
175505
175508
175505
175503
175505
175506
175506
175504
175501
175499
175498
175494
175495
175499
175498
175495
175495
175498
175499
175502
175503
175499
175496
175501
175506
175506
175505
175505
175509
175513
175515
175516
175515
175516
175521
175520
175515
175506
175506
175509
175506
175501
175496
175496
175494
175493
175491
175492
175492
175492
175497
175498
175495
175495
175498
175493
175496
175498
175498
175495
175497
175503
175507
175508
175512
175511
175508
175508
175517
175521
175521
175523
175525
175524
175522
175519
175519
175515
175513
175512
175509
175506
175499
175496
175504
175506
175505
175503
175502
175499
175500
175504
175503
175503
175505
175509
175506
175503
175501
175497
175499
175500
175497
175499
175506
175513
175516
175516
175518
175520
175522
175524
175519
175520
175522
175520
175518
175514
175518
175523
175524
175521
175519
175517
175519
175516
175511
175511
175512
175510
175509
175505
175504
175508
175512
175513
175510
175506
175509
175509
175507
175513
175516
175518
175519
175525
175529
175526
175526
175531
175532
175526
175525
175527
175529
175527
175529
175531
175534
175532
175529
175524
175519
175518
175519
175516
175509
175502
175500
175504
175503
175500
175503
175505
175509
175507
175504
175507
175512
175517
175522
175524
175525
175525
175528
175530
175527
175525
175522
175522
175524
175522
175522
175521
175521
175526
175525
175523
175523
175526
175526
175526
175528
175528
175524
175527
175528
175523
175520
175522
175524
175524
175524
175527
175532
175530
175531
175536
175537
175536
175538
175540
175540
175539
175536
175533
175534
175536
175536
175536
175539
175538
175535
175541
175543
175537
175534
175538
175539
175541
175542
175537
175533
175538
175537
175534
175534
175537
175546
175550
175550
175545
175541
175539
175544
175546
175550
175550
175542
175546
175550
175547
175549
175549
175543
175545
175552
175554
175554
175558
175556
175549
175549
175558
175564
175560
175551
175548
175546
175550
175554
175552
175547
175545
175543
175545
175545
175533
175547
175548
175538
175549
175567
175563
175559
175565
175556
175545
175550
175549
175543
175539
175537
175538
175542
175546
175544
175534
175537
175550
175550
175553
175556
175554
175548
175549
175551
175552
175551
175547
175550
175548
175548
175550
175551
175544
175538
175548
175557
175554
175554
175553
175553
175550
175554
175549
175549
175555
175551
175543
175543
175547
175548
175551
175550
175551
175544
175542
175546
175537
175544
175551
175551
175553
175546
175538
175548
175556
175558
175555
175554
175551
175552
175562
175560
175552
175548
175548
175549
175548
175553
175548
175546
175542
175535
175537
175558
175571
175566
175562
175551
175536
175535
175558
175572
175564
175562
175564
175570
175561
175552
175556
175546
175535
175544
175560
175569
175577
175568
175558
175553
175547
175545
175548
175553
175559
175564
175565
175559
175551
175552
175556
175548
175544
175548
175547
175557
175562
175553
175543
175544
175545
175548
175549
175551
175554
175549
175546
175551
175551
175550
175555
175560
175547
175545
175559
175560
175553
175559
175567
175562
175559
175545
175544
175555
175562
175563
175555
175551
175559
175557
175556
175558
175557
175557
175562
175560
175553
175546
175544
175548
175551
175548
175554
175561
175563
175557
175559
175559
175561
175562
175550
175552
175558
175554
175556
175560
175561
175560
175564
175562
175559
175561
175556
175557
175560
175553
175551
175553
175560
175574
175579
175572
175573
175574
175559
175564
175571
175565
175564
175565
175560
175559
175562
175560
175551
175550
175556
175564
175569
175556
175555
175565
175568
175565
175554
175553
175571
175576
175567
175564
175569
175573
175572
175569
175565
175566
175572
175574
175571
175565
175562
175569
175565
175562
175557
175554
175553
175551
175557
175561
175561
175560
175559
175557
175560
175560
175562
175567
175564
175566
175570
175569
175577
175583
175576
175573
175575
175573
175580
175581
175577
175576
175582
175591
175592
175592
175591
175592
175594
175586
175581
175583
175589
175592
175590
175591
175590
175589
175591
175590
175584
175582
175587
175591
175590
175587
175589
175600
175599
175591
175593
175594
175590
175590
175591
175594
175584
175578
175583
175590
175589
175583
175583
175585
175585
175581
175582
175590
175591
175587
175585
175583
175588
175590
175588
175587
175585
175588
175591
175588
175584
175586
175591
175593
175589
175590
175585
175581
175583
175581
175580
175583
175580
175580
175577
175574
175575
175574
175583
175585
175585
175586
175586
175589
175587
175582
175580
175578
175578
175577
175582
175574
175567
175575
175574
175569
175573
175574
175576
175580
175581
175580
175581
175580
175580
175577
175571
175574
175579
175580
175576
175577
175578
175576
175575
175573
175578
175581
175578
175569
175565
175572
175577
175573
175575
175572
175572
175573
175571
175567
175572
175573
175572
175572
175573
175571
175571
175575
175572
175567
175563
175568
175573
175574
175571
175569
175565
175561
175565
175571
175576
175575
175577
175577
175575
175573
175571
175572
175570
175570
175567
175564
175567
175569
175572
175574
175576
175579
175579
175576
175571
175573
175572
175571
175566
175566
175572
175573
175571
175573
175573
175570
175572
175575
175568
175560
175566
175570
175570
175568
175564
175566
175569
175574
175576
175571
175565
175570
175581
175579
175575
175572
175568
175562
175564
175567
175566
175568
175566
175563
175569
175569
175573
175572
175568
175567
175568
175568
175574
175571
175570
175566
175569
175574
175572
175573
175576
175578
175575
175576
175577
175573
175568
175570
175573
175576
175578
175575
175577
175576
175570
175573
175581
175582
175577
175571
175574
175578
175573
175569
175570
175572
175574
175571
175570
175573
175575
175573
175573
175570
175568
175571
175570
175574
175573
175569
175572
175574
175567
175567
175565
175564
175570
175573
175571
175563
175557
175564
175575
175566
175563
175565
175564
175562
175563
175567
175572
175568
175561
175559
175565
175571
175569
175564
175566
175566
175566
175568
175566
175566
175568
175572
175574
175575
175576
175577
175576
175568
175562
175560
175560
175561
175563
175562
175564
175570
175570
175571
175572
175570
175571
175571
175572
175568
175568
175571
175575
175575
175573
175570
175562
175561
175562
175559
175561
175568
175568
175572
175566
175563
175562
175554
175564
175578
175574
175571
175569
175574
175579
175577
175577
175581
175582
175583
175586
175586
175589
175594
175598
175599
175596
175588
175585
175595
175597
175594
175591
175589
175587
175585
175586
175588
175585
175584
175580
175579
175582
175584
175583
175580
175585
175588
175587
175586
175585
175582
175582
175585
175584
175585
175585
175584
175582
175582
175578
175577
175578
175581
175579
175580
175584
175585
175587
175589
175588
175585
175583
175582
175582
175582
175582
175582
175583
175585
175581
175577
175581
175584
175585
175584
175581
175582
175582
175583
175582
175580
175580
175580
175580
175581
175580
175580
175581
175580
175575
175574
175576
175578
175578
175575
175576
175579
175579
175580
175579
175578
175582
175584
175576
175578
175581
175578
175583
175582
175579
175580
175585
175583
175585
175588
175588
175586
175588
175587
175584
175583
175584
175585
175585
175586
175586
175587
175588
175585
175582
175582
175581
175581
175582
175581
175581
175583
175585
175586
175582
175577
175580
175584
175582
175581
175581
175579
175581
175584
175582
175583
175583
175583
175589
175597
175594
175584
175589
175599
175594
175592
175592
175592
175594
175588
175582
175581
175586
175586
175584
175577
175581
175592
175589
175583
175582
175579
175580
175581
175578
175578
175578
175572
175572
175577
175575
175577
175587
175587
175583
175588
175591
175592
175592
175588
175590
175592
175597
175596
175590
175586
175588
175595
175596
175593
175591
175593
175598
175595
175588
175588
175590
175588
175589
175590
175593
175587
175584
175584
175582
175580
175581
175586
175583
175581
175584
175581
175577
175581
175586
175582
175579
175588
175588
175586
175587
175586
175582
175584
175584
175579
175580
175580
175577
175580
175585
175579
175575
175576
175576
175574
175569
175570
175576
175574
175571
175572
175569
175570
175572
175570
175576
175576
175576
175575
175574
175576
175576
175573
175569
175564
175562
175557
175555
175560
175560
175560
175563
175561
175558
175554
175557
175557
175554
175554
175556
175557
175558
175559
175555
175554
175556
175561
175559
175555
175552
175555
175559
175556
175553
175555
175554
175553
175551
175552
175552
175551
175552
175556
175552
175551
175552
175551
175550
175549
175547
175553
175554
175551
175550
175549
175551
175554
175555
175554
175552
175550
175547
175546
175547
175542
175545
175549
175555
175554
175553
175557
175559
175559
175559
175554
175550
175547
175547
175542
175539
175547
175541
175538
175543
175545
175545
175541
175542
175545
175545
175545
175546
175547
175545
175545
175550
175548
175549
175551
175550
175551
175550
175546
175545
175549
175548
175548
175545
175545
175544
175546
175548
175553
175553
175548
175544
175546
175543
175545
175548
175549
175551
175550
175553
175547
175550
175553
175552
175547
175544
175542
175540
175537
175538
175535
175533
175539
175541
175542
175540
175539
175541
175539
175537
175533
175530
175535
175537
175537
175535
175536
175538
175539
175538
175537
175538
175543
175546
175546
175545
175547
175551
175545
175543
175547
175549
175547
175548
175546
175545
175543
175544
175548
175545
175539
175534
175538
175538
175537
175537
175541
175540
175541
175538
175534
175538
175541
175541
175536
175533
175532
175532
175533
175540
175542
175535
175538
175543
175544
175545
175540
175541
175542
175540
175540
175535
175538
175537
175535
175531
175526
175531
175531
175530
175530
175529
175532
175536
175532
175528
175529
175532
175532
175533
175528
175525
175536
175545
175544
175539
175540
175545
175547
175548
175552
175552
175549
175544
175546
175550
175551
175553
175552
175548
175547
175548
175548
175548
175549
175548
175545
175545
175543
175541
175537
175534
175537
175539
175539
175539
175542
175548
175545
175543
175547
175549
175553
175555
175553
175551
175552
175553
175551
175548
175551
175552
175555
175556
175553
175550
175548
175552
175555
175554
175550
175552
175553
175548
175540
175540
175550
175550
175538
175538
175544
175546
175546
175542
175537
175539
175544
175548
175545
175541
175537
175539
175544
175543
175543
175546
175548
175550
175546
175548
175549
175550
175546
175546
175548
175551
175549
175548
175547
175544
175540
175538
175536
175535
175529
175528
175533
175532
175535
175538
175540
175539
175540
175540
175537
175537
175537
175536
175537
175539
175543
175546
175545
175545
175542
175542
175540
175537
175535
175536
175536
175535
175537
175536
175538
175536
175534
175532
175536
175535
175531
175534
175536
175538
175537
175537
175538
175536
175536
175537
175539
175540
175543
175546
175541
175537
175541
175543
175542
175543
175540
175537
175539
175537
175535
175540
175543
175544
175545
175544
175538
175537
175538
175535
175537
175537
175538
175542
175545
175543
175544
175546
175548
175543
175539
175542
175544
175546
175545
175539
175542
175545
175546
175548
175546
175546
175545
175548
175551
175549
175546
175546
175545
175542
175544
175544
175548
175548
175549
175550
175548
175548
175550
175549
175546
175547
175551
175552
175551
175551
175551
175550
175549
175545
175546
175550
175551
175552
175553
175548
175546
175548
175548
175547
175547
175545
175543
175543
175539
175537
175540
175546
175545
175543
175541
175541
175539
175537
175534
175536
175540
175543
175546
175548
175545
175543
175540
175539
175538
175537
175538
175533
175540
175541
175537
175539
175541
175540
175539
175539
175540
175540
175540
175541
175542
175544
175545
175546
175545
175542
175536
175536
175538
175537
175535
175534
175535
175535
175531
175530
175530
175531
175531
175529
175528
175529
175533
175538
175542
175541
175539
175539
175539
175536
175535
175536
175537
175535
175535
175539
175538
175532
175532
175527
175523
175520
175517
175516
175516
175519
175520
175521
175522
175524
175525
175527
175533
175534
175536
175532
175535
175537
175536
175538
175538
175534
175530
175528
175526
175523
175522
175527
175529
175527
175529
175530
175529
175532
175530
175527
175525
175526
175527
175525
175522
175521
175526
175532
175530
175523
175521
175527
175526
175522
175520
175519
175520
175520
175520
175520
175516
175513
175517
175517
175521
175521
175520
175523
175525
175526
175524
175529
175529
175534
175535
175534
175533
175531
175524
175526
175527
175526
175529
175527
175523
175521
175520
175524
175519
175518
175525
175528
175529
175530
175527
175527
175529
175527
175528
175531
175530
175532
175533
175530
175527
175529
175532
175533
175531
175530
175531
175533
175530
175527
175525
175524
175523
175525
175529
175530
175529
175529
175533
175533
175534
175529
175525
175529
175531
175527
175523
175524
175525
175523
175519
175520
175519
175518
175523
175522
175524
175527
175530
175529
175525
175526
175532
175528
175531
175531
175528
175534
175539
175539
175538
175538
175541
175544
175543
175540
175540
175540
175540
175542
175548
175549
175549
175550
175557
175555
175554
175555
175559
175560
175555
175555
175559
175564
175566
175565
175563
175565
175567
175572
175577
175577
175575
175576
175576
175573
175576
175576
175571
175577
175583
175584
175587
175589
175588
175588
175592
175593
175587
175580
175583
175588
175589
175587
175590
175591
175589
175586
175587
175594
175593
175586
175588
175590
175593
175593
175590
175592
175591
175590
175589
175594
175594
175593
175593
175593
175596
175593
175591
175595
175592
175590
175595
175594
175588
175585
175585
175591
175604
175601
175591
175591
175597
175595
175595
175597
175599
175596
175592
175590
175590
175594
175592
175592
175591
175590
175587
175589
175595
175590
175586
175589
175595
175593
175589
175583
175585
175599
175603
175603
175599
175594
175595
175595
175601
175604
175601
175599
175597
175597
175599
175592
175590
175597
175600
175598
175596
175593
175593
175592
175590
175585
175584
175577
175578
175580
175573
175574
175580
175585
175579
175574
175576
175582
175581
175574
175577
175584
175588
175595
175597
175597
175593
175598
175601
175599
175599
175595
175591
175588
175586
175590
175597
175600
175596
175591
175592
175595
175597
175593
175589
175592
175593
175588
175590
175592
175591
175588
175589
175589
175588
175590
175585
175586
175592
175592
175595
175597
175592
175584
175585
175592
175596
175595
175590
175589
175593
175598
175606
175600
175591
175595
175603
175606
175604
175602
175599
175599
175600
175598
175597
175596
175594
175596
175600
175594
175592
175598
175598
175592
175589
175587
175590
175588
175581
175582
175593
175597
175596
175593
175588
175585
175593
175595
175592
175591
175592
175595
175598
175598
175597
175602
175601
175599
175602
175601
175599
175600
175598
175591
175592
175595
175597
175595
175592
175591
175591
175592
175591
175593
175596
175601
175606
175606
175605
175605
175609
175617
175618
175616
175611
175610
175613
175614
175616
175616
175612
175609
175610
175611
175607
175601
175604
175607
175604
175601
175599
175596
175601
175601
175595
175595
175597
175594
175595
175599
175598
175599
175605
175607
175605
175605
175602
175602
175605
175601
175598
175603
175607
175607
175603
175602
175611
175611
175609
175605
175605
175609
175610
175610
175609
175609
175609
175608
175605
175601
175600
175599
175599
175600
175598
175601
175604
175606
175605
175601
175601
175606
175606
175607
175606
175605
175611
175614
175610
175604
175605
175617
175617
175610
175610
175612
175617
175618
175615
175613
175615
175615
175611
175612
175611
175613
175617
175623
175626
175623
175617
175620
175620
175619
175619
175612
175614
175620
175622
175618
175612
175613
175616
175613
175614
175617
175620
175622
175621
175620
175621
175622
175621
175621
175619
175622
175627
175626
175623
175623
175627
175629
175627
175621
175616
175615
175612
175610
175612
175614
175613
175612
175612
175612
175611
175614
175617
175618
175613
175611
175614
175618
175622
175619
175618
175622
175625
175626
175625
175622
175622
175625
175624
175617
175617
175627
175629
175625
175620
175620
175621
175621
175621
175619
175617
175617
175617
175621
175622
175620
175619
175619
175622
175619
175619
175625
175632
175634
175630
175626
175627
175631
175630
175630
175631
175630
175625
175625
175629
175626
175623
175624
175629
175627
175624
175624
175624
175622
175620
175619
175620
175621
175621
175620
175622
175624
175625
175622
175621
175621
175621
175622
175625
175623
175621
175625
175629
175624
175625
175633
175638
175638
175630
175628
175628
175625
175625
175626
175623
175620
175623
175625
175625
175622
175617
175621
175620
175621
175621
175614
175615
175620
175617
175609
175610
175608
175604
175599
175596
175591
175592
175598
175597
175600
175602
175602
175606
175608
175606
175606
175613
175612
175612
175607
175607
175608
175608
175611
175612
175605
175605
175612
175609
175604
175610
175614
175614
175614
175612
175611
175611
175610
175608
175605
175608
175611
175612
175611
175612
175612
175613
175616
175615
175614
175618
175620
175620
175618
175616
175614
175611
175610
175613
175613
175614
175613
175614
175612
175608
175604
175607
175611
175611
175609
175610
175612
175617
175617
175606
175602
175599
175595
175598
175597
175596
175599
175597
175600
175601
175599
175599
175600
175596
175591
175594
175603
175602
175599
175598
175599
175598
175598
175598
175596
175597
175603
175602
175602
175599
175599
175597
175601
175603
175600
175600
175602
175604
175605
175606
175605
175608
175609
175607
175605
175601
175602
175601
175599
175601
175602
175603
175605
175604
175601
175601
175600
175597
175597
175599
175596
175600
175602
175602
175601
175601
175601
175605
175607
175604
175601
175603
175610
175609
175606
175605
175613
175617
175610
175604
175609
175611
175611
175611
175605
175600
175607
175613
175612
175607
175604
175603
175604
175600
175600
175605
175610
175609
175608
175606
175605
175610
175613
175612
175611
175611
175612
175612
175612
175615
175615
175615
175616
175614
175611
175608
175613
175617
175616
175614
175615
175617
175617
175617
175612
175610
175613
175615
175609
175610
175613
175613
175614
175612
175614
175615
175616
175616
175617
175618
175617
175622
175624
175625
175622
175619
175622
175624
175621
175621
175621
175617
175619
175620
175619
175614
175617
175623
175622
175622
175623
175624
175622
175618
175620
175624
175623
175624
175622
175619
175618
175620
175622
175618
175617
175626
175627
175627
175626
175621
175621
175621
175620
175622
175624
175627
175628
175628
175626
175621
175618
175623
175628
175624
175620
175621
175623
175626
175624
175618
175619
175622
175626
175627
175625
175623
175622
175623
175626
175628
175628
175630
175630
175629
175629
175628
175629
175631
175629
175631
175632
175633
175629
175628
175629
175624
175625
175627
175624
175623
175623
175622
175622
175626
175630
175631
175631
175628
175627
175623
175626
175628
175631
175630
175626
175623
175626
175630
175631
175624
175621
175620
175625
175625
175627
175628
175629
175627
175628
175624
175628
175633
175625
175620
175625
175632
175631
175633
175633
175631
175633
175635
175637
175638
175637
175635
175639
175642
175643
175642
175645
175649
175652
175651
175648
175646
175647
175646
175652
175659
175656
175651
175650
175654
175651
175651
175653
175658
175660
175659
175657
175656
175655
175662
175667
175665
175665
175663
175660
175659
175662
175666
175670
175671
175670
175672
175676
175676
175675
175673
175669
175671
175680
175679
175674
175668
175670
175673
175671
175664
175657
175665
175672
175673
175672
175672
175675
175676
175679
175679
175677
175676
175677
175675
175674
175679
175684
175689
175688
175684
175682
175684
175689
175687
175680
175679
175685
175686
175684
175682
175679
175680
175680
175682
175684
175677
175678
175680
175680
175684
175684
175682
175686
175689
175689
175687
175684
175690
175692
175689
175689
175695
175700
175696
175687
175684
175686
175686
175684
175685
175688
175691
175696
175695
175687
175683
175685
175682
175680
175682
175687
175692
175692
175688
175683
175681
175687
175696
175702
175701
175698
175694
175698
175701
175700
175698
175696
175694
175692
175692
175693
175697
175702
175703
175705
175707
175706
175704
175702
175703
175707
175707
175700
175700
175698
175695
175696
175698
175695
175693
175702
175710
175709
175701
175694
175694
175697
175703
175701
175696
175694
175699
175704
175703
175701
175696
175695
175698
175697
175696
175700
175700
175699
175695
175695
175703
175703
175699
175698
175695
175695
175701
175702
175692
175686
175692
175696
175697
175694
175690
175687
175686
175690
175688
175684
175683
175684
175685
175684
175679
175680
175685
175687
175687
175685
175686
175689
175691
175688
175685
175685
175681
175684
175686
175683
175683
175683
175681
175680
175681
175681
175681
175678
175676
175681
175683
175683
175683
175679
175676
175680
175684
175688
175690
175690
175693
175700
175700
175696
175694
175693
175694
175692
175688
175693
175695
175694
175693
175688
175685
175684
175682
175681
175677
175674
175670
175671
175674
175675
175674
175675
175675
175674
175676
175673
175670
175676
175674
175673
175673
175673
175674
175673
175671
175672
175676
175678
175680
175678
175673
175667
175673
175678
175675
175672
175672
175669
175667
175668
175663
175660
175658
175657
175655
175654
175654
175655
175656
175652
175647
175648
175652
175654
175653
175652
175656
175662
175666
175664
175664
175664
175668
175673
175671
175672
175675
175678
175678
175674
175671
175671
175670
175670
175667
175662
175663
175662
175662
175661
175660
175660
175660
175660
175656
175652
175650
175647
175653
175655
175652
175656
175657
175658
175656
175656
175653
175655
175660
175658
175661
175663
175661
175663
175661
175659
175667
175669
175666
175663
175657
175653
175650
175647
175650
175652
175651
175651
175650
175649
175650
175652
175649
175647
175643
175643
175643
175643
175642
175643
175647
175651
175656
175659
175658
175655
175654
175655
175656
175655
175657
175668
175673
175673
175672
175671
175668
175663
175659
175659
175657
175653
175653
175650
175645
175639
175641
175644
175643
175642
175639
175639
175642
175645
175644
175644
175647
175647
175649
175650
175651
175654
175656
175653
175651
175655
175660
175660
175664
175667
175670
175669
175674
175677
175672
175666
175665
175665
175660
175656
175652
175649
175647
175643
175642
175641
175640
175642
175644
175646
175644
175642
175642
175641
175642
175642
175643
175644
175647
175649
175646
175650
175653
175653
175651
175651
175657
175661
175664
175668
175668
175667
175667
175662
175652
175649
175656
175656
175656
175652
175652
175656
175658
175658
175658
175655
175653
175658
175661
175659
175657
175657
175661
175661
175657
175658
175662
175663
175660
175657
175658
175661
175660
175659
175663
175666
175669
175673
175675
175679
175683
175686
175690
175690
175684
175682
175681
175675
175672
175666
175661
175658
175653
175652
175653
175654
175653
175652
175651
175654
175655
175657
175659
175657
175655
175653
175656
175660
175659
175658
175657
175657
175660
175666
175668
175667
175672
175675
175675
175679
175682
175679
175679
175677
175667
175660
175665
175664
175659
175652
175649
175648
175650
175654
175655
175656
175655
175658
175664
175666
175666
175666
175670
175675
175675
175673
175670
175674
175675
175673
175675
175676
175676
175670
175673
175678
175679
175682
175685
175687
175685
175677
175671
175670
175665
175660
175658
175658
175660
175664
175665
175661
175661
175664
175661
175661
175673
175681
175681
175683
175680
175684
175689
175692
175692
175689
175691
175694
175689
175688
175686
175691
175700
175698
175689
175692
175700
175700
175698
175694
175692
175690
175689
175688
175681
175676
175677
175680
175679
175675
175674
175677
175683
175683
175681
175685
175690
175690
175694
175696
175691
175689
175690
175690
175684
175687
175695
175697
175693
175693
175701
175704
175704
175703
175698
175702
175712
175713
175707
175703
175701
175701
175704
175702
175696
175691
175686
175682
175678
175674
175671
175672
175679
175684
175688
175687
175685
175685
175684
175690
175693
175694
175696
175695
175695
175700
175701
175707
175709
175705
175704
175706
175708
175712
175715
175715
175716
175721
175718
175712
175705
175697
175695
175697
175691
175686
175681
175680
175682
175683
175685
175688
175683
175677
175676
175674
175674
175676
175676
175674
175680
175685
175690
175695
175703
175706
175707
175706
175704
175704
175708
175717
175720
175717
175716
175717
175717
175712
175708
175707
175700
175697
175695
175690
175686
175680
175672
175666
175668
175674
175673
175674
175675
175678
175689
175694
175690
175687
175684
175689
175694
175695
175695
175697
175700
175696
175704
175713
175716
175711
175704
175710
175720
175726
175726
175726
175726
175724
175724
175724
175724
175718
175709
175698
175696
175696
175697
175695
175690
175686
175676
175672
175678
175686
175688
175686
175691
175697
175699
175697
175695
175695
175700
175701
175700
175701
175705
175710
175715
175712
175715
175725
175724
175719
175714
175717
175717
175710
175702
175699
175694
175695
175695
175691
175685
175684
175684
175683
175685
175683
175684
175682
175683
175685
175682
175681
175681
175678
175674
175673
175673
175674
175678
175682
175681
175677
175684
175689
175689
175689
175687
175690
175688
175692
175694
175692
175692
175692
175687
175686
175686
175681
175679
175678
175677
175679
175681
175676
175673
175675
175672
175671
175667
175665
175665
175667
175668
175670
175671
175670
175668
175671
175678
175680
175678
175678
175678
175685
175688
175687
175685
175681
175679
175674
175670
175673
175676
175677
175677
175676
175673
175675
175678
175675
175669
175669
175671
175668
175662
175659
175660
175660
175663
175668
175667
175667
175670
175668
175667
175665
175660
175660
175668
175671
175672
175671
175672
175675
175669
175669
175671
175675
175677
175677
175677
175676
175679
175679
175674
175672
175668
175665
175665
175665
175662
175666
175671
175671
175672
175669
175665
175663
175661
175656
175661
175665
175667
175670
175675
175677
175679
175682
175680
175675
175668
175669
175670
175672
175671
175669
175671
175675
175678
175675
175669
175666
175661
175665
175668
175668
175668
175669
175670
175664
175663
175665
175665
175664
175664
175660
175657
175660
175665
175668
175669
175669
175672
175673
175671
175667
175668
175668
175670
175668
175662
175665
175668
175670
175670
175670
175670
175670
175673
175675
175675
175675
175677
175677
175675
175671
175667
175668
175671
175666
175663
175661
175661
175661
175660
175662
175663
175666
175673
175673
175673
175672
175673
175671
175674
175674
175674
175678
175676
175671
175670
175670
175670
175669
175669
175668
175664
175667
175672
175674
175670
175668
175669
175666
175664
175662
175663
175664
175662
175663
175663
175662
175666
175667
175667
175667
175666
175665
175665
175666
175664
175667
175670
175670
175666
175669
175671
175669
175670
175670
175667
175666
175668
175670
175667
175663
175665
175669
175671
175672
175670
175667
175667
175666
175666
175669
175667
175669
175667
175666
175663
175660
175665
175669
175669
175668
175667
175666
175666
175667
175668
175669
175669
175673
175674
175671
175671
175674
175673
175668
175666
175666
175669
175671
175673
175672
175669
175667
175674
175677
175676
175677
175678
175678
175676
175675
175673
175673
175671
175671
175674
175674
175675
175674
175674
175672
175670
175668
175669
175672
175671
175671
175671
175672
175675
175672
175672
175674
175673
175672
175671
175673
175671
175671
175671
175670
175667
175670
175677
175676
175678
175676
175673
175677
175673
175668
175671
175674
175672
175671
175671
175671
175674
175674
175674
175670
175671
175676
175679
175675
175669
175671
175676
175678
175677
175675
175673
175675
175676
175674
175671
175668
175672
175676
175674
175671
175672
175673
175669
175672
175677
175679
175679
175677
175674
175671
175670
175672
175673
175672
175671
175670
175666
175666
175667
175668
175667
175665
175671
175675
175675
175674
175673
175675
175674
175674
175675
175674
175675
175673
175670
175668
175674
175678
175678
175677
175677
175675
175676
175676
175674
175673
175674
175676
175674
175676
175678
175678
175679
175675
175677
175680
175679
175681
175679
175679
175678
175681
175686
175685
175685
175682
175681
175679
175678
175679
175675
175672
175679
175679
175676
175683
175694
175699
175697
175697
175699
175706
175706
175707
175713
175716
175720
175720
175715
175709
175714
175720
175720
175721
175720
175718
175719
175720
175720
175720
175720
175720
175718
175720
175722
175721
175725
175725
175725
175724
175723
175727
175727
175727
175724
175719
175720
175724
175727
175728
175731
175730
175728
175734
175735
175736
175743
175745
175743
175736
175737
175740
175741
175740
175735
175736
175743
175745
175741
175736
175735
175737
175736
175737
175741
175744
175744
175744
175740
175738
175737
175740
175740
175741
175741
175739
175738
175737
175737
175736
175734
175736
175737
175730
175726
175734
175744
175746
175744
175745
175749
175752
175756
175755
175752
175752
175751
175751
175747
175743
175746
175747
175746
175752
175751
175746
175746
175746
175744
175743
175744
175747
175748
175748
175741
175739
175746
175748
175749
175747
175745
175749
175750
175747
175743
175744
175746
175744
175745
175744
175742
175743
175745
175746
175747
175748
175745
175748
175751
175752
175750
175746
175743
175744
175744
175743
175744
175746
175746
175744
175744
175747
175746
175744
175743
175741
175745
175752
175751
175749
175750
175750
175750
175752
175749
175747
175747
175748
175748
175747
175748
175750
175749
175752
175749
175748
175752
175750
175747
175740
175741
175749
175752
175750
175747
175746
175743
175743
175742
175741
175740
175745
175746
175747
175747
175745
175750
175755
175755
175756
175756
175754
175751
175746
175744
175749
175753
175757
175756
175752
175751
175751
175751
175750
175753
175756
175752
175746
175749
175751
175750
175750
175748
175745
175746
175753
175756
175753
175754
175757
175754
175751
175752
175748
175743
175743
175746
175745
175743
175744
175750
175752
175749
175744
175744
175750
175754
175752
175750
175750
175752
175757
175754
175745
175742
175744
175747
175752
175751
175744
175746
175754
175756
175754
175750
175753
175753
175751
175751
175751
175750
175752
175756
175755
175754
175755
175756
175759
175758
175754
175753
175752
175754
175756
175757
175756
175758
175763
175764
175760
175754
175757
175761
175758
175760
175759
175757
175758
175758
175759
175755
175751
175756
175763
175770
175770
175765
175764
175762
175762
175762
175767
175774
175776
175772
175769
175771
175770
175763
175760
175762
175763
175766
175764
175763
175761
175761
175767
175769
175761
175761
175765
175767
175767
175765
175762
175763
175765
175763
175762
175765
175768
175765
175767
175771
175775
175776
175775
175772
175771
175769
175769
175769
175769
175769
175772
175773
175770
175766
175762
175763
175765
175764
175764
175763
175758
175762
175766
175767
175768
175769
175770
175773
175773
175770
175777
175779
175774
175771
175770
175768
175770
175775
175773
175771
175780
175783
175783
175778
175770
175768
175768
175769
175773
175775
175773
175773
175777
175780
175777
175776
175774
175772
175770
175767
175764
175761
175762
175766
175770
175774
175776
175774
175771
175773
175775
175778
175780
175780
175779
175782
175784
175784
175779
175780
175785
175787
175784
175781
175782
175784
175786
175785
175782
175785
175792
175793
175785
175781
175786
175789
175793
175790
175787
175783
175779
175783
175788
175784
175784
175789
175790
175789
175789
175792
175791
175793
175792
175784
175782
175786
175787
175784
175780
175786
175789
175787
175787
175790
175788
175785
175785
175786
175786
175785
175786
175794
175796
175790
175789
175788
175786
175790
175791
175790
175791
175795
175799
175798
175791
175791
175794
175793
175789
175788
175789
175791
175789
175785
175787
175787
175792
175794
175789
175787
175794
175794
175790
175787
175785
175785
175789
175788
175787
175787
175786
175791
175793
175794
175795
175794
175792
175791
175784
175776
175780
175783
175782
175780
175783
175788
175790
175789
175790
175792
175791
175790
175791
175795
175789
175787
175788
175784
175779
175777
175784
175791
175791
175784
175779
175783
175784
175783
175785
175787
175783
175785
175788
175788
175788
175786
175783
175784
175784
175782
175782
175786
175786
175785
175790
175794
175796
175796
175797
175793
175788
175790
175792
175793
175792
175788
175785
175790
175793
175790
175785
175784
175785
175782
175783
175786
175793
175793
175794
175801
175800
175799
175797
175791
175790
175789
175787
175792
175794
175791
175790
175798
175802
175800
175797
175801
175803
175800
175794
175791
175798
175803
175805
175805
175804
175808
175814
175813
175810
175812
175809
175806
175808
175808
175806
175805
175803
175806
175805
175802
175802
175810
175811
175805
175801
175806
175808
175806
175802
175801
175804
175805
175808
175807
175804
175803
175802
175802
175799
175798
175798
175800
175801
175803
175802
175801
175799
175801
175803
175803
175806
175805
175804
175805
175803
175802
175804
175807
175808
175803
175802
175812
175812
175811
175812
175811
175812
175812
175806
175799
175797
175800
175801
175799
175799
175799
175801
175797
175796
175799
175799
175800
175795
175798
175803
175808
175809
175807
175807
175804
175799
175800
175801
175800
175799
175800
175800
175801
175799
175802
175805
175801
175797
175799
175802
175802
175800
175802
175803
175798
175798
175801
175800
175794
175796
175799
175797
175799
175799
175799
175799
175801
175803
175798
175797
175804
175801
175799
175797
175794
175795
175798
175798
175792
175794
175798
175799
175800
175797
175794
175799
175801
175799
175794
175789
175794
175798
175800
175798
175796
175794
175800
175802
175802
175800
175797
175794
175798
175799
175796
175796
175796
175796
175796
175794
175801
175808
175800
175796
175801
175808
175807
175800
175801
175804
175802
175796
175801
175808
175806
175803
175804
175807
175804
175802
175810
175810
175809
175808
175814
175815
175812
175813
175814
175816
175819
175818
175818
175819
175821
175821
175824
175824
175831
175838
175841
175843
175842
175840
175838
175842
175850
175848
175843
175844
175848
175846
175849
175857
175862
175866
175862
175855
175853
175858
175865
175866
175864
175859
175862
175862
175858
175859
175855
175856
175857
175861
175867
175868
175863
175853
175855
175863
175863
175859
175859
175858
175864
175864
175855
175859
175866
175862
175861
175864
175869
175874
175872
175865
175859
175859
175870
175873
175868
175864
175856
175862
175871
175868
175866
175866
175865
175874
175868
175863
175858
175858
175865
175864
175861
175863
175865
175860
175859
175865
175872
175870
175865
175858
175864
175870
175869
175868
175861
175857
175861
175867
175867
175859
175847
175845
175856
175855
175848
175849
175848
175846
175849
175855
175855
175851
175849
175854
175853
175847
175846
175843
175836
175834
175839
175843
175847
175847
175840
175829
175838
175852
175850
175846
175845
175846
175846
175845
175847
175853
175848
175847
175848
175847
175842
175836
175847
175856
175849
175849
175847
175849
175853
175854
175849
175846
175853
175862
175860
175859
175865
175868
175866
175866
175868
175872
175876
175872
175866
175866
175868
175868
175866
175863
175868
175873
175871
175865
175860
175862
175866
175862
175861
175863
175866
175876
175878
175876
175874
175874
175878
175884
175877
175875
175874
175879
175888
175887
175882
175876
175879
175885
175884
175881
175875
175867
175876
175878
175874
175876
175880
175888
175888
175885
175881
175877
175877
175877
175879
175880
175879
175880
175882
175884
175882
175883
175882
175885
175883
175878
175882
175875
175867
175877
175882
175881
175883
175879
175874
175876
175887
175890
175886
175887
175891
175888
175890
175891
175891
175895
175900
175901
175902
175900
175901
175902
175900
175894
175899
175904
175904
175908
175906
175901
175903
175905
175910
175909
175906
175907
175909
175910
175906
175905
175906
175910
175912
175908
175911
175907
175906
175904
175902
175899
175903
175901
175901
175901
175904
175907
175903
175898
175889
175893
175899
175897
175892
175890
175892
175890
175887
175887
175891
175887
175885
175886
175889
175884
175875
175875
175872
175870
175883
175896
175892
175889
175884
175880
175883
175888
175886
175876
175871
175872
175874
175878
175877
175871
175867
175874
175879
175874
175869
175867
175860
175868
175867
175862
175862
175856
175860
175866
175867
175870
175870
175866
175865
175863
175864
175867
175869
175871
175868
175864
175861
175863
175856
175855
175861
175869
175868
175865
175855
175849
175850
175853
175859
175857
175856
175861
175870
175873
175865
175853
175850
175850
175854
175857
175854
175854
175860
175865
175862
175861
175857
175855
175861
175867
175861
175850
175855
175855
175853
175853
175853
175857
175858
175853
175849
175848
175849
175852
175856
175857
175860
175862
175864
175864
175853
175849
175857
175866
175859
175854
175854
175857
175861
175863
175862
175861
175861
175856
175848
175847
175847
175841
175840
175847
175848
175844
175843
175848
175852
175852
175848
175844
175844
175845
175846
175844
175845
175846
175843
175839
175837
175831
175832
175832
175827
175823
175820
175820
175818
175820
175822
175814
175808
175808
175804
175807
175810
175810
175810
175808
175802
175803
175805
175803
175804
175806
175802
175797
175793
175787
175783
175781
175779
175774
175769
175772
175773
175772
175771
175772
175768
175773
175779
175779
175779
175781
175783
175784
175783
175777
175774
175776
175776
175774
175772
175770
175770
175768
175777
175781
175777
175775
175776
175787
175786
175778
175781
175786
175787
175788
175785
175789
175791
175793
175790
175794
175799
175799
175797
175796
175797
175795
175795
175797
175797
175786
175782
175787
175788
175786
175784
175787
175788
175784
175781
175784
175789
175790
175791
175789
175790
175793
175792
175792
175793
175791
175794
175792
175790
175790
175791
175801
175800
175792
175791
175790
175792
175794
175793
175787
175785
175783
175784
175782
175784
175785
175785
175786
175787
175785
175785
175786
175789
175789
175782
175782
175787
175789
175790
175791
175793
175795
175794
175796
175797
175797
175796
175795
175796
175794
175795
175795
175791
175791
175793
175787
175781
175781
175780
175778
175779
175782
175785
175786
175787
175784
175783
175784
175786
175786
175788
175787
175789
175790
175788
175788
175787
175785
175790
175791
175785
175785
175790
175790
175790
175790
175789
175790
175785
175790
175789
175790
175792
175790
175786
175786
175784
175787
175789
175787
175780
175781
175792
175793
175797
175791
175789
175802
175809
175804
175802
175801
175802
175804
175805
175805
175804
175803
175804
175803
175804
175804
175803
175802
175803
175803
175801
175799
175795
175791
175791
175794
175795
175796
175794
175790
175790
175794
175796
175793
175792
175794
175799
175798
175798
175798
175799
175800
175799
175797
175798
175797
175794
175795
175797
175797
175798
175795
175791
175794
175795
175800
175802
175799
175798
175798
175796
175796
175795
175790
175799
175809
175808
175806
175808
175807
175810
175812
175810
175810
175811
175808
175810
175817
175818
175821
175824
175824
175823
175819
175818
175821
175825
175825
175823
175824
175824
175824
175827
175827
175826
175828
175828
175826
175824
175822
175825
175826
175824
175821
175822
175821
175818
175816
175815
175815
175817
175816
175818
175820
175822
175827
175830
175831
175830
175830
175830
175828
175824
175824
175822
175822
175825
175823
175824
175825
175824
175827
175826
175820
175819
175820
175817
175816
175816
175817
175819
175824
175825
175824
175826
175825
175823
175821
175820
175821
175823
175828
175827
175825
175828
175829
175826
175822
175820
175819
175821
175820
175818
175814
175813
175812
175804
175799
175809
175815
175820
175827
175828
175826
175827
175832
175837
175838
175834
175832
175833
175832
175827
175830
175832
175832
175832
175829
175830
175832
175832
175833
175835
175835
175837
175840
175841
175839
175838
175840
175841
175843
175838
175838
175844
175846
175844
175844
175842
175843
175845
175843
175840
175840
175841
175842
175841
175841
175841
175838
175840
175844
175842
175845
175845
175846
175845
175841
175837
175837
175840
175841
175842
175842
175843
175845
175847
175846
175844
175845
175846
175842
175839
175842
175842
175846
175847
175846
175842
175843
175844
175843
175843
175843
175845
175848
175849
175849
175846
175845
175850
175853
175853
175851
175852
175851
175846
175845
175843
175841
175841
175841
175842
175842
175844
175848
175849
175850
175846
175844
175842
175841
175840
175836
175838
175838
175842
175843
175843
175846
175845
175845
175842
175840
175840
175837
175834
175840
175847
175852
175854
175858
175858
175857
175856
175854
175853
175853
175854
175856
175856
175858
175856
175854
175853
175854
175855
175857
175856
175855
175854
175850
175850
175850
175852
175854
175855
175854
175856
175857
175854
175854
175851
175848
175852
175853
175853
175857
175857
175857
175857
175854
175853
175851
175849
175853
175854
175853
175855
175857
175859
175858
175856
175854
175854
175853
175850
175849
175849
175849
175848
175851
175852
175853
175854
175853
175854
175853
175851
175853
175855
175854
175852
175851
175850
175851
175855
175856
175855
175856
175860
175858
175857
175857
175855
175856
175859
175858
175855
175852
175854
175856
175852
175851
175850
175849
175850
175848
175846
175845
175848
175849
175849
175847
175845
175846
175845
175840
175842
175845
175846
175846
175847
175848
175851
175852
175852
175851
175850
175850
175852
175851
175847
175846
175847
175848
175850
175848
175847
175849
175852
175853
175853
175849
175847
175852
175853
175851
175849
175850
175851
175850
175848
175852
175855
175858
175860
175860
175860
175860
175859
175862
175865
175863
175861
175861
175862
175858
175853
175854
175857
175857
175857
175856
175860
175863
175861
175862
175862
175861
175861
175860
175855
175851
175854
175857
175856
175855
175854
175856
175857
175858
175857
175857
175855
175861
175867
175863
175859
175866
175871
175871
175867
175868
175872
175876
175881
175877
175870
175870
175877
175876
175874
175877
175878
175877
175880
175880
175873
175876
175881
175880
175878
175878
175880
175882
175882
175877
175876
175880
175879
175874
175872
175876
175880
175883
175886
175885
175884
175884
175883
175880
175881
175882
175883
175886
175885
175886
175882
175882
175887
175888
175885
175883
175885
175884
175885
175887
175884
175882
175881
175880
175877
175873
175872
175876
175879
175877
175875
175881
175882
175880
175877
175876
175874
175877
175880
175879
175879
175880
175877
175885
175889
175885
175886
175887
175886
175886
175884
175886
175885
175886
175887
175887
175887
175884
175884
175882
175880
175882
175883
175882
175881
175880
175880
175882
175883
175879
175878
175884
175886
175878
175878
175879
175879
175881
175882
175876
175867
175866
175872
175874
175873
175870
175870
175871
175870
175870
175867
175867
175871
175869
175866
175869
175871
175871
175868
175862
175861
175860
175859
175862
175862
175859
175859
175864
175866
175866
175862
175864
175867
175866
175864
175863
175864
175867
175869
175871
175872
175873
175875
175873
175871
175866
175868
175873
175873
175870
175868
175870
175872
175871
175869
175877
175881
175872
175863
175859
175854
175853
175853
175844
175842
175847
175849
175854
175854
175853
175849
175849
175852
175853
175848
175847
175851
175854
175849
175850
175853
175853
175856
175856
175853
175853
175853
175852
175851
175850
175847
175849
175850
175848
175850
175848
175842
175843
175845
175845
175843
175843
175850
175853
175850
175847
175846
175844
175847
175849
175847
175847
175848
175845
175845
175844
175845
175848
175848
175848
175847
175851
175855
175852
175851
175846
175844
175847
175848
175846
175842
175844
175846
175850
175855
175854
175854
175856
175855
175850
175848
175852
175853
175850
175850
175850
175853
175854
175853
175852
175849
175847
175846
175847
175849
175848
175847
175848
175849
175849
175852
175856
175857
175854
175854
175856
175858
175859
175857
175859
175862
175864
175864
175861
175857
175858
175857
175854
175858
175861
175860
175864
175867
175866
175865
175863
175863
175863
175863
175862
175859
175859
175857
175863
175864
175863
175864
175862
175862
175862
175859
175861
175863
175864
175860
175862
175868
175866
175862
175863
175865
175867
175866
175864
175865
175864
175863
175861
175862
175866
175865
175866
175865
175860
175856
175853
175850
175848
175849
175849
175849
175850
175850
175848
175851
175853
175850
175851
175854
175852
175852
175855
175856
175855
175857
175856
175861
175864
175863
175862
175860
175862
175866
175865
175861
175859
175857
175857
175852
175850
175856
175860
175863
175863
175859
175858
175858
175855
175851
175851
175860
175862
175864
175865
175859
175861
175872
175873
175870
175869
175872
175879
175879
175877
175879
175884
175889
175888
175886
175884
175883
175886
175882
175881
175885
175884
175884
175885
175881
175878
175879
175878
175878
175880
175878
175878
175880
175881
175880
175882
175882
175880
175882
175882
175882
175880
175884
175883
175877
175879
175886
175888
175891
175890
175888
175888
175888
175883
175878
175878
175883
175885
175883
175886
175888
175888
175887
175887
175885
175884
175884
175883
175883
175884
175884
175881
175878
175886
175890
175888
175889
175890
175891
175890
175890
175891
175888
175888
175892
175890
175887
175884
175884
175887
175889
175885
175885
175890
175888
175882
175883
175885
175884
175881
175878
175878
175878
175875
175879
175883
175883
175884
175888
175892
175891
175890
175889
175893
175894
175893
175890
175893
175896
175893
175893
175898
175897
175898
175899
175899
175899
175904
175911
175916
175911
175904
175906
175910
175908
175900
175902
175908
175910
175908
175906
175907
175908
175908
175902
175897
175901
175900
175898
175895
175892
175899
175904
175906
175908
175907
175908
175910
175911
175909
175907
175908
175910
175911
175909
175909
175910
175912
175914
175915
175917
175913
175898
175900
175907
175910
175915
175912
175907
175910
175912
175905
175896
175898
175908
175909
175898
175889
175901
175914
175908
175897
175897
175901
175904
175908
175904
175899
175902
175904
175903
175903
175904
175902
175903
175908
175906
175899
175896
175896
175899
175896
175891
175891
175889
175886
175882
175877
175879
175880
175881
175882
175881
175884
175887
175881
175874
175880
175884
175886
175884
175880
175882
175889
175888
175886
175886
175882
175883
175882
175884
175887
175888
175888
175886
175885
175884
175881
175879
175880
175877
175874
175873
175874
175870
175873
175873
175875
175875
175872
175871
175870
175867
175872
175874
175870
175873
175876
175877
175878
175879
175887
175888
175890
175896
175893
175881
175874
175879
175889
175887
175882
175878
175879
175879
175883
175883
175881
175881
175880
175880
175880
175878
175876
175875
175874
175873
175876
175877
175876
175872
175875
175884
175889
175889
175886
175884
175887
175885
175880
175873
175873
175878
175880
175879
175879
175882
175887
175890
175887
175886
175888
175887
175880
175876
175876
175873
175872
175872
175872
175870
175870
175873
175871
175865
175869
175876
175881
175883
175883
175879
175880
175885
175882
175883
175883
175881
175880
175880
175878
175876
175875
175879
175879
175878
175882
175882
175883
175890
175893
175882
175877
175877
175869
175873
175881
175874
175869
175873
175879
175875
175871
175873
175881
175883
175887
175894
175895
175895
175897
175895
175882
175882
175886
175886
175883
175879
175884
175892
175892
175884
175886
175892
175892
175891
175890
175893
175898
175897
175895
175896
175901
175898
175899
175902
175909
175910
175904
175903
175908
175908
175903
175901
175903
175904
175906
175903
175898
175901
175901
175902
175904
175902
175898
175894
175896
175900
175902
175897
175890
175892
175889
175896
175898
175898
175894
175892
175902
175905
175904
175903
175901
175904
175906
175904
175900
175898
175902
175906
175908
175903
175902
175903
175900
175902
175906
175907
175907
175910
175910
175906
175902
175903
175898
175892
175889
175885
175886
175889
175890
175891
175891
175892
175896
175897
175889
175884
175889
175894
175889
175886
175887
175886
175890
175896
175896
175895
175897
175897
175890
175883
175890
175894
175894
175891
175890
175893
175891
175895
175895
175892
175896
175898
175903
175905
175904
175906
175913
175914
175914
175910
175902
175901
175900
175894
175892
175892
175893
175893
175893
