169197
169189
169180
169193
169199
169164
169175
169168
169161
169189
169204
169202
169192
169166
169218
169201
169194
169201
169192
169190
169206
169209
169178
169165
169223
169210
169193
169183
169183
169196
169186
169201
169213
169202
169207
169198
169230
169204
169207
169217
169242
169221
169222
169201
169213
169220
169199
169212
169207
169203
169198
169212
169214
169220
169200
169214
169221
169222
169232
169241
169216
169224
169234
169246
169232
169240
169215
169221
169220
169218
169225
169228
169215
169223
169211
169192
169182
169246
169184
169226
169225
169218
169212
169205
169210
169223
169209
169220
169249
169214
169198
169220
169210
169227
169226
169229
169260
169263
169254
169236
169253
169254
169227
169211
169251
169219
169225
169222
169182
169200
169210
169227
169203
169157
169210
169202
169203
169189
169208
169193
169216
169230
169221
169214
169211
169210
169222
169234
169205
169209
169234
169212
169207
169187
169185
169196
169197
169185
169175
169170
169192
169181
169185
169203
169180
169197
169197
169205
169188
169203
169223
169218
169218
169220
169213
169198
169213
169208
169183
169185
169166
169188
169182
169146
169151
169170
169149
169169
169178
169178
169179
169210
169199
169181
169217
169216
169228
169239
169207
169208
169216
169229
169204
169204
169209
169185
169188
169191
169169
169154
169175
169188
169177
169162
169189
169215
169192
169194
169208
169191
169204
169193
169184
169213
169209
169210
169194
169194
169183
169190
169197
169198
169189
169204
169178
169185
169192
169178
169176
169170
169186
169193
169179
169184
169186
169187
169193
169191
169189
169200
169185
169187
169178
169219
169208
169207
169207
169212
169202
169197
169199
169218
169199
169187
169187
169182
169183
169180
169170
169180
169184
169182
169186
169190
169190
169217
169214
169200
169203
169192
169203
169199
169229
169203
169190
169218
169225
169199
169192
169215
169203
169188
169191
169200
169202
169196
169203
169205
169197
169216
169211
169206
169225
169194
169208
169232
169249
169210
169198
169184
169173
169185
169193
169185
169177
169178
169192
169178
169184
169193
169171
169177
169174
169169
169195
169196
169198
169205
169200
169202
169194
169195
169187
169175
169185
169160
169166
169158
169163
169156
169160
169165
169168
169153
169151
169173
169188
169191
169190
169188
169189
169205
169216
169211
169199
169191
169201
169204
169200
169180
169181
169183
169179
169168
169166
169166
169169
169168
169166
169163
169170
169178
169182
169182
169185
169192
169196
169201
169193
169189
169194
169190
169189
169183
169175
169172
169175
169176
169171
169170
169172
169177
169181
169181
169180
169187
169193
169198
169200
169206
169214
169226
169232
169232
169234
169239
169246
169245
169240
169235
169233
169234
169226
169216
169208
169205
169206
169204
169194
169193
169194
169199
169203
169207
169215
169229
169246
169257
169251
169248
169251
169250
169242
169227
169216
169211
169213
169210
169198
169188
169186
169185
169179
169175
169175
169180
169190
169192
169197
169201
169214
169226
169228
169220
169221
169221
169217
169216
169206
169199
169197
169194
169189
169181
169171
169179
169187
169184
169180
169177
169186
169190
169197
169200
169201
169207
169216
169211
169202
169203
169203
169196
169184
169167
169183
169183
169176
169171
169167
169151
169158
169167
169154
169173
169170
169177
169179
169183
169181
169176
169166
169172
169179
169178
169174
169179
169193
169196
169183
169176
169174
169175
169175
169182
169175
169157
169166
169165
169155
169149
169161
169165
169148
169179
169168
169174
169177
169183
169180
169177
169187
169190
169196
169190
169175
169187
169201
169191
169174
169172
169177
169206
169195
169189
169175
169191
169204
169194
169191
169172
169176
169179
169167
169192
169197
169191
169190
169189
169166
169159
169138
169172
169171
169214
169186
169173
169172
169169
169194
169197
169219
169222
169167
169183
169233
169205
169196
169175
169162
169201
169213
169199
169174
169191
169201
169191
169210
169200
169180
169184
169200
169205
169185
169192
169184
169182
169197
169199
169210
169183
169176
169222
169226
169189
169169
169203
169214
169208
169181
169188
169217
169217
169199
169189
169198
169189
169211
169207
169192
169213
169196
169188
169202
169210
169190
169207
169181
169206
169211
169204
169196
169211
169219
169218
169212
169209
169217
169215
169209
169199
169201
169204
169204
169198
169196
169201
169212
169211
169207
169205
169210
169212
169216
169217
169234
169231
169223
169225
169225
169226
169227
169229
169223
169219
169216
169226
169226
169226
169223
169210
169199
169227
169227
169211
169216
169232
169199
169211
169224
169199
169221
169204
169206
169219
169226
169221
169230
169229
169222
169224
169233
169235
169230
169236
169234
169237
169243
169215
169220
169231
169233
169213
169219
169225
169247
169254
169253
169238
169214
169219
169228
169233
169225
169220
169213
169242
169239
169232
169207
169233
169216
169247
169224
169220
169211
169216
169227
169228
169216
169176
169257
169272
169247
169226
169217
169232
169245
169206
169230
169232
169229
169236
169236
169226
169218
169218
169227
169222
169206
169254
169237
169246
169247
169243
169211
169209
169223
169210
169213
169238
169239
169231
169240
169216
169226
169229
169238
169224
169219
169230
169207
169230
169261
169233
169219
169230
169254
169235
169228
169256
169213
169235
169225
169206
169200
169203
169234
169236
169214
169199
169230
169224
169227
169225
169204
169206
169213
169226
169206
169202
169214
169226
169244
169218
169195
169226
169216
169204
169196
169226
169183
169191
169205
169215
169214
169197
169210
169208
169196
169209
169189
169205
169221
169221
169179
169201
169217
169206
169184
169187
169193
169199
169192
169193
169188
169190
169205
169209
169205
169200
169203
169202
169206
169193
169194
169200
169211
169205
169200
169188
169198
169206
169202
169196
169197
169201
169203
169202
169200
169198
169201
169205
169204
169199
169198
169205
169210
169207
169206
169204
169207
169213
169212
169206
169206
169205
169211
169214
169210
169209
169210
169216
169217
169210
169210
169217
169223
169220
169218
169212
169217
169218
169215
169210
169208
169210
169211
169214
169215
169213
169214
169221
169221
169214
169216
169216
169218
169217
169212
169210
169212
169216
169212
169203
169196
169207
169216
169214
169206
169205
169209
169213
169212
169203
169199
169202
169202
169197
169193
169182
169190
169193
169191
169190
169188
169191
169196
169196
169184
169183
169188
169189
169186
169173
169169
169178
169161
169159
169161
169166
169177
169188
169177
169187
169172
169163
169171
169183
169181
169137
169172
169157
169155
169185
169189
169174
169182
169165
169165
169148
169143
169214
169222
169169
169167
169185
169154
169134
169156
169150
169144
169195
169183
169140
169170
169146
169200
169185
169175
169152
169188
169191
169209
169173
169135
169170
169201
169202
169185
169174
169166
169180
169178
169171
169166
169175
169173
169170
169165
169157
169164
169171
169164
169158
169156
169160
169160
169159
169157
169156
169157
169158
169171
169160
169157
169164
169153
169152
169145
169173
169174
169153
169149
169137
169122
169150
169170
169159
169168
169153
169178
169153
169151
169169
169158
169153
169146
169132
169186
169193
169118
169182
169197
169180
169168
169188
169167
169144
169149
169150
169190
169191
169182
169195
169181
169159
169157
169189
169186
169177
169182
169168
169184
169184
169201
169202
169192
169193
169182
169159
169202
169207
169190
169177
169175
169174
169188
169182
169169
169166
169191
169199
169199
169170
169142
169191
169182
169165
169184
169189
169179
169176
169184
169170
169158
169163
169186
169180
169178
169167
169175
169169
169178
169175
169168
169166
169178
169175
169175
169165
169162
169181
169181
169163
169168
169186
169173
169173
169176
169172
169177
169176
169175
169164
169167
169167
169168
169168
169174
169171
169172
169179
169179
169173
169169
169170
169176
169179
169170
169166
169170
169171
169167
169175
169172
169173
169175
169179
169169
169173
169178
169178
169176
169171
169166
169174
169185
169185
169178
169176
169179
169180
169193
169177
169160
169176
169186
169185
169168
169163
169187
169183
169177
169167
169187
169192
169186
169194
169204
169195
169199
169202
169203
169190
169182
169186
169200
169212
169191
169169
169190
169137
169218
169230
169174
169204
169208
169201
169210
169189
169214
169207
169196
169191
169178
169201
169201
169206
169192
169180
169207
169212
169204
169198
169198
169194
169200
169199
169193
169185
169187
169188
169171
169190
169190
169191
169200
169192
169196
169184
169190
169186
169188
169179
169175
169193
169199
169184
169183
169193
169194
169171
169171
169182
169162
169182
169191
169186
169170
169173
169181
169179
169189
169179
169180
169170
169173
169181
169177
169162
169178
169178
169183
169171
169164
169176
169181
169182
169171
169172
169182
169190
169192
169184
169182
169185
169189
169186
169179
169178
169182
169186
169186
169181
169179
169181
169189
169191
169186
169183
169188
169193
169193
169189
169185
169188
169190
169186
169180
169178
169179
169180
169182
169177
169173
169178
169180
169183
169182
169179
169184
169184
169182
169178
169178
169181
169186
169184
169180
169175
169179
169179
169175
169171
169167
169171
169173
169174
169175
169167
169174
169176
169177
169171
169170
169174
169175
169169
169162
169159
169168
169171
169165
169167
169161
169171
169176
169166
169151
169146
169158
169181
169166
169169
169173
169174
169156
169169
169181
169166
169175
169186
169167
169147
169167
169162
169186
169183
169142
169121
169150
169185
169176
169177
169153
169176
169170
169167
169176
169183
169184
169229
169189
169120
169146
169155
169166
169167
169164
169162
169166
169170
169170
169168
169176
169169
169173
169172
169164
169190
169190
169190
169181
169188
169169
169144
169172
169166
169159
169191
169169
169175
169161
169160
169189
169164
169167
169177
169186
169165
169178
169192
169182
169175
169152
169189
169199
169159
169178
169192
169178
169172
169164
169181
169184
169186
169190
169181
169193
169183
169172
169198
169200
169172
169198
169195
169197
169185
169173
169189
169183
169191
169190
169189
169173
169178
169192
169206
169199
169183
169209
169204
169194
169198
169192
169188
169207
169202
169199
169192
169194
169197
169196
169173
169184
169203
169200
169199
169192
169188
169194
169196
169193
169197
169193
169194
169205
169203
169196
169191
169195
169200
169196
169192
169189
169193
169196
169193
169186
169180
169183
169190
169191
169187
169185
169192
169197
169198
169194
169191
169194
169197
169195
169190
169185
169187
169191
169190
169183
169178
169183
169189
169189
169185
169184
169186
169193
169196
169191
169186
169189
169193
169195
169192
169191
169196
169201
169202
169197
169195
169197
169205
169205
169200
169197
169202
169208
169209
169205
169202
169210
169214
169212
169208
169206
169210
169214
169214
169210
169206
169210
169215
169215
169210
169205
169212
169219
169221
169217
169215
169218
169222
169219
169217
169214
169216
169220
169219
169213
169211
169214
169219
169222
169220
169217
169225
169230
169229
169228
169223
169228
169233
169232
169228
169227
169227
169232
169232
169229
169231
169232
169237
169237
169226
169224
169226
169229
169228
169225
169222
169225
169225
169222
169225
169219
169220
169243
169238
169230
169227
169229
169233
169226
169220
169217
169229
169233
169234
169235
169233
169239
169240
169236
169244
169238
169236
169240
169249
169243
169234
169230
169236
169237
169225
169227
169235
169250
169244
169239
169231
169239
169251
169254
169243
169234
169244
169250
169251
169246
169236
169239
169254
169246
169248
169252
169244
169259
169258
169244
169238
169250
169256
169241
169244
169254
169259
169262
169252
169264
169255
169251
169234
169256
169241
169242
169235
169250
169247
169236
169237
169242
169256
169264
169256
169251
169244
169264
169257
169239
169228
169249
169255
169258
169251
169253
169251
169237
169251
169274
169254
169256
169274
169259
169255
169261
169265
169257
169277
169256
169244
169259
169264
169269
169249
169251
169264
169258
169263
169251
169255
169259
169255
169257
169253
169255
169261
169268
169264
169242
169254
169248
169254
169250
169251
169254
169257
169262
169247
169255
169254
169259
169252
169258
169258
169252
169252
169266
169262
169254
169255
169260
169258
169254
169250
169264
169262
169258
169254
169252
169243
169249
169263
169256
169247
169269
169257
169256
169252
169242
169246
169267
169246
169260
169258
169247
169257
169263
169251
169251
169248
169258
169251
169271
169261
169254
169245
169254
169265
169248
169253
169267
169268
169258
169245
169247
169263
169275
169258
169263
169258
169256
169236
169259
169260
169254
169261
169244
169254
169249
169249
169253
169258
169257
169249
169236
169250
169265
169253
169257
169246
169236
169249
169256
169258
169249
169266
169263
169267
169258
169257
169248
169250
169256
169263
169257
169254
169252
169260
169261
169256
169266
169260
169268
169261
169242
169252
169270
169261
169265
169252
169262
169266
169268
169248
169253
169275
169269
169256
169251
169265
169259
169263
169269
169249
169256
169255
169264
169258
169262
169253
169265
169274
169266
169245
169262
169257
169260
169267
169271
169250
169251
169270
169274
169261
169254
169250
169260
169261
169246
169268
169278
169267
169263
169258
169263
169269
169267
169258
169268
169253
169265
169269
169261
169262
169267
169266
169262
169257
169268
169262
169253
169265
169268
169258
169249
169250
169266
169253
169250
169248
169258
169251
169250
169247
169242
169246
169252
169241
169249
169250
169260
169250
169261
169245
169246
169256
169250
169252
169245
169254
169256
169257
169252
169252
169244
169249
169257
169259
169251
169246
169247
169252
169251
169252
169249
169249
169253
169253
169249
169243
169246
169257
169254
169249
169243
169250
169252
169254
169249
169248
169249
169252
169254
169249
169244
169248
169251
169254
169247
169244
169253
169255
169256
169250
169244
169253
169254
169252
169245
169241
169242
169242
169237
169233
169225
169227
169232
169234
169231
169228
169233
169241
169240
169240
169237
169243
169247
169247
169244
169243
169247
169248
169247
169242
169237
169237
169245
169248
169243
169241
169243
169247
169247
169241
169235
169240
169243
169241
169234
169229
169232
169235
169233
169229
169225
169229
169232
169234
169230
169229
169237
169242
169250
169248
169243
169246
169251
169251
169247
169241
169242
169241
169237
169235
169228
169230
169233
169231
169225
169222
169228
169233
169235
169234
169231
169235
169241
169241
169238
169235
169235
169238
169238
169233
169227
169225
169228
169227
169221
169217
169217
169220
169217
169207
169200
169204
169210
169210
169209
169210
169214
169221
169225
169223
169225
169231
169239
169245
169244
169243
169247
169257
169260
169257
169255
169258
169263
169265
169262
169256
169258
169261
169257
169250
169244
169246
169249
169247
169241
169242
169250
169254
169256
169252
169250
169254
169259
169260
169254
169247
169245
169248
169246
169240
169234
169238
169242
169240
169233
169231
169233
169235
169233
169230
169225
169232
169239
169239
169232
169227
169229
169231
169233
169225
169220
169225
169230
169232
169232
169233
169237
169244
169246
169241
169238
169241
169242
169239
169237
169232
169236
169241
169243
169240
169240
169242
169248
169250
169244
169244
169249
169256
169252
169246
169242
169242
169244
169246
169246
169245
169249
169251
169254
169248
169242
169243
169244
169248
169244
169238
169240
169243
169241
169239
169233
169234
169242
169241
169237
169235
169240
169241
169244
169238
169233
169233
169239
169240
169238
169235
169241
169246
169249
169240
169235
169238
169237
169241
169233
169229
169231
169238
169240
169231
169220
169229
169230
169229
169233
169226
169219
169225
169236
169227
169217
169223
169228
169232
169232
169214
169210
169218
169225
169221
169212
169213
169219
169216
169211
169208
169217
169227
169225
169212
169205
169214
169227
169228
169220
169210
169198
169210
169205
169202
169202
169212
169206
169218
169207
169195
169196
169198
169211
169213
169199
169208
169210
169203
169199
169199
169197
169198
169196
169202
169194
169199
169198
169199
169200
169192
169195
169193
169196
169196
169196
169196
169195
169198
169190
169181
169186
169194
169192
169191
169189
169188
169192
169194
169189
169181
169191
169189
169192
169191
169186
169196
169199
169199
169192
169188
169199
169199
169196
169197
169192
169199
169201
169202
169194
169186
169193
169205
169199
169195
169196
169197
169202
169207
169194
169192
169198
169202
169201
169191
169188
169192
169197
169195
169192
169183
169189
169197
169201
169191
169194
169199
169197
169195
169190
169182
169188
169193
169194
169193
169186
169190
169191
169189
169184
169185
169187
169192
169189
169184
169183
169177
169182
169178
169180
169176
169185
169192
169186
169188
169177
169180
169187
169191
169186
169181
169181
169182
169184
169178
169168
169164
169171
169177
169182
169176
169166
169173
169174
169166
169164
169171
169183
169188
169170
169174
169187
169191
169188
169164
169158
169167
169172
169182
169166
169169
169159
169177
169186
169174
169170
169185
169189
169182
169181
169185
169176
169163
169178
169185
169168
169155
169175
169174
169180
169129
169162
169187
169191
169175
169175
169177
169191
169190
169175
169169
169147
169194
169191
169177
169182
169161
169154
169191
169186
169180
169165
169179
169181
169161
169180
169189
169196
169191
169175
169177
169191
169194
169194
169186
169184
169188
169184
169187
169182
169173
169171
169182
169192
169184
169184
169182
169182
169181
169188
169189
169179
169177
169191
169189
169186
169189
169179
169196
169180
169187
169182
169185
169182
169208
169186
169184
169187
169192
169197
169181
169195
169191
169199
169185
169181
169183
169196
169201
169188
169154
169200
169192
169196
169195
169193
169187
169187
169196
169184
169187
169179
169201
169196
169196
169185
169202
169205
169185
169189
169202
169191
169201
169201
169195
169201
169197
169207
169205
169200
169200
169199
169208
169192
169187
169208
169195
169207
169194
169204
169203
169196
169213
169222
169202
169201
169202
169204
169197
169205
169192
169204
169216
169208
169219
169212
169211
169219
169218
169204
169208
169219
169219
169223
169208
169206
169198
169221
169223
169203
169211
169209
169231
169210
169198
169213
169219
169220
169217
169225
169224
169204
169210
169211
169216
169224
169233
169222
169224
169212
169213
169225
169220
169224
169223
169213
169226
169221
169231
169223
169209
169221
169229
169238
169231
169224
169215
169237
169228
169233
169217
169220
169229
169231
169228
169244
169225
169219
169217
169236
169225
169235
169231
169232
169229
169215
169217
169220
169236
169248
169226
169226
169223
169236
169230
169226
169235
169220
169238
169239
169239
169241
169249
169241
169226
169229
169239
169248
169233
169231
169225
169228
169217
169242
169231
169236
169218
169231
169253
169235
169250
169242
169236
169224
169240
169240
169227
169241
169250
169225
169230
169236
169242
169235
169225
169248
169246
169244
169253
169239
169225
169232
169238
169237
169217
169235
169238
169242
169233
169230
169233
169247
169243
169246
169238
169241
169247
169235
169262
169254
169232
169251
169251
169252
169244
169233
169222
169246
169253
169233
169242
169243
169245
169247
169237
169248
169241
169246
169246
169243
169234
169240
169249
169243
169240
169245
169249
169235
169249
169256
169230
169228
169245
169243
169241
169239
169239
169242
169246
169233
169233
169251
169237
169243
169233
169228
169234
169253
169251
169246
169241
169242
169247
169248
169242
169228
169238
169244
169242
169249
169239
169242
169248
169244
169239
169235
169251
169261
169241
169242
169246
169237
169239
169245
169250
169246
169241
169233
169247
169242
169245
169233
169245
169256
169249
169239
169236
169238
169256
169237
169226
169246
169243
169255
169242
169237
169236
169237
169251
169241
169237
169252
169256
169249
169248
169246
169241
169236
169245
169257
169242
169246
169244
169254
169258
169240
169238
169248
169262
169246
169243
169245
169261
169258
169247
169240
169241
169245
169244
169232
169240
169245
169254
169253
169253
169247
169247
169243
169249
169246
169241
169244
169246
169250
169247
169249
169248
169252
169253
169243
169253
169257
169257
169254
169248
169249
169248
169253
169250
169246
169253
169252
169246
169255
169250
169241
169252
169242
169258
169253
169253
169249
169257
169259
169249
169239
169250
169251
169244
169251
169243
169247
169255
169254
169254
169245
169249
169254
169256
169253
169250
169254
169257
169266
169253
169254
169255
169254
169257
169256
169251
169250
169250
169259
169258
169246
169250
169255
169260
169255
169250
169247
169254
169254
169240
169245
169248
169256
169253
169256
169253
169257
169262
169255
169253
169256
169255
169258
169253
169248
169254
169254
169258
169259
169251
169252
169257
169257
169262
169249
169252
169261
169262
169261
169260
169251
169254
169259
169261
169257
169258
169255
169259
169264
169258
169255
169256
169260
169261
169257
169249
169253
169261
169263
169264
169254
169259
169265
169266
169261
169254
169249
169262
169267
169257
169255
169257
169258
169261
169257
169261
169255
169267
169267
169265
169255
169252
169263
169267
169259
169250
169264
169274
169271
169264
169261
169266
169272
169273
169264
169258
169266
169266
169267
169259
169257
169260
169266
169266
169264
169258
169263
169262
169267
169263
169261
169261
169263
169263
169266
169255
169254
169263
169267
169261
169254
169260
169263
169267
169261
169257
169258
169260
169258
169255
169252
169251
169257
169258
169255
169256
169256
169260
169268
169260
169253
169254
169260
169262
169261
169254
169256
169262
169260
169252
169247
169248
169253
169256
169254
169248
169252
169256
169254
169249
169246
169249
169258
169261
169254
169250
169253
169255
169254
169247
169249
169249
169251
169254
169247
169241
169243
169245
169251
169250
169247
169244
169248
169252
169247
169244
169247
169251
169256
169250
169243
169246
169253
169256
169255
169251
169251
169256
169260
169255
169252
169256
169258
169261
169257
169250
169253
169256
169255
169251
169248
169249
169253
169256
169257
169254
169257
169260
169261
169256
169250
169251
169255
169258
169254
169252
169251
169254
169257
169255
169251
169252
169255
169257
169257
169256
169255
169257
169256
169254
169249
169246
169254
169259
169258
169257
169259
169263
169263
169258
169252
169253
169258
169261
169255
169250
169251
169255
169259
169256
169254
169256
169259
169262
169258
169250
169251
169257
169262
169257
169252
169252
169256
169258
169254
169249
169251
169261
169263
169260
169255
169255
169259
169263
169260
169256
169256
169258
169264
169259
169254
169253
169261
169263
169259
169252
169254
169261
169263
169259
169255
169259
169264
169268
169265
169261
169263
169267
169273
169271
169264
169264
169268
169271
169264
169258
169259
169262
169266
169263
169260
169261
169266
169270
169266
169263
169264
169267
169276
169275
169272
169276
169280
169284
169280
169274
169276
169280
169281
169278
169275
169275
169279
169282
169277
169274
169275
169278
169280
169276
169272
169270
169275
169277
169273
169270
169268
169271
169273
169270
169263
169264
169269
169270
169265
169261
169261
169267
169270
169267
169262
169263
169269
169273
169270
169266
169268
169272
169276
169274
169270
169271
169273
169276
169272
169268
169269
169273
169276
169273
169268
169269
169272
169275
169272
169268
169268
169274
169277
169272
169266
169266
169269
169270
169266
169261
169262
169268
169271
169268
169265
169266
169269
169271
169266
169263
169262
169265
169267
169263
169256
169256
169258
169261
169257
169254
169254
169258
169262
169261
169256
169255
169260
169265
169259
169255
169255
169259
169262
169257
169253
169255
169260
169262
169256
169251
169253
169257
169262
169260
169255
169255
169260
169265
169263
169259
169259
169263
169267
169263
169258
169259
169261
169264
169260
169255
169256
169262
169264
169260
169256
169254
169256
169259
169255
169252
169253
169257
169258
169255
169250
169251
169255
169259
169255
169248
169248
169254
169257
169254
169251
169253
169258
169262
169258
169252
169251
169257
169259
169255
169249
169249
169253
169255
169252
169249
169251
169256
169261
169256
169252
169253
169257
169260
169257
169253
169255
169259
169264
169262
169256
169255
169258
169259
169256
169253
169254
169259
169263
169261
169257
169256
169260
169260
169255
169249
169249
169255
169258
169254
169247
169246
169249
169250
169244
169241
169241
169244
169246
169241
169237
169236
169240
169245
169244
169239
169238
169242
169244
169242
169239
169239
169244
169248
169244
169238
169237
169243
169248
169243
169238
169238
169241
169245
169240
169234
169234
169239
169244
169240
169233
169231
169236
169239
169234
169227
169226
169232
169238
169236
169232
169230
169233
169236
169233
169229
169229
169234
169238
169236
169232
169232
169238
169242
169239
169233
169231
169233
169236
169233
169228
169227
169230
169235
169232
169228
169229
169233
169235
169231
169224
169226
169229
169232
169230
169226
169228
169233
169238
169236
169229
169227
169229
169231
169227
169224
169227
169234
169238
169236
169232
169228
169231
169236
169232
169228
169228
169233
169239
169237
169232
169231
169235
169237
169232
169228
169226
169230
169234
169230
169227
169227
169231
169235
169233
169229
169228
169232
169234
169231
169229
169230
169234
169239
169235
169231
169228
169232
169234
169231
169224
169223
169227
169230
169226
169222
169221
169228
169233
169232
169229
169227
169232
169234
169230
169225
169223
169225
169228
169223
169218
169218
169222
169225
169220
169219
169221
169227
169231
169228
169225
169225
169229
169235
169232
169229
169228
169232
169235
169230
169224
169223
169226
169228
169224
169221
169221
169228
169231
169229
169225
169225
169230
169234
169232
169228
169228
169232
169237
169234
169229
169227
169229
169231
169227
169223
169223
169228
169233
169230
169226
169224
169226
169229
169224
169218
169216
169221
169225
169221
169218
169219
169225
169228
169221
169215
169213
169217
169220
169218
169215
169216
169219
169221
169220
169215
169214
169219
169223
169220
169216
169215
169220
169224
169221
169215
169213
169217
169221
169217
169211
169210
169214
169217
169213
169209
169207
169209
169214
169212
169208
169207
169211
169216
169212
169209
169210
169215
169218
169216
169212
169213
169219
169225
169224
169222
169224
169231
169237
169238
169235
169236
169244
169248
169245
169241
169242
169247
169251
169249
169246
169245
169252
169258
169254
169247
169245
169250
169254
169252
169248
169247
169251
169256
169252
169247
169248
169254
169258
169255
169252
169253
169258
169262
169259
169253
169251
169254
169257
169253
169246
169243
169245
169247
169243
169239
169238
169244
169249
169246
169240
169240
169244
169246
169242
169237
169236
169240
169244
169240
169235
169234
169237
169239
169234
169229
169225
169227
169229
169224
169217
169215
169219
169223
169220
169217
169216
169221
169225
169223
169218
169216
169220
169223
169220
169215
169215
169219
169221
169218
169215
169213
169215
169219
169216
169213
169212
169216
169222
169218
169212
169208
169211
169214
169210
169206
169205
169209
169212
169208
169204
169200
169203
169207
169205
169201
169200
169206
169212
169211
169209
169208
169211
169213
169208
169203
169200
169203
169208
169205
169199
169195
169199
169203
169201
169198
169198
169202
169206
169204
169199
169196
169201
169204
169200
169194
169192
169195
169199
169197
169193
169193
169199
169204
169201
169197
169196
169200
169204
169201
169198
169195
169198
169202
169198
169193
169192
169197
169201
169198
169194
169192
169196
169201
169199
169194
169193
169196
169198
169194
169189
169188
169193
169197
169196
169192
169192
169196
169201
169197
169192
169190
169192
169196
169194
169190
169190
169194
169200
169198
169195
169195
169200
169204
169202
169197
169196
169201
169206
169203
169199
169196
169200
169203
169200
169196
169195
169200
169207
169206
169204
169204
169210
169215
169212
169205
169201
169204
169208
169205
169201
169199
169204
169207
169205
169201
169200
169205
169209
169207
169203
169201
169207
169211
169209
169203
169199
169204
169209
169208
169205
169205
169213
169220
169218
169214
169212
169215
169218
169215
169211
169210
169214
169218
169215
169210
169208
169213
169217
169215
169209
169206
169211
169216
169214
169209
169208
169213
169216
169213
169209
169207
169211
169215
169212
169205
169202
169207
169212
169209
169202
169198
169201
169203
169200
169193
169190
169195
169200
169199
169196
169196
169202
169207
169205
169202
169199
169203
169205
169201
169196
169194
169197
169202
169199
169194
169191
169193
169195
169191
169184
169181
169186
169190
169188
169183
169181
169187
169192
169191
169188
169187
169192
169196
169193
169188
169184
169187
169191
169189
169185
169183
169186
169191
169189
169183
169182
169186
169188
169184
169180
169178
169182
169186
169184
169180
169179
169184
169190
169188
169183
169180
169184
169188
169186
169183
169182
169187
169190
169188
169183
169182
169186
169190
169188
169183
169180
169183
169187
169185
169180
169179
169185
169191
169190
169188
169186
169189
169194
169192
169187
169183
169186
169190
169188
169181
169178
169181
169185
169184
169181
169180
169183
169186
169183
169178
169175
169179
169184
169182
169179
169177
169182
169186
169183
169177
169175
169179
169183
169181
169176
169174
169178
169183
169182
169177
169175
169177
169181
169179
169176
169175
169179
169184
169183
169181
169180
169184
169188
169185
169180
169177
169182
169187
169185
169179
169176
169179
169181
169178
169173
169172
169176
169179
169176
169172
169169
169172
169176
169173
169168
169163
169166
169170
169170
169167
169167
169173
169179
169177
169172
169170
169174
169180
169181
169178
169177
169181
169185
169183
169178
169176
169178
169181
169178
169172
169169
169172
169176
169175
169171
169169
169173
169178
169175
169170
169167
169171
169174
169172
169168
169167
169173
169178
169175
169170
169167
169170
169173
169170
169164
169161
169165
169169
169168
169165
169164
169170
169175
169171
169165
169163
169166
169169
169167
169163
169162
169166
169170
169168
169163
169159
169163
169167
169165
169160
169159
169161
169164
169161
169155
169152
169156
169161
169162
169157
169154
169159
169164
169162
169158
169157
169162
169167
169167
169164
169161
169163
169167
169165
169159
169155
169159
169163
169161
169156
169153
169156
169159
169157
169152
169149
169153
169158
169157
169153
169151
169156
169161
169160
169154
169150
169153
169156
169155
169150
169147
169150
169154
169154
169150
169148
169154
169160
169159
169155
169151
169156
169162
169159
169152
169148
169153
169159
169159
169155
169151
169154
169156
169153
169147
169143
169146
169150
169148
169143
169140
169146
169151
169149
169143
169139
169141
169144
169143
169141
169139
169144
169148
169147
169143
169141
169145
169150
169147
169142
169138
169142
169147
169147
169144
169142
169145
169149
169147
169142
169139
169143
169148
169147
169142
169140
169143
169147
169145
169140
169137
169140
169143
169142
169137
169134
169139
169143
169141
169137
169134
169140
169143
169141
169136
169134
169138
169144
169143
169139
169135
169139
169144
169144
169140
169139
169143
169148
169148
169143
169139
169142
169145
169143
169139
169138
169142
169148
169145
169140
169136
169141
169146
169145
169140
169135
169138
169142
169140
169135
169132
169136
169141
169141
169137
169134
169136
169140
169138
169134
169132
169138
169142
169142
169138
169135
169138
169142
169142
169139
169136
169141
169145
169145
169141
169138
169142
169146
169143
169137
169135
169140
169146
169143
169137
169133
169137
169142
169142
169138
169137
169142
169147
169145
169139
169136
169138
169142
169143
169138
169135
169139
169143
169142
169137
169133
169136
169141
169141
169136
169132
169135
169139
169139
169134
169129
169130
169132
169129
169122
169118
169124
169130
169128
169122
169119
169121
169124
169123
169119
169118
169122
169127
169125
169119
169116
169120
169126
169127
169123
169119
169124
169130
169130
169124
169120
169123
169127
169127
169122
169118
169122
169127
169127
169123
169119
169121
169125
169125
169122
169120
169124
169130
169131
169127
169124
169128
169133
169131
169125
169121
169125
169130
169131
169128
169127
169131
169135
169133
169127
169122
169123
169128
169129
169124
169119
169123
169128
169128
169124
169120
169124
169128
169127
169121
169117
169120
169125
169124
169120
169117
169120
169124
169124
169120
169116
169119
169124
169124
169122
169119
169122
169126
169124
169119
169116
169118
169122
169121
169116
169114
169118
169122
169124
169119
169116
169120
169123
169122
169117
169112
169115
169120
169121
169116
169112
169116
169120
169119
169115
169113
169117
169122
169123
169119
169115
169117
169121
169120
169114
169111
169114
169118
169118
169113
169111
169115
169119
169118
169111
169105
169106
169109
169109
169104
169101
169105
169112
169112
169108
169104
169108
169111
169110
169107
169105
169110
169115
169115
169111
169108
169111
169116
169116
169112
169108
169111
169115
169114
169110
169105
169107
169111
169111
169108
169104
169108
169114
169115
169112
169111
169116
169121
169121
169116
169113
169114
169115
169112
169105
169101
169104
169108
169110
169107
169104
169107
169109
169108
169104
169100
169102
169106
169104
169100
169098
169103
169109
169110
169106
169103
169107
169112
169111
169107
169105
169111
169116
169116
169112
169108
169112
169116
169117
169113
169110
169115
169120
169120
169115
169109
169111
169114
169113
169108
169104
169108
169113
169113
169109
169105
169109
169114
169113
169107
169102
169105
169108
169108
169104
169101
169105
169109
169109
169104
169100
169105
169109
169107
169101
169097
169100
169105
169105
169102
169100
169106
169111
169109
169103
169099
169101
169105
169105
169102
169099
169103
169108
169107
169102
169098
169102
169107
169106
169101
169098
169102
169107
169109
169104
169100
169104
169111
169111
169106
169104
169108
169112
169111
169105
169102
169105
169110
169110
169106
169104
169107
169111
169110
169106
169102
169106
169111
169110
169105
169102
169106
169111
169110
169105
169101
169106
169111
169111
169106
169101
169104
169108
169107
169101
169096
169099
169104
169104
169100
169096
169100
169105
169105
169100
169096
169099
169104
169104
169100
169097
169100
169104
169104
169100
169096
169099
169103
169102
169096
169092
169096
169100
169100
169096
169093
169097
169102
169103
169098
169094
169096
169102
169103
169100
169096
169098
169101
169101
169098
169095
169098
169102
169102
169098
169094
169099
169101
169100
169096
169092
169097
169101
169100
169096
169094
169098
169103
169103
169097
169094
169097
169101
169100
169097
169093
169096
169100
169099
169095
169091
169093
169098
169098
169094
169089
169091
169096
169096
169091
169087
169090
169096
169097
169092
169088
169090
169095
169096
169091
169087
169090
169094
169094
169090
169087
169091
169095
169095
169090
169088
169091
169094
169094
169088
169085
169090
169095
169095
169091
169086
169088
169092
169092
169088
169084
169086
169090
169093
169091
169089
169093
169098
169099
169095
169091
169092
169094
169094
169090
169086
169090
169096
169094
169089
169084
169088
169094
169097
169093
169089
169093
169098
169098
169092
169088
169091
169096
169097
169093
169089
169090
169092
169091
169087
169084
169088
169094
169097
169094
169090
169092
169096
169095
169088
169082
169085
169090
169091
169087
169084
169086
169090
169090
169086
169083
169085
169089
169090
169086
169082
169086
169093
169095
169091
169086
169089
169093
169091
169085
169081
169085
169089
169090
169085
169081
169084
169089
169091
169088
169086
169089
169095
169096
169092
169088
169089
169091
169090
169084
169080
169081
169084
169083
169078
169074
169077
169082
169085
169084
169081
169087
169094
169098
169094
169091
169092
169096
169095
169088
169081
169081
169082
169082
169077
169072
169075
169081
169083
169081
169078
169083
169090
169093
169092
169091
169095
169098
169098
169091
169084
169083
169084
169080
169074
169069
169070
169073
169072
169068
169064
169067
169073
169075
169073
169071
169075
169080
169082
169079
169076
169079
169083
169083
169076
169071
169072
169075
169073
169068
169064
169068
169073
169073
169069
169066
169073
169080
169083
169079
169076
169079
169082
169080
169074
169069
169073
169079
169079
169073
169069
169070
169073
169074
169071
169069
169075
169083
169089
169087
169082
169083
169086
169085
169079
169073
169076
169079
169077
169072
169068
169071
169076
169077
169072
169069
169072
169075
169076
169074
169073
169077
169081
169082
169078
169074
169078
169083
169084
169079
169075
169078
169082
169082
169078
169075
169077
169082
169084
169080
169078
169080
169084
169087
169082
169078
169080
169082
169081
169075
169071
169074
169078
169078
169074
169069
169072
169075
169075
169071
169066
169069
169074
169076
169071
169066
169068
169074
169076
169072
169069
169072
169077
169078
169075
169071
169073
169076
169077
169072
169069
169072
169077
169079
169075
169072
169076
169082
169083
169079
169075
169078
169082
169083
169077
169072
169074
169077
169078
169073
169069
169071
169077
169080
169076
169072
169074
169076
169077
169073
169069
169071
169076
169078
169074
169070
169072
169077
169078
169076
169073
169074
169077
169077
169072
169068
169071
169076
169077
169073
169067
169071
169077
169078
169073
169068
169070
169075
169077
169075
169072
169077
169083
169084
169080
169074
169075
169079
169079
169074
169071
169074
169080
169084
169083
169080
169082
169086
169086
169080
169074
169075
169081
169084
169080
169076
169079
169082
169083
169078
169074
169076
169080
169081
169078
169074
169076
169081
169081
169076
169073
169076
169081
169083
169078
169073
169076
169081
169082
169078
169073
169075
169078
169078
169073
169069
169070
169073
169075
169071
169067
169071
169077
169078
169075
169072
169076
169081
169082
169078
169074
169076
169081
169083
169079
169075
169078
169083
169084
169079
169074
169076
169081
169085
169081
169076
169078
169082
169083
169078
169074
169076
169080
169081
169078
169076
169079
169082
169082
169076
169071
169074
169079
169080
169075
169072
169074
169080
169081
169076
169072
169076
169082
169085
169081
169078
169082
169086
169085
169079
169074
169076
169081
169082
169078
169074
169076
169082
169084
169080
169076
169077
169081
169080
169075
169071
169073
169079
169082
169078
169075
169077
169082
169084
169079
169076
169078
169084
169086
169082
169077
169078
169081
169082
169077
169072
169075
169080
169080
169074
169069
169071
169075
169076
169073
169070
169074
169081
169084
169082
169080
169084
169089
169091
169086
169081
169082
169086
169088
169085
169081
169084
169091
169096
169094
169090
169094
169099
169100
169095
169089
169090
169094
169095
169091
169087
169090
169095
169096
169092
169089
169092
169098
169101
169097
169092
169094
169097
169098
169093
169088
169091
169096
169098
169091
169086
169087
169092
169094
169092
169089
169093
169096
169096
169090
169086
169088
169093
169094
169090
169086
169089
169095
169098
169095
169091
169093
169096
169096
169090
169085
169087
169093
169096
169092
169088
169091
169096
169098
169093
169090
169092
169097
169099
169094
169089
169091
169093
169092
169087
169081
169082
169086
169087
169082
169078
169081
169085
169088
169084
169080
169081
169084
169084
169079
169074
169076
169080
169082
169076
169071
169074
169079
169081
169077
169075
169078
169083
169085
169081
169077
169081
169087
169090
169087
169083
169086
169091
169094
169090
169086
169088
169093
169096
169092
169087
169088
169092
169095
169090
169087
169090
169096
169098
169095
169092
169094
169098
169101
169098
169094
169098
169103
169104
169100
169098
169101
169105
169107
169104
169100
169103
169109
169113
169110
169107
169110
169114
169116
169114
169110
169113
169119
169122
169118
169113
169115
169119
169119
169113
169108
169110
169115
169117
169113
169108
169111
169116
169116
169110
169106
169108
169114
169117
169114
169112
169116
169121
169121
169116
169110
169112
169117
169120
169116
169112
169115
169119
169124
169120
169116
169119
169124
169126
169121
169116
169117
169120
169120
169116
169112
169115
169120
169122
169119
169116
169118
169122
169122
169116
169113
169114
169118
169120
169115
169113
169117
169122
169126
169123
169119
169122
169127
169126
169120
169116
169117
169120
169121
169116
169112
169113
169117
169118
169116
169112
169115
169120
169122
169119
169116
169120
169126
169128
169125
169122
169123
169125
169125
169120
169115
169116
169118
169119
169116
169113
169116
169122
169126
169123
169119
169120
169125
169126
169120
169114
169115
169118
169118
169111
169107
169110
169116
169119
169116
169113
169118
169124
169127
169121
169116
169118
169122
169123
169119
169115
169116
169119
169119
169113
169109
169113
169121
169126
169124
169119
169121
169126
169129
169126
169121
169123
169129
169131
169126
169120
169120
169122
169122
169117
169110
169110
169113
169116
169114
169112
169117
169125
169129
169126
169122
169124
169129
169131
169126
169121
169121
169124
169123
169115
169108
169107
169110
169112
169108
169106
169111
169118
169122
169121
169120
169123
169129
169131
169126
169119
169120
169122
169121
169113
169105
169104
169107
169105
169099
169095
169096
169101
169105
169104
169103
169108
169116
169120
169116
169110
169110
169113
169113
169106
169101
169101
169103
169102
169098
169093
169094
169097
169097
169094
169092
169097
169104
169109
169107
169106
169110
169116
169117
169110
169104
169104
169107
169107
169102
169095
169097
169101
169102
169098
169095
169098
169104
169108
169106
169104
169107
169112
169116
169113
169108
169107
169109
169108
169102
169097
169098
169103
169108
169106
169103
169105
169113
169116
169114
169110
169115
169120
169123
169118
169112
169112
169116
169117
169112
169108
169111
169118
169122
169119
169117
169119
169122
169125
169122
169119
169122
169126
169128
169124
169120
169122
169125
169126
169122
169117
169120
169125
169127
169122
169117
169117
169119
169121
169117
169112
169113
169119
169123
169119
169115
169117
169122
169125
169120
169116
169118
169123
169124
169119
169114
169116
169120
169122
169119
169115
169117
169122
169126
169122
169119
169121
169126
169128
169123
169117
169118
169123
169125
169121
169116
169118
169122
169123
169118
169113
169113
169118
169120
169118
169116
169120
169125
169126
169122
169118
169120
169126
169129
169126
169122
169124
169127
169128
169122
169117
169118
169121
169122
169116
169112
169115
169120
169123
169120
169116
169119
169123
169125
169121
169118
169120
169125
169127
169122
169117
169118
169124
169126
169122
169117
169120
169126
169128
169123
169119
169120
169124
169127
169122
169118
169119
169123
169126
169124
169120
169123
169128
169128
169123
169118
169118
169122
169126
169123
169119
169121
169126
169130
169126
169123
169127
169134
169137
169134
169130
169132
169136
169138
169134
169129
169129
169131
169131
169126
169121
169122
169126
169128
169124
169120
169122
169128
169131
169128
169125
169126
169129
169130
169124
169118
169120
169123
169126
169122
169117
169119
169125
169128
169126
169124
169127
169134
169136
169132
169126
169129
169136
169137
169133
169129
169129
169134
169139
169135
169132
169134
169139
169140
169135
169129
169128
169132
169135
169131
169124
169125
169130
169131
169126
169121
169122
169127
169130
169126
169122
169123
169126
169129
169125
169121
169123
169128
169129
169125
169119
169120
169126
169130
169129
169126
169127
169132
169133
169127
169122
169124
169129
169131
169125
169119
169121
169124
169126
169120
169113
169114
169118
169121
169117
169113
169116
169120
169121
169117
169112
169111
169114
169115
169112
169107
169109
169113
169113
169109
169106
169110
169117
169119
169113
169107
169107
169110
169111
169105
169102
169103
169108
169112
169107
169103
169106
169111
169113
169110
169107
169110
169115
169115
169110
169105
169106
169111
169113
169108
169104
169107
169112
169115
169110
169105
169106
169110
169111
169107
169105
169107
169112
169116
169113
169109
169111
169116
169119
169114
169108
169110
169113
169113
169108
169102
169103
169107
169110
169106
169102
169105
169109
169111
169108
169104
169106
169111
169114
169110
169104
169105
169110
169113
169110
169106
169108
169112
169114
169109
169105
169106
169110
169112
169108
169104
169107
169111
169113
169108
169103
169103
169107
169111
169106
169103
169105
169109
169110
169105
169101
169102
169105
169106
169101
169096
169098
169102
169104
169101
169098
169101
169105
169106
169102
169099
169103
169108
169111
169108
169105
169106
169110
169112
169108
169102
169102
169106
169107
169103
169098
169101
169106
169108
169104
169099
169100
169104
169108
169105
169102
169104
169108
169110
169105
169100
169100
169103
169105
169101
169095
169096
169100
169101
169097
169093
169094
169098
169100
169095
169090
169093
169099
169101
169096
169093
169095
169101
169104
169099
169094
169095
169098
169101
169097
169092
169094
169099
169101
169097
169094
169096
169101
169102
169097
169093
169094
169098
169103
169099
169094
169095
169097
169097
169090
169085
169087
169092
169094
169090
169085
169088
169095
169098
169096
169094
169098
169103
169105
169099
169096
169096
169099
169102
169097
169091
169091
169095
169096
169092
169088
169091
169097
169099
169093
169088
169092
169098
169100
169097
169093
169094
169097
169100
169095
169092
169093
169097
169099
169096
169092
169093
169097
169099
169094
169089
169089
169093
169095
169092
169087
169086
169089
169091
169087
169082
169084
169090
169094
169090
169087
169088
169092
169094
169088
169082
169083
169087
169090
169086
169082
169085
169091
169094
169092
169089
169092
169099
169102
169098
169093
169092
169094
169094
169088
169083
169084
169088
169089
169084
169078
169079
169083
169086
169082
169078
169080
169085
169087
169083
169080
169082
169085
169088
169085
169080
169082
169087
169090
169088
169084
169084
169088
169090
169086
169082
169084
169088
169090
169085
169080
169082
169087
169089
169085
169079
169080
169085
169086
169081
169075
169076
169079
169082
169079
169076
169078
169083
169085
169082
169078
169081
169086
169089
169083
169077
169077
169080
169081
169077
169073
169074
169078
169082
169079
169076
169078
169083
169085
169079
169073
169075
169082
169086
169084
169081
169083
169087
169088
169083
169078
169080
169085
169087
169083
169081
169084
169089
169090
169086
169082
169083
169087
169089
169086
169082
169083
169088
169090
169087
169082
169084
169090
169093
169089
169085
169088
169093
169096
169093
169090
169091
169094
169096
169091
169086
169088
169093
169095
169091
169086
169086
169090
169091
169085
169082
169084
169090
169093
169088
169085
169087
169093
169097
169092
169087
169086
169088
169088
169082
169076
169078
169085
169088
169082
169077
169079
169083
169086
169083
169079
169081
169085
169087
169082
169078
169079
169085
169088
169085
169082
169085
169090
169092
169088
169084
169087
169090
169091
169085
169080
169080
169084
169085
169078
169071
169071
169075
169078
169076
169074
169077
169084
169088
169085
169081
169083
169087
169088
169084
169079
169080
169083
169081
169076
169073
169076
169081
169083
169079
169075
169078
169083
169085
169082
169079
169081
169086
169087
169079
169071
169071
169074
169075
169070
169066
169070
169077
169081
169079
169076
169079
169084
169086
169082
169076
169075
169076
169076
169071
169064
169064
169067
169068
169064
169059
169062
169068
169071
169069
169067
169070
169077
169079
169074
169068
169068
169071
169073
169068
169062
169063
169067
169070
169066
169065
169070
169077
169082
169079
169075
169077
169082
169083
169076
169069
169068
169069
169068
169061
169056
169057
169063
169068
169068
169067
169071
169078
169081
169079
169076
169079
169084
169086
169081
169076
169076
169080
169081
169075
169068
169068
169072
169075
169071
169067
169069
169075
169079
169078
169076
169078
169082
169084
169079
169073
169072
169073
169071
169062
169054
169055
169061
169066
169065
169064
169070
169080
169087
169086
169084
169087
169092
169094
169090
169083
169081
169082
169080
169072
169067
169068
169072
169077
169076
169077
169082
169090
169096
169094
169090
169091
169093
169092
169087
169082
169083
169087
169089
169084
169078
169080
169086
169092
169092
169093
169098
169106
169112
169111
169107
169107
169107
169103
169093
169083
169080
169080
169080
169073
169068
169068
169072
169075
169073
169071
169075
169082
169086
169084
169080
169079
169082
169084
169078
169072
169071
169073
169072
169065
169061
169064
169070
169075
169075
169075
169079
169084
169087
169084
169081
169084
169088
169090
169086
169079
169079
169081
169081
169075
169068
169068
169072
169074
169071
169069
169072
169078
169082
169078
169075
169078
169083
169086
169083
169080
169083
169089
169089
169083
169078
169079
169083
169083
169080
169077
169078
169083
169086
169084
169081
169084
169090
169092
169088
169085
169086
169090
169093
169088
169084
169086
169089
169089
169084
169079
169081
169086
169089
169086
169083
169086
169092
169097
169094
169090
169090
169094
169095
169091
169085
169085
169087
169088
169082
169077
169078
169082
169085
169082
169080
169083
169091
169095
169092
169087
169088
169093
169095
169092
169090
169094
169100
169103
169099
169094
169095
169098
169098
169092
169088
169091
169096
169098
169095
169092
169095
169101
169102
169098
169092
169094
169099
169102
169097
169092
169094
169098
169099
169096
169092
169094
169097
169098
169091
169085
169086
169091
169093
169090
169087
169090
169096
169099
169095
169090
169092
169095
169097
169092
169087
169087
169091
169091
169085
169081
169084
169091
169094
169091
169088
169091
169097
169101
169099
169096
169097
169100
169101
169095
169089
169089
169092
169094
169090
169085
169087
169092
169095
169091
169086
169087
169091
169092
169090
169088
169092
169100
169105
169102
169098
169100
169105
169107
169102
169099
169101
169106
169108
169105
169101
169104
169109
169112
169109
169104
169105
169108
169107
169102
169098
169100
169105
169107
169104
169100
169102
169106
169108
169104
169100
169103
169108
169112
169108
169103
169104
169108
169109
169104
169100
169102
169107
169111
169108
169104
169107
169113
169115
169111
169105
169107
169111
169112
169108
169105
169107
169111
169112
169105
169100
169102
169107
169111
169110
169109
169112
169116
169117
169112
169106
169107
169110
169113
169110
169107
169110
169116
169118
169114
169108
169109
169113
169114
169109
169103
169105
169111
169113
169109
169105
169108
169114
169117
169112
169106
169107
169110
169112
169108
169104
169107
169112
169113
169108
169104
169106
169111
169112
169107
169104
169106
169112
169114
169109
169105
169106
169109
169111
169106
169101
169102
169108
169112
169108
169103
169105
169109
169110
169104
169100
169102
169107
169109
169107
169105
169109
169113
169116
169113
169109
169109
169112
169113
169109
169107
169110
169116
169116
169110
169105
169107
169111
169112
169107
169103
169107
169112
169113
169109
169106
169108
169113
169116
169113
169109
169112
169116
169118
169112
169106
169109
169114
169115
169111
169106
169108
169111
169113
169110
169107
169109
169113
169115
169112
169109
169111
169117
169120
169118
169115
169117
169120
169120
169115
169110
169112
169117
169118
169116
169113
169116
169121
169123
169117
169111
169113
169118
169121
169117
169113
169116
169120
169120
169117
169114
169117
169121
169124
169120
169115
169116
169120
169122
169116
169111
169112
169118
169120
169117
169114
169117
169123
169126
169122
169118
169121
169125
169126
169122
169118
169120
169124
169125
169121
169116
169118
169123
169126
169122
169119
169123
169128
169129
169126
169122
169123
169126
169127
169122
169115
169115
169118
169117
169112
169107
169110
169115
169117
169114
169110
169110
169113
169114
169110
169107
169109
169113
169115
169112
169108
169109
169114
169115
169109
169105
169107
169111
169112
169109
169105
169107
169112
169114
169110
169107
169111
169116
169118
169114
169110
169113
169116
169116
169110
169105
169106
169111
169113
169108
169103
169105
169110
169111
169105
169100
169102
169105
169107
169104
169100
169102
169106
169107
169101
169098
169103
169108
169111
169109
169106
169108
169113
169113
169107
169103
169105
169110
169113
169111
169108
169110
169115
169117
169112
169107
169110
169116
169118
169114
169109
169110
169113
169112
169105
169098
169099
169103
169107
169104
169101
169105
169111
169114
169111
169107
169110
169116
169118
169115
169110
169112
169115
169117
169113
169109
169112
169116
169118
169115
169111
169116
169123
169126
169123
169120
169121
169126
169126
169121
169115
169117
169122
169124
169119
169115
169118
169123
169126
169125
169124
169130
169137
169140
169135
169129
169129
169133
169133
169125
169117
169119
169121
169121
169118
169115
169119
169128
169134
169134
