168453
168456
168453
168449
168449
168455
168458
168453
168446
168444
168447
168449
168447
168442
168440
168443
168446
168443
168437
168436
168440
168446
168445
168443
168443
168447
168451
168445
168440
168440
168444
168447
168444
168441
168442
168447
168452
168449
168446
168446
168450
168452
168449
168442
168438
168438
168439
168434
168428
168425
168430
168435
168434
168430
168431
168437
168441
168436
168429
168426
168430
168433
168428
168422
168421
168426
168430
168428
168425
168427
168433
168436
168430
168424
168423
168426
168429
168423
168419
168421
168428
168434
168434
168432
168433
168438
168443
168441
168438
168437
168441
168445
168442
168438
168438
168440
168442
168438
168434
168434
168439
168444
168444
168444
168448
168455
168462
168463
168460
168460
168464
168469
168465
168460
168460
168464
168467
168463
168458
168458
168464
168470
168468
168466
168468
168474
168480
168477
168473
168474
168478
168480
168474
168467
168465
168468
168467
168462
168456
168453
168455
168456
168450
168444
168443
168449
168454
168452
168447
168446
168450
168452
168445
168440
168440
168445
168449
168446
168441
168442
168447
168449
168445
168442
168442
168448
168452
168449
168444
168445
168450
168455
168452
168446
168446
168450
168454
168451
168448
168450
168456
168459
168456
168452
168452
168455
168459
168453
168449
168452
168458
168463
168459
168455
168454
168457
168459
168456
168450
168449
168452
168455
168452
168447
168447
168448
168451
168450
168446
168448
168454
168457
168454
168450
168450
168455
168458
168454
168449
168449
168453
168459
168455
168451
168452
168457
168463
168459
168454
168453
168458
168462
168460
168457
168458
168463
168467
168463
168458
168460
168465
168467
168462
168456
168457
168462
168463
168458
168453
168453
168457
168460
168454
168448
168449
168453
168456
168451
168446
168445
168450
168453
168450
168448
168452
168458
168462
168460
168455
168455
168458
168460
168455
168448
168448
168450
168452
168447
168442
168443
168446
168448
168443
168440
168442
168449
168453
168451
168447
168448
168453
168456
168453
168447
168446
168448
168449
168444
168437
168437
168441
168446
168442
168437
168437
168440
168443
168441
168437
168439
168446
168451
168449
168447
168447
168451
168454
168447
168440
168441
168446
168447
168442
168439
168441
168446
168450
168446
168444
168445
168449
168451
168445
168440
168442
168445
168445
168439
168437
168440
168446
168451
168450
168449
168453
168458
168460
168456
168450
168451
168454
168457
168453
168448
168448
168451
168453
168446
168438
168436
168439
168441
168436
168435
168439
168447
168453
168451
168449
168452
168456
168458
168455
168449
168450
168454
168457
168454
168450
168451
168455
168455
168449
168443
168444
168448
168452
168449
168446
168449
168455
168458
168454
168449
168451
168457
168461
168457
168452
168454
168457
168459
168453
168444
168445
168450
168451
168445
168439
168440
168444
168445
168441
168436
168438
168444
168445
168439
168434
168435
168441
168444
168441
168439
168442
168447
168449
168444
168441
168445
168450
168452
168448
168446
168449
168453
168454
168450
168444
168444
168447
168449
168445
168441
168442
168448
168452
168448
168444
168447
168452
168454
168449
168444
168447
168452
168453
168452
168450
168453
168459
168462
168459
168455
168457
168460
168460
168455
168449
168451
168456
168458
168453
168446
168446
168449
168447
168439
168435
168439
168446
168449
168445
168441
168445
168449
168452
168449
168446
168449
168453
168453
168448
168443
168446
168452
168454
168451
168446
168449
168454
168457
168451
168447
168448
168451
168451
168444
168441
168444
168450
168452
168448
168445
168448
168453
168455
168450
168447
168451
168454
168455
168450
168445
168448
168452
168452
168450
168447
168450
168456
168457
168453
168450
168455
168462
168465
168461
168455
168457
168462
168462
168457
168453
168456
168460
168460
168455
168448
168449
168453
168455
168450
168446
168449
168453
168454
168448
168444
168449
168452
168453
168449
168446
168449
168452
168454
168449
168443
168443
168448
168449
168443
168438
168442
168450
168454
168452
168450
168454
168459
168459
168453
168449
168450
168454
168454
168447
168441
168444
168449
168450
168447
168444
168448
168453
168453
168446
168441
168443
168446
168446
168441
168438
168443
168447
168447
168442
168438
168440
168447
168450
168446
168441
168442
168446
168447
168443
168438
168441
168445
168444
168439
168435
168440
168447
168449
168445
168442
168445
168450
168451
168447
168443
168447
168452
168452
168449
168446
168451
168457
168458
168454
168450
168452
168454
168455
168450
168445
168445
168446
168444
168438
168434
168436
168441
168443
168439
168435
168437
168441
168442
168435
168428
168428
168433
168434
168429
168425
168429
168436
168437
168432
168428
168430
168433
168432
168427
168424
168426
168430
168431
168427
168424
168429
168435
168434
168430
168427
168431
168436
168437
168432
168427
168429
168433
168434
168430
168428
168432
168437
168438
168432
168427
168430
168434
168432
168426
168422
168426
168430
168428
168424
168420
168424
168432
168434
168430
168427
168432
168438
168439
168436
168434
168439
168444
168443
168438
168436
168439
168443
168441
168436
168433
168436
168438
168438
168434
168432
168437
168442
168443
168438
168433
168436
168442
168442
168439
168436
168439
168445
168445
168441
168439
168444
168449
168450
168446
168443
168447
168451
168451
168447
168442
168443
168447
168445
168439
168436
168440
168445
168445
168441
168438
168441
168445
168445
168440
168437
168439
168443
168442
168437
168432
168435
168439
168438
168434
168431
168437
168443
168443
168440
168440
168446
168450
168449
168444
168442
168448
168453
168450
168444
168442
168448
168452
168451
168445
168441
168443
168447
168447
168444
168440
168442
168445
168444
168438
168433
168435
168439
168438
168433
168430
168433
168438
168436
168430
168427
168432
168436
168434
168428
168426
168430
168434
168433
168431
168429
168433
168438
168437
168431
168427
168429
168433
168434
168430
168428
168433
168439
168438
168435
168431
168436
168441
168440
168433
168429
168432
168438
168437
168431
168429
168435
168440
168438
168433
168431
168435
168440
168440
168437
168436
168442
168447
168446
168442
168440
168443
168445
168442
168437
168433
168435
168439
168439
168436
168433
168436
168438
168437
168432
168429
168432
168436
168434
168429
168425
168429
168432
168429
168422
168420
168425
168430
168430
168426
168424
168429
168433
168431
168425
168422
168425
168427
168426
168421
168420
168426
168431
168430
168425
168422
168427
168432
168431
168426
168424
168428
168433
168431
168427
168424
168430
168435
168431
168424
168420
168424
168427
168424
168421
168420
168425
168429
168427
168422
168420
168423
168427
168427
168424
168423
168428
168433
168429
168422
168419
168425
168433
168432
168426
168421
168422
168425
168422
168417
168415
168421
168427
168426
168423
168421
168427
168431
168430
168428
168426
168429
168431
168429
168424
168419
168421
168423
168420
168414
168412
168417
168422
168421
168417
168416
168423
168430
168431
168427
168425
168429
168434
168432
168426
168422
168424
168428
168425
168417
168412
168417
168422
168420
168416
168415
168419
168422
168419
168413
168411
168414
168419
168420
168416
168414
168417
168421
168419
168414
168411
168416
168421
168419
168414
168411
168414
168419
168415
168412
168413
168419
168424
168421
168416
168414
168418
168422
168419
168415
168414
168419
168424
168420
168413
168411
168417
168423
168421
168416
168412
168416
168421
168421
168418
168417
168425
168431
168428
168422
168422
168425
168427
168424
168419
168418
168423
168428
168425
168419
168418
168423
168429
168429
168426
168427
168431
168434
168431
168425
168422
168426
168430
168428
168425
168424
168428
168432
168428
168422
168419
168424
168427
168424
168418
168416
168420
168423
168420
168415
168415
168421
168425
168421
168416
168413
168415
168420
168418
168414
168413
168417
168421
168420
168417
168414
168419
168423
168419
168414
168412
168417
168421
168419
168416
168417
168421
168423
168418
168411
168409
168412
168417
168415
168412
168412
168418
168422
168419
168415
168417
168423
168428
168425
168419
168416
168420
168422
168417
168414
168414
168417
168421
168419
168414
168413
168417
168420
168418
168413
168413
168418
168422
168420
168414
168414
168422
168428
168425
168419
168417
168423
168428
168423
168417
168416
168421
168424
168421
168414
168412
168416
168421
168419
168415
168415
168420
168426
168424
168420
168419
168425
168430
168427
168423
168426
168433
168438
168436
168432
168431
168436
168440
168438
168432
168429
168431
168434
168430
168425
168425
168429
168432
168428
168422
168422
168426
168429
168426
168421
168420
168425
168429
168426
168422
168421
168425
168429
168426
168421
168420
168426
168431
168428
168424
168423
168428
168433
168429
168424
168424
168428
168431
168427
168422
168422
168426
168429
168424
168419
168418
168421
168424
168421
168417
168416
168420
168423
168419
168413
168411
168414
168419
168416
168410
168409
168414
168418
168414
168409
168410
168414
168418
168415
168409
168409
168414
168417
168413
168409
168408
168411
168413
168408
168404
168404
168407
168412
168411
168408
168408
168413
168416
168412
168407
168408
168412
168415
168411
168406
168406
168410
168413
168408
168404
168404
168408
168413
168409
168404
168405
168409
168411
168406
168402
168404
168411
168415
168413
168409
168409
168413
168414
168409
168406
168407
168413
168418
168416
168412
168411
168414
168419
168416
168411
168411
168414
168418
168414
168409
168412
168419
168422
168417
168411
168410
168413
168415
168411
168406
168408
168414
168417
168413
168408
168409
168414
168416
168413
168409
168409
168413
168415
168410
168404
168405
168409
168411
168407
168402
168401
168405
168407
168401
168394
168394
168398
168401
168396
168390
168390
168394
168397
168392
168388
168391
168398
168401
168395
168389
168388
168392
168395
168394
168392
168392
168395
168397
168391
168386
168387
168393
168396
168392
168387
168389
168395
168397
168392
168389
168390
168396
168399
168395
168390
168390
168394
168397
168391
168386
168387
168393
168396
168391
168387
168389
168394
168398
168394
168392
168393
168398
168401
168396
168389
168388
168392
168394
168391
168388
168390
168395
168399
168395
168388
168387
168390
168393
168387
168381
168383
168387
168390
168387
168385
168390
168397
168402
168399
168397
168402
168410
168413
168408
168405
168406
168409
168410
168403
168396
168394
168396
168398
168393
168388
168389
168396
168401
168400
168398
168402
168407
168411
168406
168400
168401
168404
168406
168402
168396
168396
168399
168400
168395
168389
168391
168397
168401
168396
168390
168391
168397
168398
168391
168386
168388
168392
168396
168392
168386
168386
168389
168393
168390
168387
168390
168394
168397
168393
168390
168392
168398
168401
168397
168392
168394
168400
168405
168402
168399
168404
168409
168411
168404
168398
168401
168407
168408
168402
168396
168395
168397
168396
168390
168384
168384
168387
168388
168382
168377
168378
168383
168388
168388
168387
168391
168397
168403
168401
168399
168402
168409
168414
168410
168405
168407
168409
168410
168406
168401
168403
168407
168409
168407
168404
168407
168414
168417
168413
168409
168411
168414
168414
168409
168403
168403
168409
168412
168409
168406
168408
168413
168416
168413
168409
168412
168419
168423
168420
168415
168417
168422
168422
168414
168406
168406
168409
168411
168406
168403
168406
168411
168414
168411
168409
168413
168418
168421
168419
168416
168419
168421
168419
168411
168403
168403
168405
168405
168399
168393
168395
168401
168402
168398
168396
168403
168412
168419
168418
168416
168419
168422
168419
168412
168404
168402
168402
168400
168393
168389
168391
168394
168396
168395
168394
168399
168406
168410
168408
168406
168409
168413
168414
168405
168396
168394
168396
168396
168390
168384
168387
168393
168395
168391
168389
168395
168404
168412
168414
168414
168420
168425
168425
168418
168411
168408
168406
168402
168392
168382
168381
168382
168383
168380
168378
168383
168390
168395
168393
168393
168400
168406
168408
168403
168398
168401
168402
168401
168395
168386
168386
168390
168391
168388
168383
168385
168388
168390
168388
168386
168390
168395
168395
168389
168383
168385
168386
168386
168378
168370
168370
168372
168369
168363
168359
168362
168367
168369
168366
168366
168372
168381
168386
168386
168386
168390
168394
168393
168386
168379
168378
168382
168380
168373
168367
168370
168376
168379
168379
168379
168388
168398
168403
168403
168402
168403
168404
168403
168396
168390
168389
168390
168388
168382
168377
168378
168384
168386
168384
168382
168387
168394
168398
168398
168399
168406
168414
168415
168407
168400
168400
168404
168403
168397
168391
168395
168402
168405
168402
168402
168409
168414
168414
168410
168408
168417
168426
168429
168426
168423
168426
168428
168427
168420
168413
168414
168417
168415
168410
168407
168411
168416
168418
168417
168415
168421
168428
168432
168430
168427
168432
168437
168437
168431
168426
168427
168430
168430
168422
168415
168417
168421
168419
168411
168405
168407
168411
168413
168410
168409
168417
168426
168429
168426
168422
168425
168427
168425
168418
168410
168409
168410
168406
168396
168388
168387
168389
168387
168383
168379
168383
168388
168388
168385
168383
168389
168395
168394
168390
168385
168385
168386
168383
168377
168371
168372
168374
168372
168364
168358
168361
168367
168367
168363
168362
168367
168374
168377
168376
168376
168383
168390
168391
168387
168384
168389
168392
168392
168388
168385
168390
168396
168395
168389
168387
168392
168398
168399
168395
168391
168396
168404
168405
168399
168396
168400
168406
168407
168402
168399
168403
168407
168406
168401
168399
168403
168408
168410
168407
168405
168408
168412
168411
168407
168405
168411
168416
168416
168410
168405
168405
168408
168408
168402
168398
168402
168407
168409
168404
168401
168409
168417
168418
168413
168412
168417
168422
168423
168418
168413
168416
168419
168417
168411
168406
168409
168414
168415
168411
168408
168413
168418
168418
168412
168407
168411
168416
168414
168406
168403
168407
168413
168414
168410
168406
168410
168414
168413
168410
168407
168411
168414
168414
168410
168407
168411
168415
168414
168408
168403
168405
168409
168407
168403
168401
168406
168411
168410
168404
168401
168404
168409
168410
168406
168403
168404
168407
168405
168400
168397
168401
168408
168410
168406
168404
168408
168412
168412
168408
168406
168410
168416
168415
168410
168404
168405
168408
168407
168402
168400
168406
168412
168412
168407
168405
168412
168415
168413
168407
168403
168407
168411
168410
168407
168406
168409
168413
168411
168406
168402
168406
168412
168415
168413
168411
168418
168424
168425
168420
168418
168424
168429
168428
168424
168420
168424
168428
168426
168422
168420
168424
168428
168424
168418
168414
168417
168423
168423
168419
168416
168419
168422
168420
168415
168412
168416
168421
168419
168411
168408
168413
168418
168416
168410
168408
168414
168419
168416
168409
168407
168411
168415
168413
168407
168403
168407
168410
168408
168401
168398
168402
168406
168405
168401
168401
168409
168414
168412
168408
168404
168408
168411
168408
168402
168400
168405
168410
168408
168401
168397
168402
168407
168405
168401
168400
168405
168408
168406
168402
168400
168404
168409
168409
168405
168404
168409
168414
168413
168407
168405
168409
168414
168411
168405
168402
168407
168412
168410
168403
168399
168402
168407
168406
168400
168398
168404
168410
168407
168404
168404
168409
168416
168417
168415
168414
168418
168423
168423
168419
168416
168420
168423
168419
168414
168411
168415
168420
168418
168413
168409
168413
168416
168416
168412
168412
168417
168421
168417
168412
168410
168416
168422
168423
168420
168418
168421
168424
168419
168411
168408
168412
168416
168414
168409
168406
168410
168413
168411
168406
168404
168408
168412
168410
168405
168404
168409
168413
168408
168400
168396
168398
168401
168397
168392
168390
168394
168398
168396
168391
168387
168389
168393
168390
168384
168383
168389
168394
168392
168387
168384
168387
168390
168386
168380
168377
168379
168383
168380
168374
168371
168376
168382
168379
168372
168371
168378
168383
168379
168373
168371
168375
168379
168377
168373
168372
168378
168382
168380
168377
168375
168381
168386
168385
168379
168377
168383
168390
168389
168385
168385
168392
168400
168400
168398
168397
168402
168407
168404
168398
168396
168400
168404
168403
168400
168400
168407
168412
168410
168407
168406
168411
168418
168416
168410
168407
168411
168414
168411
168407
168405
168411
168417
168416
168410
168407
168412
168418
168416
168412
168413
168419
168424
168423
168420
168419
168424
168428
168425
168420
168419
168423
168428
168425
168424
168427
168433
168438
168435
168429
168427
168430
168435
168433
168430
168428
168431
168435
168433
168428
168428
168435
168442
168441
168435
168433
168438
168440
168435
168430
168429
168434
168437
168433
168428
168427
168430
168433
168433
168429
168426
168430
168432
168428
168423
168420
168426
168430
168426
168421
168419
168422
168425
168420
168417
168415
168419
168421
168417
168413
168411
168416
168420
168418
168413
168413
168418
168422
168418
168413
168410
168413
168418
168415
168410
168407
168412
168418
168418
168413
168411
168417
168420
168417
168412
168412
168418
168424
168420
168415
168415
168421
168426
168423
168418
168418
168423
168425
168422
168417
168415
168418
168422
168420
168415
168413
168419
168423
168418
168411
168410
168415
168419
168415
168410
168409
168415
168419
168415
168410
168409
168414
168419
168418
168416
168417
168419
168423
168421
168416
168415
168418
168421
168415
168408
168408
168410
168413
168409
168404
168403
168409
168416
168414
168410
168410
168415
168419
168416
168413
168413
168416
168419
168413
168407
168406
168410
168413
168411
168407
168407
168411
168415
168411
168407
168408
168414
168417
168412
168406
168404
168405
168406
168401
168395
168393
168395
168397
168393
168391
168393
168397
168401
168399
168394
168394
168399
168404
168400
168394
168394
168398
168401
168396
168390
168389
168395
168398
168392
168387
168388
168393
168398
168396
168393
168396
168402
168409
168407
168403
168402
168407
168412
168411
168408
168408
168413
168419
168415
168408
168407
168412
168414
168408
168401
168399
168400
168401
168396
168388
168386
168389
168391
168387
168383
168383
168390
168397
168396
168392
168393
168398
168403
168402
168400
168403
168410
168416
168415
168412
168413
168419
168423
168419
168415
168415
168419
168422
168416
168410
168409
168414
168416
168412
168408
168410
168415
168420
168419
168417
168419
168424
168430
168431
168430
168433
168440
168448
168447
168444
168444
168448
168450
168443
168436
168435
168439
168439
168430
168422
168419
168420
168420
168412
168403
168401
168405
168406
168402
168397
168397
168402
168407
168406
168403
168404
168412
168419
168421
168422
168427
168435
168442
168442
168438
168439
168444
168448
168442
168433
168430
168432
168432
168424
168417
168414
168415
168417
168413
168408
168410
168416
168418
168413
168408
168408
168413
168415
168409
168404
168404
168409
168412
168407
168402
168404
168410
168415
168411
168406
168407
168409
168411
168407
168402
168402
168406
168409
168405
168401
168402
168406
168409
168404
168400
168399
168404
168409
168408
168405
168405
168410
168414
168411
168406
168410
168416
168418
168414
168411
168413
168418
168421
168418
168414
168416
168421
168423
168418
168411
168410
168412
168414
168408
168400
168398
168402
168405
168402
168399
168405
168414
168421
168420
168417
168419
168426
168429
168424
168418
168417
168419
168420
168412
168405
168405
168408
168412
168409
168408
168411
168418
168425
168427
168427
168433
168439
168443
168440
168436
168435
168435
168431
168421
168411
168409
168413
168417
168416
168415
168421
168431
168441
168443
168444
168451
168459
168463
168457
168448
168443
168441
168435
168424
168414
168410
168411
168411
168404
168398
168400
168405
168410
168410
168409
168414
168421
168423
168416
168407
168403
168402
168401
168395
168389
168389
168393
168397
168395
168393
168398
168408
168418
168420
168422
168431
168443
168451
168448
168444
168444
168446
168444
168434
168425
168423
168424
168425
168421
168417
168421
168427
168430
168428
168426
168430
168437
168439
168435
168429
168429
168431
168430
168424
168417
168416
168419
168420
168416
168414
168418
168424
168429
168425
168422
168425
168429
168432
168428
168425
168429
168432
168433
168427
168419
168417
168419
168419
168413
168409
168413
168419
168422
168418
168414
168416
168421
168424
168420
168417
168420
168423
168425
168420
168415
168416
168420
168422
168418
168415
168419
168424
168428
168424
168421
168426
168432
168433
168427
168420
168420
168423
168425
168421
168416
168416
168420
168422
168417
168411
168413
168419
168423
168419
168416
168418
168423
168423
168417
168412
168414
168418
168419
168414
168409
168411
168416
168417
168412
168410
168414
168419
168422
168420
168418
168419
168425
168428
168424
168420
168422
168425
168424
168417
168411
168413
168416
168416
168410
168405
168409
168416
168419
168416
168413
168417
168424
168427
168423
168418
168420
168424
168425
168420
168414
168415
168418
168421
168417
168413
168415
168420
168422
168418
168414
168418
168423
168428
168427
168426
168428
168435
168438
168433
168429
168431
168434
168435
168430
168425
168426
168430
168432
168427
168423
168426
168430
168431
168428
168424
168428
168433
168436
168432
168430
168433
168437
168439
168435
168428
168426
168429
168429
168423
168418
168419
168425
168428
168422
168416
168419
168425
168426
168420
168416
168420
168425
168426
168421
168416
168419
168424
168426
168422
168417
168420
168422
168420
168414
168408
168411
168416
168417
168413
168408
168410
168416
168418
168415
168411
168413
168417
168418
168414
168411
168415
168421
168423
168417
168411
168414
168419
168420
168415
168409
168412
168418
168419
168414
168408
168410
168415
168415
168410
168406
168411
168416
168417
168413
168409
168412
168417
168418
168413
168408
168413
168419
168421
168415
168411
168415
168421
168422
168417
168413
168418
168424
168425
168421
168418
168421
168426
168426
168419
168412
168413
168417
168416
168410
168406
168408
168412
168413
168409
168406
168409
168414
168413
168408
168405
168408
168412
168412
168405
168403
168407
168412
168413
168407
168403
168405
168408
168406
168399
168395
168400
168405
168405
168402
168400
168404
168410
168412
168408
168406
168412
168417
168418
168414
168410
168412
168415
168415
168410
168405
168408
168412
168411
168407
168404
168408
168413
168414
168409
168405
168410
168415
168416
168413
168410
168413
168420
168421
168416
168411
168413
168418
168419
168413
168407
168411
168416
168415
168408
168401
168404
168410
168410
168405
168402
168408
168415
168416
168412
168407
168413
168419
168419
168414
168412
168416
168421
168422
168418
168415
168419
168422
168421
168416
168411
168415
168418
168416
168411
168407
168409
168414
168416
168411
168408
168411
168415
168414
168409
168403
168408
168415
168415
168410
168407
168410
168414
168415
168410
168405
168408
168414
168413
168408
168404
168407
168412
168411
168406
168404
168407
168411
168411
168406
168405
168410
168416
168417
168413
168410
168413
168418
168418
168414
168410
168414
168419
168417
168415
168413
168416
168419
168419
168414
168409
168411
168416
168418
168413
168410
168413
168415
168412
168405
168400
168403
168410
168411
168407
168405
168409
168413
168414
168411
168409
168413
168416
168414
168408
168406
168411
168418
168418
168414
168412
168417
168422
168421
168418
168416
168421
168426
168425
168419
168413
168414
168418
168416
168411
168408
168413
168418
168417
168412
168406
168408
168411
168408
168403
168400
168404
168409
168408
168403
168400
168404
168407
168407
168404
168400
168405
168409
168409
168403
168399
168402
168407
168406
168403
168401
168406
168411
168409
168404
168400
168403
168408
168407
168402
168398
168403
168407
168404
168399
168396
168400
168406
168406
168402
168399
168403
168407
168405
168399
168396
168402
168407
168407
168405
168404
168409
168413
168411
168404
168400
168404
168408
168406
168402
168400
168404
168408
168407
168404
168402
168407
168413
168412
168408
168405
168407
168411
168410
168406
168404
168407
168411
168409
168404
168402
168406
168411
168409
168406
168403
168407
168410
168408
168404
168401
168406
168412
168411
168407
168404
168408
168413
168412
168408
168404
168405
168409
168407
168403
168401
168404
168409
168409
168406
168404
168408
168413
168411
168408
168406
168412
168418
168418
168414
168410
168414
168417
168416
168412
168412
168417
168423
168422
168420
168420
168426
168430
168427
168423
168421
168426
168431
168428
168422
168419
168422
168426
168424
168421
168418
168423
168428
168425
168420
168416
168419
168422
168419
168416
168414
168419
168423
168421
168417
168414
168418
168421
168419
168412
168408
168412
168418
168417
168414
168411
168417
168425
168424
168419
168418
168424
168429
168427
168420
168417
168423
168429
168428
168423
168421
168425
168429
168427
168422
168419
168422
168426
168423
168420
168422
168427
168432
168430
168426
168425
168430
168434
168431
168425
168421
168423
168426
168424
168419
168418
168423
168428
168427
168421
168416
168419
168423
168419
168414
168413
168418
168424
168422
168417
168413
168416
168420
168416
168411
168410
168415
168421
168419
168414
168412
168418
168423
168419
168414
168412
168417
168422
168419
168415
168415
168421
168426
168425
168422
168423
168430
168435
168430
168423
168419
168420
168420
168415
168409
168405
168409
168413
168410
168406
168404
168411
168417
168417
168414
168412
168416
168422
168420
168415
168412
168416
168420
168417
168411
168409
168415
168419
168415
168408
168405
168408
168412
168409
168406
168406
168414
168420
168419
168413
168409
168412
168414
168409
168402
168398
168400
168401
168397
168389
168385
168388
168391
168388
168384
168383
168391
168399
168399
168395
168395
168401
168406
168402
168397
168397
168402
168406
168402
168395
168392
168394
168394
168390
168386
168384
168387
168391
168389
168385
168383
168389
168394
168391
168384
168380
168383
168386
168384
168381
168381
168387
168395
168395
168393
168394
168399
168405
168404
168399
168397
168400
168402
168397
168388
168385
168390
168395
168392
168388
168388
168395
168402
168404
168404
168407
168416
168425
168423
168417
168414
168417
168418
168411
168403
168401
168405
168409
168405
168399
168399
168404
168408
168407
168403
168404
168410
168416
168413
168410
168409
168415
168421
168419
168415
168416
168423
168428
168426
168423
168425
168429
168432
168428
168422
168420
168423
168422
168414
168405
168400
168401
168403
168401
168397
168398
168404
168411
168412
168411
168412
168419
168423
168418
168411
168409
168412
168416
168414
168410
168410
168415
168418
168415
168410
168406
168410
168413
168409
168405
168404
168410
168413
168408
168401
168400
168404
168408
168407
168403
168404
168410
168415
168413
168410
168412
168418
168423
168420
168414
168413
168417
168419
168414
168410
168410
168412
168413
168407
168399
168396
168399
168403
168399
168397
168399
168404
168408
168405
168400
168399
168404
168407
168403
168397
168397
168403
168407
168403
168398
168398
168402
168405
168401
168394
168393
168397
168401
168398
168392
168393
168399
168403
168399
168393
168393
168396
168399
168396
168394
168396
168402
168405
168402
168398
168397
168399
168401
168398
168394
168395
168399
168402
168398
168395
168395
168398
168404
168402
168397
168395
168398
168402
168399
168395
168398
168402
168405
168402
168397
168397
168401
168404
168398
168396
168399
168404
168408
168404
168399
168400
168404
168408
168406
168401
168400
168404
168406
168402
168395
168391
168395
168399
168395
168391
168390
168395
168400
168396
168393
168396
168405
168410
168408
168403
168402
168405
168407
168400
168395
168396
168401
168403
168397
168390
168388
168391
168395
168393
168388
168388
168393
168396
168395
168392
168394
168401
168407
168405
168402
168405
168410
168413
168408
168400
168399
168403
168405
168400
168392
168390
168393
168396
168392
168389
168393
168402
168408
168407
168404
168407
168413
168415
168411
168406
168404
168406
168405
168399
168393
168394
168397
168399
168394
168389
168391
168398
168402
168400
168398
168401
168407
168413
168411
168408
168409
168413
168416
168410
168401
168399
168402
168402
168395
168387
168385
168389
168393
168389
168385
168388
168394
168400
168398
168392
168390
168394
168397
168394
168389
168390
168394
168397
168391
168384
168384
168389
168391
168387
168383
168386
168392
168395
168392
168388
168388
168391
168392
168386
168379
168379
168383
168387
168385
168382
168383
168388
168393
168390
168386
168389
168396
168399
168395
168389
168390
168395
168398
168392
168387
168388
168392
168393
168388
168385
168389
168395
168400
168396
168391
168391
168394
168394
168388
168380
168378
168381
168381
168374
168369
168370
168376
168382
168380
168379
168384
168390
168394
168391
168387
168390
168394
168397
168394
168389
168388
168389
168390
168383
168377
168377
168379
168380
168375
168369
168372
168378
168382
168379
168375
168379
168387
168393
168391
168388
168391
168397
168403
168401
168398
168399
168403
168404
168397
168389
168388
168392
168395
168390
168386
168387
168393
168396
168390
168384
168386
168392
168397
168395
168391
168395
168400
168404
168402
168398
168401
168406
168408
168404
168400
168402
168405
168405
168398
168392
168395
168400
168400
168395
168391
168394
168398
168400
168395
168388
168389
168392
168394
168388
168384
168388
168394
168396
168392
168389
168390
168394
168396
168392
168386
168388
168393
168397
168393
168388
168389
168395
168397
168393
168390
168392
168397
168399
168393
168386
168388
168392
168393
168389
168383
168384
168387
168388
168380
168375
168378
168382
168384
168378
168373
168375
168379
168380
168377
168373
168376
168382
168384
168380
168378
168384
168391
168395
168394
168391
168394
168402
168408
168407
168405
168411
168419
168423
168422
168422
168429
168437
168441
168440
168441
168450
168460
168465
168464
168461
168465
168470
168474
168472
168470
168476
168483
168487
168484
168480
168484
168491
168493
168487
168482
168482
168484
168486
168482
168477
168479
168485
168487
168482
168478
168482
168488
168490
168485
168482
168486
168492
168495
168491
168486
168488
168491
168489
168482
168476
168476
168479
168479
168474
168470
168474
168477
168477
168472
168467
168469
168473
168472
168466
168459
168458
168460
168458
168450
168441
168439
168441
168439
168433
168429
168431
168436
168438
168433
168429
168431
168437
168439
168434
168429
168430
168432
168430
168423
168415
168415
168419
168417
168411
168406
168409
168413
168415
168412
168408
168410
168414
168413
168407
168402
168404
168410
168410
168406
168403
168406
168412
168414
168410
168407
168412
168415
168415
168408
168402
168405
168410
168411
168406
168402
168405
168407
168406
168400
168393
168394
168399
168401
168396
168391
168394
168398
168397
168392
168388
168394
168403
168406
168403
168401
168405
168411
168412
168406
168401
168403
168407
168409
168405
168402
168406
168410
168410
168406
168405
168410
168416
168416
168411
168406
168408
168412
168412
168407
168402
168404
168409
168409
168405
168399
168402
168407
168410
168407
168404
168407
168411
168411
168405
168400
168401
168404
168404
168397
168392
168393
168395
168394
168389
168387
168394
168401
168404
168404
168405
168412
168421
168423
168420
168418
168422
168425
168425
168420
168417
168422
168427
168428
168423
168420
168424
168429
168430
168426
168423
168427
168431
168429
168423
168417
168418
168422
168422
168418
168415
168420
168426
168428
168426
168424
168429
168435
168436
168432
168429
168433
168439
168438
168431
168424
168422
168425
168423
168416
168411
168414
168418
168419
168414
168411
168413
168418
168419
168414
168410
168414
168419
168418
168414
168410
168413
168418
168420
168416
168414
168417
168421
168423
168419
168415
168418
168425
168430
168429
168427
168434
168442
168441
168436
168430
168431
168435
168432
168423
168416
168418
168421
168419
168413
168409
168414
168422
168424
168422
168424
168433
168442
168446
168444
168443
168450
168456
168456
168451
168447
168448
168450
168446
168438
168434
168435
168438
168437
168435
168433
168438
168443
168442
168436
168432
168434
168438
168436
168433
168430
168434
168438
168437
168433
168430
168434
168440
168440
168436
168433
168436
168442
168443
168439
168436
168441
168446
168444
168436
168428
168428
168430
168428
168421
168418
168421
168425
168424
168419
168416
168422
168428
168426
168420
168416
168420
168423
168421
168417
168415
168421
168425
168423
168418
168414
168415
168417
168414
168407
168402
168405
168409
168410
168407
168404
168410
168417
168418
168415
168414
168418
168422
168422
168416
168411
168415
168420
168419
168414
168410
168415
168422
168424
168419
168416
168419
168423
168422
168414
168406
168407
168409
168406
168399
168395
168400
168408
168410
168408
168408
168414
168421
168423
168423
168422
168428
168436
168436
168431
168428
168431
168437
168438
168434
168430
168433
168436
168434
168429
168426
168430
168434
168431
168426
168423
168426
168430
168429
168424
168423
168428
168431
168428
168423
168420
168424
168429
168426
168422
168422
168428
168433
168432
168427
168424
168429
168435
168435
168431
168427
168430
168435
168434
168430
168426
168428
168432
168430
168426
168423
168428
168432
168429
168421
168415
168418
168421
168419
168414
168413
168417
168421
168419
168415
168414
168419
168422
168419
168414
168413
168416
168418
168416
168412
168409
168414
168419
168417
168412
168410
168415
168421
168422
168418
168417
168422
168427
168425
168418
168413
168416
168419
168415
168410
168406
168408
168412
168410
168405
168403
168407
168411
168408
168403
168400
168405
168412
168412
168409
168410
168415
168421
168418
168412
168410
168413
168416
168413
168408
168406
168411
168414
168412
168407
168406
168410
168415
168414
168410
168409
168413
168418
168418
168414
168413
168419
168425
168423
168418
168416
168420
168424
168421
168416
168413
168417
168421
168418
168414
168412
168418
168423
168423
168420
168418
168423
168428
168426
168421
168421
168426
168429
168427
168424
168421
168423
168426
168422
168415
168411
168414
168419
168416
168411
168410
168415
168419
168417
168412
168412
168420
168427
168425
168420
168419
168425
168430
168428
168422
168422
168429
168433
168430
168423
168419
168422
168424
168419
168414
168414
168418
168423
168421
168416
168414
168419
168422
168421
168416
168413
168414
168414
168410
168404
168401
168404
168408
168408
168406
168406
168412
168417
168414
168408
168405
168408
168413
168410
168405
168403
168408
168415
168414
168410
168411
168418
168423
168420
168414
168412
168415
168417
168414
168410
168410
168414
168418
168414
168410
168408
168413
168418
168415
168413
168413
168417
168422
168420
168414
168411
168414
168419
168416
168410
168408
168412
168416
168413
168408
168407
168412
168417
168413
168407
168406
168412
168415
168412
168410
168411
168417
168422
168421
168418
168419
168425
168431
168431
168426
168426
168431
168434
168432
168425
168422
168427
168430
168426
168419
168418
168421
168424
168419
168412
168410
168412
168414
168410
168405
168404
168407
168410
168407
168402
168399
168402
168407
168405
168399
168397
168400
168405
168402
168398
168397
168403
168407
168404
168400
168399
168405
168410
168405
168399
168399
168405
168410
168407
168401
168402
168408
168411
168406
168400
168401
168408
168413
168408
168403
168402
168404
168406
168401
168395
168393
168397
168401
168397
168394
168394
168398
168401
168397
168392
168391
168395
168397
168392
168386
168385
168391
168396
168393
168388
168389
168395
168399
168396
168391
168391
168395
168398
168395
168392
168392
168395
168398
168394
168390
168390
168393
168396
168393
168389
168388
168392
168397
168394
168389
168388
168394
168400
168398
168392
168390
168394
168398
168396
168392
168392
168396
168399
168394
168388
168387
168392
168396
168393
168391
168392
168396
168399
168395
168391
168391
168396
168400
168397
168393
168395
168400
168402
168399
168395
168396
168400
168403
168398
168393
168392
168396
168401
168398
168392
168394
168400
168404
168400
168395
168393
168397
168401
168397
168393
168393
168398
168401
168397
168393
168394
168399
168404
168402
168397
168396
168397
168398
168393
168389
168390
168395
168400
168396
168391
168390
168394
168397
168395
168393
168392
168397
168401
168398
168395
168395
168398
168401
168396
168392
168392
168397
168401
168398
168393
168394
168400
168402
168398
168394
168394
168398
168401
168398
168395
168397
168401
168404
168400
168395
168394
168398
168401
168396
168392
168394
168399
168403
168400
168397
168398
168402
168406
168403
168399
168400
168405
168409
168404
168397
168395
168399
168402
168401
168400
168403
168409
168413
168408
168402
168402
168406
168408
168404
168399
168399
168403
168404
168398
168393
168393
168397
168399
168396
168392
168392
168397
168400
168395
168390
168391
168397
168400
168397
168394
168396
168399
168402
168398
168393
168395
168399
168400
168396
168391
168391
168397
168401
168397
168394
168396
168401
168405
168401
168396
168397
168402
168406
168403
168398
168399
168404
168408
168405
168402
168402
168404
168406
168402
168397
168397
168401
168403
168397
168391
168392
168397
168401
168397
168392
168393
168397
168400
168395
168391
168393
168399
168401
168397
168393
168394
168398
168398
168393
168388
168387
168390
168393
168388
168384
168387
168391
168394
168391
168388
168389
168393
168395
168391
168386
168387
168392
168396
168393
168389
168390
168394
168397
168392
168386
168388
168395
168398
168392
168386
168386
168388
168390
168386
168380
168382
168389
168393
168390
168385
168384
168387
168387
168379
168373
168374
168380
168383
168381
168379
168382
168388
168391
168387
168381
168382
168387
168390
168386
168381
168382
168386
168389
168384
168380
168382
168389
168394
168390
168384
168384
168389
168393
168389
168384
168386
168392
168394
168388
168381
168381
168384
168386
168382
168379
168382
168389
168391
168386
168383
168384
168388
168389
168385
168380
168381
168387
168390
168384
168379
168381
168385
168387
168385
168382
168384
168390
168392
168388
168382
168382
168387
168390
168385
168377
168377
168381
168382
168377
168372
168375
168383
168388
168384
168380
168382
168386
168386
168381
168377
168380
168383
168383
168376
168372
168374
168380
168382
168379
168375
168376
168381
168382
168377
168373
168375
168379
168381
168377
168375
168377
168381
168382
168377
168374
168376
168381
168382
168377
168372
168374
168380
168381
168379
168376
168379
168384
168385
168379
168374
168376
168380
168384
168380
168377
168380
168385
168387
168383
168378
168379
168385
168388
168384
168380
168382
168385
168385
168378
168372
168374
168379
168382
168378
168373
168375
168378
168379
168375
168371
168373
168379
168381
168377
168373
168376
168381
168383
168378
168373
168376
168382
168385
168382
168379
168383
168386
168385
168379
168374
168375
168380
168384
168381
168377
168381
168386
168388
168384
168379
168383
168390
168390
168384
168379
168382
168386
168387
168380
168374
168376
168380
168380
168376
168374
168379
168386
168388
168382
168376
168378
168382
168382
168376
168372
168377
168383
168385
168383
168379
168381
168385
168388
168385
168380
168380
168383
168384
168379
168375
168378
168383
168383
168378
168373
168378
168385
168388
168386
168382
168384
168388
168387
168381
168376
168378
168382
168383
168377
168372
168374
168378
168380
168379
168378
168382
168387
168389
168383
168376
168380
168384
168384
168379
168375
168379
168382
168380
168374
168371
168375
168381
168383
168380
168376
168380
168384
168385
168380
168375
168376
168380
168382
168378
168374
168377
168382
168383
168376
168371
168374
168379
168380
168375
168373
168378
168384
168384
168380
168376
168377
168379
168379
168374
168370
168372
168376
168379
168375
168369
168371
168375
168377
168371
168367
168372
168377
168378
168372
168367
168369
168372
168371
168366
168361
168364
168369
168372
168370
168367
168372
168376
168375
168370
168367
168371
168375
168375
168371
168367
168371
168375
168374
168369
168364
168365
168370
168373
168367
168361
168362
168365
168364
168358
168352
168356
168361
168362
168358
168357
168362
168367
168367
168363
168363
168369
168374
168377
168373
168370
168374
168382
168384
168379
168374
168377
168380
168378
168372
168369
168372
168375
168375
168370
168366
168369
168375
168378
168376
168374
168378
168381
168380
168375
168371
168371
168376
168377
168371
168367
168370
168374
168374
168369
168367
168371
168374
168374
168371
168369
168373
168379
168382
168378
168375
168378
168384
168383
168375
168370
168375
168379
168377
168373
168370
168372
168376
168376
168370
168367
168370
168373
168372
168369
168366
168370
168377
168380
168378
168375
168378
168383
168382
168374
168370
168373
168378
168378
168373
168369
168371
168374
168375
168371
168369
168373
168379
168379
168374
168371
168375
168380
168381
168377
168374
168378
168384
168385
168382
168379
168383
168388
168388
168382
168376
168378
168380
168381
168376
168372
168377
168383
168382
168377
168375
168380
168386
168385
168379
168375
168379
168383
168381
168376
168373
168378
168385
168385
168383
168382
168387
168392
168391
168385
168381
168384
168388
168387
168381
168378
168380
168384
168382
168376
168372
168376
168381
168381
168377
168374
168377
168380
168377
168370
168364
168366
168370
168369
168363
168357
168360
168366
168366
168361
168358
168364
168371
168371
168367
168364
168369
168373
168369
168362
168354
168355
168357
168353
168345
168339
168341
168344
168342
168336
168332
168336
168343
168345
168344
168344
168352
168362
168365
168363
168361
168367
168373
168372
168364
168357
168356
168354
168346
168335
168329
168334
168340
168342
168342
168344
168353
168363
168366
168363
168363
168369
168374
168373
168367
168361
168362
168362
168356
168346
168341
168343
168347
168347
168345
168344
168351
168357
168358
168356
168356
168360
168364
168361
168354
168348
168349
168350
168348
168343
168340
168345
168353
168353
168351
168350
168356
168365
168368
168368
168369
168375
168381
168379
168375
168370
168373
168375
168371
168364
168359
168361
168364
168362
168358
168357
168363
168371
168372
168369
168369
168375
168382
168380
168378
168378
168382
168386
168383
168377
168372
168375
168380
168378
168374
168372
168375
168378
168375
168369
168366
168370
168376
168376
168373
168370
168374
168379
168378
168373
168371
168376
168383
168385
168382
168380
168384
168389
168386
168379
168375
168378
168382
168381
168376
168372
168375
168379
168377
168372
168370
168375
168382
168383
168381
168382
168387
168392
168390
168386
168383
168387
168390
168387
168381
168378
168381
168383
168378
168371
168368
168374
168380
168378
168373
168372
168376
168379
168377
168374
168373
168380
168385
168384
168379
168378
168384
168390
168389
168383
168381
168384
168388
168386
168381
168379
168382
168384
168382
168377
168374
168375
168377
168373
168370
168369
168374
168380
168380
168376
168373
168376
168381
168378
168373
168371
168376
168380
168378
168374
168372
168375
168378
168374
168368
168366
168373
168380
168380
168377
168379
168385
168388
168386
168381
168378
168380
168383
168379
168372
168367
168368
168372
168368
168363
168363
168369
168376
168377
168376
168377
168384
168391
168393
168391
168391
168396
168398
168394
168389
168387
168391
168395
168391
168384
168381
168385
168389
168387
168382
168381
168388
168392
168388
168383
168381
168386
168391
168389
168385
168387
168396
168404
168402
168398
168396
168402
168407
168403
168397
168394
168397
168400
168397
168391
168388
168390
168391
168386
168379
168375
168378
168383
168384
168383
168385
168394
168401
168400
168396
168396
168401
168406
168403
168396
168394
168397
168402
168399
168393
168390
168396
168400
168396
168389
168387
168392
168398
168395
168391
168391
168396
168403
168400
168395
168394
168397
168400
168395
168389
168387
168391
168394
168390
168386
168386
168392
168398
168396
168392
168391
168395
168397
168392
168384
168381
168382
168383
168377
168370
168368
168373
168377
168375
168373
168374
168381
168390
168392
168390
168391
168398
168403
168398
168391
168390
168396
168399
168395
168389
168386
168390
168392
168386
168380
168381
168386
168389
168387
168381
168380
168386
168390
168389
168387
168387
168392
168397
168394
168390
168389
168393
168398
168396
168390
168388
168390
168393
168387
168381
168378
168379
168381
168377
168370
168368
168373
168379
168376
168371
168371
168377
168381
168378
168374
168373
168379
168385
168384
168380
168380
168385
168389
168383
168376
168373
168375
168377
168372
168367
168366
168368
168372
168368
168364
168364
168368
168373
168371
168367
168367
168374
168379
168375
168370
168370
168374
168377
168374
168371
168371
168375
168380
168377
168372
168372
168376
168378
168373
168368
168367
168372
168376
168372
168368
168368
168374
168379
168376
168369
168369
168374
168378
168375
168372
168373
168377
168381
168376
168370
168368
168373
168378
168377
168374
168374
168378
168381
168378
168373
168374
168378
168383
168380
168376
168376
168381
168385
168382
168377
168378
168384
168389
168386
168381
168380
168386
168392
168390
168386
168386
168392
168397
168394
168391
168392
168398
168404
168401
168396
168397
168402
168404
168399
168392
168391
168394
168396
168391
168387
168387
168391
168394
168390
168386
168387
168391
168394
168392
168388
168388
168395
168402
168400
168396
168395
168401
168407
168405
168400
168400
168406
168410
168406
168402
168403
168407
168412
168408
168402
168401
168404
168406
168400
168396
168398
168403
168407
168405
168402
168403
168407
168409
168405
168400
168401
168407
168413
168409
168402
168400
168403
168405
168401
168395
168395
168401
168404
168400
168395
168395
168398
168400
168396
168392
168392
168397
168401
168397
168390
168390
168396
168400
168397
168394
168395
168399
168401
168396
168391
168393
168397
168399
168395
168390
168391
168394
168396
168392
168388
168387
168392
168395
168391
168387
168387
168394
168399
168397
168392
168392
168396
168397
168392
168388
168390
168395
168398
168396
168392
168393
168397
168399
168395
168390
168390
168394
168396
168393
168389
168390
168397
168400
168395
168391
168392
168396
168398
168392
168387
168388
168393
168396
168395
168391
168393
168399
168404
168401
168395
168396
168401
168405
168401
168394
168395
168400
168403
168398
168393
168396
168403
168406
168400
168396
168399
168404
168406
168401
168396
168396
168400
168402
168398
168392
168393
168398
168399
168394
168389
168391
168396
168399
168394
168390
168392
168396
168399
168397
168393
168395
168399
168401
168396
168391
168392
168396
168400
168396
168390
168390
168392
168392
168386
168382
168385
168392
168396
168390
168385
168388
168394
168396
168393
168390
168392
168396
168399
168395
168391
168392
168395
168397
168392
168386
168386
168389
168392
168389
168386
168391
168398
168402
168399
168394
168396
168399
168402
168398
168394
168396
168401
168404
168401
168396
168399
168405
168409
168407
168403
168405
168408
168408
168403
168398
168398
168401
168402
168397
168392
168392
168397
168401
168397
168391
168392
168398
168400
168394
168388
168389
168395
168397
168392
168386
168388
168394
168396
168391
168389
168392
168397
168399
168395
168391
168393
168399
168401
168396
168390
168390
168393
168394
168389
168383
168384
168389
168392
168391
168389
168390
168395
168396
168392
168388
168391
168396
168399
168395
168389
168393
168398
168399
168395
168390
168391
168396
168398
168394
168393
168396
168403
168408
168404
168399
168401
168402
168402
168395
168392
168396
168402
168406
168402
168397
168399
168404
168407
168405
168405
168409
168415
168418
168414
168409
168412
168418
168420
168415
168410
168411
168413
168412
168406
168400
168404
168410
168413
168411
168410
168415
168423
168426
168421
168417
168421
168428
168430
168425
168421
168422
168426
168425
168420
168415
168417
168421
168420
168413
168407
168409
168414
168416
168411
168407
168408
168413
168414
168409
168403
168404
168410
168410
168405
168402
168405
168410
168410
168406
168402
168405
168410
168412
168408
168405
168408
168412
168412
168406
168400
168401
168406
168406
168401
168397
168400
168405
168407
168403
168401
168406
168411
168413
168409
168405
168407
168411
168413
168408
168403
168404
168406
168405
168401
168396
168396
168401
168403
168398
168393
168394
168397
168397
168389
168384
168388
168394
168396
168391
168388
168392
168396
168396
168391
168388
168392
168396
168396
168390
168386
168389
168394
168396
168393
168392
168396
168401
168403
168399
168395
168397
168402
168402
168397
168393
168396
168401
168401
168395
168393
168400
168410
168412
168406
168400
168402
168407
168409
168405
168402
168405
168409
168409
168403
168399
168402
168406
168407
168403
168400
168405
168411
168411
168406
168401
168404
168408
168410
168407
168402
168404
168408
168408
168404
168402
168406
168411
168411
168406
168403
168408
168413
168412
168407
168403
168407
168411
168410
168406
168403
168406
168411
168411
168404
168400
168403
168408
168407
168400
168396
168400
168405
168406
168402
168400
168403
168409
168409
168405
168402
168406
168411
168409
168404
168400
168404
168408
168406
168400
168395
168398
168402
168402
168399
168397
168401
168405
168404
168398
168394
168396
168401
168402
168399
168396
168400
168404
168403
168398
168393
168395
168401
168402
168397
168393
168397
168402
168403
168396
168390
168395
168400
168400
168395
168391
168396
168400
168399
168394
168393
168400
168408
168410
168408
168407
168413
168419
168421
168418
168417
168422
168426
168424
168416
168410
168409
168411
168409
168404
168401
168404
168409
168410
168406
168403
168408
168414
168419
168418
168416
168419
168423
168422
168415
168410
168410
168412
168411
168405
168400
168404
168408
168410
168409
168409
168416
168426
168430
168426
168424
168427
168430
168428
168419
168413
168416
168418
168414
168405
168400
168402
168406
168406
168402
168402
168408
168416
168417
168414
168412
168415
168419
168419
168415
168412
168415
168418
168415
168409
168403
168404
168406
168404
168398
168393
168397
168403
168404
168402
168400
168406
168413
168414
168410
168407
168412
168418
168416
168410
168404
168405
168407
168407
168402
168399
168406
168412
168412
168408
168407
168411
168416
168416
168411
168408
168410
168414
168413
168407
168402
168404
168406
168403
168396
168390
168393
168399
168397
168392
168390
168395
168400
168398
168393
168392
168398
168403
168404
168401
168398
168401
168404
168403
168401
168399
168403
168407
168407
168404
168402
168405
168410
168411
168405
168402
168407
168413
168411
168405
168401
168404
168407
168404
168397
168394
168399
168405
168405
168402
168402
168409
168416
168417
168414
168412
168416
168420
168418
168411
168405
168406
168409
168406
168401
168396
168398
168399
168394
168388
168385
168391
168398
168397
168392
168390
168395
168401
168402
168398
168396
168400
168405
168402
168396
168393
168396
168401
168404
168402
168400
168406
168411
168410
168405
168402
168407
168413
168410
168404
168401
168404
168409
168408
168405
168404
168410
168416
168416
168411
168407
168411
168416
168415
168411
168408
168414
168419
168418
168412
168408
168411
168412
168407
168400
168397
168399
168402
168397
168393
168391
168396
168404
168404
168400
168399
168402
168406
168403
168397
168393
168394
168395
168389
168382
168379
168383
168388
168388
168385
168385
168389
168394
168393
168388
168387
168392
168396
168394
168388
168385
168389
168393
168389
168381
168378
168381
168386
168382
168376
168374
168380
168385
168384
168381
168380
168387
168394
168395
168392
168391
168397
168403
168399
168392
168388
168390
168393
168389
168382
168379
168383
168389
168389
168388
168389
168397
168404
168404
168400
168400
168406
168412
168410
168405
168404
168407
168409
168403
168395
168388
168389
168390
168385
168378
168375
168379
168384
168384
168380
168381
168387
168393
168393
168391
168390
168395
168400
168396
168389
168386
168388
168391
168387
168381
168380
168384
168390
168390
168388
168388
168395
168401
168399
168396
168393
168397
168403
168401
168395
168391
168393
168396
168393
168385
168382
168387
168392
168390
168385
168386
168394
168400
168399
168395
168395
168399
168403
168399
168394
168393
168398
168402
168400
168393
168390
168394
168398
168393
168384
168382
168387
168392
168393
168390
168389
168394
168398
168396
168392
168390
168397
168402
168399
168393
168391
168395
168399
168394
168388
168385
168388
168392
168389
168383
168381
168385
168389
168387
168383
168384
168392
168398
168398
168393
168393
168398
168404
168402
168397
168397
168401
168405
168402
168397
168396
168401
168404
168399
168393
168394
168401
168405
168402
168397
168396
168401
168405
168403
168399
168401
168408
168411
168409
168405
168404
168409
168412
168407
168399
168396
168397
168398
168393
168386
168383
168387
168392
168390
168385
168386
168392
