176749
176752
176752
176751
176752
176754
176756
176755
176750
176749
176749
176747
176745
176742
176743
176746
176749
176750
176748
176747
176748
176748
176744
176739
176743
176747
176747
176752
176756
176757
176757
176754
176752
176752
176758
176765
176768
176771
176773
176774
176773
176769
176761
176758
176762
176760
176756
176754
176753
176753
176751
176753
176753
176748
176746
176753
176759
176763
176764
176764
176765
176765
176763
176760
176760
176762
176766
176763
176759
176759
176760
176761
176762
176759
176756
176758
176757
176757
176758
176759
176756
176755
176756
176752
176750
176746
176745
176747
176745
176743
176743
176743
176743
176744
176747
176749
176745
176746
176751
176755
176757
176759
176756
176755
176761
176765
176766
176763
176763
176766
176764
176764
176766
176764
176766
176765
176766
176766
176764
176763
176765
176765
176759
176758
176760
176764
176766
176765
176764
176763
176767
176768
176762
176760
176761
176758
176756
176755
176751
176750
176751
176751
176751
176754
176756
176756
176753
176754
176758
176761
176762
176758
176754
176753
176755
176757
176760
176761
176760
176761
176763
176758
176758
176764
176765
176769
176772
176768
176766
176772
176779
176779
176776
176775
176774
176774
176773
176769
176766
176764
176768
176771
176770
176767
176767
176768
176765
176759
176761
176763
176767
176762
176755
176754
176756
176755
176753
176751
176747
176741
176741
176748
176750
176749
176749
176749
176750
176751
176751
176753
176760
176764
176767
176767
176769
176771
176772
176771
176764
176761
176764
176762
176759
176760
176762
176765
176766
176761
176756
176758
176759
176756
176754
176750
176748
176754
176760
176758
176756
176755
176757
176758
176756
176753
176754
176753
176755
176756
176756
176759
176767
176772
176773
176774
176777
176782
176785
176784
176780
176774
176777
176782
176782
176774
176767
176766
176763
176756
176753
176753
176753
176753
176749
176748
176751
176752
176753
176752
176748
176751
176755
176754
176750
176746
176748
176752
176755
176757
176760
176764
176766
176766
176770
176774
176774
176772
176774
176771
176770
176774
176777
176777
176775
176773
176773
176772
176769
176766
176763
176762
176763
176765
176762
176756
176757
176757
176755
176759
176761
176763
176764
176768
176772
176775
176773
176765
176761
176766
176770
176774
176776
176780
176786
176791
176797
176799
176796
176789
176788
176786
176780
176776
176773
176769
176766
176769
176772
176770
176769
176763
176758
176762
176759
176755
176754
176756
176758
176761
176761
176763
176766
176769
176768
176767
176768
176768
176769
176775
176781
176781
176783
176787
176785
176780
176777
176776
176776
176774
176768
176770
176770
176771
176773
176774
176773
176772
176773
176772
176768
176763
176761
176768
176771
176773
176779
176780
176781
176779
176775
176770
176770
176775
176774
176775
176780
176782
176783
176782
176776
176778
176783
176782
176779
176775
176770
176769
176770
176768
176767
176771
176772
176772
176771
176766
176770
176778
176780
176779
176777
176776
176779
176780
176781
176782
176783
176784
176785
176783
176779
176783
176783
176784
176782
176780
176780
176781
176780
176776
176775
176779
176778
176776
176773
176769
176767
176765
176769
176776
176774
176776
176780
176781
176779
176777
176779
176781
176780
176777
176773
176771
176773
176776
176775
176769
176770
176776
176776
176773
176774
176773
176772
176772
176770
176767
176764
176761
176762
176766
176766
176767
176769
176769
176768
176764
176764
176768
176768
176764
176761
176767
176772
176772
176773
176772
176770
176772
176772
176768
176763
176766
176773
176775
176775
176776
176776
176776
176776
176775
176772
176769
176772
176774
176773
176778
176783
176783
176782
176779
176775
176780
176781
176784
176788
176790
176791
176791
176791
176786
176781
176785
176790
176793
176791
176789
176791
176794
176795
176792
176786
176788
176792
176790
176787
176787
176787
176789
176789
176786
176786
176787
176786
176784
176782
176780
176779
176782
176786
176788
176787
176787
176789
176790
176789
176783
176782
176787
176790
176791
176789
176790
176789
176791
176793
176792
176791
176789
176787
176787
176788
176789
176790
176790
176788
176782
176777
176782
176786
176785
176785
176786
176785
176785
176785
176783
176786
176786
176783
176781
176782
176785
176786
176782
176782
176788
176788
176787
176784
176784
176785
176786
176787
176788
176787
176784
176784
176784
176782
176776
176777
176783
176785
176785
176784
176783
176782
176788
176787
176785
176783
176781
176779
176782
176782
176782
176786
176787
176787
176788
176787
176786
176784
176783
176780
176778
176783
176786
176788
176789
176784
176785
176786
176782
176780
176780
176783
176784
176782
176781
176777
176779
176785
176784
176782
176782
176781
176779
176780
176782
176779
176778
176785
176786
176790
176793
176793
176784
176783
176789
176790
176786
176785
176788
176786
176785
176783
176782
176779
176780
176780
176779
176781
176778
176779
176780
176780
176777
176772
176775
176777
176774
176771
176772
176771
176768
176770
176770
176769
176767
176766
176769
176772
176770
176767
176767
176767
176769
176768
176767
176766
176768
176769
176764
176764
176762
176762
176764
176765
176764
176766
176765
176764
176766
176765
176765
176770
176770
176768
176768
176767
176769
176770
176769
176768
176769
176773
176771
176772
176774
176773
176772
176773
176774
176776
176772
176773
176777
176777
176773
176771
176767
176769
176770
176768
176767
176766
176764
176763
176763
176764
176767
176770
176769
176768
176767
176768
176770
176771
176770
176770
176768
176767
176765
176762
176764
176766
176766
176767
176767
176766
176769
176770
176768
176767
176765
176765
176770
176774
176773
176772
176772
176772
176768
176766
176768
176766
176763
176769
176773
176773
176773
176773
176773
176773
176773
176772
176775
176776
176776
176772
176767
176771
176774
176771
176765
176770
176782
176780
176776
176779
176783
176784
176782
176783
176787
176786
176784
176787
176788
176786
176788
176788
176789
176790
176790
176790
176789
176787
176790
176790
176789
176790
176789
176788
176786
176786
176788
176790
176790
176792
176792
176792
176794
176794
176792
176791
176791
176795
176796
176797
176797
176797
176793
176792
176792
176792
176792
176792
176789
176786
176785
176786
176788
176790
176791
176789
176789
176790
176792
176791
176790
176791
176791
176787
176789
176788
176788
176789
176790
176792
176795
176795
176795
176795
176794
176793
176792
176794
176792
176788
176786
176787
176789
176789
176788
176790
176789
176789
176788
176789
176788
176788
176788
176788
176786
176786
176789
176791
176792
176793
176794
176794
176795
176791
176789
176792
176792
176793
176791
176790
176792
176794
176797
176798
176796
176795
176799
176799
176795
176791
176793
176798
176799
176796
176795
176795
176795
176794
176795
176789
176790
176797
176800
176798
176798
176799
176798
176799
176798
176798
176800
176800
176799
176799
176798
176798
176796
176798
176798
176796
176797
176798
176798
176798
176797
176798
176797
176796
176797
176795
176793
176793
176795
176793
176791
176791
176794
176799
176799
176799
176802
176804
176805
176805
176801
176800
176802
176798
176794
176793
176789
176790
176794
176792
176791
176792
176794
176796
176795
176796
176796
176798
176800
176800
176798
176800
176799
176795
176795
176797
176797
176798
176799
176800
176799
176800
176806
176811
176810
176807
176808
176809
176805
176801
176803
176804
176804
176803
176803
176804
176806
176806
176804
176804
176806
176807
176807
176799
176797
176801
176801
176802
176809
176806
176804
176808
176810
176812
176813
176813
176817
176827
176827
176826
176823
176823
176826
176824
176822
176824
176826
176827
176829
176831
176830
176828
176828
176828
176827
176822
176822
176824
176823
176821
176819
176817
176819
176820
176819
176817
176819
176821
176823
176821
176820
176817
176820
176825
176823
176823
176826
176828
176829
176827
176823
176822
176824
176828
176829
176828
176827
176829
176832
176832
176830
176832
176832
176828
176827
176827
176831
176836
176841
176840
176838
176837
176837
176836
176832
176828
176832
176835
176834
176832
176829
176826
176824
176828
176830
176828
176828
176832
176832
176832
176833
176832
176831
176829
176828
176830
176832
176834
176832
176835
176837
176836
176834
176833
176831
176830
176828
176830
176830
176828
176824
176823
176824
176825
176825
176828
176829
176828
176830
176825
176824
176830
176834
176832
176830
176829
176829
176831
176832
176830
176827
176826
176826
176822
176821
176821
176821
176824
176824
176820
176820
176818
176816
176812
176811
176810
176811
176815
176819
176821
176820
176822
176826
176828
176826
176823
176824
176826
176825
176822
176819
176822
176825
176822
176821
176822
176822
176822
176823
176822
176822
176823
176826
176829
176826
176824
176824
176827
176826
176828
176831
176832
176834
176836
176835
176833
176832
176831
176830
176826
176830
176833
176827
176826
176829
176826
176831
176831
176828
176826
176823
176820
176818
176819
176821
176819
176819
176817
176815
176816
176814
176812
176814
176817
176816
176817
176823
176826
176829
176830
176829
176831
176834
176837
176834
176831
176830
176829
176828
176826
176823
176822
176826
176825
176824
176822
176821
176824
176826
176824
176820
176824
176826
176826
176824
176823
176823
176823
176825
176823
176825
176830
176833
176840
176839
176840
176843
176844
176841
176836
176831
176826
176819
176821
176824
176821
176821
176820
176820
176824
176829
176830
176831
176833
176833
176834
176836
176837
176838
176836
176834
176839
176842
176841
176837
176833
176830
176826
176826
176826
176826
176826
176829
176834
176840
176838
176840
176843
176844
176846
176843
176840
176839
176840
176839
176838
176836
176833
176833
176831
176828
176829
176829
176831
176829
176825
176825
176827
176831
176833
176832
176834
176833
176833
176831
176832
176831
176829
176828
176827
176827
176828
176833
176835
176838
176839
176839
176847
176847
176840
176834
176837
176840
176838
176832
176824
176819
176814
176812
176811
176806
176804
176803
176806
176806
176804
176804
176803
176805
176804
176803
176806
176808
176805
176809
176812
176818
176822
176822
176824
176827
176828
176828
176830
176830
176832
176831
176829
176823
176822
176822
176820
176819
176819
176817
176816
176815
176819
176820
176819
176820
176821
176821
176819
176821
176822
176821
176823
176823
176821
176824
176826
176821
176816
176814
176817
176819
176813
176813
176815
176814
176816
176815
176814
176813
176813
176816
176814
176812
176809
176805
176799
176797
176796
176798
176799
176801
176803
176803
176799
176797
176799
176801
176802
176798
176798
176804
176808
176809
176808
176809
176808
176808
176806
176806
176809
176810
176812
176811
176812
176812
176814
176814
176813
176812
176810
176809
176805
176804
176807
176808
176805
176804
176804
176802
176802
176804
176806
176806
176809
176807
176804
176806
176806
176806
176806
176808
176811
176815
176815
176808
176807
176811
176808
176806
176802
176803
176802
176802
176800
176799
176801
176800
176798
176802
176804
176804
176805
176806
176805
176804
176806
176809
176809
176807
176804
176802
176803
176805
176806
176802
176802
176806
176808
176808
176809
176814
176815
176815
176813
176810
176807
176807
176809
176808
176805
176808
176811
176810
176809
176812
176808
176809
176810
176811
176808
176804
176806
176811
176815
176814
176809
176808
176808
176806
176807
176809
176811
176814
176816
176814
176814
176812
176811
176813
176815
176817
176818
176816
176812
176815
176816
176814
176813
176812
176810
176809
176807
176805
176804
176802
176803
176804
176806
176806
176806
176806
176807
176808
176807
176807
176807
176811
176812
176812
176810
176808
176808
176810
176808
176806
176809
176810
176808
176806
176805
176805
176807
176810
176805
176804
176802
176800
176801
176802
176802
176803
176809
176814
176813
176812
176810
176809
176807
176803
176799
176796
176796
176794
176791
176794
176805
176811
176813
176819
176816
176814
176815
176815
176817
176815
176813
176813
176812
176812
176814
176815
176817
176817
176816
176812
176814
176818
176818
176819
176819
176817
176817
176818
176814
176814
176816
176816
176812
176811
176810
176810
176809
176807
176807
176806
176808
176810
176810
176813
176815
176813
176810
176810
176806
176805
176809
176811
176812
176813
176814
176811
176817
176819
176811
176805
176812
176822
176821
176821
176825
176826
176829
176828
176831
176836
176838
176837
176838
176837
176836
176837
176841
176850
176854
176851
176848
176846
176845
176842
176836
176834
176834
176834
176834
176831
176835
176844
176847
176849
176849
176849
176850
176849
176847
176845
176847
176848
176851
176851
176851
176848
176844
176843
176844
176840
176838
176836
176832
176837
176839
176841
176850
176854
176854
176856
176858
176857
176857
176859
176855
176853
176855
176855
176855
176853
176854
176859
176858
176857
176859
176862
176863
176861
176863
176867
176871
176872
176870
176868
176870
176872
176869
176869
176869
176867
176867
176865
176864
176862
176858
176855
176852
176851
176850
176851
176859
176857
176858
176865
176864
176863
176869
176870
176868
176866
176864
176864
176868
176867
176866
176869
176869
176869
176869
176867
176871
176876
176875
176873
176873
176871
176871
176872
176868
176864
176866
176864
176861
176857
176853
176854
176859
176859
176861
176863
176867
176870
176874
176877
176879
176881
176880
176873
176868
176866
176865
176867
176867
176865
176862
176864
176866
176866
176863
176868
176869
176867
176869
176869
176863
176865
176870
176869
176867
176866
176864
176869
176870
176867
176866
176864
176865
176869
176866
176862
176862
176863
176864
176862
176861
176864
176865
176864
176863
176863
176865
176868
176868
176870
176873
176873
176872
176869
176866
176869
176869
176868
176869
176869
176866
176866
176867
176866
176862
176859
176855
176849
176851
176853
176855
176856
176857
176858
176856
176858
176860
176865
176865
176864
176864
176865
176865
176869
176871
176873
176873
176873
176869
176861
176861
176861
176861
176860
176860
176862
176861
176860
176860
176860
176861
176861
176865
176869
176871
176872
176880
176883
176873
176864
176867
176866
176868
176862
176857
176857
176859
176861
176863
176863
176864
176866
176873
176873
176864
176862
176858
176856
176853
176856
176861
176858
176852
176854
176852
176848
176850
176851
176851
176851
176851
176849
176854
176857
176859
176860
176855
176854
176852
176847
176838
176836
176837
176831
176825
176824
176823
176826
176829
176828
176825
176825
176828
176825
176824
176824
176823
176821
176823
176824
176821
176819
176820
176815
176812
176812
176810
176809
176809
176807
176805
176805
176805
176802
176800
176795
176795
176797
176797
176797
176797
176800
176801
176798
176795
176792
176794
176798
176800
176797
176798
176797
176799
176802
176801
176798
176800
176799
176795
176800
176802
176802
176802
176798
176797
176800
176804
176804
176802
176800
176798
176797
176797
176796
176792
176792
176797
176796
176794
176791
176790
176791
176790
176788
176787
176787
176789
176790
176792
176795
176793
176793
176793
176792
176789
176787
176786
176787
176789
176787
176785
176786
176793
176795
176797
176800
176798
176798
176792
176792
176793
176791
176790
176792
176795
176794
176794
176796
176795
176794
176794
176793
176793
176793
176791
176789
176785
176786
176788
176781
176781
176779
176775
176773
176772
176772
176771
176773
176775
176773
176770
176775
176776
176778
176777
176776
176778
176781
176781
176778
176780
176783
176782
176782
176782
176780
176778
176777
176778
176775
176769
176767
176766
176764
176762
176762
176763
176767
176769
176768
176766
176770
176775
176773
176772
176770
176767
176774
176778
176775
176771
176772
176774
176774
176772
176770
176771
176774
176778
176778
176777
176775
176776
176780
176782
176783
176781
176781
176783
176779
176776
176778
176782
176781
176778
176776
176774
176777
176782
176782
176779
176778
176781
176783
176782
176782
176782
176779
176779
176778
176775
176777
176780
176780
176778
176777
176777
176774
176770
176774
176775
176774
176771
176773
176776
176775
176774
176776
176776
176772
176765
176774
176784
176780
176780
176781
176783
176783
176783
176783
176783
176785
176787
176789
176789
176794
176798
176799
176798
176796
176799
176805
176806
176801
176804
176814
176813
176817
176823
176826
176826
176829
176834
176832
176824
176828
176834
176832
176832
176833
176830
176827
176825
176831
176837
176839
176838
176838
176836
176836
176835
176834
176842
176847
176849
176850
176845
176850
176854
176850
176851
176856
176856
176855
176854
176851
176854
176856
176856
176858
176855
176855
176861
176859
176855
176854
176855
176860
176862
176858
176854
176853
176854
176853
176847
176848
176851
176850
176850
176850
176850
176850
176852
176854
176855
176853
176853
176858
176861
176858
176856
176857
176858
176856
176851
176853
176855
176855
176856
176852
176849
176849
176851
176852
176848
176847
176852
176855
176856
176858
176859
176859
176860
176861
176857
176855
176853
176857
176859
176856
176854
176857
176859
176860
176856
176856
176859
176859
176856
176854
176853
176852
176853
176850
176851
176852
176853
176855
176855
176855
176854
176853
176852
176851
176850
176848
176851
176856
176854
176854
176853
176856
176860
176863
176862
176859
176857
176856
176855
176858
176855
176851
176852
176855
176855
176852
176848
176851
176856
176857
176856
176856
176855
176855
176859
176859
176865
176864
176856
176857
176862
176861
176858
176861
176860
176857
176857
176856
176855
176852
176856
176859
176857
176855
176851
176849
176848
176848
176849
176845
176844
176845
176844
176840
176838
176838
176839
176839
176838
176838
176838
176838
176841
176847
176851
176855
176854
176855
176860
176858
176851
176846
176847
176847
176846
176840
176837
176837
176836
176836
176827
176826
176824
176820
176817
176814
176816
176817
176814
176817
176822
176822
176819
176820
176819
176818
176815
176814
176813
176815
176816
176818
176821
176822
176820
176819
176821
176823
176820
176816
176814
176817
176824
176821
176819
176820
176821
176824
176825
176825
176824
176825
176827
176827
176828
176831
176829
176825
176828
176827
176824
176823
176824
176825
176827
176823
176825
176826
176827
176824
176821
176819
176819
176822
176824
176824
176824
176823
176827
176829
176826
176828
176829
176829
176832
176832
176831
176828
176830
176832
176832
176832
176835
176835
176832
176833
176837
176840
176840
176836
176836
176838
176834
176827
176825
176827
176826
176824
176824
176825
176824
176822
176823
176827
176829
176828
176830
176830
176827
176828
176829
176830
176832
176833
176830
176826
176827
176828
176832
176832
176832
176836
176837
176837
176837
176834
176835
176836
176837
176834
176830
176828
176824
176820
176823
176826
176826
176827
176827
176827
176826
176828
176832
176832
176830
176832
176837
176836
176836
176839
176839
176840
176843
176843
176841
176840
176837
176836
176840
176849
176850
176850
176850
176851
176850
176845
176842
176842
176843
176841
176841
176845
176850
176850
176847
176845
176844
176842
176841
176841
176841
176842
176842
176839
176841
176842
176842
176846
176848
176848
176851
176855
176857
176859
176859
176856
176858
176861
176864
176861
176861
176860
176859
176861
176861
176857
176856
176857
176855
176855
176856
176857
176854
176854
176854
176856
176856
176856
176859
176858
176857
176858
176862
176861
176861
176861
176864
176865
176863
176864
176865
176865
176864
176860
176861
176863
176864
176867
176868
176866
176865
176863
176866
176866
176864
176869
176869
176868
176869
176867
176866
176866
176865
176865
176867
176866
176862
176864
176867
176865
176864
176865
176867
176869
176868
176866
176868
176865
176869
176872
176870
176872
176877
176880
176876
176870
176873
176875
176872
176867
176866
176863
176864
176863
176865
176870
176871
176873
176873
176871
176870
176869
176870
176873
176872
176869
176877
176881
176885
176880
176870
176873
176867
176859
176855
176850
176847
176848
176848
176848
176851
176846
176842
176840
176834
176829
176823
176819
176818
176817
176815
176818
176817
176816
176815
176815
176814
176815
176814
176811
176810
176807
176810
176811
176808
176804
176805
176808
176810
176809
176809
176812
176812
176808
176805
176808
176807
176805
176805
176804
176800
176799
176803
176804
176803
176805
176808
176806
176804
176808
176812
176813
176815
176818
176818
176818
176822
176822
176820
176814
176809
176814
176816
176815
176814
176812
176810
176813
176816
176814
176812
176812
176813
176812
176812
176808
176808
176811
176808
176807
176805
176807
176807
176808
176809
176806
176806
176810
176811
176810
176808
176811
176813
176815
176816
176814
176812
176814
176816
176817
176818
176817
176814
176816
176815
176811
176810
176808
176804
176806
176809
176808
176810
176811
176807
176807
176812
176812
176810
176807
176802
176804
176806
176808
176808
176810
176817
176814
176810
176808
176802
176804
176807
176806
176806
176808
176810
176811
176811
176804
176804
176807
176805
176803
176802
176798
176799
176800
176797
176793
176788
176790
176792
176792
176793
176793
176795
176796
176794
176792
176795
176795
176794
176793
176797
176797
176795
176796
176797
176793
176792
176797
176803
176804
176804
176805
176807
176807
176803
176806
176806
176804
176805
176804
176805
176802
176798
176799
176799
176802
176802
176802
176797
176798
176797
176795
176796
176798
176804
176805
176804
176805
176806
176805
176806
176809
176811
176810
176809
176805
176803
176807
176805
176802
176805
176807
176806
176814
176813
176816
176817
176813
176815
176820
176817
176818
176818
176820
176822
176821
176819
176819
176821
176820
176823
176824
176822
176822
176819
176819
176821
176820
176821
176819
176817
176815
176815
176814
176812
176814
176813
176814
176817
176817
176816
176812
176811
176815
176816
176811
176809
176811
176809
176813
176818
176819
176822
176824
176824
176820
176816
176815
176818
176817
176817
176818
176817
176817
176819
176820
176821
176821
176821
176820
176814
176812
176816
176819
176819
176817
176816
176816
176814
176816
176816
176812
176813
176814
176812
176813
176813
176813
176814
176813
176815
176819
176818
176819
176820
176816
176810
176809
176814
176817
176817
176818
176816
176820
176825
176823
176820
176819
176818
176817
176818
176819
176817
176817
176822
176822
176819
176828
176833
176835
176837
176839
176839
176838
176841
176842
176843
176845
176844
176840
176840
176838
176837
176838
176836
176833
176831
176833
176833
176837
176838
176838
176842
176844
176845
176846
176844
176844
176847
176847
176844
176841
176840
176843
176842
176838
176840
176843
176840
176843
176840
176839
176846
176845
176844
176842
176842
176845
176848
176849
176848
176847
176847
176850
176848
176848
176851
176853
176858
176860
176858
176857
176853
176851
176852
176854
176853
176853
176853
176852
176853
176857
176859
176857
176857
176855
176853
176853
176856
176854
176852
176851
176851
176854
176858
176861
176859
176856
176856
176858
176859
176857
176853
176852
176853
176850
176851
176858
176859
176858
176858
176860
176857
176855
176853
176853
176858
176860
176858
176857
176860
176862
176862
176862
176866
176865
176865
176867
176869
176864
176860
176864
176867
176868
176872
176871
176870
176877
176879
176879
176877
176877
176881
176884
176884
176883
176881
176880
176884
176884
176880
176880
176884
176884
176879
176876
176877
176884
176887
176889
176889
176889
176889
176888
176883
176878
176878
176878
176877
176875
176877
176878
176881
176880
176882
176882
176879
176880
176881
176883
176884
176880
176883
176889
176890
176887
176880
176875
176881
176887
176885
176886
176888
176888
176885
176882
176881
176877
176871
176872
176876
176876
176877
176880
176877
176876
176878
176880
176884
176887
176885
176888
176892
176896
176896
176897
176897
176898
176897
176895
176899
176899
176896
176894
176892
176888
176887
176893
176897
176896
176895
176895
176896
176897
176893
176889
176889
176889
176886
176882
176874
176874
176888
176898
176898
176898
176899
176900
176904
176901
176899
176900
176900
176904
176905
176903
176904
176907
176911
176912
176911
176905
176904
176905
176907
176907
176908
176911
176915
176916
176916
176919
176923
176925
176925
176922
176918
176915
176913
176911
176913
176912
176911
176914
176913
176913
176911
176912
176916
176915
176910
176910
176913
176912
176911
176910
176908
176910
176911
176911
176911
176910
176906
176908
176912
176913
176911
176914
176917
176916
176912
176912
176913
176912
176910
176910
176907
176906
176911
176914
176909
176904
176903
176902
176900
176899
176898
176898
176899
176902
176903
176901
176902
176903
176903
176901
176898
176901
176909
176912
176910
176904
176907
176912
176911
176908
176906
176903
176903
176903
176898
176898
176904
176906
176905
176903
176902
176906
176909
176908
176907
176903
176900
176900
176901
176894
176893
176896
176896
176898
176900
176899
176895
176898
176900
176897
176897
176898
176900
176900
176895
176892
176899
176906
176907
176904
176901
176901
176900
176897
176899
176899
176899
176901
176905
176904
176901
176899
176901
176898
176896
176897
176901
176902
176900
176898
176898
176897
176899
176897
176893
176887
176890
176894
176892
176893
176893
176895
176898
176897
176894
176893
176894
176896
176896
176897
176897
176903
176907
176905
176903
176903
176903
176902
176903
176903
176902
176901
176902
176902
176897
176894
176896
176898
176895
176892
176887
176889
176892
176891
176893
176891
176893
176895
176894
176897
176901
176907
176910
176910
176908
176904
176906
176906
176905
176903
176901
176897
176899
176902
176902
176899
176900
176906
176910
176909
176906
176906
176904
176904
176903
176902
176899
176901
176904
176904
176906
176910
176915
176905
176908
176914
176918
176920
176918
176917
176917
176917
176914
176914
176915
176914
176915
176912
176909
176906
176901
176898
176895
176893
176887
176882
176883
176880
176874
176872
176868
176869
176873
176868
176861
176859
176859
176854
176847
176848
176850
176851
176853
176853
176853
176852
176853
176855
176850
176852
176853
176851
176851
176852
176852
176852
176850
176850
176853
176854
176853
176851
176850
176849
176849
176847
176846
176844
176847
176844
176841
176840
176839
176836
176836
176839
176840
176842
176844
176841
176838
176840
176845
176845
176844
176841
176840
176841
176841
176840
176840
176844
176847
176846
176844
176848
176850
176851
176849
176849
176846
176844
176845
176841
176841
176840
176840
176840
176838
176840
176839
176836
176835
176836
176836
176828
176824
176840
176845
176838
176837
176838
176843
176845
176846
176849
176853
176852
176851
176847
176846
176851
176856
176857
176858
176856
176857
176863
176857
176855
176856
176855
176858
176863
176862
176857
176853
176853
176854
176851
176849
176850
176852
176850
176853
176854
176853
176854
176854
176853
176852
176855
176857
176857
176855
176855
176856
176857
176858
176857
176857
176860
176862
176859
176857
176856
176851
176856
176859
176857
176855
176861
176866
176867
176866
176864
176863
176860
176857
176855
176853
176853
176856
176858
176859
176859
176861
176861
176863
176864
176864
176863
176863
176865
176861
176861
176859
176858
176860
176861
176858
176857
176860
176859
176857
176854
176855
176861
176860
176859
176857
176857
176862
176862
176860
176862
176863
176861
176862
176859
176858
176861
176862
176864
176864
176864
176873
176872
176867
176865
176861
176859
176852
176852
176862
176868
176865
176869
176872
176873
176873
176876
176879
176879
176882
176885
176884
176886
176887
176885
176880
176881
176884
176886
176887
176886
176883
176883
176883
176880
176877
176878
176881
176884
176884
176882
176885
176884
176881
176881
176883
176886
176887
176885
176885
176884
176885
176886
176883
176880
176882
176888
176889
176892
176891
176891
176891
176889
176890
176891
176888
176886
176887
176884
176878
176876
176875
176875
176874
176874
176874
176872
176877
176882
176879
176877
176881
176882
176880
176877
176875
176880
176880
176877
176876
176875
176873
176877
176880
176882
176882
176883
176884
176882
176876
176875
176877
176875
176872
176870
176872
176880
176882
176877
176877
176888
176888
176888
176890
176895
176895
176900
176903
176905
176908
176911
176917
176922
176917
176910
176910
176911
176911
176906
176903
176904
176910
176915
176915
176911
176908
176908
176909
176910
176910
176912
176912
176911
176913
176901
176898
176912
176916
176911
176904
176910
176918
176919
176913
176911
176914
176920
176922
176916
176910
176908
176916
176921
176916
176911
176906
176914
176921
176919
176919
176921
176926
176928
176920
176912
176910
176920
176931
176932
176929
176925
176925
176930
176931
176929
176923
176919
176924
176929
176934
176933
176927
176928
176935
176935
176930
176928
176928
176927
176928
176928
176928
176927
176926
176921
176917
176919
176922
176918
176916
176923
176925
176926
176927
176921
176922
176930
176933
176932
176931
176932
176933
176938
176939
176936
176928
176931
176935
176928
176921
176923
176932
176937
176931
176928
176928
176937
176939
176936
176934
176929
176923
176922
176921
176918
176914
176917
176928
176931
176927
176927
176929
176933
176934
176931
176929
176931
176936
176936
176933
176932
176935
176934
176928
176928
176929
176928
176928
176927
176926
176925
176926
176928
176927
176924
176924
176926
176927
176926
176926
176926
176925
176930
176934
176934
176933
176937
176939
176934
176935
176937
176936
176938
176940
176938
176935
176934
176936
176936
176934
176933
176931
176931
176930
176925
176920
176923
176925
176924
176921
176919
176924
176926
176924
176921
176924
176926
176926
176925
176924
176920
176916
176916
176915
176913
176911
176913
176910
176911
176909
176907
176906
176907
176908
176911
176916
176923
176927
176930
176927
176922
176922
176921
176916
176912
176911
176912
176914
176909
176902
176904
176915
176915
176913
176914
176918
176923
176924
176927
176930
176932
176936
176935
176931
176926
176926
176929
176931
176930
176924
176924
176929
176928
176926
176925
176924
176924
176925
176925
176923
176923
176927
176931
176931
176932
176931
176933
176936
176933
176931
176928
176930
176935
176936
176932
176927
176926
176926
176921
176919
176922
176928
176934
176936
176936
176939
176943
176944
176942
176941
176941
176937
176933
176930
176925
176923
176925
176927
176925
176924
176922
176925
176928
176926
176925
176930
176932
176931
176930
176932
176939
176939
176937
176938
176935
176934
176939
176943
176943
176945
176945
176944
176946
176945
176936
176929
176929
176933
176931
176928
176929
176931
176929
176922
176915
176911
176913
176915
176913
176912
176914
176920
176929
176935
176933
176931
176937
176943
176942
176942
176944
176948
176949
176943
176940
176937
176935
176936
176933
176928
176928
176928
176929
176929
176928
176929
176933
176933
176935
176933
176930
176930
176932
176935
176936
176938
176944
176945
176940
176936
176935
176935
176936
176941
176940
176940
176942
176942
176942
176943
176945
176945
176943
176942
176939
176940
176944
176947
176948
176942
176938
176940
176941
176940
176939
176936
176935
176939
176941
176946
176949
176953
176955
176952
176949
176949
176953
176954
176950
176943
176938
176937
176942
176942
176933
176931
176936
176933
176926
176923
176929
176928
176927
176922
176923
176923
176918
176918
176913
176908
176903
176904
176906
176902
176894
176891
176887
176887
176888
176881
176878
176878
176875
176881
176879
176873
176873
176872
176869
176869
176864
176862
176863
176860
176856
176852
176854
176858
176855
176851
176847
176848
176855
176857
176855
176854
176858
176864
176863
176862
176860
176859
176858
176854
176855
176860
176861
176863
176864
176863
176862
176860
176859
176860
176860
176859
176860
176864
176862
176862
176862
176860
176858
176858
176861
176860
176859
176861
176860
176860
176860
176864
176868
176865
176864
176864
176863
176863
176860
176860
176862
176864
176865
176866
176866
176866
176864
176863
176865
176867
176866
176868
176871
176867
176862
176859
176861
176862
176861
176859
176859
176861
176860
176862
176862
176861
176863
176864
176866
176866
176866
176866
176869
176866
176860
176854
176856
176858
176858
176857
176857
176861
176864
176868
176872
176872
176871
176870
176868
176866
176863
176864
176868
176867
176866
176864
176865
176865
176863
176864
176865
176866
176867
176871
176871
176871
176875
176875
176871
176870
176870
176870
176870
176867
176863
176858
176861
176876
176879
176877
176875
176878
176880
176882
176881
176887
176891
176890
176893
176899
176899
176898
176898
176903
176907
176905
176908
176913
176917
176922
176927
176929
176930
176931
176932
176931
176937
176941
176939
176940
176940
176940
176940
176936
176939
176942
176940
176943
176949
176951
176949
176949
176949
176953
176953
176953
176957
176957
176961
176963
176961
176961
176962
176966
176967
176967
176970
176975
176979
176977
176976
176976
176980
176975
176976
176980
176981
176985
176984
176982
176988
176988
176989
176987
176984
176986
176986
176985
176989
176990
176988
176988
176984
176984
176986
176987
176990
176989
176988
176987
176985
176984
176985
176987
176983
176982
176986
176988
176986
176985
176986
176988
176987
176984
176988
176989
176990
176991
176987
176983
176984
176984
176983
176986
176989
176989
176988
176991
176994
176991
176988
176987
176990
176990
176987
176983
176980
176980
176984
176982
176981
176984
176986
176985
176981
176977
176980
176984
176982
176980
176979
176981
176985
176982
176979
176980
176980
176978
176978
176981
176981
176982
176985
176982
176977
176981
176985
176985
176986
176986
176983
176981
176983
176982
176979
176979
176979
176981
176980
176976
176975
176975
176978
176980
176980
176979
176979
176978
176974
176974
176975
176976
176981
176985
176986
176988
176988
176986
176983
176982
176981
176980
176980
176977
176974
176979
176984
176989
176989
176989
176988
176987
176987
176983
176980
176975
176973
176976
176975
176974
176974
176975
176979
176978
176975
176974
176976
176977
176977
176979
176981
176985
176986
176982
176983
176983
176984
176985
176984
176982
176981
176980
176978
176980
176982
176982
176979
176983
176988
176988
176986
176989
176991
176989
176987
176986
176984
176986
176989
176988
176987
176987
176988
176985
176982
176986
176988
176985
176982
176983
176985
176986
176985
176985
176984
176984
176988
176990
176991
176991
176993
176994
176993
176985
176982
176986
176991
176990
176992
176994
176994
176996
176996
176991
176988
176989
176991
176991
176989
176989
176987
176989
176989
176984
176981
176986
176988
176988
176989
176989
176989
176989
176985
176986
176988
176989
176988
176987
176987
176987
176987
176987
176988
176988
176985
176988
176994
176994
176995
176991
176988
176990
176988
176986
176985
176980
176980
176984
176981
176979
176979
176983
176988
176987
176984
176982
176981
176982
176982
176983
176981
176983
176988
176989
176988
176990
176992
176997
177000
176996
176993
176992
176991
176988
176987
176986
176987
176993
176996
176996
176994
176994
176996
176991
176993
177000
177002
177002
177001
176996
176995
176997
176997
176996
176995
176995
176998
176999
176999
177003
177006
177008
177008
177006
177003
177004
177009
177011
177010
177006
177004
177003
177002
177000
176999
177002
177003
177001
176998
176999
177002
177006
177006
177001
176999
177000
176999
177000
177003
177001
176999
177000
177001
176999
176997
177000
177000
176999
176994
176988
176989
176991
176989
176991
176991
176991
176987
176990
176996
176992
176992
176996
176997
176996
176998
177000
176999
176998
177004
177004
177003
177003
177001
176998
176994
176993
176995
176998
176996
176996
176998
176999
177001
177002
177004
177008
177010
177006
176994
176992
176995
176995
176997
176992
176988
176986
176989
176988
176979
176975
176978
176980
176983
176982
176982
176983
176985
176987
176983
176981
176980
176977
176972
176965
176959
176958
176960
176959
176953
176950
176946
176948
176950
176951
176951
176948
176947
176948
176946
176943
176947
176947
176950
176947
176945
176946
176945
176944
176942
176946
176945
176945
176947
176946
176945
176943
176945
176946
176944
176942
176940
176945
176952
176949
176945
176943
176940
176942
176943
176942
176942
176943
176942
176937
176936
176936
176939
176940
176938
176934
176939
176938
176934
176933
176926
176927
176928
176925
176922
176925
176924
176924
176926
176925
176923
176919
176920
176921
176921
176923
176925
176926
176927
176925
176920
176918
176921
176926
176925
176924
176926
176929
176929
176929
176927
176924
176922
176922
176920
176918
176916
176921
176924
176922
176921
176922
176922
176920
176922
176924
176923
176925
176927
176928
176927
176924
176922
176922
176919
176918
176917
176919
176924
176924
176923
176924
176926
176930
176930
176924
176919
176915
176914
176916
176914
176912
176911
176908
176909
176904
176902
176901
176902
176907
176909
176911
176913
176918
176916
176912
176913
176922
176922
176918
176914
176913
176911
176908
176908
176907
176907
176906
176907
176906
176912
176921
176926
176931
176937
176937
176940
176943
176940
176935
176934
176936
176935
176935
176936
176939
176940
176938
176940
176944
176950
176956
176961
176969
176971
176970
176969
176969
176972
176971
176967
176965
176966
176967
176967
176969
176970
176970
176970
176973
176976
176977
176979
176977
176974
176974
176974
176975
176977
176979
176976
176982
176989
176990
176990
176990
176988
176988
176995
176997
176996
176994
176995
176997
176994
176989
176984
176982
176985
176988
176988
176992
176990
176990
176988
176984
176984
176986
176991
176994
176992
176990
176991
176988
176985
176992
176998
176998
176995
176996
176993
176995
176998
176998
176990
176989
176992
176994
176993
176991
176991
176990
176989
176992
176992
176994
176991
176989
176994
176997
176993
176990
176991
176994
176994
176991
176989
176992
176995
176994
176994
176998
177000
177001
176999
176995
176992
176994
176997
176997
176997
176997
176997
176995
176997
176998
176998
177001
177006
177004
176998
176996
176997
176998
176995
176995
176995
176998
177000
176995
176992
176995
176996
176998
176996
176992
176990
176992
176993
176991
176989
176987
176989
176993
176993
176993
176992
176995
176996
176994
176994
176993
176994
176997
176996
176992
176993
176997
176999
176996
176992
176991
176992
176997
176999
176997
176993
176996
176999
177000
176999
176999
176998
176997
176998
176994
176995
176995
176998
176998
176995
176991
176989
176995
176993
176989
176990
176993
177001
177006
177004
177005
177007
177007
177005
177003
177003
177004
177005
177004
177002
177003
177005
177006
177007
177004
177003
177002
177008
177015
177016
177014
177014
177014
177012
177009
177008
177014
177018
177019
177023
177025
177027
177028
177027
177027
177031
177032
177031
177032
177030
177027
177023
177026
177028
177026
177035
177045
177046
177038
177037
177038
177046
177052
177049
177043
177039
177042
177056
177063
177058
177056
177057
177055
177054
177055
177049
177051
177057
177060
177057
177057
177065
177062
177056
177057
177055
177055
177058
177058
177054
177054
177056
177057
177056
177060
177060
177068
177068
177064
177063
177063
177060
177055
177062
177061
177057
177057
177058
177062
177071
177071
177062
177065
177059
177052
177055
177056
177056
177055
177054
177059
177061
177053
177054
177060
177063
177058
177055
177055
177055
177057
177061
177062
177059
177058
177055
177050
177054
177055
177051
177055
177055
177050
177048
177053
177052
177047
177043
177048
177056
177052
177051
177052
177054
177049
177050
177047
177054
177055
177053
177054
177050
177055
177055
177055
177055
177058
177058
177059
177061
177061
177061
177062
177062
177064
177069
177067
177063
177061
177059
177060
177060
177057
177056
177053
177058
177060
177058
177064
177066
177066
177068
177069
177066
177056
177052
177064
177068
177065
177064
177064
177068
177069
177069
177066
177058
177059
177068
177062
177059
177058
177059
177061
177061
177063
177063
177067
177066
177062
177060
177062
177065
177064
177064
177064
177068
177072
177070
177068
177068
177071
177074
177071
177068
177064
177070
177081
177080
177074
177069
177071
177074
177073
177074
177070
177071
177073
177075
177075
177072
177067
177068
177069
177066
177062
177066
177069
177067
177057
177054
177063
177066
177062
177062
177068
177071
177072
177067
177063
177056
177057
177066
177068
177067
177069
177072
177075
177076
177072
177068
177071
177072
177067
177063
177064
177069
177071
177072
177073
177070
177066
177065
177068
177068
177060
177061
177063
177057
177061
177067
177065
177061
177058
177060
177057
177054
177054
177060
177060
177057
177057
177058
177057
177061
177059
177058
177061
177061
177060
177059
177059
177065
177064
177059
177061
177064
177064
177064
177059
177048
177051
177052
177051
177051
177051
177051
177052
177050
177059
177062
177053
177051
177052
177050
177048
177046
177049
177051
177050
177049
177045
177042
177043
177046
177046
177050
177057
177058
177059
177060
177058
177057
177054
177048
177043
177046
177051
177050
177048
177047
177049
177050
177050
177051
177047
177043
177041
177041
177047
177043
177039
177035
177041
177044
177044
177045
177044
177043
177040
177042
177044
177045
177046
177044
177042
177042
177045
177045
177038
177032
177030
177033
177033
177021
177020
177024
177027
177030
177031
177032
177037
177040
177042
177042
177038
177038
177036
177029
177029
177026
177022
177025
177027
177030
177031
177035
177044
177045
177041
177041
177037
177034
177033
177032
177034
177035
177034
177031
177028
177031
177038
177043
177046
177045
177043
177049
177050
177052
177050
177044
177040
177037
177032
177027
177029
177031
177029
177026
177027
177036
177039
177039
177046
177054
177055
177052
177049
177047
177046
177048
177045
177045
177044
177039
177036
177032
177038
177042
177046
177050
177049
177055
177060
177059
177058
177051
177047
177052
177050
177048
177051
177054
177053
177050
177045
177045
177051
177052
177053
177059
177061
177055
177053
177049
177047
177046
177049
177054
177056
177055
177055
177055
177058
177057
177056
177059
177062
177059
177054
177057
177057
177061
177063
177061
177057
177055
177058
177058
177054
177055
177057
177062
177065
177061
177056
177065
177068
177068
177066
177059
177058
177061
177059
177058
177052
177050
177056
177065
177066
177060
177060
177063
177062
177059
177062
177060
177059
177056
177057
177059
177062
177061
177061
177061
177061
177061
177064
177063
177058
177062
177068
177064
177065
177065
177062
177060
177062
177059
177056
177059
177063
177060
177055
177052
177056
177060
177059
177057
177056
177057
177064
177067
177070
177069
177063
177067
177076
177077
177076
177071
177069
177068
177069
177068
177065
177062
177065
177070
177071
177069
177071
177075
177074
177066
177058
177061
177067
177069
177068
177063
177067
177073
177073
177069
177068
177069
177069
177070
177068
177068
177068
177068
177075
177074
177069
177070
177070
177070
177070
177071
177076
177076
177071
177069
177072
177075
177073
177075
177077
177073
177075
177076
177072
177070
177074
177076
177073
177071
177070
177066
177065
177075
177074
177071
177077
177079
177080
177082
177081
177077
177075
177074
177073
177074
177075
177077
177077
177079
177082
177081
177084
177085
177087
177088
177083
177083
177089
177091
177085
177082
177081
177082
177082
177077
177076
177077
177080
177081
177079
177076
177078
177083
177084
177080
177078
177078
177080
177079
177082
177081
177080
177082
177084
177080
177079
177078
177076
177076
177078
177080
177078
177078
177079
177078
177074
177074
177078
177080
177076
177073
177076
177084
177085
177084
177082
177085
177084
177085
177081
177077
177074
177074
177079
177077
177077
177082
177087
177083
177072
177071
177068
177064
177069
177069
177066
177068
177069
177072
177072
177072
177078
177081
177081
177077
177075
177075
177075
177076
177072
177073
177076
177075
177077
177073
177068
177074
177079
177078
177076
177069
177065
177071
177074
177075
177073
177075
177078
177076
177070
177071
177078
177080
177078
177077
177074
177073
177071
177071
177069
177069
177071
177072
177072
177070
177075
177076
177077
177079
177076
177073
177072
177074
177074
177071
177066
177068
177072
177073
177068
177068
177069
177071
177074
177072
177070
177071
177072
177075
177079
177082
177087
177085
177078
177074
177074
177076
177078
177079
177082
177084
177081
177079
177080
177078
177073
177074
177078
177077
177077
177076
177073
177071
177075
177073
177070
177074
177079
177077
177072
177068
177067
177066
177065
177068
177069
177065
177063
177070
177076
177072
177071
177073
177074
177071
177069
177075
177081
177082
177081
177080
177077
177076
177071
177073
177076
177075
177076
177077
177073
177072
177074
177076
177075
177073
177069
177066
177070
177075
177074
177071
177071
177075
177074
177073
177068
177073
177074
177074
177073
177077
177078
177078
177075
177071
177073
177076
177077
177078
177077
177075
177074
177074
177072
177073
177073
177074
177077
177074
177068
177067
177068
177071
177073
177071
177069
177070
177072
177070
177062
177062
177069
177072
177070
177073
177074
177074
177074
177075
177078
177078
177076
177075
177073
177074
177071
177071
177079
177076
177072
177073
177076
177086
177087
177080
177075
177077
177080
177075
177075
177077
177079
177079
177083
177084
177085
177085
177082
177084
177082
177076
177078
177082
177080
177074
177077
177080
177079
177076
177075
177077
177075
177077
177078
177076
177074
177075
177071
177071
177074
177074
177075
177081
177086
177082
177076
177077
177080
177079
177078
177077
177079
177078
177076
177077
177080
177079
177082
177081
177076
177072
177074
177078
177077
177074
177075
177072
177078
177083
177083
177081
177078
177082
177081
177083
177085
177083
177079
177074
177078
177085
177083
177083
177087
177089
177085
177080
177082
177080
177078
177077
177077
177080
177084
177082
177081
177085
177088
177085
177080
177078
177077
177077
177080
177083
177077
177078
177086
177087
177086
177083
177081
177083
177085
177085
177080
177080
177078
177077
177072
177071
177082
177085
177086
177085
177086
177088
177089
177087
177085
177082
177084
177084
177080
177085
177087
177085
177089
177089
177085
177088
177090
177088
177087
177082
177081
177083
177084
177084
177083
177081
177087
177094
177097
177093
177088
177091
177096
177099
177100
177097
177097
177100
177098
177100
177098
177099
177101
177101
177099
177093
177093
177098
177100
177103
177098
177095
177097
177100
177097
177096
177096
177096
177099
177100
177102
177102
177104
177104
177104
177104
177105
177111
177111
177106
177103
177106
177110
177109
177103
177104
177105
177105
177106
177102
177100
177107
177109
177109
177106
177106
177109
177112
177112
177109
177115
177115
177115
177110
177110
177111
177110
177109
177107
177102
177102
177107
177106
177104
177107
177106
177109
177112
177108
177108
177108
177110
177114
177113
177112
177112
177112
177113
177110
177107
177106
177112
177116
177111
177112
177112
177115
177118
177117
177119
177120
177121
177121
177118
177116
177115
177110
177113
177116
177115
177112
177108
177110
177113
177111
177113
177117
177119
177118
177115
177108
177110
177118
177119
177118
177116
177123
177128
177127
177126
177123
177118
177118
177126
177130
177126
177128
177135
177134
177129
177126
177127
177132
177133
177129
177122
177126
177128
177130
177128
177123
177123
177125
177127
177127
177125
177125
177126
177126
177124
177121
177124
177126
177131
177129
177125
177125
177126
177126
177126
177123
177121
177124
177126
177124
177124
177127
177131
177131
177130
177130
177133
177138
177138
177132
177129
177134
177139
177138
177136
177137
177139
177136
177134
177127
177128
177136
177140
177141
177136
177136
177137
177138
177135
177134
177131
177127
177131
177133
177127
177126
177128
177130
177130
177126
177125
177131
177133
177129
177128
177126
177130
177133
177130
177132
177133
177135
177135
177135
177135
177137
177139
177141
177142
177141
177142
177143
177143
177142
177139
177136
177134
177131
177133
177138
177137
177137
177137
177134
177132
177133
177133
177136
177142
177140
177133
177132
177140
177137
177133
177131
177135
177142
177143
177139
177140
177142
177143
177143
177143
177139
177138
177143
177147
177148
177150
177153
177154
177156
177154
177150
177145
177140
177139
177140
177142
177145
177146
177146
177141
177139
177144
177147
177147
177145
177139
177142
177147
177146
177142
177142
177145
177141
177139
177146
177143
177139
177141
177140
177135
177135
177139
177141
177144
177144
177139
177137
177134
177135
177135
177135
177134
177128
177127
177129
177130
177130
177130
177127
177127
177133
177140
177143
177142
177137
177132
177131
177132
177128
177124
177122
177129
177135
177137
177136
177137
177134
177133
177135
177132
177128
177129
177129
177126
177124
177126
177131
177132
177128
177126
177123
177124
177129
177127
177122
177123
177124
177125
177127
177128
177126
177126
177129
177131
177128
177125
177129
177131
177131
177130
177127
177123
177127
177131
177133
177132
177134
177135
177130
177129
177129
177134
177137
177136
177133
177131
177135
177144
177146
177142
177135
177132
177135
177136
177135
177134
177135
177136
177136
177135
177130
177135
177139
177139
177135
177131
177130
177137
177139
177134
177127
177133
177143
177142
177138
177137
177141
177145
177147
177143
177139
177143
177147
177144
177143
177140
177138
177143
177148
177146
177142
177146
177147
177144
177140
177137
177143
177150
177150
177148
177146
177145
177142
177141
177142
177141
177137
177137
177137
177138
177136
177136
177139
177145
177146
177144
177147
177151
177149
177149
177148
177153
177155
177155
177153
177150
177147
177154
177158
177153
177150
177150
177149
177147
177147
177145
177144
177147
177146
177140
177138
177139
177138
177141
177140
177138
177138
177143
177144
177139
177141
177142
177142
177142
177141
177143
177149
177151
177146
177142
177140
177144
177145
177146
177144
177141
177137
177138
177138
177138
177135
177134
177138
177137
177138
177138
177136
177135
177135
177134
177135
177133
177129
177132
177137
177134
177133
177137
177138
177140
177147
177149
177146
177143
177146
177145
177141
177141
177141
177139
177136
177136
177139
177140
177138
177136
177135
177141
177143
177137
177136
177137
177135
177130
177137
177143
177139
177135
177138
177142
177138
177140
177141
177145
177146
177144
177142
177144
177145
177143
177140
177137
177136
177141
177145
177142
177139
177140
177144
177145
177143
177146
177147
177145
177143
177141
177141
177146
177143
177141
177142
177142
177141
177142
177138
177135
177133
177131
177135
177136
177134
177137
177142
177145
177141
177141
177142
177144
177139
177135
177138
177143
177139
177136
177136
177133
177134
177138
177136
177133
177127
177129
177133
177132
177129
177125
177124
177129
177128
177129
177131
177134
177136
177136
177136
177134
177128
177130
177133
177131
177127
177125
177123
177124
177124
177125
177127
177125
177124
177123
177119
177123
177128
177126
177126
177126
177126
177126
177125
177124
177123
177119
177121
177122
177119
177118
177115
177114
177120
177120
177117
177121
177121
177117
177119
177121
177119
177124
177124
177120
177122
177124
177125
177123
177120
177124
177124
177124
177126
177125
177127
177131
177133
177129
177124
177120
177123
177125
177124
177123
177123
177128
177129
177127
177124
177124
177122
177119
177118
177116
177110
177112
177113
177110
177116
177116
177117
177119
177118
177114
177111
177115
177120
177121
177119
177116
177115
177116
177114
177112
177112
177116
177117
177115
177116
177115
177116
177117
177116
177119
177119
177118
177118
177121
177120
177120
177122
177125
177124
177123
177127
177130
177130
177126
177123
177122
177122
177120
177117
177117
177118
177119
177118
177120
177118
177115
177113
177115
177115
177116
177118
177121
177125
177123
177122
177126
177128
177132
177131
177127
177129
177134
177135
177133
177130
177127
177126
177126
177124
177118
177117
177121
177126
177127
177125
177127
177128
177128
177127
177124
177123
177123
177125
177128
177126
177126
177127
177125
177122
177125
177128
177130
177135
177136
177134
177132
177133
177133
177130
177127
177128
177127
177127
177131
177130
177129
177132
177133
177132
177133
177131
177133
177139
177139
177134
177128
177128
177135
177132
177128
177129
177133
177134
177136
177134
177134
177137
177139
177140
177139
177136
177137
177140
177135
177132
177136
177142
177145
177143
177142
177142
177141
177143
177145
177146
177145
177145
177148
177148
177143
177145
177147
177143
177141
177137
177141
177144
177144
177146
177147
177142
177144
177153
177153
177150
177147
177148
177155
177157
177152
177148
177150
177150
177148
177149
177150
177148
177153
177156
177155
177155
177159
177159
177159
177159
177155
177157
177161
177159
177156
177154
177155
177156
177158
177159
177158
177157
177157
177156
177161
177161
177159
177159
177159
177161
177163
177165
177161
