168066
168069
168066
168063
168063
168066
168068
168065
168059
168059
168062
168066
168062
168056
168054
168058
168062
168060
168054
168050
168053
168055
168049
168042
168043
168047
168050
168048
168042
168038
168039
168041
168037
168032
168031
168037
168044
168041
168035
168036
168045
168052
168052
168050
168050
168054
168057
168055
168050
168050
168055
168061
168059
168055
168054
168059
168061
168056
168050
168049
168053
168058
168057
168054
168053
168058
168062
168058
168054
168052
168054
168058
168054
168049
168046
168051
168054
168050
168046
168046
168052
168056
168053
168048
168046
168048
168051
168048
168044
168044
168047
168049
168046
168041
168039
168042
168044
168040
168037
168036
168040
168042
168038
168033
168032
168037
168041
168038
168035
168034
168039
168043
168039
168034
168032
168036
168039
168034
168031
168031
168036
168040
168039
168034
168033
168038
168042
168040
168035
168034
168037
168041
168037
168031
168029
168031
168034
168031
168027
168026
168031
168035
168031
168025
168022
168024
168026
168024
168021
168019
168022
168025
168021
168016
168012
168013
168017
168014
168007
168003
168005
168008
168005
168000
167996
167998
168003
168002
167998
167996
168001
168006
168006
168003
168005
168014
168023
168022
168019
168019
168024
168030
168029
168023
168021
168028
168035
168034
168030
168030
168036
168041
168038
168032
168031
168038
168042
168039
168034
168032
168037
168041
168037
168033
168030
168033
168038
168035
168029
168028
168032
168035
168035
168031
168031
168036
168042
168040
168035
168032
168034
168040
168039
168034
168031
168036
168042
168041
168037
168034
168037
168042
168041
168036
168033
168037
168039
168035
168027
168023
168027
168031
168028
168022
168019
168022
168027
168025
168020
168018
168023
168028
168025
168020
168016
168019
168024
168023
168017
168015
168020
168025
168022
168018
168016
168023
168031
168029
168025
168024
168031
168037
168036
168032
168029
168033
168037
168035
168029
168028
168033
168037
168034
168027
168020
168020
168023
168020
168015
168011
168016
168019
168015
168008
168009
168015
168023
168023
168021
168023
168029
168037
168040
168038
168037
168041
168045
168042
168036
168034
168039
168044
168042
168037
168034
168039
168045
168045
168042
168039
168043
168049
168048
168043
168040
168044
168048
168045
168040
168037
168040
168044
168044
168040
168037
168041
168045
168044
168039
168035
168042
168049
168048
168044
168041
168046
168050
168049
168044
168041
168046
168050
168048
168042
168039
168042
168046
168044
168039
168037
168043
168046
168044
168039
168037
168041
168044
168042
168040
168041
168046
168053
168052
168047
168045
168049
168052
168051
168047
168042
168044
168048
168045
168038
168036
168041
168047
168044
168038
168035
168039
168045
168044
168039
168035
168039
168044
168042
168036
168031
168033
168038
168037
168033
168030
168035
168041
168042
168040
168036
168039
168043
168041
168034
168032
168036
168040
168037
168030
168026
168029
168034
168032
168029
168029
168034
168040
168040
168036
168030
168034
168041
168042
168036
168032
168036
168038
168035
168029
168027
168032
168038
168035
168029
168025
168029
168035
168037
168035
168033
168037
168041
168038
168033
168030
168032
168035
168031
168023
168015
168016
168019
168019
168014
168011
168017
168023
168023
168021
168020
168025
168029
168030
168025
168019
168021
168025
168022
168015
168009
168012
168015
168012
168005
168002
168007
168013
168014
168011
168010
168016
168022
168021
168018
168016
168020
168023
168021
168015
168010
168012
168016
168014
168009
168007
168012
168019
168019
168015
168014
168019
168023
168022
168017
168014
168018
168023
168023
168019
168016
168019
168022
168019
168009
168003
168007
168011
168013
168010
168006
168010
168015
168014
168009
168006
168010
168013
168013
168007
168005
168010
168014
168013
168008
168003
168004
168006
168005
168002
168001
168008
168014
168015
168013
168011
168014
168019
168020
168019
168016
168020
168025
168025
168020
168016
168018
168022
168021
168014
168010
168014
168018
168018
168014
168011
168016
168022
168024
168023
168022
168028
168034
168033
168027
168023
168027
168031
168030
168025
168019
168019
168021
168020
168016
168014
168019
168027
168030
168028
168026
168031
168038
168038
168034
168030
168033
168037
168036
168030
168025
168027
168029
168026
168019
168012
168013
168017
168018
168014
168012
168017
168025
168028
168027
168025
168029
168033
168034
168030
168026
168029
168034
168034
168028
168024
168028
168032
168032
168029
168029
168034
168039
168039
168037
168035
168040
168045
168045
168040
168035
168037
168042
168043
168038
168034
168036
168040
168040
168034
168031
168035
168041
168044
168040
168036
168038
168042
168042
168036
168032
168037
168042
168043
168038
168032
168033
168038
168040
168037
168033
168035
168039
168040
168035
168031
168034
168039
168041
168037
168034
168039
168045
168045
168039
168037
168042
168048
168051
168048
168043
168047
168051
168049
168042
168037
168040
168044
168045
168041
168037
168040
168044
168045
168041
168036
168038
168042
168043
168038
168036
168041
168047
168047
168043
168039
168042
168046
168046
168040
168035
168039
168045
168047
168044
168041
168045
168049
168049
168045
168042
168045
168049
168049
168044
168040
168042
168046
168048
168044
168040
168041
168045
168043
168036
168030
168032
168033
168032
168026
168022
168027
168033
168034
168032
168031
168038
168045
168047
168042
168038
168042
168048
168050
168045
168040
168041
168043
168042
168036
168032
168035
168040
168041
168039
168037
168039
168041
168043
168041
168039
168042
168045
168046
168042
168038
168041
168046
168047
168043
168038
168040
168043
168043
168040
168036
168038
168044
168046
168040
168034
168039
168044
168045
168043
168039
168043
168048
168047
168041
168037
168039
168042
168043
168038
168034
168038
168042
168044
168041
168038
168040
168045
168047
168042
168038
168041
168046
168047
168042
168037
168041
168047
168048
168046
168043
168047
168050
168051
168048
168044
168045
168050
168052
168048
168044
168048
168054
168056
168050
168044
168047
168053
168056
168052
168049
168053
168058
168061
168057
168051
168054
168059
168060
168054
168050
168053
168060
168062
168058
168056
168060
168065
168066
168061
168056
168059
168064
168065
168058
168052
168056
168062
168062
168056
168051
168055
168059
168062
168057
168053
168055
168059
168060
168057
168053
168057
168061
168064
168061
168058
168060
168064
168064
168058
168053
168055
168061
168064
168060
168056
168060
168066
168069
168064
168058
168060
168064
168065
168060
168055
168057
168063
168067
168063
168059
168063
168069
168071
168067
168060
168061
168065
168068
168063
168059
168063
168067
168068
168060
168055
168055
168059
168058
168052
168049
168052
168056
168057
168053
168050
168052
168057
168060
168057
168051
168051
168056
168059
168054
168049
168049
168052
168052
168046
168042
168043
168046
168049
168046
168043
168046
168052
168059
168058
168057
168062
168069
168073
168070
168067
168071
168075
168077
168074
168071
168074
168080
168085
168081
168077
168079
168084
168087
168083
168081
168085
168092
168095
168090
168083
168086
168092
168095
168090
168085
168087
168090
168094
168091
168087
168089
168094
168096
168090
168084
168084
168088
168090
168086
168083
168082
168086
168088
168082
168079
168082
168088
168092
168089
168086
168088
168092
168093
168087
168082
168083
168087
168089
168083
168078
168078
168082
168085
168079
168069
168065
168066
168067
168063
168061
168064
168071
168076
168073
168072
168076
168084
168091
168089
168085
168086
168090
168093
168089
168083
168083
168086
168086
168080
168074
168073
168076
168077
168073
168068
168070
168075
168079
168074
168070
168075
168083
168088
168084
168080
168083
168090
168093
168088
168081
168081
168084
168083
168076
168068
168067
168069
168071
168066
168062
168064
168070
168073
168069
168063
168065
168072
168075
168070
168062
168059
168059
168058
168051
168042
168039
168040
168040
168034
168028
168030
168037
168042
168038
168032
168032
168035
168036
168031
168025
168024
168026
168027
168022
168017
168018
168024
168029
168026
168024
168028
168036
168041
168039
168035
168035
168037
168039
168033
168026
168025
168027
168028
168022
168016
168016
168019
168021
168016
168012
168015
168022
168029
168029
168027
168029
168036
168041
168038
168034
168035
168039
168043
168039
168034
168035
168040
168045
168045
168044
168047
168056
168063
168060
168056
168057
168061
168062
168056
168049
168049
168053
168057
168052
168047
168047
168054
168059
168057
168055
168056
168061
168064
168060
168056
168058
168063
168066
168062
168056
168055
168059
168061
168060
168057
168059
168065
168069
168065
168062
168064
168070
168076
168076
168075
168080
168087
168092
168089
168084
168084
168087
168090
168085
168078
168075
168077
168081
168077
168070
168068
168073
168079
168077
168073
168074
168079
168084
168080
168075
168077
168086
168093
168089
168083
168083
168086
168086
168079
168072
168072
168078
168082
168077
168073
168075
168080
168087
168089
168087
168088
168094
168096
168091
168083
168081
168084
168084
168079
168073
168074
168079
168082
168076
168070
168071
168076
168081
168079
168077
168081
168089
168095
168093
168087
168086
168090
168091
168084
168078
168076
168078
168080
168075
168069
168068
168073
168077
168076
168076
168079
168086
168089
168088
168088
168090
168096
168100
168096
168091
168090
168092
168092
168085
168080
168080
168084
168088
168085
168081
168080
168085
168090
168087
168086
168088
168093
168099
168097
168095
168096
168103
168107
168101
168094
168093
168096
168099
168093
168085
168084
168088
168091
168086
168079
168078
168082
168086
168084
168082
168085
168091
168097
168097
168095
168096
168102
168108
168107
168102
168102
168106
168108
168103
168098
168095
168098
168101
168097
168092
168090
168093
168097
168094
168091
168091
168097
168105
168105
168103
168104
168111
168115
168110
168103
168100
168103
168105
168100
168093
168092
168096
168099
168095
168091
168090
168093
168097
168094
168089
168089
168095
168100
168097
168093
168092
168094
168095
168092
168087
168084
168086
168087
168082
168081
168084
168091
168098
168097
168093
168093
168098
168101
168096
168089
168088
168095
168100
168096
168090
168089
168095
168098
168094
168091
168093
168098
168103
168101
168095
168095
168099
168102
168096
168090
168090
168095
168100
168098
168094
168094
168099
168101
168097
168092
168091
168095
168098
168094
168089
168088
168093
168097
168093
168091
168092
168099
168103
168099
168094
168093
168095
168098
168096
168093
168093
168098
168102
168100
168096
168095
168099
168104
168100
168094
168091
168095
168098
168096
168092
168093
168098
168101
168099
168096
168096
168102
168108
168107
168102
168102
168107
168112
168111
168107
168107
168111
168115
168112
168108
168107
168109
168112
168108
168102
168099
168102
168106
168102
168097
168094
168097
168102
168100
168095
168095
168101
168104
168100
168094
168093
168098
168105
168105
168102
168102
168106
168109
168104
168099
168098
168103
168106
168102
168097
168097
168100
168102
168098
168094
168093
168097
168101
168098
168094
168094
168100
168104
168102
168097
168096
168100
168102
168098
168094
168095
168101
168105
168102
168096
168095
168100
168106
168106
168103
168102
168107
168113
168111
168106
168103
168109
168114
168111
168104
168101
168103
168106
168101
168094
168092
168097
168103
168101
168095
168093
168099
168103
168100
168094
168093
168097
168102
168100
168096
168095
168101
168105
168101
168097
168095
168098
168101
168097
168090
168090
168095
168099
168097
168091
168089
168093
168097
168093
168089
168089
168092
168095
168093
168090
168088
168092
168094
168091
168088
168088
168093
168098
168095
168090
168087
168090
168092
168092
168089
168090
168096
168101
168100
168096
168095
168099
168104
168104
168099
168097
168102
168105
168101
168097
168095
168099
168103
168100
168094
168090
168095
168099
168097
168094
168094
168101
168107
168105
168100
168099
168105
168108
168105
168099
168097
168100
168105
168103
168098
168094
168091
168093
168088
168083
168080
168084
168088
168087
168084
168085
168091
168096
168095
168093
168094
168100
168105
168103
168098
168096
168100
168105
168100
168093
168090
168094
168098
168094
168089
168087
168091
168095
168092
168087
168083
168085
168089
168087
168083
168081
168084
168087
168085
168081
168079
168083
168089
168088
168084
168080
168083
168087
168086
168083
168083
168088
168094
168092
168087
168087
168092
168097
168096
168091
168090
168095
168099
168098
168094
168092
168097
168101
168100
168097
168094
168096
168099
168096
168092
168089
168094
168101
168100
168097
168095
168099
168104
168104
168101
168101
168108
168116
168116
168113
168112
168119
168126
168125
168120
168117
168121
168126
168126
168121
168119
168124
168130
168129
168126
168124
168129
168134
168133
168127
168123
168127
168132
168131
168126
168123
168128
168133
168131
168127
168124
168129
168134
168132
168128
168126
168130
168134
168131
168127
168125
168129
168133
168130
168124
168119
168123
168126
168124
168116
168113
168118
168124
168123
168118
168116
168121
168125
168124
168120
168118
168123
168129
168128
168123
168120
168123
168127
168126
168121
168117
168119
168122
168120
168114
168110
168113
168118
168117
168113
168111
168116
168122
168122
168117
168113
168116
168121
168119
168114
168111
168115
168118
168116
168112
168109
168113
168114
168111
168104
168098
168099
168101
168099
168096
168093
168096
168102
168101
168097
168094
168098
168102
168101
168098
168097
168103
168108
168106
168100
168095
168098
168102
168100
168093
168088
168090
168092
168089
168083
168078
168080
168083
168082
168078
168075
168079
168085
168085
168081
168078
168081
168086
168084
168079
168077
168083
168088
168087
168081
168077
168079
168083
168082
168076
168071
168072
168075
168074
168069
168066
168070
168075
168074
168068
168065
168069
168073
168073
168070
168068
168073
168077
168076
168072
168069
168073
168076
168075
168072
168069
168075
168082
168082
168077
168074
168078
168083
168081
168075
168073
168078
168084
168083
168077
168074
168077
168081
168079
168072
168069
168073
168079
168079
168074
168072
168076
168082
168084
168081
168078
168080
168084
168084
168079
168074
168075
168078
168075
168070
168067
168072
168078
168079
168075
168072
168075
168081
168083
168081
168079
168084
168090
168090
168086
168084
168088
168093
168094
168091
168089
168091
168096
168095
168091
168087
168088
168091
168089
168085
168081
168086
168091
168091
168087
168085
168089
168092
168091
168086
168084
168090
168097
168097
168092
168088
168091
168096
168095
168089
168083
168084
168090
168090
168083
168079
168082
168085
168083
168076
168073
168076
168082
168083
168080
168077
168081
168085
168085
168078
168074
168077
168082
168085
168083
168080
168084
168088
168087
168082
168076
168080
168084
168081
168076
168074
168078
168084
168084
168079
168075
168079
168083
168082
168078
168075
168079
168083
168081
168077
168075
168079
168085
168087
168082
168078
168082
168086
168084
168078
168073
168076
168080
168078
168068
168057
168056
168059
168058
168054
168051
168055
168061
168064
168064
168062
168065
168071
168073
168072
168070
168076
168081
168083
168080
168077
168080
168082
168081
168074
168067
168071
168078
168079
168074
168070
168074
168079
168078
168071
168065
168067
168071
168072
168068
168065
168070
168078
168080
168077
168076
168079
168084
168086
168081
168076
168080
168085
168085
168079
168073
168075
168078
168079
168075
168071
168075
168078
168079
168076
168073
168077
168081
168080
168074
168069
168072
168077
168076
168070
168065
168067
168071
168070
168065
168060
168064
168071
168073
168069
168065
168069
168075
168076
168071
168066
168066
168071
168073
168068
168064
168068
168073
168073
168069
168066
168069
168076
168077
168074
168069
168070
168074
168074
168069
168066
168070
168075
168077
168074
168071
168077
168082
168082
168075
168071
168073
168076
168077
168073
168070
168074
168081
168085
168081
168079
168083
168088
168088
168085
168082
168084
168088
168088
168082
168077
168080
168087
168090
168085
168080
168083
168087
168088
168081
168076
168078
168081
168081
168077
168073
168076
168079
168079
168076
168072
168075
168079
168079
168074
168068
168070
168076
168077
168073
168071
168075
168079
168080
168076
168072
168076
168080
168079
168074
168072
168076
168082
168084
168079
168074
168076
168081
168082
168078
168074
168076
168079
168080
168075
168071
168075
168081
168084
168081
168079
168083
168087
168085
168078
168071
168073
168076
168077
168072
168069
168072
168076
168077
168072
168069
168074
168079
168082
168079
168077
168080
168085
168087
168083
168078
168078
168079
168079
168074
168069
168072
168076
168077
168070
168065
168069
168074
168076
168074
168072
168077
168084
168086
168082
168078
168082
168086
168087
168081
168076
168077
168081
168080
168074
168070
168073
168079
168081
168077
168075
168080
168085
168086
168080
168074
168075
168080
168081
168074
168068
168070
168074
168075
168070
168065
168067
168072
168075
168070
168066
168068
168072
168073
168067
168062
168067
168073
168075
168069
168065
168069
168072
168074
168069
168065
168068
168072
168070
168065
168062
168065
168069
168071
168069
168066
168069
168074
168075
168068
168061
168062
168067
168070
168065
168061
168064
168069
168070
168065
168061
168064
168070
168071
168067
168064
168066
168072
168073
168068
168063
168066
168072
168075
168072
168069
168071
168075
168074
168068
168064
168066
168071
168073
168068
168063
168066
168070
168071
168067
168063
168067
168071
168074
168070
168067
168070
168075
168077
168071
168065
168067
168073
168073
168067
168063
168065
168069
168068
168064
168061
168063
168068
168069
168064
168059
168061
168065
168067
168064
168061
168064
168069
168070
168066
168061
168064
168069
168072
168071
168070
168073
168078
168081
168077
168072
168075
168079
168082
168079
168074
168074
168077
168076
168069
168064
168066
168073
168076
168073
168067
168067
168071
168074
168068
168062
168063
168069
168073
168072
168069
168073
168078
168078
168072
168067
168070
168078
168082
168077
168073
168075
168080
168083
168079
168074
168074
168079
168083
168078
168075
168077
168081
168082
168076
168072
168075
168079
168079
168073
168066
168067
168073
168076
168072
168068
168071
168076
168077
168071
168066
168068
168074
168075
168070
168066
168069
168074
168075
168070
168065
168066
168071
168071
168067
168062
168065
168071
168074
168070
168063
168065
168069
168070
168067
168064
168066
168070
168074
168071
168067
168069
168073
168077
168071
168063
168063
168068
168072
168068
168064
168065
168071
168075
168071
168066
168068
168073
168074
168069
168063
168064
168069
168072
168068
168062
168062
168065
168066
168062
168057
168059
168065
168069
168065
168061
168063
168068
168070
168067
168063
168063
168068
168070
168065
168061
168062
168067
168069
168064
168058
168059
168064
168068
168067
168065
168067
168072
168075
168073
168069
168073
168079
168082
168077
168074
168077
168082
168084
168080
168074
168075
168080
168083
168078
168073
168074
168078
168079
168073
168069
168073
168080
168083
168079
168076
168078
168084
168085
168082
168078
168081
168086
168090
168086
168082
168083
168087
168089
168085
168080
168081
168087
168090
168084
168080
168081
168085
168087
168083
168079
168080
168084
168087
168085
168083
168085
168090
168093
168087
168082
168083
168087
168090
168084
168076
168075
168079
168083
168079
168076
168078
168083
168086
168082
168078
168079
168085
168090
168087
168081
168082
168088
168090
168084
168078
168079
168083
168087
168083
168080
168081
168084
168086
168081
168077
168077
168084
168088
168087
168082
168082
168087
168090
168085
168080
168081
168086
168088
168083
168079
168080
168084
168088
168082
168076
168079
168084
168088
168084
168080
168081
168086
168089
168085
168080
168083
168088
168092
168088
168082
168082
168086
168089
168084
168077
168079
168085
168089
168085
168080
168080
168084
168086
168081
168078
168081
168088
168091
168086
168080
168081
168086
168089
168084
168081
168084
168090
168092
168087
168080
168079
168081
168080
168074
168069
168071
168075
168077
168073
168068
168066
168070
168072
168070
168068
168070
168075
168079
168077
168073
168074
168079
168082
168078
168076
168077
168080
168083
168079
168074
168075
168080
168085
168085
168082
168084
168088
168093
168091
168087
168086
168089
168091
168085
168078
168078
168084
168088
168084
168078
168078
168082
168084
168078
168073
168073
168078
168082
168078
168073
168073
168078
168081
168076
168073
168074
168077
168081
168079
168074
168074
168078
168081
168077
168072
168072
168076
168079
168075
168070
168070
168076
168079
168075
168072
168073
168079
168083
168079
168073
168072
168076
168080
168076
168070
168070
168074
168079
168076
168073
168075
168082
168088
168087
168083
168085
168091
168095
168091
168088
168088
168093
168097
168092
168085
168083
168085
168087
168082
168076
168076
168083
168088
168085
168081
168082
168086
168091
168090
168086
168088
168093
168095
168089
168084
168083
168089
168094
168092
168087
168088
168094
168098
168095
168092
168094
168099
168103
168099
168094
168094
168097
168098
168093
168087
168084
168088
168092
168087
168082
168083
168091
168096
168094
168090
168091
168095
168100
168097
168092
168091
168094
168094
168091
168087
168088
168091
168093
168089
168084
168085
168092
168101
168101
168099
168099
168104
168106
168102
168097
168096
168099
168101
168097
168092
168089
168090
168093
168089
168084
168082
168087
168092
168089
168084
168083
168087
168090
168084
168078
168077
168082
168085
168080
168075
168074
168079
168083
168079
168076
168078
168085
168091
168089
168085
168086
168093
168098
168094
168089
168090
168097
168100
168096
168091
168090
168093
168096
168093
168089
168089
168095
168100
168097
168092
168093
168099
168102
168099
168094
168094
168098
168100
168097
168094
168094
168100
168105
168103
168100
168100
168104
168106
168104
168101
168099
168103
168106
168102
168096
168093
168094
168096
168091
168084
168081
168083
168088
168088
168084
168084
168089
168095
168092
168088
168089
168094
168097
168093
168088
168087
168090
168094
168090
168087
168087
168092
168096
168092
168087
168084
168089
168094
168090
168086
168085
168088
168091
168087
168082
168081
168086
168091
168088
168085
168085
168091
168096
168095
168092
168091
168094
168097
168094
168088
168086
168089
168094
168092
168089
168090
168095
168099
168095
168089
168088
168092
168096
168093
168088
168088
168093
168097
168094
168088
168087
168091
168094
168090
168086
168086
168092
168097
168094
168090
168089
168094
168098
168095
168091
168091
168095
168100
168098
168093
168093
168098
168102
168099
168094
168092
168095
168098
168094
168089
168089
168095
168099
168098
168093
168092
168099
168103
168101
168097
168098
168105
168112
168108
168102
168102
168106
168108
168104
168099
168098
168103
168109
168106
168100
168098
168101
168105
168104
168102
168101
168105
168108
168104
168098
168096
168102
168108
168105
168099
168099
168103
168107
168104
168099
168099
168104
168105
168102
168100
168101
168108
168113
168110
168105
168105
168110
168115
168113
168109
168110
168114
168116
168112
168106
168103
168107
168111
168107
168101
168099
168102
168105
168102
168098
168099
168106
168113
168112
168109
168108
168112
168113
168108
168102
168099
168102
168105
168102
168096
168093
168099
168105
168104
168101
168100
168105
168110
168106
168103
168103
168108
168112
168107
168101
168100
168105
168107
168101
168095
168094
168098
168104
168101
168096
168096
168102
168108
168108
168105
168104
168108
168112
168109
168103
168099
168102
168108
168105
168098
168096
168101
168107
168105
168103
168104
168111
168117
168115
168110
168110
168114
168117
168113
168106
168102
168107
168113
168110
168105
168102
168106
168108
168106
168102
168100
168103
168106
168101
168096
168094
168098
168102
168100
168097
168096
168102
168108
168108
168106
168105
168109
168113
168109
168104
168104
168109
168114
168111
168104
168100
168104
168109
168107
168100
168098
168103
168109
168108
168102
168099
168104
168108
168105
168099
168095
168100
168105
168102
168098
168098
168104
168110
168110
168106
168103
168106
168109
168104
168097
168093
168096
168101
168097
168091
168089
168094
168100
168099
168095
168094
168099
168104
168100
168095
168094
168099
168105
168102
168097
168096
168102
168106
168104
168098
168097
168102
168108
168107
168101
168100
168105
168109
168105
168099
168099
168103
168107
168104
168100
168099
168102
168105
168102
168098
168096
168101
168107
168106
168101
168099
168102
168107
168106
168103
168102
168106
168110
168109
168105
168103
168107
168113
168111
168104
168100
168103
168107
168105
168099
168096
168102
168107
168104
168098
168096
168098
168101
168099
168094
168092
168099
168107
168106
168103
168103
168109
168115
168115
168112
168111
168117
168122
168120
168115
168113
168117
168121
168118
168113
168109
168111
168115
168112
168108
168108
168115
168119
168118
168115
168114
168121
168128
168127
168124
168121
168124
168126
168123
168116
168112
168114
168116
168112
168107
168106
168111
168115
168113
168110
168110
168115
168121
168119
168116
168115
168119
168123
168120
168115
168111
168114
168118
168116
168111
168109
168112
168119
168119
168116
168116
168122
168127
168125
168119
168117
168121
168128
168126
168120
168116
168119
168124
168122
168118
168117
168122
168126
168124
168118
168115
168118
168121
168121
168116
168114
168118
168121
168117
168110
168106
168109
168113
168109
168103
168102
168106
168110
168107
168101
168100
168105
168109
168106
168100
168099
168106
168112
168111
168107
168105
168110
168115
168112
168108
168105
168108
168110
168107
168102
168099
168103
168106
168104
168099
168095
168099
168105
168104
168098
168096
168100
168104
168102
168098
168096
168101
168107
168104
168097
168094
168096
168100
168099
168095
168096
168103
168109
168109
168106
168105
168109
168115
168113
168109
168106
168109
168114
168112
168108
168105
168110
168116
168116
168112
168109
168113
168118
168116
168112
168110
168114
168119
168117
168111
168108
168113
168117
168115
168110
168107
168111
168116
168114
168110
168109
168114
168120
168119
168113
168108
168112
168117
168115
168109
168105
168110
168115
168110
168104
168103
168108
168111
168111
168109
168108
168116
168122
168121
168119
168118
168122
168125
168122
168116
168112
168115
168119
168116
168109
168104
168106
168111
168108
168105
168105
168112
168121
168123
168123
168122
168126
168131
168129
168124
168121
168123
168124
168119
168113
168107
168108
168109
168104
168098
168097
168103
168111
168110
168108
168108
168116
168125
168127
168125
168124
168129
168133
168130
168122
168116
168116
168117
168112
168098
168081
168076
168075
168071
168065
168063
168069
168075
168076
168074
168075
168083
168089
168089
168084
168081
168086
168092
168092
168086
168083
168086
168092
168091
168087
168083
168087
168093
168094
168092
168093
168101
168109
168111
168108
168106
168112
168117
168113
168103
168095
168095
168097
168093
168084
168078
168083
168088
168086
168082
168079
168085
168093
168094
168091
168090
168096
168100
168097
168092
168089
168092
168095
168093
168089
168087
168091
168096
168094
168088
168083
168086
168090
168088
168085
168083
168089
168095
168093
168089
168086
168090
168093
168091
168085
168081
168082
168084
168079
168072
168068
168073
168078
168076
168070
168066
168070
168075
168073
168067
168065
168072
168077
168076
168070
168067
168071
168074
168071
168065
168062
168065
168069
168067
168062
168060
168067
168074
168075
168073
168072
168078
168084
168083
168078
168077
168083
168085
168080
168074
168071
168074
168072
168063
168053
168048
168052
168056
168056
168053
168050
168055
168061
168060
168057
168056
168061
168068
168072
168073
168073
168078
168084
168083
168077
168073
168077
168082
168082
168078
168076
168080
168084
168083
168080
168080
168087
168095
168096
168093
168093
168101
168110
168109
168104
168100
168104
168107
168104
168097
168093
168096
168098
168095
168086
168083
168090
168097
168097
168094
168093
168098
168103
168104
168100
168097
168101
168105
168103
168098
168095
168099
168104
168102
168098
168095
168098
168103
168102
168098
168094
168098
168102
168100
168095
168091
168093
168096
168095
168091
168088
168092
168097
168098
168095
168091
168095
168099
168098
168092
168089
168093
168098
168099
168096
168093
168096
168099
168098
168093
168090
168094
168100
168101
168097
168093
168096
168100
168099
168095
168092
168094
168099
168100
168095
168092
168096
168100
168101
168098
168096
168100
168105
168103
168097
168092
168094
168096
168094
168088
168083
168085
168090
168090
168084
168081
168087
168093
168094
168091
168088
168092
168099
168099
168094
168090
168092
168094
168092
168086
168082
168087
168090
168084
168075
168069
168071
168074
168072
168066
168062
168065
168070
168071
168066
168063
168068
168073
168073
168070
168068
168072
168079
168080
168077
168075
168079
168084
168084
168081
168079
168084
168087
168085
168079
168076
168079
168082
168079
168072
168067
168069
168072
168071
168066
168060
168061
168064
168064
168058
168054
168056
168059
168060
168059
168058
168064
168071
168072
168070
168068
168072
168077
168077
168071
168067
168070
168074
168074
168067
168063
168068
168073
168074
168069
168064
168066
168069
168066
168061
168058
168060
168064
168062
168056
168053
168057
168063
168065
168062
168059
168063
168069
168071
168069
168068
168074
168082
168087
168087
168087
168095
168106
168110
168105
168103
168111
168119
168121
168117
168114
168116
168119
168118
168110
168104
168108
168113
168114
168108
168104
168108
168113
168113
168108
168103
168107
168113
168115
168110
168107
168112
168118
168119
168113
168111
168116
168122
168121
168116
168112
168115
168119
168117
168112
168109
168114
168118
168117
168111
168108
168112
168117
168117
168112
168105
168103
168104
168103
168095
168088
168089
168092
168090
168085
168080
168083
168088
168087
168081
168077
168080
168086
168086
168083
168082
168087
168092
168092
168086
168081
168085
168090
168088
168082
168078
168083
168088
168088
168083
168081
168085
168091
168092
168088
168085
168089
168092
168090
168083
168078
168080
168083
168084
168078
168073
168076
168080
168080
168074
168069
168071
168075
168077
168075
168073
168078
168084
168084
168080
168075
168078
168079
168078
168073
168067
168068
168070
168069
168063
168061
168065
168073
168075
168073
168072
168077
168083
168083
168079
168075
168080
168087
168088
168082
168076
168078
168081
168080
168076
168073
168075
168080
168081
168077
168074
168076
168079
168079
168076
168073
168076
168079
168077
168071
168066
168071
168077
168079
168074
168070
168073
168079
168080
168076
168074
168079
168084
168085
168078
168073
168077
168082
168082
168077
168073
168076
168082
168081
168075
168072
168076
168081
168080
168075
168071
168074
168077
168076
168072
168069
168072
168076
168075
168069
168062
168065
168071
168072
168069
168065
168067
168071
168069
168065
168062
168065
168069
168069
168065
168063
168070
168076
168076
168072
168070
168074
168080
168080
168074
168071
168077
168083
168083
168078
168074
168077
168080
168078
168072
168069
168074
168079
168078
168073
168069
168074
168077
168074
168071
168068
168072
168077
168075
168068
168062
168061
168062
168063
168059
168055
168058
168062
168062
168055
168049
168053
168060
168061
168057
168054
168058
168063
168063
168057
168052
168054
168058
168057
168050
168043
168046
168049
168048
168042
168040
168047
168053
168054
168051
168048
168051
168056
168057
168053
168050
168053
168057
168057
168052
168047
168049
168054
168056
168050
168045
168049
168054
168056
168053
168049
168052
168056
168056
168049
168045
168050
168056
168059
168053
168047
168049
168054
168054
168050
168046
168048
168053
168053
168047
168042
168045
168050
168052
168049
168045
168043
168044
168044
168039
168036
168041
168046
168047
168043
168042
168047
168052
168052
168047
168045
168052
168060
168063
168060
168058
168063
168070
168072
168069
168065
168069
168074
168074
168070
168066
168068
168070
168069
168064
168059
168063
168070
168071
168067
168064
168066
168071
168073
168067
168062
168068
168075
168077
168072
168067
168069
168073
168073
168068
168064
168069
168076
168077
168073
168069
168072
168078
168078
168073
168072
168078
168082
168082
168077
168074
168077
168080
168081
168076
168073
168075
168078
168077
168071
168067
168070
168073
168073
168070
168067
168071
168075
168074
168069
168063
168064
168069
168071
168067
168065
168069
168074
168075
168070
168066
168069
168074
168076
168073
168069
168071
168075
168073
168067
168064
168068
168074
168077
168073
168071
168075
168079
168080
168076
168071
168073
168079
168081
168076
168069
168069
168073
168074
168067
168059
168062
168067
168068
168062
168056
168056
168059
168059
168053
168048
168052
168056
168053
168045
168040
168045
168052
168053
168050
168047
168050
168054
168054
168049
168048
168056
168065
168068
168066
168064
168069
168074
168076
168073
168071
168074
168079
168080
168076
168073
168076
168080
168081
168076
168071
168072
168076
168077
168073
168067
168068
168073
168076
168072
168069
168072
168077
168079
168074
168068
168068
168071
168072
168066
168061
168065
168071
168072
168066
168061
168064
168069
168071
168066
168062
168067
168075
168077
168072
168068
168072
168075
168074
168070
168066
168067
168072
168073
168067
168062
168065
168068
168068
168062
168057
168061
168067
168069
168065
168060
168064
168069
168071
168066
168061
168062
168061
168058
168052
168047
168049
168052
168052
168047
168043
168047
168054
168059
168059
168058
168062
168067
168069
168066
168063
168068
168073
168074
168069
168065
168068
168075
168077
168071
168067
168071
168076
168075
168069
168067
168072
168078
168078
168075
168072
168076
168082
168084
168079
168075
168081
168085
168085
168079
168075
168078
168083
168083
168080
168078
168082
168087
168089
168086
168084
168088
168094
168098
168096
168093
168096
168101
168103
168098
168093
168096
168101
168102
168098
168093
168096
168101
168102
168098
168093
168095
168102
168105
168103
168099
168102
168108
168108
168102
168097
168100
168105
168107
168100
168093
168095
168099
168098
168093
168087
168089
168093
168094
168088
168083
168086
168090
168092
168088
168084
168087
168092
168092
168086
168079
168075
168073
168070
168062
168056
168058
168062
168061
168056
168052
168053
168057
168057
168052
168048
168053
168061
168067
168064
168060
168065
168072
168075
168073
168070
168073
168077
168079
168077
168075
168077
168082
168083
168077
168072
168074
168077
168076
168070
168067
168070
168076
168079
168076
168072
168075
168078
168077
168070
168066
168070
168076
168077
168073
168070
168075
168081
168083
168078
168073
168076
168080
168080
168075
168072
168076
168080
168082
168079
168077
168081
168085
168085
168081
168076
168078
168082
168082
168078
168076
168079
168084
168086
168082
168078
168081
168084
168085
168080
168075
168079
168084
168086
168081
168076
168077
168079
168079
168072
168067
168070
168076
168080
168077
168074
168079
168086
168088
168084
168080
168082
168086
168088
168084
168080
168082
168088
168089
168082
168076
168077
168081
168080
168072
168060
168059
168063
168062
168057
168051
168053
168057
168057
168054
168051
168055
168060
168062
168060
168059
168066
168073
168078
168077
168075
168079
168087
168090
168086
168082
168084
168087
168088
168084
168081
168084
168088
168088
168083
168078
168081
168086
168090
168087
168084
168087
168093
168097
168094
168091
168094
168100
168103
168096
168091
168093
168095
168096
168091
168085
168087
168092
168094
168089
168085
168086
168090
168089
168084
168081
168087
168094
168098
168094
168090
168094
168099
168101
168098
168095
168098
168105
168107
168104
168100
168104
168112
168115
168109
168105
168107
168110
168109
168102
168096
168099
168104
168105
168101
168096
168097
168101
168104
168101
168099
168101
168106
168108
168104
168099
168101
168106
168106
168100
168095
168095
168100
168102
168097
168092
168094
168099
168100
168095
168091
168095
168102
168106
168101
168096
168100
168105
168106
168100
168094
168097
168102
168102
168094
168090
168091
168090
168083
168073
168065
168064
168064
168062
168055
168049
168049
168052
168053
168049
168046
168048
168055
168060
168057
168056
168062
168071
168078
168075
168071
168076
168084
168086
168081
168075
168078
168083
168084
168080
168078
168083
168088
168089
168083
168079
168082
168087
168089
168086
168080
168082
168085
168085
168080
168076
168078
168085
168086
168081
168077
168079
168083
168085
168081
168077
168080
168086
168089
168084
168080
168082
168086
168089
168086
168083
168086
168090
168090
168086
168080
168078
168080
168083
168079
168074
168075
168078
168079
168074
168069
168071
168078
168080
168075
168071
168075
168083
168086
168083
168078
168082
168088
168090
168085
168081
168083
168086
168089
168086
168084
168087
168092
168094
168090
168086
168087
168091
168093
168090
168086
168088
168091
168091
168084
168080
168085
168090
168093
168089
168085
168088
168092
168092
168089
168086
168090
168096
168098
168094
168088
168089
168095
168098
168093
168088
168090
168095
168094
168082
168070
168071
168075
168078
168073
168070
168072
168076
168075
168069
168063
168063
168067
168067
168061
168055
168058
168065
168070
168069
168070
168077
168085
168091
168091
168090
168094
168100
168104
168100
168097
168097
168099
168100
168096
168092
168095
168100
168101
168096
168091
168093
168097
168100
168095
168089
168088
168090
168089
168081
168075
168077
168081
168082
168079
168075
168078
168083
168084
168079
168075
168078
168084
168086
168082
168078
168079
168081
168080
168073
168066
168066
168069
168066
168057
168050
168046
168047
168048
168042
168036
168037
168041
168043
168036
168028
168026
168025
168024
168015
168005
168004
168008
168010
168006
168001
168005
168011
168015
168014
168013
168020
168029
168034
168033
168033
168037
168043
168047
168045
168041
168044
168049
168052
168049
168046
168049
168054
168056
168052
168050
168054
168059
168063
168062
168063
168069
168077
168082
168079
168075
168079
168085
168090
168087
168082
168083
168087
168086
168079
168072
168072
168076
168077
168072
168066
168068
168073
168077
168074
168070
168074
168080
168081
168075
168069
168070
168074
168076
168071
168066
168068
168073
168074
168070
168065
168066
168070
168072
168067
168064
168067
168071
168073
168071
168067
168071
168075
168077
168074
168072
168077
168084
168089
168089
168087
168091
168096
168098
168094
168091
168094
168099
168099
168094
168088
168090
168093
168093
168089
168085
168086
168091
168094
168091
168086
168088
168093
168095
168091
168088
168090
168097
168101
168096
168091
168091
168096
168098
168096
168093
168096
168102
168105
168102
168098
168101
168108
168112
168108
168105
168110
168116
168119
168115
168111
168114
168121
168125
168122
168120
168125
168131
168132
168125
168120
168122
168126
168119
168106
168097
168096
168099
168099
168092
168087
168090
168092
168092
168087
168084
168087
168091
168095
168095
168094
168097
168103
168105
168101
168098
168098
168102
168103
168100
168094
168096
168101
168104
168100
168096
168098
168104
168108
168102
168098
168102
168108
168112
168109
168105
168108
168113
168116
168110
168106
168108
168112
168114
168108
168103
168106
168110
168110
168105
168100
168102
168104
168106
168102
168099
168105
168114
168118
168113
168109
168112
168116
168117
168112
168105
168106
168111
168112
168107
168103
168105
168109
168112
168109
168106
168110
168115
168119
168117
168115
168117
168120
168121
168116
168109
168110
168117
168120
168115
168110
168110
168114
168115
168109
168104
168105
168110
168114
168110
168106
168109
168115
168118
168113
168107
168110
168116
168118
168115
168111
168112
168116
168117
168112
168108
168112
168117
168120
168116
168110
168111
168115
168116
168109
168105
168109
168115
168117
168114
168109
168111
168117
168120
168114
168110
168112
168115
168117
168112
168107
168109
168113
168113
168109
168105
168106
168110
168112
168107
168103
168105
168108
168107
168103
168102
168106
168110
168110
168104
168100
168102
168108
168112
168111
168109
168113
168118
168120
168115
168112
168112
168115
168116
168112
168107
168109
168115
168119
168116
168112
168115
168119
168122
168116
168109
168106
168108
168108
168102
168097
168101
168106
168109
168106
168103
168106
168111
168113
168108
168101
168103
168109
168113
168109
168106
168108
168114
168118
168113
168107
168110
168117
168120
168115
168109
168110
168114
168113
168108
168105
168108
168112
168113
168109
168106
168107
168113
168115
168110
168107
168109
168115
168116
168111
168106
168106
168110
168111
168108
168104
168106
168112
168114
168109
168103
168103
168108
168111
168106
168102
168102
168105
168107
168103
168097
168100
168107
168109
168105
168101
168103
168109
168111
168106
168100
168103
168110
168113
168109
168103
168103
168106
168106
168101
168096
168099
168104
168106
168101
168096
168098
168100
168102
168097
168087
168082
168084
168085
168078
168072
168073
168077
168078
168074
168070
168072
168077
168079
168077
168073
168076
168083
168086
168083
168078
168079
168082
168082
168075
168068
168069
168073
168075
168072
168068
168071
168078
168082
168078
168074
168077
168083
168087
168085
168082
168086
168093
168098
168093
168088
168090
168094
168096
168091
168087
168088
168092
168096
168092
168088
168092
168098
168101
168096
168092
168096
168103
168104
168100
168096
168100
168104
168106
168103
168099
168101
168103
168105
168100
168097
168099
168105
168108
168103
168098
168104
168112
168116
168111
168105
168108
168112
168113
168107
168103
168104
168110
168112
168107
168103
168106
168111
168113
168108
168103
168107
168112
168114
168109
168103
168106
168110
168114
168111
168108
168110
168116
168119
168115
168111
168114
168119
168123
168121
168119
168121
168125
168125
168118
168112
168112
168116
168119
168116
168113
168116
168120
168121
168117
168113
168115
168121
168122
168119
168116
168118
168124
168126
168120
168115
168118
168125
168128
168125
168122
168123
168128
168130
168124
168120
168124
168129
168132
168127
168121
168120
168124
168125
168120
168116
168118
168122
168125
168120
168116
168120
168126
168131
168128
168126
168130
168135
168138
168134
168129
168130
168133
168136
168133
168128
168129
168133
168135
168131
168126
168128
168133
168138
168135
168131
168132
168136
168139
168134
168129
168131
168138
168143
168139
168133
168133
168138
168140
168135
168131
168134
168139
168140
168135
168129
168131
168135
168138
168133
168128
168128
168133
168135
168130
168126
168130
168136
168141
168136
168132
168136
168143
168147
168142
168136
168137
168144
168148
168146
168144
168148
168156
168159
168153
168147
168149
168152
168151
168146
168141
168142
168145
168140
168127
168117
168118
168123
168124
168118
168114
168116
168121
168123
168120
168116
168117
168122
168125
168123
168120
168123
168127
168127
168122
168117
168119
168124
168127
168124
168121
168123
168129
168134
168130
168125
168128
168134
168136
168132
168128
168129
168134
168138
168134
168128
168130
168135
168137
168133
168129
168130
168136
168140
168136
168132
168133
168136
168137
168130
168125
168128
168132
168132
168127
168122
168123
168125
168125
168119
168113
168114
168117
168120
168116
168113
168118
168126
168128
168122
168116
168116
168119
168120
168115
168111
168114
168119
168123
168119
168113
168115
168121
168125
168121
168115
168115
168118
168118
168111
168105
168106
168112
168114
168109
168105
168105
168109
168109
168105
168102
168106
168112
168116
168111
168106
168107
168113
168118
168115
168111
168113
168117
168118
168112
168106
168106
168110
168113
168110
168105
168107
168112
168114
168109
168105
168110
168116
168119
168116
168112
168117
168122
168125
168119
168114
168117
168123
168125
168121
168115
168116
168118
168118
168116
168114
168117
168124
168128
168125
168119
168120
168122
168124
168121
168117
168118
168123
168126
168122
168118
168119
168121
168123
168119
168114
168114
168118
168121
168117
168112
168113
168115
168116
168111
168107
168107
168111
168113
168109
168104
168106
168111
168113
168108
168104
168105
168110
168115
168111
168101
168097
168100
168101
168096
168090
168090
168093
168094
168089
168081
168082
168088
168091
168087
168084
168088
168094
168097
168093
168088
168092
168099
168103
168100
168096
168097
168101
168103
168098
168092
168095
168102
168105
168103
168099
168103
168110
168114
168112
168110
168114
168119
168122
168117
168112
168113
168115
168115
168108
168101
168102
168107
168110
168107
168104
168108
168115
168121
168120
168117
168119
168124
168125
168118
168110
168111
168113
168114
168109
168104
168107
168113
168115
168111
168107
168108
168113
168116
168114
168109
168111
168118
168120
168115
168109
168111
168116
168118
168113
168108
168110
168117
168121
168118
168116
168121
168129
168134
168129
168125
168128
168133
168132
168124
168115
168114
168118
168120
168113
168108
168110
168116
168119
168116
168113
168117
168125
168130
168127
168124
168126
168130
168128
168123
168119
168120
168123
168123
168117
168113
168114
168119
168123
168120
168115
168119
168126
168132
168130
168127
168128
168133
168134
168127
168119
168117
168118
168119
168113
168107
168107
168113
168117
168115
168114
168117
168125
168132
168130
168126
168129
168134
168135
168128
168121
168119
168118
168116
168109
168103
168103
168107
168111
168108
168105
168110
168117
168123
168122
168121
168125
168130
168130
168118
168107
168104
168105
168105
168098
168090
168090
168092
168092
168087
168083
168085
168091
168095
168094
168092
168096
168103
168107
168104
168100
168104
168111
168113
168109
168104
168106
168110
168111
168106
168101
168104
168111
168114
168111
168110
168116
168123
168126
168122
168118
168118
168121
168124
168118
168112
168112
168117
168119
168113
168107
168106
168111
168114
168111
168110
168115
168122
168124
168119
168112
168112
168116
168120
168118
168115
168116
168120
168123
168118
168113
168115
168119
168120
168113
168108
168110
168116
168120
168117
168112
168113
168119
168122
168118
168113
168115
168120
168124
168122
168117
168117
168122
168124
168119
168113
168114
168116
168117
168113
168108
168109
168115
168120
168119
168117
168121
168127
168130
168124
168118
168119
168124
168128
168123
168118
168120
168125
168127
168123
168115
168113
168117
168119
168114
168109
168112
168117
168120
168115
168111
168113
168119
168124
168120
168115
168116
168121
168123
168119
168114
168115
168121
168124
168120
168117
168119
168124
168129
168126
168119
168121
168127
168129
168124
168117
168118
168123
168126
168121
168114
168114
168118
168120
168113
168106
168108
168109
168104
168092
168085
168086
168091
168095
168092
168089
168090
168093
168094
168087
168083
168085
168090
168093
168090
168086
168089
168094
168096
168091
168087
168090
168096
168100
168096
168094
168099
168106
168111
168106
168102
168106
168115
168120
168117
168112
168114
168119
168120
168114
168107
168108
168114
168117
168114
168109
168110
168112
168111
168104
168098
168099
168104
168108
168106
168104
168108
168113
168115
168110
168106
168107
168113
168116
168112
168108
168109
168111
168111
168105
168099
168099
168105
168108
168104
168099
168103
168109
168113
168109
168106
168109
168114
168113
168105
168097
168098
168102
168108
168106
168104
168108
168116
168122
168119
168114
168114
168118
168119
168114
168107
168104
168106
168107
168101
168096
168099
168104
168107
168105
168103
168107
168112
168115
168111
168105
168107
168112
168114
168110
168105
168104
168105
168105
168097
168090
168090
168093
168096
168093
168090
168093
168099
168104
168102
168099
168101
168106
168109
168106
168104
168108
168114
168118
168115
168113
168116
168122
168126
168121
168117
168118
168123
168125
168119
168114
168114
168118
168120
168114
168106
168107
168111
168113
168110
168106
168108
168115
168118
168115
168109
168106
168102
168101
168095
168089
168090
168097
168103
168099
168093
168094
168099
168101
168096
168090
168090
168094
168094
168087
168080
168080
168086
168090
168088
168086
168090
168096
168099
168094
168089
168090
168095
168096
168092
168090
168094
168099
168103
168097
168092
168094
168098
168099
168094
168089
168091
168096
168097
168092
168087
168090
168094
168094
168089
168084
168086
168091
168094
168090
168086
168088
168092
168094
168088
168082
168083
168088
168089
168083
168076
168076
168080
168079
168072
168068
168071
168077
168081
168078
168075
168078
168083
168087
168084
168081
168082
168087
168087
168080
168074
168074
168076
168076
168071
168067
168068
168073
168076
168073
168069
168073
168079
168083
168081
168077
168079
168085
168087
168081
168074
168072
168074
168076
168072
168068
168071
168078
168084
168083
168080
168086
168097
168104
168102
168100
168102
168106
168108
168104
168099
168100
168102
168102
168097
168092
168093
168096
168098
168095
168091
168096
168105
168109
168106
168104
168107
168115
168118
168113
168106
168106
168108
168108
168102
168096
168096
168101
168105
168102
168100
168104
168108
168110
168102
168091
168088
168090
168091
168086
168080
168080
168083
168083
168078
168071
168071
168076
168080
168076
168074
168078
168085
168091
168089
168085
168089
168098
168103
168100
168097
168100
168108
168112
168110
168105
168105
168108
168109
168103
168097
168098
168101
168102
168098
168095
168099
168106
168110
168106
168103
168104
168104
168104
168099
168093
168093
168095
168095
168089
168082
168081
168085
168089
168087
168083
168084
168091
168094
168090
168083
168084
168090
168091
168085
168079
168080
168084
168085
168080
168077
168081
168088
168090
168087
168082
168082
168087
168089
168084
168080
168082
168087
168090
168087
168083
168086
168091
168092
168089
168087
168090
168093
168094
168087
168082
168086
168093
168095
168090
168086
168086
168088
168089
168083
168078
168078
168082
168083
168079
168074
168077
168081
168082
168079
168076
168079
168084
168087
168085
168083
168085
168088
168090
168085
168081
168082
168086
168089
168084
168078
168078
168082
168082
168077
168075
168076
168081
168087
168085
168082
168087
168093
168097
168095
168092
168093
168099
168101
168093
168081
168078
168080
168080
168075
168069
168071
168077
168080
168074
168069
168071
168075
168077
168072
168070
168074
168083
168087
168083
168079
168080
168083
168083
168076
168071
168073
168076
168077
168073
168067
168068
168073
168075
168070
168066
168067
168075
168080
168077
168076
168079
168083
168085
168080
168075
168077
168081
168083
168079
168076
168078
168082
168086
168083
168077
168076
168079
168080
168074
168067
168069
168074
168075
168070
168066
168067
168072
168074
168071
168068
168072
168078
168081
168077
168073
168074
168077
168077
168071
168066
168067
168071
168072
168068
168063
168065
168070
168072
168069
168067
168070
168074
168077
168073
168069
168070
168073
168076
168072
168067
168070
168075
168077
168072
168066
168065
168067
168068
168062
168058
168060
168064
168064
168057
168051
168052
168056
168059
168056
168052
168056
168060
168059
168053
168047
168045
168046
168047
168041
168036
168036
168040
168041
168035
168028
168028
168035
168038
168035
168032
168034
168039
168042
168037
168035
168040
168047
168051
168048
168044
168046
168052
168054
168050
168046
168048
168054
168056
168050
168045
168047
168052
168055
168052
168050
168056
168062
168066
168063
168058
168060
168065
168067
168063
168060
168064
168070
168072
168067
168062
168064
168069
168073
168071
168068
168071
168074
168074
168070
168065
168067
168071
168074
168071
168069
168071
168075
168076
168073
168070
168074
168082
168085
168080
168075
168077
168081
168082
168075
168068
168070
168078
168082
168078
168072
168072
168076
168077
168069
168063
168067
168074
168076
168071
168066
168068
168073
168075
168070
168067
168072
168077
168079
168073
168068
168069
168071
168069
168065
168062
168065
168070
168072
168068
168062
168063
168067
168070
168068
168065
168068
168072
168075
168070
168065
168067
168070
168072
168068
168062
168064
168067
168062
168052
168045
168045
168049
168051
168046
168040
168041
168045
168045
168039
168033
168035
168040
168043
168040
168035
168038
168043
168046
168043
168038
168041
168049
168054
168051
168048
168052
168058
168061
168058
168055
168058
168063
168065
168060
168055
168058
168065
168068
168064
168060
168063
168068
168071
168065
168060
168062
168066
168067
168062
168057
168057
168061
168061
168056
168052
168053
168060
168063
168059
168056
168057
168060
168061
168057
168052
168053
168058
168061
168058
168053
168055
168059
168059
168053
168049
168051
168055
168057
168052
168047
168050
168055
168060
168057
168053
168060
168067
168070
168065
168061
168062
168066
168068
168065
168059
168058
168062
168066
168063
168060
168063
168069
168070
168065
168060
168063
168068
168070
168066
168061
168063
168069
168071
168065
168060
168062
168065
168065
168060
168054
168056
168061
168062
168056
168049
168050
168053
168052
168046
168042
168040
168041
168041
