167895
167892
167887
167885
167891
167897
167895
167889
167886
167890
167893
167888
167882
167880
167886
167891
167888
167885
167884
167887
167891
167889
167885
167884
167887
167892
167890
167886
167885
167891
167894
167891
167886
167883
167887
167894
167893
167891
167889
167892
167896
167894
167889
167886
167890
167896
167895
167890
167888
167892
167897
167895
167891
167888
167890
167894
167894
167890
167888
167892
167896
167894
167889
167886
167891
167893
167891
167888
167881
167884
167891
167890
167885
167883
167888
167892
167891
167885
167881
167884
167888
167883
167879
167879
167883
167889
167888
167882
167879
167882
167888
167888
167884
167881
167885
167889
167887
167884
167881
167884
167887
167885
167878
167876
167880
167886
167886
167883
167883
167887
167892
167891
167886
167884
167892
167901
167903
167900
167898
167903
167906
167902
167894
167888
167890
167892
167886
167879
167875
167877
167881
167878
167874
167871
167875
167879
167880
167877
167876
167883
167889
167887
167881
167877
167880
167884
167882
167877
167873
167878
167882
167878
167873
167870
167872
167876
167876
167871
167869
167876
167882
167881
167878
167876
167883
167888
167888
167885
167881
167884
167888
167888
167882
167878
167880
167884
167881
167874
167868
167869
167872
167867
167861
167858
167863
167867
167867
167865
167864
167869
167874
167872
167867
167862
167865
167869
167868
167863
167860
167865
167869
167867
167862
167860
167864
167867
167866
167862
167860
167866
167874
167873
167866
167861
167865
167870
167868
167862
167857
167863
167872
167873
167868
167865
167869
167873
167871
167866
167863
167868
167873
167872
167867
167862
167864
167866
167864
167858
167855
167861
167868
167869
167866
167865
167869
167872
167868
167862
167858
167862
167867
167866
167862
167859
167863
167868
167866
167861
167858
167861
167866
167862
167856
167852
167855
167859
167858
167853
167849
167852
167853
167851
167847
167844
167846
167851
167851
167847
167843
167847
167850
167850
167845
167840
167843
167846
167845
167840
167836
167839
167841
167839
167831
167825
167829
167835
167837
167833
167832
167838
167844
167844
167840
167838
167843
167851
167853
167850
167848
167853
167857
167857
167852
167850
167856
167861
167863
167860
167859
167865
167871
167873
167870
167868
167874
167883
167884
167881
167878
167882
167887
167888
167884
167880
167883
167888
167888
167884
167880
167884
167888
167887
167884
167883
167889
167894
167895
167890
167885
167887
167892
167892
167887
167885
167891
167898
167899
167895
167894
167900
167907
167908
167904
167900
167903
167906
167902
167893
167885
167885
167886
167883
167876
167872
167876
167883
167884
167881
167879
167885
167891
167891
167886
167884
167888
167894
167895
167889
167885
167888
167893
167893
167887
167883
167885
167889
167890
167886
167882
167884
167887
167887
167883
167881
167884
167888
167888
167884
167882
167888
167894
167896
167895
167893
167898
167904
167904
167899
167895
167897
167900
167898
167890
167884
167886
167889
167887
167882
167878
167882
167887
167889
167886
167883
167887
167893
167891
167886
167884
167887
167891
167889
167881
167875
167877
167878
167874
167865
167859
167863
167869
167870
167867
167865
167869
167875
167879
167875
167872
167876
167881
167883
167879
167876
167879
167882
167882
167874
167868
167867
167869
167868
167859
167853
167855
167858
167857
167849
167842
167842
167843
167840
167834
167828
167829
167831
167829
167822
167817
167821
167827
167828
167823
167820
167826
167835
167837
167835
167833
167837
167844
167845
167838
167832
167831
167830
167825
167813
167803
167798
167795
167789
167778
167769
167766
167766
167762
167756
167751
167755
167761
167764
167762
167761
167766
167773
167774
167771
167768
167773
167779
167781
167778
167776
167781
167789
167793
167792
167789
167794
167802
167805
167802
167800
167803
167809
167813
167811
167808
167814
167819
167819
167814
167810
167813
167819
167823
167821
167820
167827
167837
167843
167843
167845
167854
167864
167869
167867
167867
167873
167880
167882
167877
167874
167877
167883
167884
167879
167874
167875
167878
167878
167873
167869
167874
167881
167885
167883
167881
167888
167897
167901
167898
167896
167902
167910
167914
167912
167911
167916
167924
167929
167926
167924
167929
167937
167940
167937
167933
167935
167940
167942
167937
167931
167933
167936
167938
167936
167933
167936
167942
167945
167944
167943
167948
167953
167955
167950
167945
167945
167948
167946
167937
167930
167929
167930
167928
167921
167915
167916
167920
167921
167916
167911
167913
167917
167918
167913
167908
167912
167917
167917
167913
167908
167910
167914
167916
167910
167904
167904
167908
167910
167905
167900
167901
167902
167901
167892
167883
167881
167882
167881
167875
167871
167871
167875
167876
167872
167868
167868
167873
167875
167871
167869
167874
167882
167887
167885
167882
167886
167890
167888
167879
167872
167874
167876
167876
167870
167867
167870
167874
167876
167872
167869
167873
167879
167883
167879
167875
167877
167883
167887
167885
167882
167884
167889
167889
167881
167872
167871
167874
167874
167867
167862
167864
167867
167868
167863
167859
167861
167865
167866
167860
167854
167855
167858
167858
167851
167845
167846
167851
167852
167846
167842
167845
167851
167856
167854
167852
167859
167869
167877
167879
167878
167886
167898
167906
167907
167906
167911
167919
167923
167920
167917
167920
167923
167925
167921
167918
167920
167924
167924
167915
167907
167907
167909
167910
167904
167897
167896
167899
167899
167894
167889
167892
167898
167901
167896
167893
167897
167902
167904
167899
167895
167898
167900
167901
167896
167890
167890
167892
167893
167887
167881
167881
167885
167886
167880
167874
167874
167879
167882
167876
167872
167874
167879
167883
167880
167877
167881
167888
167892
167888
167881
167881
167885
167887
167883
167879
167881
167886
167889
167884
167880
167882
167887
167889
167884
167878
167879
167881
167882
167877
167871
167874
167878
167880
167875
167871
167871
167876
167879
167873
167865
167865
167870
167874
167869
167865
167867
167871
167872
167867
167860
167861
167865
167868
167862
167855
167853
167857
167858
167853
167846
167848
167855
167861
167859
167857
167862
167868
167872
167869
167867
167871
167879
167883
167880
167876
167878
167882
167885
167880
167873
167871
167875
167879
167877
167874
167877
167885
167890
167888
167886
167888
167895
167900
167898
167896
167898
167904
167907
167903
167897
167897
167901
167905
167899
167892
167892
167895
167896
167889
167882
167883
167887
167889
167883
167875
167874
167878
167880
167875
167870
167871
167878
167883
167880
167875
167876
167881
167883
167878
167875
167878
167884
167890
167888
167884
167883
167887
167888
167883
167876
167877
167881
167883
167876
167868
167866
167869
167870
167865
167860
167859
167860
167860
167854
167849
167851
167858
167863
167863
167861
167863
167869
167875
167872
167868
167870
167876
167881
167877
167872
167871
167875
167876
167869
167863
167864
167868
167869
167863
167857
167857
167861
167864
167862
167858
167860
167865
167869
167865
167863
167865
167868
167871
167867
167863
167866
167872
167875
167871
167867
167869
167875
167877
167871
167864
167863
167865
167865
167860
167854
167853
167857
167859
167854
167847
167847
167850
167854
167851
167846
167850
167857
167860
167857
167853
167855
167860
167862
167857
167853
167853
167857
167860
167857
167851
167852
167855
167857
167852
167846
167847
167851
167854
167852
167848
167849
167855
167857
167854
167850
167851
167856
167862
167861
167857
167857
167862
167865
167860
167854
167854
167855
167857
167852
167845
167845
167850
167856
167853
167847
167847
167851
167850
167844
167836
167833
167836
167838
167833
167827
167825
167831
167835
167831
167829
167831
167838
167845
167846
167843
167846
167852
167855
167852
167848
167848
167852
167855
167853
167849
167851
167856
167860
167855
167850
167850
167855
167858
167856
167854
167857
167864
167869
167865
167861
167862
167868
167871
167869
167865
167866
167872
167877
167874
167872
167872
167879
167884
167880
167875
167875
167879
167881
167876
167869
167867
167871
167874
167870
167863
167864
167870
167874
167872
167867
167868
167873
167877
167874
167870
167869
167873
167876
167872
167867
167866
167869
167875
167872
167869
167871
167878
167883
167883
167880
167882
167887
167890
167887
167880
167878
167880
167880
167875
167867
167866
167870
167874
167871
167867
167868
167874
167879
167876
167869
167869
167875
167880
167876
167872
167871
167875
167878
167873
167867
167865
167869
167873
167870
167866
167867
167874
167880
167877
167872
167873
167879
167883
167879
167872
167870
167873
167874
167869
167864
167864
167867
167869
167865
167860
167859
167864
167867
167863
167861
167864
167869
167874
167873
167870
167870
167875
167881
167879
167876
167877
167882
167888
167886
167881
167880
167886
167890
167888
167884
167883
167887
167891
167888
167885
167885
167890
167894
167892
167888
167888
167893
167898
167895
167891
167891
167893
167898
167895
167889
167885
167885
167886
167881
167874
167871
167875
167879
167876
167874
167876
167881
167887
167885
167882
167882
167888
167892
167889
167885
167882
167883
167885
167881
167876
167873
167875
167875
167869
167861
167858
167861
167864
167860
167856
167855
167860
167864
167861
167858
167861
167869
167875
167874
167871
167872
167879
167884
167880
167874
167874
167879
167884
167883
167878
167876
167880
167883
167878
167872
167868
167868
167867
167861
167852
167848
167848
167850
167844
167836
167835
167839
167842
167839
167834
167833
167839
167847
167847
167845
167846
167852
167860
167860
167855
167855
167863
167868
167863
167856
167853
167855
167855
167848
167840
167836
167839
167842
167840
167837
167838
167846
167854
167855
167853
167853
167860
167867
167865
167859
167856
167858
167858
167852
167845
167841
167845
167847
167845
167840
167840
167848
167854
167854
167854
167854
167860
167865
167862
167855
167852
167854
167855
167850
167843
167840
167844
167847
167844
167840
167838
167845
167853
167856
167857
167862
167871
167880
167881
167877
167876
167881
167883
167878
167872
167868
167871
167872
167866
167860
167855
167860
167867
167866
167864
167863
167870
167876
167878
167878
167881
167886
167892
167891
167886
167881
167882
167882
167874
167865
167860
167862
167866
167863
167860
167859
167865
167873
167874
167871
167871
167876
167880
167877
167871
167867
167871
167877
167876
167870
167866
167871
167874
167871
167864
167860
167865
167871
167871
167868
167869
167878
167887
167887
167883
167878
167881
167883
167876
167868
167864
167865
167866
167860
167854
167853
167856
167859
167857
167853
167851
167855
167859
167858
167855
167855
167860
167866
167865
167860
167855
167858
167860
167856
167851
167851
167854
167857
167854
167849
167846
167850
167854
167851
167845
167843
167849
167853
167852
167849
167851
167859
167864
167863
167859
167856
167858
167858
167851
167842
167834
167835
167837
167832
167826
167821
167823
167826
167821
167814
167811
167815
167819
167816
167812
167810
167814
167819
167818
167814
167813
167817
167821
167820
167815
167809
167812
167816
167813
167807
167803
167806
167811
167809
167804
167804
167811
167818
167818
167813
167810
167817
167823
167822
167817
167815
167821
167827
167822
167816
167812
167817
167822
167821
167819
167820
167827
167833
167832
167829
167828
167835
167840
167840
167837
167835
167840
167844
167842
167837
167835
167838
167841
167839
167833
167830
167834
167838
167838
167833
167831
167836
167842
167841
167838
167838
167844
167851
167851
167847
167845
167851
167858
167860
167858
167859
167866
167872
167872
167867
167863
167867
167871
167867
167861
167859
167863
167866
167865
167860
167858
167861
167863
167859
167851
167848
167852
167856
167853
167847
167843
167845
167846
167842
167834
167828
167827
167828
167826
167820
167816
167820
167824
167822
167815
167812
167818
167825
167826
167824
167823
167828
167833
167830
167826
167823
167826
167830
167829
167824
167822
167827
167833
167833
167828
167825
167831
167836
167836
167830
167828
167834
167840
167840
167836
167834
167840
167845
167844
167838
167836
167840
167845
167845
167842
167842
167848
167856
167858
167856
167857
167866
167874
167876
167873
167872
167879
167886
167886
167883
167882
167889
167894
167892
167886
167883
167885
167886
167884
167881
167876
167880
167884
167884
167880
167877
167885
167894
167897
167893
167892
167897
167903
167902
167897
167893
167897
167901
167899
167893
167889
167892
167897
167896
167892
167888
167891
167896
167896
167891
167887
167890
167894
167891
167886
167882
167885
167888
167886
167881
167877
167879
167883
167881
167876
167874
167878
167883
167880
167873
167868
167871
167874
167871
167863
167857
167859
167863
167861
167855
167849
167853
167858
167856
167849
167843
167846
167849
167848
167844
167840
167845
167853
167856
167853
167851
167856
167859
167857
167852
167848
167849
167853
167854
167850
167846
167850
167855
167856
167851
167848
167851
167856
167854
167847
167841
167842
167845
167843
167836
167830
167834
167838
167837
167831
167827
167830
167834
167834
167830
167827
167832
167837
167837
167833
167833
167838
167844
167845
167840
167838
167844
167850
167851
167847
167844
167849
167853
167853
167849
167844
167846
167851
167850
167844
167840
167846
167853
167854
167848
167846
167851
167857
167858
167854
167852
167858
167864
167864
167860
167856
167859
167864
167865
167860
167856
167861
167865
167864
167857
167854
167858
167864
167863
167856
167853
167856
167861
167862
167858
167856
167862
167867
167867
167861
167856
167858
167861
167860
167857
167854
167859
167865
167865
167860
167854
167855
167858
167857
167851
167845
167847
167852
167851
167845
167842
167845
167848
167848
167843
167839
167844
167850
167852
167848
167845
167849
167854
167854
167849
167843
167847
167851
167851
167847
167843
167845
167850
167851
167845
167841
167845
167850
167849
167842
167837
167839
167844
167842
167837
167836
167842
167848
167849
167844
167840
167843
167848
167850
167848
167845
167849
167854
167854
167849
167843
167844
167848
167846
167838
167831
167829
167831
167830
167824
167819
167822
167828
167829
167827
167823
167826
167830
167831
167828
167826
167831
167835
167835
167830
167827
167830
167834
167833
167826
167823
167827
167831
167831
167825
167820
167824
167829
167828
167822
167820
167826
167833
167837
167835
167834
167840
167846
167848
167844
167840
167842
167848
167850
167845
167842
167846
167852
167852
167846
167840
167843
167846
167846
167840
167836
167840
167846
167845
167840
167837
167840
167847
167847
167842
167838
167840
167845
167845
167839
167833
167835
167838
167836
167828
167823
167824
167827
167828
167823
167818
167821
167827
167829
167824
167821
167825
167832
167836
167832
167827
167831
167836
167837
167832
167831
167835
167842
167844
167840
167837
167840
167845
167846
167842
167838
167842
167848
167851
167847
167843
167848
167855
167858
167854
167852
167857
167863
167865
167860
167854
167856
167861
167861
167858
167855
167857
167861
167863
167858
167854
167857
167862
167866
167864
167862
167866
167873
167876
167874
167869
167874
167880
167883
167881
167881
167887
167893
167894
167892
167889
167893
167898
167899
167895
167892
167894
167895
167895
167890
167885
167888
167894
167896
167892
167886
167888
167892
167894
167888
167882
167883
167888
167890
167887
167884
167887
167893
167896
167893
167891
167896
167904
167906
167902
167898
167902
167908
167909
167905
167899
167900
167903
167902
167896
167890
167889
167891
167889
167883
167877
167879
167883
167883
167878
167875
167880
167884
167885
167880
167875
167876
167878
167878
167871
167864
167866
167870
167871
167865
167859
167860
167864
167866
167863
167860
167862
167865
167865
167860
167854
167855
167858
167858
167852
167847
167851
167858
167860
167855
167850
167852
167856
167857
167851
167845
167849
167855
167856
167849
167841
167840
167842
167841
167833
167826
167827
167830
167832
167827
167821
167823
167826
167827
167822
167818
167819
167824
167826
167821
167817
167821
167826
167829
167826
167822
167825
167828
167830
167826
167822
167824
167829
167832
167830
167825
167827
167832
167834
167831
167828
167831
167836
167839
167834
167829
167833
167841
167844
167842
167840
167842
167846
167847
167841
167836
167841
167846
167848
167846
167843
167845
167849
167848
167840
167833
167833
167837
167842
167838
167833
167835
167839
167841
167838
167833
167836
167843
167846
167842
167838
167840
167846
167848
167842
167836
167837
167841
167841
167836
167831
167835
167842
167845
167844
167845
167852
167860
167864
167860
167856
167857
167861
167863
167856
167849
167849
167853
167854
167848
167842
167842
167847
167851
167847
167842
167845
167851
167854
167852
167848
167850
167855
167858
167855
167850
167853
167857
167860
167855
167847
167847
167852
167856
167851
167846
167847
167852
167855
167851
167846
167848
167854
167858
167855
167850
167851
167858
167861
167857
167854
167858
167865
167869
167868
167865
167869
167877
167881
167876
167872
167873
167878
167880
167875
167869
167869
167873
167874
167867
167861
167863
167868
167871
167865
167861
167862
167866
167868
167865
167859
167859
167863
167864
167860
167855
167856
167861
167863
167860
167854
167853
167854
167855
167849
167843
167844
167849
167852
167849
167845
167846
167851
167855
167853
167850
167851
167855
167855
167849
167841
167840
167842
167841
167835
167828
167828
167832
167835
167830
167824
167824
167829
167832
167829
167824
167826
167832
167837
167834
167831
167833
167839
167844
167842
167839
167841
167848
167850
167844
167837
167836
167841
167845
167840
167835
167837
167842
167847
167843
167839
167840
167846
167849
167844
167839
167840
167845
167848
167843
167839
167840
167845
167848
167846
167841
167842
167847
167850
167844
167838
167841
167846
167850
167845
167836
167836
167842
167846
167843
167841
167844
167851
167855
167852
167849
167849
167854
167858
167855
167850
167850
167855
167857
167852
167845
167845
167850
167854
167850
167845
167845
167850
167854
167850
167846
167849
167855
167861
167857
167853
167854
167858
167860
167855
167848
167848
167853
167856
167852
167847
167847
167852
167855
167851
167848
167850
167859
167863
167859
167856
167857
167862
167866
167863
167860
167860
167863
167865
167858
167851
167850
167851
167854
167852
167847
167849
167854
167855
167848
167842
167842
167848
167852
167850
167848
167852
167857
167858
167853
167847
167845
167849
167854
167853
167849
167849
167854
167856
167853
167848
167847
167851
167854
167851
167846
167845
167849
167854
167850
167847
167846
167848
167850
167845
167839
167841
167846
167850
167846
167840
167840
167846
167849
167846
167841
167841
167845
167847
167841
167835
167835
167841
167847
167844
167840
167842
167847
167853
167848
167843
167845
167849
167854
167853
167851
167851
167856
167859
167854
167849
167848
167852
167858
167855
167850
167848
167852
167855
167851
167846
167845
167848
167852
167849
167845
167844
167847
167849
167846
167842
167842
167848
167854
167850
167845
167847
167854
167858
167854
167849
167848
167852
167855
167851
167845
167846
167852
167855
167850
167846
167846
167854
167860
167859
167855
167854
167857
167859
167854
167849
167849
167855
167859
167856
167851
167852
167857
167861
167857
167852
167854
167861
167866
167863
167857
167856
167860
167865
167861
167856
167856
167861
167864
167859
167853
167853
167855
167857
167853
167846
167845
167849
167852
167847
167841
167841
167846
167849
167845
167839
167839
167842
167845
167841
167836
167837
167841
167844
167840
167836
167836
167842
167847
167843
167838
167840
167847
167852
167847
167842
167846
167852
167856
167854
167848
167847
167852
167855
167852
167847
167850
167855
167859
167857
167853
167853
167859
167863
167858
167854
167853
167857
167860
167856
167851
167850
167854
167857
167854
167849
167847
167851
167856
167852
167849
167848
167851
167854
167851
167846
167844
167850
167856
167854
167850
167848
167853
167858
167855
167850
167850
167855
167858
167854
167849
167848
167853
167857
167853
167848
167847
167853
167858
167854
167849
167849
167853
167858
167855
167849
167849
167856
167861
167858
167853
167852
167855
167858
167854
167849
167848
167852
167857
167855
167851
167849
167853
167857
167854
167850
167850
167857
167862
167859
167854
167851
167855
167858
167855
167850
167851
167857
167862
167859
167855
167854
167858
167864
167862
167858
167859
167863
167868
167863
167857
167854
167857
167861
167855
167850
167849
167854
167859
167855
167849
167849
167854
167859
167856
167849
167847
167851
167854
167851
167847
167847
167853
167857
167854
167849
167848
167851
167853
167849
167843
167842
167846
167850
167847
167841
167838
167841
167845
167841
167836
167834
167838
167843
167839
167833
167829
167833
167839
167837
167833
167832
167837
167844
167842
167836
167837
167842
167847
167844
167841
167840
167844
167848
167848
167845
167845
167850
167854
167851
167847
167846
167852
167858
167857
167853
167852
167856
167860
167857
167851
167846
167853
167858
167855
167849
167848
167851
167855
167852
167846
167845
167850
167854
167851
167847
167846
167851
167855
167850
167845
167845
167851
167857
167854
167849
167849
167855
167862
167859
167856
167856
167863
167869
167868
167865
167866
167870
167875
167874
167872
167871
167876
167879
167876
167872
167870
167874
167880
167878
167873
167872
167876
167879
167874
167869
167866
167870
167876
167873
167867
167863
167868
167872
167870
167866
167863
167868
167873
167870
167865
167862
167865
167869
167867
167862
167861
167867
167872
167870
167866
167865
167870
167874
167871
167867
167867
167872
167876
167873
167867
167864
167869
167873
167870
167864
167861
167865
167869
167866
167861
167860
167864
167869
167867
167863
167862
167865
167869
167865
167858
167855
167860
167865
167862
167858
167855
167858
167861
167859
167852
167850
167855
167859
167857
167851
167848
167852
167857
167856
167852
167849
167853
167858
167856
167853
167851
167856
167862
167859
167855
167854
167858
167860
167854
167848
167845
167849
167852
167849
167843
167839
167840
167844
167843
167840
167842
167848
167855
167855
167851
167848
167851
167854
167854
167850
167849
167853
167858
167856
167851
167848
167852
167855
167854
167852
167852
167857
167864
167863
167860
167859
167863
167868
167866
167861
167858
167861
167864
167862
167857
167853
167858
167864
167863
167859
167856
167861
167868
167868
167862
167859
167864
167868
167865
167858
167853
167857
167861
167858
167850
167844
167848
167851
167847
167840
167837
167839
167844
167841
167837
167833
167836
167839
167836
167830
167827
167833
167837
167833
167829
167827
167831
167834
167833
167829
167828
167831
167835
167832
167827
167825
167829
167832
167830
167825
167822
167825
167830
167828
167823
167821
167826
167832
167832
167829
167828
167834
167839
167837
167831
167826
167829
167832
167829
167824
167823
167830
167834
167832
167829
167828
167833
167838
167838
167833
167833
167838
167842
167840
167836
167833
167837
167840
167837
167832
167830
167834
167839
167839
167836
167835
167840
167843
167844
167838
167834
167838
167842
167838
167831
167827
167828
167832
167829
167824
167822
167827
167832
167830
167825
167824
167833
167842
167844
167842
167843
167850
167854
167852
167845
167840
167843
167846
167842
167836
167835
167841
167847
167846
167842
167840
167844
167849
167847
167840
167837
167840
167845
167845
167840
167838
167844
167850
167852
167848
167847
167854
167862
167863
167858
167856
167861
167865
167862
167858
167855
167859
167862
167860
167853
167849
167853
167860
167859
167855
167854
167860
167865
167865
167862
167861
167865
167870
167869
167866
167864
167867
167872
167869
167862
167854
167855
167858
167857
167853
167852
167859
167864
167863
167858
167855
167860
167866
167863
167856
167852
167857
167862
167861
167856
167854
167859
167864
167863
167860
167859
167864
167868
167866
167860
167857
167862
167868
167867
167864
167860
167863
167867
167866
167859
167855
167859
167861
167859
167854
167851
167855
167859
167858
167852
167847
167850
167854
167853
167848
167848
167854
167859
167858
167852
167847
167851
167854
167853
167848
167845
167849
167854
167854
167850
167847
167851
167858
167859
167854
167849
167852
167857
167856
167852
167848
167850
167854
167853
167848
167844
167847
167850
167849
167842
167839
167844
167848
167846
167842
167838
167842
167848
167849
167847
167846
167850
167855
167854
167848
167843
167848
167854
167850
167841
167837
167840
167844
167844
167838
167835
167840
167845
167846
167844
167842
167847
167851
167849
167843
167839
167840
167843
167840
167834
167829
167833
167839
167839
167833
167829
167834
167841
167844
167843
167842
167849
167855
167855
167851
167848
167851
167853
167852
167847
167842
167845
167850
167849
167845
167842
167844
167847
167847
167842
167839
167844
167847
167845
167838
167832
167835
167839
167836
167828
167822
167824
167827
167824
167817
167815
167820
167826
167828
167825
167824
167831
167838
167840
167838
167839
167846
167853
167854
167849
167844
167847
167849
167846
167839
167833
167835
167841
167840
167834
167829
167833
167838
167840
167839
167838
167846
167854
167856
167851
167848
167853
167858
167857
167853
167849
167851
167855
167854
167850
167845
167848
167853
167853
167849
167846
167851
167857
167858
167853
167852
167858
167863
167863
167857
167852
167856
167860
167859
167854
167850
167854
167858
167858
167854
167850
167854
167860
167861
167856
167854
167859
167864
167865
167860
167854
167856
167859
167857
167851
167846
167847
167850
167849
167844
167840
167847
167853
167854
167852
167850
167856
167861
167864
167861
167860
167866
167873
167874
167868
167861
167861
167865
167864
167858
167855
167859
167864
167864
167859
167855
167857
167861
167860
167855
167852
167856
167860
167858
167852
167850
167852
167856
167856
167852
167849
167851
167853
167852
167847
167843
167847
167852
167852
167847
167843
167846
167850
167851
167847
167842
167844
167848
167848
167843
167838
167841
167846
167846
167839
167834
167837
167840
167840
167836
167833
167838
167845
167847
167844
167841
167845
167850
167852
167847
167843
167845
167850
167849
167844
167838
167840
167844
167843
167837
167832
167836
167841
167842
167836
167831
167834
167840
167842
167841
167839
167844
167851
167853
167850
167846
167849
167854
167854
167850
167848
167852
167857
167858
167852
167846
167848
167851
167851
167845
167840
167844
167847
167848
167842
167837
167840
167844
167845
167840
167837
167841
167848
167848
167842
167838
167840
167844
167842
167837
167834
167837
167841
167841
167838
167835
167837
167841
167839
167833
167830
167833
167838
167840
167834
167830
167835
167839
167840
167835
167830
167832
167836
167835
167829
167826
167830
167836
167838
167834
167830
167835
167841
167843
167839
167834
167835
167838
167837
167830
167825
167828
167832
167833
167829
167824
167828
167833
167834
167831
167829
167835
167843
167846
167843
167841
167847
167854
167854
167849
167846
167850
167855
167856
167852
167848
167852
167856
167857
167851
167847
167851
167857
167859
167855
167851
167854
167858
167860
167856
167852
167857
167863
167865
167860
167856
167858
167864
167865
167859
167852
167854
167858
167859
167855
167851
167853
167858
167859
167854
167850
167851
167856
167858
167855
167851
167853
167857
167857
167849
167842
167843
167849
167850
167844
167839
167842
167847
167849
167845
167842
167846
167851
167852
167848
167843
167844
167847
167845
167838
167833
167836
167842
167844
167842
167836
167838
167843
167845
167840
167836
167841
167848
167849
167845
167843
167848
167854
167856
167851
167847
167848
167852
167852
167845
167840
167843
167848
167849
167843
167838
167840
167844
167843
167837
167833
167836
167841
167842
167837
167833
167836
167840
167841
167837
167836
167839
167845
167848
167844
167843
167846
167851
167853
167850
167848
167850
167854
167856
167851
167848
167850
167853
167854
167850
167844
167845
167847
167846
167839
167834
167836
167840
167841
167837
167832
167836
167842
167844
167839
167834
167836
167840
167840
167836
167831
167835
167840
167840
167834
167829
167832
167836
167838
167834
167831
167834
167838
167839
167837
167834
167838
167844
167845
167840
167836
167839
167844
167844
167838
167832
167833
167834
167834
167828
167822
167824
167829
167830
167826
167821
167824
167829
167831
167827
167824
167830
167838
167843
167841
167838
167841
167845
167846
167841
167836
167836
167841
167842
167837
167831
167832
167835
167834
167827
167821
167824
167831
167834
167831
167828
167832
167838
167840
167837
167833
167837
167845
167849
167845
167841
167843
167846
167847
167841
167834
167834
167835
167834
167828
167821
167822
167826
167826
167819
167813
167814
167817
167818
167815
167810
167811
167815
167816
167811
167807
167811
167817
167821
167816
167813
167817
167821
167822
167816
167813
167817
167822
167823
167819
167815
167818
167822
167821
167813
167807
167808
167812
167814
167810
167808
167811
167816
167818
167814
167809
167812
167817
167820
167817
167815
167819
167826
167829
167824
167820
167822
167825
167826
167821
167814
167815
167820
167820
167816
167813
167818
167823
167826
167824
167819
167823
167830
167835
167832
167830
167834
167839
167839
167833
167829
167832
167835
167836
167833
167829
167830
167834
167834
167829
167825
167829
167833
167835
167831
167828
167831
167835
167837
167834
167831
167835
167839
167842
167839
167835
167838
167842
167842
167838
167835
167837
167839
167840
167835
167831
167835
167839
167842
167838
167833
167833
167835
167836
167832
167828
167831
167837
167842
167840
167838
167842
167848
167851
167846
167841
167840
167845
167850
167848
167845
167846
167851
167852
167847
167841
167843
167848
167852
167848
167843
167847
167853
167855
167849
167843
167844
167847
167849
167844
167838
167838
167842
167843
167839
167835
167837
167843
167848
167846
167843
167848
167857
167860
167856
167851
167853
167856
167856
167851
167845
167845
167847
167848
167842
167838
167841
167845
167848
167846
167846
167850
167857
167860
167858
167853
167853
167857
167857
167851
167846
167846
167850
167853
167847
167842
167842
167847
167849
167846
167840
167842
167847
167850
167845
167839
167837
167840
167841
167835
167831
167832
167835
167836
167831
167827
167830
167835
167839
167838
167835
167836
167840
167843
167840
167836
167837
167843
167845
167838
167834
167834
167837
167839
167834
167830
167832
167837
167841
167840
167837
167839
167845
167849
167846
167840
167839
167843
167846
167841
167836
167837
167841
167846
167843
167837
167839
167844
167847
167844
167839
167840
167843
167846
167844
167840
167841
167844
167845
167840
167834
167834
167838
167843
167842
167838
167841
167847
167851
167849
167844
167846
167852
167857
167853
167848
167849
167852
167855
167850
167843
167843
167848
167850
167845
167838
167839
167842
167844
167840
167837
167840
167846
167849
167845
167838
167840
167845
167846
167841
167836
167838
167843
167845
167839
167835
167835
167839
167842
167838
167833
167836
167841
167844
167841
167837
167838
167841
167843
167838
167836
167837
167839
167841
167836
167832
167832
167835
167840
167839
167836
167838
167843
167846
167843
167837
167838
167843
167846
167842
167837
167838
167842
167843
167838
167833
167834
167839
167843
167839
167835
167838
167845
167850
167845
167838
167836
167841
167842
167835
167828
167828
167833
167835
167831
167828
167831
167837
167841
167837
167834
167834
167837
167840
167836
167830
167829
167834
167839
167835
167831
167832
167835
167839
167836
167832
167835
167842
167847
167844
167838
167840
167845
167848
167841
167835
167834
167836
167838
167832
167828
167828
167831
167833
167828
167824
167825
167831
167836
167836
167835
167837
167844
167848
167845
167839
167838
167841
167845
167841
167838
167839
167844
167848
167842
167835
167834
167837
167840
167835
167829
167830
167836
167841
167839
167835
167837
167841
167845
167841
167836
167835
167838
167841
167837
167831
167831
167836
167840
167837
167833
167833
167837
167841
167837
167833
167834
167841
167846
167841
167836
167838
167843
167846
167841
167836
167836
167838
167839
167834
167827
167826
167830
167834
167833
167830
167832
167837
167840
167836
167831
167829
167834
167837
167832
167829
167829
167836
167842
167839
167834
167834
167839
167842
167836
167831
167832
167837
167840
167835
167830
167832
167838
167840
167835
167829
167830
167832
167833
167828
167822
167823
167829
167834
167833
167830
167832
167837
167839
167834
167829
167830
167833
167835
167830
167826
167827
167831
167834
167830
167826
167827
167832
167836
167834
167830
167831
167836
167840
167837
167832
167834
167842
167847
167844
167839
167839
167843
167846
167842
167836
167835
167836
167838
167832
167827
167828
167833
167836
167833
167831
167833
167838
167840
167836
167832
167832
167836
167841
167837
167832
167830
167833
167837
167834
167829
167828
167831
167833
167830
167826
167826
167833
167837
167835
167832
167831
167834
167836
167831
167826
167825
167830
167834
167831
167825
167825
167828
167831
167825
167821
167822
167829
167832
167827
167821
167819
167823
167825
167820
167817
167817
167822
167824
167820
167816
167816
167821
167826
167824
167822
167825
167831
167834
167830
167824
167823
167828
167834
167832
167828
167827
167834
167839
167836
167832
167833
167838
167840
167835
167826
167824
167828
167832
167828
167824
167824
167830
167833
167830
167826
167827
167834
167838
167833
167828
167828
167832
167834
167828
167822
167821
167825
167829
167826
167821
167820
167824
167828
167825
167822
167825
167832
167837
167835
167832
167831
167834
167838
167834
167829
167827
167831
167835
167829
167822
167821
167826
167831
167827
167822
167823
167828
167830
167825
167819
167819
167823
167827
167821
167814
167811
167814
167816
167812
167808
167809
167814
167820
167819
167817
167818
167824
167829
167827
167824
167825
167830
167835
167828
167822
167820
167822
167823
167819
167815
167814
167818
167823
167821
167817
167813
167818
167823
167820
167815
167815
167820
167824
167819
167815
167818
167826
167831
167827
167819
167814
167816
167818
167812
167806
167807
167813
167819
167817
167814
167816
167823
167829
167830
167829
167831
167838
167843
167841
167835
167834
167838
167843
167840
167832
167830
167833
167836
167833
167826
167828
167837
167845
167844
167842
167844
167850
167855
167851
167848
167848
167852
167855
167849
167842
167840
167844
167848
167842
167838
167837
167843
167846
167842
167837
167837
167844
167848
167843
167837
167836
167841
167841
167835
167827
167826
167831
167834
167829
167823
167823
167830
167835
167833
167831
167832
167839
167844
167842
167839
167838
167839
167840
167836
167829
167826
167830
167834
167830
167824
167823
167827
167832
167831
167829
167830
167837
167845
167845
167843
167843
167847
167848
167843
167837
167832
167833
167835
167831
167826
167823
167826
167829
167829
167825
167823
167828
167833
167830
167826
167825
167831
167834
167830
167824
167823
167828
167831
167826
167820
167819
167823
167826
167822
167815
167814
167821
167828
167827
167823
167824
167831
167836
167832
167827
167825
167828
167832
167828
167821
167820
167823
167825
167820
167814
167814
167820
167823
167818
167814
167812
167817
167821
167818
167814
167813
167817
167820
167816
167807
167804
167807
167810
167807
167803
167805
167811
167814
167811
167806
167806
167813
167817
167813
167808
167810
167815
167820
167817
167813
167814
167819
167823
167820
167815
167813
167817
167821
167818
167815
167815
167822
167828
167827
167823
167823
167828
167833
167830
167826
167827
167834
167840
167839
167834
167832
167836
167838
167833
167828
167828
167832
167834
167832
167829
167830
167836
167839
167836
167830
167829
167835
167839
167838
167834
167835
167841
167845
167843
167839
167839
167845
167851
167849
167845
167842
167845
167848
167848
167845
167846
167852
167856
167854
167850
167848
167854
167860
167857
167851
167849
167853
167856
167850
167845
167844
167849
167854
167849
167843
167840
167844
167845
167840
167833
167833
167837
167840
167836
167831
167829
167832
167837
167836
167832
167830
167833
167838
167835
167829
167829
167836
167843
167843
167839
167839
167843
167848
167847
167845
167845
167850
167854
167850
167846
167845
167850
167852
167848
167843
167840
167843
167843
167836
167829
167825
167825
167828
167825
167818
167814
167817
167821
167817
167811
167809
167813
167818
167816
167810
167811
167817
167821
167817
167811
167809
167814
167817
167813
167806
167804
167807
167811
167806
167801
167800
167803
167808
167806
167800
167797
167800
167804
167803
167801
167801
167807
167814
167814
167810
167811
167818
167824
167825
167822
167822
167826
167829
167826
167820
167820
167827
167833
167831
167827
167827
167832
167836
167833
167828
167828
167833
167839
167838
167835
167833
167837
167840
167836
167829
167827
167832
167837
167834
167829
167829
167836
167841
167837
167829
167827
167832
167836
167833
167827
167824
167829
167832
167830
167827
167827
167834
167840
167840
167838
167839
167843
167848
167846
167842
167839
167842
167844
167841
167834
167830
167833
167835
167830
167823
167819
167823
167829
167827
167821
167818
167824
167829
167828
167823
167821
167824
167829
167825
167819
167816
167821
167828
167826
167821
167819
167823
167826
167822
167817
167815
167819
167821
167819
167816
167815
167821
167825
167822
167816
167813
167818
167820
167815
167808
167804
167806
167809
167807
167802
167800
167805
167812
167811
167808
167806
167813
167821
167823
167822
167822
167830
167837
167836
167832
167832
167838
167842
167839
167834
167831
167834
167837
167831
167824
167821
167824
167827
167824
167818
167816
167822
167826
167824
167819
167818
167821
167824
167821
167818
167820
167826
167833
167832
167828
167828
167834
167839
167836
167830
167827
167831
167832
167825
167815
167807
167805
167802
167792
167783
167777
167777
167778
167774
167765
167761
167766
167772
167769
167764
167765
167772
167778
167776
167773
167773
167781
167787
167785
167781
167780
167786
167793
167795
167794
167796
167803
167810
167809
167805
167804
167810
167815
167813
167808
167807
167812
167817
167814
167809
167809
167815
167822
167822
167820
167824
167835
167843
167843
167842
167844
167852
167858
167858
167854
167852
167855
167858
167853
167847
167842
167843
167845
167841
167835
167832
167835
167841
167840
167835
167833
167838
167841
167837
167829
167824
167827
167830
167825
167818
167814
167819
167825
167824
167821
167821
167827
167834
167834
167830
167829
167836
167844
167843
167841
167842
167847
167850
167846
167840
167837
167840
167844
167841
167837
167835
167839
167845
167846
167844
167845
167854
167863
167863
167861
167859
167864
167869
167867
167861
167858
167859
167860
167855
167848
167844
167850
167856
167856
167851
167849
167854
167859
167856
167849
167846
167850
167855
167852
167846
167842
167844
167847
167843
167839
167836
167842
167846
167843
167841
167840
167846
167851
167850
167847
167847
167851
167855
167852
167845
167840
167841
167843
167840
167833
167828
167831
167833
167829
167822
167822
167829
167835
167831
167825
167822
167825
167828
167825
167822
167821
167825
167829
167825
167820
167816
167819
167821
167816
167810
167808
167811
167815
167811
167807
167805
167809
167814
167814
167811
167810
167817
167824
167822
167818
167815
167819
167823
167821
167816
167814
167818
167822
167818
167814
167814
167821
167828
167828
167824
167821
167823
167826
167824
167817
167814
167820
167827
167826
167822
167819
167823
167828
167825
167821
167820
167824
167827
167821
167813
167809
167809
167810
167806
167799
167796
167799
167802
167799
167796
167794
167798
167802
167801
167800
167798
167802
167805
167802
167796
167794
167798
167802
167801
167797
167794
167798
167802
167799
167793
167790
167795
167800
167799
167796
167795
167800
167804
167802
167797
167794
167798
167805
167803
167799
167799
167803
167807
167805
167801
167799
167805
167810
167808
167802
167799
167804
167810
167809
167809
167812
167819
167823
167821
167816
167813
167817
167823
167822
167818
167816
167819
167822
167818
167811
167807
167813
167818
167817
167811
167808
167814
167820
167820
167816
167816
167824
167829
167826
167819
167815
167818
167823
167821
167815
167813
167818
167822
167818
167812
167808
167811
167813
167811
167807
167807
167813
167819
167817
167814
167812
167816
167821
167823
167824
167825
167830
167836
167835
167830
167827
167830
167836
167833
167827
167824
167829
167834
167833
167828
167823
167827
167831
167829
167824
167823
167829
167832
167828
167823
167818
167821
167826
167825
167821
167818
167822
167826
167822
167815
167812
167817
167823
167819
167813
167809
167813
167818
167814
167809
167807
167812
167816
167814
167809
167807
167814
167819
167818
167815
167816
167824
167830
167828
167823
167819
167822
167827
167826
167822
167819
167821
167824
167819
167811
167806
167810
167815
167813
167811
167809
167813
167817
167816
167813
167810
167816
167823
167823
167819
167815
167817
167820
167817
167810
167805
167809
167813
167810
167805
167801
167805
167811
167810
167807
167808
167817
167824
167824
167822
167820
167826
167832
167831
167828
167827
167832
167838
167836
167830
167827
167832
167836
167833
167830
167827
167832
167837
167835
167828
167825
167829
167835
167834
167830
167830
167833
167838
167838
167836
167835
167841
167847
167849
167846
167846
167853
167859
167860
167858
167857
167864
167870
167870
167866
167863
167866
167870
167869
167864
167863
167867
167873
167875
167872
167871
167876
167879
167877
167872
167868
167871
167875
167876
167872
167869
167873
167878
167877
167872
167868
167871
167875
167873
167869
167866
167870
167873
167868
167860
167855
167857
167858
167854
167847
167842
167844
167845
167840
167833
167826
167828
167830
167826
167818
167813
167813
167815
167812
167808
167807
167814
167821
167822
167820
167819
167824
167828
167824
167817
167813
167816
167821
167823
167819
167816
167819
167821
167817
167810
167806
167808
167813
167811
167807
167807
167814
167821
167820
167814
167809
167812
167814
167809
167802
167800
167803
167808
167806
167801
167800
167806
167810
167809
167804
167802
167808
167815
167814
167811
167809
167814
167818
167815
167810
167807
167810
167813
167812
167807
167804
167807
167810
167809
167805
167801
167805
167809
167808
167804
167801
167805
167809
167807
167803
167801
167806
167814
167815
167812
167811
167815
167820
167819
167814
167812
167817
167821
167819
167814
167811
167815
167821
167819
167815
167811
167815
167821
167821
167818
167817
167821
167825
167825
167822
167821
167827
167835
167834
167830
167827
167831
167837
167835
167830
167828
167833
167837
167833
167827
167825
167829
167834
167833
167831
167829
167834
167838
167835
167829
167827
167833
167838
167836
167832
167828
167833
167837
167834
167829
167827
167831
167834
167832
167828
167825
167831
167837
167834
167829
167826
167831
167838
167839
167836
167835
167839
167845
167843
167838
167836
167841
167847
167846
167840
167836
167840
167843
167840
167833
167827
167833
167840
167838
167833
167831
167836
167842
167841
167837
167835
167840
167845
167844
167841
167838
167842
167846
167842
167837
167834
167837
167839
167835
167825
167818
167820
167824
167822
167815
167813
167819
167823
167823
167819
167818
167823
167829
167828
167822
167818
167821
167824
167821
167813
167805
167807
167810
167808
167803
167800
167804
167807
167805
167801
167799
167806
167810
167810
167805
167803
167807
167811
167808
167803
167800
167804
167808
167805
167799
167796
167800
167803
167800
167794
167792
167796
167800
167799
167794
167790
167792
167798
167798
167794
167791
167795
167798
167798
167795
167793
167797
167803
167804
167801
167799
167805
167810
167810
167807
167806
167812
167817
167817
167813
167813
167819
167825
167826
167823
167820
167825
167830
167829
167826
167826
167832
167838
167839
167836
167834
167840
167845
167843
167842
167840
167843
167848
167848
167844
167840
167844
167847
167845
167840
167839
167843
167846
167845
167842
167839
167841
167845
167843
167838
167835
167839
167842
167841
167836
167833
167837
167840
167840
167837
167837
167844
167851
167852
167850
167848
167855
167861
167862
167858
167855
167860
167865
167862
167855
167850
167854
167858
167856
167850
167846
167851
167854
167851
167845
167841
167846
167850
167848
167845
167843
167848
167852
167849
167844
167839
167842
167844
167839
167833
167830
167832
167836
167835
167832
167830
167835
167839
167836
167831
167827
167829
167832
167830
167824
167820
167822
167825
167824
167820
167818
167824
167829
167827
167823
167821
167826
167832
167830
167827
167828
167834
167840
167838
167834
167834
167840
167845
167843
167840
167837
167841
167844
167841
167834
167831
167834
167838
167838
167834
167833
167837
167841
167838
167832
167827
167830
167832
167828
167823
167821
167828
167834
167834
167831
167830
167835
167842
167840
167835
167833
167839
167843
167839
167832
167828
167834
167839
167839
167834
167829
167830
167836
167836
167831
167830
167835
167840
167837
167831
167826
167829
167832
167831
167828
167825
167829
167832
167828
167821
167817
167821
167823
167818
167812
167809
167813
167817
167814
167807
167804
167807
167811
167809
167806
167807
167812
167818
167817
167812
167808
167810
167814
167812
167806
167802
167807
167813
167813
167810
167810
167817
167824
167823
167819
167819
167825
167832
167834
167830
167828
167833
167840
167840
167836
167832
167836
167843
167842
167839
167835
167837
167838
167833
167824
167819
167821
167824
167822
167817
167814
167818
167823
167820
167814
167812
167816
167821
167818
167813
167812
167818
167824
167822
167816
167814
167819
167824
167822
167816
167813
167816
167820
167820
167817
167816
167822
167828
167828
167824
167821
167822
167826
167824
167820
167818
167822
167826
167825
167819
167815
167817
167819
167816
167811
167810
167816
167821
167820
167814
167813
167818
167824
167824
167821
167818
167822
167828
167826
167819
167815
167818
167824
167822
167817
167815
167819
167824
167821
167815
167813
167817
167822
167820
167817
167816
167824
167830
167829
167824
167820
167824
167830
167829
167825
167823
167826
167830
167827
167821
167819
167823
167826
167824
167818
167814
167818
167822
167822
167819
167817
167821
167829
167829
167825
167823
167827
167832
167832
167825
167823
167829
167833
167832
167829
167826
167830
167835
167831
167823
167818
167821
167825
167821
167816
167814
167821
167825
167824
167821
167821
167827
167832
167831
167827
167826
167830
167835
167835
167832
167832
167836
167839
167835
167828
167826
167830
167833
167830
167826
167823
167828
167831
167828
167822
167820
167825
167830
167828
167823
167821
167826
167831
167827
167821
167819
167825
167831
167829
167825
167822
167827
167829
167827
167823
167821
167825
167828
167826
167820
167816
167819
167824
167823
167819
167816
167819
167825
167823
167817
167814
167818
167820
167818
167815
167814
167819
167823
167821
167816
167813
167815
167817
167815
167809
167809
167813
167817
167814
167809
167806
167809
167814
167814
167811
167809
167814
167819
167817
167813
167812
167817
167824
167825
167821
167819
167826
167832
167832
167828
167827
167830
167833
167832
167825
167821
167825
167827
167823
167815
167811
167812
167815
167812
167807
167804
167806
167812
167810
167804
167801
167808
167815
167813
167808
167806
167813
167819
167819
167815
167814
167818
167824
167822
167816
167813
167817
167821
167819
167814
167813
167818
167822
167820
167815
167813
167817
167821
167819
167816
167815
167819
167824
167822
167816
167815
167820
167824
167824
167819
167817
167820
167824
167821
167815
167811
167815
167820
167819
167815
167813
167815
167820
167819
167813
167809
167814
167821
167820
167816
167814
167819
167824
167822
167817
167814
167818
167822
167819
167812
167808
167811
167814
167810
167802
167798
167804
167810
167808
167803
167799
167804
167809
167807
167802
167801
167806
167812
167811
167807
167804
167808
167813
167811
167807
167805
167811
167817
167817
167813
167810
167815
167819
167817
167812
167809
167813
167814
167811
167808
167807
167811
167817
167817
167814
167812
167817
167823
167823
167820
167819
167823
167829
167828
167825
167822
167825
167830
167829
167825
167821
167825
167831
167831
167828
167827
167832
167838
167838
167833
167832
167835
167839
167838
167834
167831
167837
167841
167840
167835
167832
167837
167844
167842
167839
167839
167847
167851
167847
167840
167836
167838
167842
167839
167832
167828
167832
167837
167834
167827
167824
167827
167831
167828
167823
167821
167826
167832
167832
167829
167827
167831
167834
167830
167823
167820
167821
167824
167823
167820
167819
167825
167830
167828
167824
167823
167827
167831
167829
167825
167822
167824
167827
167824
167818
167816
167819
167822
167818
167812
167810
167816
167823
167823
167820
167820
167825
167831
167830
167825
167822
167827
167831
167828
167820
167817
167822
167826
167822
167816
167813
167818
167824
167821
167817
167815
167821
167827
167825
167820
167818
167822
167826
167823
167816
167814
167819
167824
167823
167819
167817
167821
167825
167824
167821
167821
167825
167831
167830
167825
167821
167824
167828
167825
167819
167818
167823
167829
167827
167824
167824
167829
167834
167832
167827
167825
167830
167837
167836
167832
167830
167835
167838
167833
167826
167822
167826
167832
167834
167831
167831
167837
167843
167840
167834
167829
167832
167838
167835
167828
167825
167829
167832
167829
167824
167821
167826
167834
167835
167833
167833
167842
167850
167851
167847
167846
167852
167858
167855
167847
167843
167847
167850
167846
167841
167838
167842
167846
167843
167838
167836
167840
167844
167841
167837
167835
167839
167845
167846
167844
167843
167846
167850
167850
167846
167846
167853
167858
167855
167850
167847
167852
167856
167853
167847
167843
167846
167848
167843
167833
167825
167828
167831
167828
167823
167821
167826
167831
167830
167828
167828
167833
167840
167840
167838
167837
167842
167848
167844
167840
167838
167841
167845
167840
167831
167824
167823
167823
167818
167811
167806
167808
167810
167806
167800
167795
167797
167798
167795
167789
167785
167789
167793
167791
167789
167787
167793
167801
167800
167795
167792
167797
167803
167803
167799
167799
167805
167809
167806
167801
167799
167805
167810
167810
167807
167806
167812
167818
167816
167810
167808
167813
167818
167815
167809
167807
167811
167814
167810
167807
167807
167811
167816
167814
167808
167806
167810
167813
167810
167806
167806
167812
167817
167814
167809
167809
167815
167819
167816
167812
167812
167817
167820
167817
167812
167811
167817
167821
167819
167816
167816
167822
167826
167824
167819
167818
167823
167829
167828
167825
167826
167833
167837
167833
167827
167824
167828
167828
167823
167817
167814
167816
167817
167813
167808
167804
167806
167809
167807
167803
167803
167810
167817
167816
167814
167815
167822
167829
167829
167824
167823
167828
167831
167828
167821
167818
167821
167826
167824
167817
167814
167819
167824
167822
167816
167815
167822
167830
167830
167827
167826
167829
167833
167829
167823
167821
167825
167830
167826
167820
167816
167817
167819
167816
167811
167812
167818
167824
167824
167820
167822
167831
167838
167838
167835
167834
167838
167841
167837
167830
167825
167826
167828
167823
167816
167814
167818
167822
167819
167816
167819
167828
167836
167834
167831
167831
167837
167842
167838
167833
167833
167838
167839
167834
167827
167823
167824
167826
167822
167817
167815
167822
167830
167830
167826
167827
167833
167838
167835
167830
167830
167837
167840
167837
167831
167828
167830
167831
167823
167815
167812
167816
167821
167817
167813
167813
167819
167824
167822
167819
167821
167829
167836
167833
167830
167829
167835
167838
167836
167832
167833
167838
167842
167838
167832
167833
167838
167841
167838
167835
167835
167838
167841
167838
167832
167830
167835
167838
167837
167833
167831
167833
167836
167832
167827
167824
167828
167833
167829
167823
167821
167825
167828
167824
167818
167815
167819
167823
167819
167814
167812
167817
167823
167821
167818
167820
167829
167836
167835
167830
167830
167836
167841
167838
167831
167829
167833
167835
167830
167823
167820
167822
167825
167819
167811
167808
167813
167817
167812
167806
167804
167807
167809
167805
167800
167800
167807
167812
167810
167806
167808
167814
167819
167816
167810
167811
167819
167826
167825
167822
167823
167828
167832
167827
167822
167821
167826
167829
167824
167819
167817
167819
167822
167817
167812
167809
167810
167813
167807
167800
167799
167802
167805
167801
167795
167794
167800
167803
167801
167794
167791
167796
167801
167797
167791
167790
167795
167799
167794
167790
167790
167796
167801
167798
167793
167796
167803
167807
167804
167800
167800
167805
167808
167804
167799
167799
167805
167810
167808
167803
167801
167806
167808
167802
167795
167793
167797
167801
167797
167791
167791
167795
167798
167793
167788
167788
167794
167799
167797
