167657
167652
167645
167644
167646
167648
167643
167637
167639
167644
167647
167644
167639
167639
167643
167645
167641
167637
167640
167646
167650
167646
167642
167643
167650
167655
167650
167645
167645
167650
167653
167649
167645
167647
167651
167653
167649
167644
167645
167649
167651
167645
167640
167641
167647
167651
167648
167643
167643
167647
167649
167643
167639
167640
167645
167650
167647
167642
167643
167646
167649
167643
167638
167638
167644
167649
167644
167638
167638
167643
167645
167639
167633
167633
167638
167641
167637
167632
167634
167638
167641
167639
167636
167638
167645
167647
167642
167637
167637
167641
167644
167639
167633
167635
167639
167642
167638
167634
167637
167644
167647
167642
167638
167640
167646
167649
167644
167637
167638
167645
167647
167644
167641
167644
167650
167653
167650
167646
167650
167656
167660
167658
167655
167659
167665
167668
167663
167659
167661
167663
167668
167664
167658
167659
167662
167665
167661
167655
167654
167658
167660
167656
167653
167656
167661
167664
167662
167656
167658
167662
167663
167659
167656
167656
167659
167660
167654
167647
167649
167654
167656
167651
167646
167647
167650
167651
167647
167640
167641
167646
167648
167643
167642
167647
167653
167657
167653
167647
167648
167655
167659
167655
167652
167657
167665
167669
167665
167659
167660
167663
167664
167657
167652
167655
167659
167659
167655
167652
167656
167661
167666
167664
167661
167663
167669
167671
167666
167660
167661
167664
167665
167661
167657
167657
167661
167662
167658
167654
167655
167660
167662
167658
167654
167657
167661
167660
167654
167649
167650
167654
167656
167649
167644
167646
167652
167656
167655
167648
167648
167652
167653
167647
167643
167646
167650
167652
167647
167641
167644
167649
167651
167647
167642
167645
167650
167650
167643
167638
167642
167649
167651
167648
167645
167647
167651
167649
167643
167638
167640
167644
167645
167643
167641
167644
167648
167649
167645
167640
167643
167648
167651
167649
167646
167648
167652
167652
167649
167644
167645
167649
167650
167645
167641
167644
167649
167651
167648
167643
167646
167651
167653
167646
167640
167642
167647
167650
167645
167640
167643
167650
167653
167649
167645
167648
167655
167658
167653
167649
167653
167660
167660
167654
167650
167653
167659
167661
167655
167650
167655
167660
167660
167653
167648
167650
167653
167652
167647
167644
167649
167654
167655
167651
167647
167649
167653
167654
167648
167641
167643
167648
167648
167644
167640
167642
167648
167650
167644
167639
167642
167648
167651
167647
167642
167645
167650
167650
167646
167642
167646
167654
167656
167651
167647
167649
167652
167652
167647
167639
167642
167646
167645
167640
167638
167642
167646
167647
167642
167638
167640
167644
167645
167640
167636
167640
167647
167650
167646
167643
167646
167651
167654
167648
167643
167646
167650
167651
167648
167644
167647
167652
167653
167650
167648
167652
167658
167659
167654
167647
167649
167654
167655
167651
167648
167654
167659
167658
167653
167650
167653
167658
167658
167653
167649
167651
167655
167656
167653
167652
167656
167661
167663
167659
167657
167662
167667
167668
167663
167659
167660
167663
167663
167657
167652
167653
167655
167655
167652
167648
167650
167655
167655
167651
167650
167655
167662
167662
167660
167659
167663
167670
167670
167665
167661
167664
167669
167668
167664
167660
167664
167669
167669
167665
167664
167670
167675
167675
167670
167667
167670
167678
167678
167673
167670
167673
167678
167676
167674
167670
167674
167678
167679
167673
167669
167670
167673
167672
167664
167659
167662
167666
167665
167660
167656
167659
167664
167666
167661
167658
167661
167667
167667
167662
167658
167662
167669
167671
167668
167664
167667
167671
167670
167665
167662
167665
167672
167673
167668
167664
167669
167675
167676
167673
167671
167676
167681
167680
167674
167669
167671
167673
167672
167668
167664
167668
167673
167674
167670
167667
167671
167676
167675
167670
167666
167669
167673
167674
167668
167664
167667
167670
167669
167664
167661
167665
167669
167670
167667
167664
167665
167669
167667
167662
167659
167663
167668
167667
167661
167656
167661
167668
167668
167663
167659
167662
167667
167665
167658
167654
167658
167663
167663
167659
167656
167661
167667
167665
167659
167654
167656
167660
167657
167649
167646
167653
167659
167658
167654
167651
167654
167658
167656
167649
167646
167649
167654
167654
167647
167642
167645
167650
167650
167646
167642
167645
167650
167650
167646
167642
167646
167648
167645
167637
167631
167633
167636
167633
167627
167625
167628
167632
167629
167624
167622
167625
167628
167624
167618
167614
167618
167623
167624
167622
167621
167628
167633
167632
167628
167626
167630
167635
167636
167632
167632
167639
167645
167644
167638
167636
167642
167647
167645
167642
167643
167649
167655
167656
167653
167652
167658
167665
167665
167664
167662
167666
167669
167666
167660
167656
167659
167661
167658
167652
167647
167648
167650
167647
167641
167636
167640
167647
167650
167646
167644
167650
167656
167655
167651
167649
167655
167661
167660
167654
167650
167655
167660
167658
167653
167649
167655
167660
167660
167655
167651
167653
167653
167648
167641
167636
167635
167638
167636
167629
167625
167629
167634
167631
167627
167625
167631
167640
167642
167640
167640
167647
167651
167647
167643
167641
167648
167654
167653
167648
167647
167652
167659
167659
167657
167658
167664
167672
167672
167670
167668
167674
167680
167678
167677
167676
167681
167688
167689
167688
167686
167692
167697
167695
167691
167687
167689
167692
167689
167682
167676
167677
167680
167678
167672
167668
167672
167676
167673
167667
167665
167668
167672
167671
167665
167661
167665
167669
167666
167661
167659
167662
167666
167664
167657
167652
167655
167657
167654
167649
167645
167648
167653
167652
167648
167645
167648
167655
167653
167648
167647
167650
167652
167649
167644
167640
167643
167648
167646
167644
167645
167652
167657
167655
167651
167650
167655
167659
167657
167653
167651
167655
167657
167654
167650
167647
167652
167653
167648
167643
167640
167645
167648
167645
167641
167640
167645
167650
167646
167640
167639
167644
167647
167644
167639
167638
167643
167648
167646
167643
167643
167647
167649
167647
167643
167642
167646
167651
167649
167646
167647
167654
167658
167654
167649
167649
167652
167655
167651
167645
167644
167650
167654
167650
167644
167643
167646
167652
167650
167645
167644
167649
167651
167647
167643
167640
167645
167651
167649
167643
167644
167649
167654
167653
167650
167650
167657
167662
167660
167656
167656
167661
167666
167661
167658
167657
167661
167667
167666
167662
167661
167667
167672
167668
167664
167663
167667
167672
167672
167668
167666
167672
167677
167676
167673
167672
167677
167682
167680
167675
167675
167680
167683
167680
167676
167676
167680
167686
167683
167677
167674
167677
167679
167673
167669
167668
167673
167678
167675
167670
167668
167674
167676
167673
167669
167666
167669
167670
167664
167659
167657
167658
167662
167656
167649
167649
167654
167659
167656
167651
167650
167657
167663
167661
167655
167654
167659
167664
167661
167657
167658
167662
167666
167663
167657
167656
167662
167666
167664
167659
167660
167665
167670
167669
167665
167666
167672
167675
167675
167675
167675
167681
167687
167686
167683
167683
167688
167691
167688
167684
167684
167688
167690
167684
167678
167676
167679
167683
167679
167673
167673
167678
167682
167677
167672
167669
167675
167680
167678
167673
167674
167679
167683
167680
167676
167678
167684
167691
167689
167683
167683
167689
167694
167691
167688
167690
167695
167699
167695
167690
167690
167696
167703
167700
167695
167694
167698
167702
167697
167691
167690
167694
167701
167697
167694
167694
167699
167703
167699
167694
167693
167698
167701
167695
167689
167687
167691
167694
167688
167683
167682
167683
167684
167678
167671
167669
167672
167674
167670
167665
167663
167665
167667
167662
167659
167659
167664
167668
167667
167663
167663
167668
167673
167670
167664
167662
167666
167667
167662
167656
167653
167657
167659
167652
167645
167645
167649
167652
167649
167646
167648
167656
167663
167660
167655
167658
167664
167669
167665
167660
167660
167663
167665
167661
167655
167653
167655
167659
167656
167651
167653
167659
167662
167659
167654
167655
167660
167663
167659
167653
167654
167658
167663
167659
167654
167654
167661
167667
167664
167661
167662
167669
167675
167672
167666
167666
167670
167670
167665
167659
167658
167662
167664
167660
167654
167654
167660
167665
167665
167663
167667
167675
167682
167680
167676
167676
167682
167683
167680
167676
167677
167681
167683
167677
167673
167674
167680
167684
167680
167678
167682
167688
167692
167687
167680
167679
167683
167684
167679
167674
167674
167679
167681
167675
167671
167672
167679
167683
167681
167683
167687
167694
167699
167697
167692
167693
167697
167698
167694
167688
167686
167687
167687
167680
167673
167674
167678
167681
167675
167669
167672
167678
167680
167674
167669
167669
167673
167674
167667
167661
167662
167666
167667
167661
167655
167656
167661
167665
167662
167662
167667
167674
167678
167674
167670
167671
167676
167679
167675
167670
167671
167676
167677
167672
167666
167664
167667
167672
167668
167662
167665
167671
167675
167672
167668
167669
167677
167681
167676
167672
167674
167679
167680
167673
167665
167664
167668
167671
167667
167662
167665
167672
167676
167672
167668
167671
167678
167682
167678
167674
167679
167686
167691
167686
167682
167682
167688
167690
167685
167679
167680
167686
167687
167682
167677
167678
167685
167687
167684
167679
167680
167687
167693
167691
167687
167691
167697
167699
167695
167691
167691
167697
167703
167698
167696
167701
167708
167712
167709
167704
167706
167712
167716
167713
167708
167710
167715
167718
167714
167708
167709
167713
167716
167712
167709
167711
167717
167719
167713
167708
167711
167716
167718
167712
167706
167708
167710
167709
167703
167698
167699
167702
167700
167687
167674
167673
167675
167674
167671
167665
167666
167670
167672
167666
167660
167661
167665
167667
167662
167656
167657
167661
167663
167658
167650
167652
167658
167660
167655
167649
167651
167656
167660
167655
167649
167649
167652
167654
167647
167641
167642
167646
167649
167646
167641
167645
167652
167655
167652
167648
167649
167652
167652
167647
167641
167642
167646
167649
167645
167642
167645
167648
167648
167642
167636
167637
167641
167643
167638
167632
167634
167637
167639
167633
167628
167629
167634
167636
167631
167626
167626
167631
167633
167629
167624
167624
167628
167629
167623
167617
167618
167621
167621
167616
167610
167609
167611
167610
167604
167598
167599
167603
167603
167598
167593
167592
167595
167597
167591
167585
167585
167587
167586
167579
167573
167574
167576
167575
167570
167564
167567
167571
167572
167568
167565
167568
167574
167575
167574
167572
167575
167580
167582
167578
167574
167576
167580
167580
167575
167571
167575
167582
167586
167582
167579
167582
167588
167592
167589
167585
167590
167597
167599
167594
167589
167591
167596
167595
167588
167583
167588
167594
167597
167593
167591
167596
167602
167605
167600
167597
167602
167609
167612
167607
167604
167611
167617
167620
167617
167614
167618
167624
167627
167624
167619
167622
167628
167632
167629
167627
167632
167639
167642
167638
167635
167639
167646
167649
167647
167644
167648
167650
167652
167647
167643
167648
167655
167657
167654
167651
167655
167659
167661
167658
167656
167662
167669
167672
167667
167664
167667
167672
167672
167669
167667
167670
167676
167676
167669
167664
167668
167675
167678
167675
167672
167675
167679
167681
167677
167671
167673
167679
167680
167676
167671
167674
167677
167677
167670
167664
167666
167670
167670
167664
167657
167659
167664
167665
167660
167656
167659
167663
167663
167658
167654
167656
167662
167664
167661
167657
167661
167666
167667
167663
167658
167660
167663
167663
167657
167653
167657
167661
167661
167655
167648
167650
167654
167654
167648
167645
167650
167654
167656
167653
167649
167653
167657
167658
167654
167651
167655
167662
167664
167661
167658
167660
167665
167664
167660
167657
167659
167663
167663
167657
167653
167659
167664
167666
167661
167658
167662
167666
167664
167657
167653
167657
167662
167663
167659
167653
167655
167658
167656
167651
167647
167652
167658
167660
167655
167651
167656
167663
167664
167658
167654
167657
167660
167657
167650
167643
167643
167645
167644
167637
167630
167634
167639
167638
167633
167628
167630
167635
167634
167629
167627
167630
167635
167635
167630
167626
167629
167634
167635
167633
167632
167638
167643
167643
167639
167634
167636
167639
167640
167638
167634
167637
167642
167643
167637
167632
167634
167638
167640
167638
167634
167639
167643
167643
167637
167634
167638
167644
167645
167639
167635
167640
167646
167645
167640
167635
167639
167647
167649
167644
167640
167645
167651
167651
167646
167643
167647
167653
167653
167648
167643
167647
167651
167649
167642
167635
167640
167644
167642
167637
167633
167636
167642
167644
167641
167640
167647
167653
167653
167649
167645
167648
167653
167654
167650
167648
167654
167659
167659
167655
167653
167657
167662
167663
167659
167654
167657
167662
167660
167655
167650
167652
167657
167657
167651
167648
167654
167659
167659
167655
167651
167655
167660
167660
167657
167654
167660
167665
167664
167657
167653
167657
167663
167662
167656
167652
167656
167660
167659
167653
167649
167652
167657
167657
167653
167649
167651
167655
167655
167650
167647
167652
167658
167656
167652
167650
167655
167659
167658
167653
167649
167654
167658
167656
167652
167649
167653
167656
167653
167647
167644
167648
167654
167654
167649
167647
167653
167659
167658
167653
167648
167653
167658
167656
167650
167646
167650
167654
167651
167644
167638
167640
167644
167641
167633
167628
167632
167635
167632
167625
167619
167619
167620
167614
167606
167600
167602
167606
167604
167597
167593
167595
167599
167596
167589
167585
167589
167592
167590
167585
167583
167589
167595
167591
167583
167578
167581
167584
167582
167575
167573
167579
167586
167588
167587
167589
167596
167600
167598
167592
167588
167591
167595
167592
167587
167586
167590
167595
167593
167588
167585
167592
167599
167601
167599
167599
167607
167615
167615
167610
167607
167610
167612
167608
167600
167595
167597
167602
167599
167593
167591
167598
167604
167606
167602
167600
167605
167610
167608
167602
167597
167599
167602
167600
167596
167593
167598
167604
167602
167598
167598
167606
167614
167615
167611
167610
167618
167625
167623
167617
167612
167615
167617
167614
167607
167602
167606
167611
167612
167611
167612
167621
167630
167632
167628
167627
167631
167634
167629
167620
167614
167616
167619
167613
167605
167601
167606
167612
167609
167606
167607
167615
167623
167624
167621
167622
167629
167634
167630
167623
167619
167621
167622
167616
167608
167603
167606
167609
167606
167601
167600
167605
167610
167610
167607
167607
167612
167617
167617
167614
167612
167617
167622
167619
167614
167612
167616
167621
167619
167614
167614
167618
167622
167619
167615
167614
167619
167625
167621
167614
167612
167617
167620
167617
167610
167606
167610
167615
167613
167609
167607
167613
167620
167619
167615
167613
167620
167626
167625
167620
167617
167619
167623
167619
167613
167610
167613
167616
167612
167605
167601
167605
167608
167605
167600
167599
167604
167609
167606
167603
167603
167608
167611
167607
167602
167601
167606
167609
167606
167600
167599
167603
167605
167602
167596
167596
167602
167608
167607
167605
167605
167610
167615
167611
167605
167602
167605
167609
167607
167601
167599
167603
167606
167602
167596
167595
167599
167602
167598
167593
167593
167598
167602
167599
167596
167596
167602
167606
167603
167597
167594
167598
167603
167603
167600
167600
167605
167609
167606
167602
167600
167606
167610
167606
167602
167602
167606
167610
167608
167604
167603
167607
167610
167606
167602
167604
167610
167614
167611
167606
167604
167606
167611
167607
167603
167604
167609
167615
167614
167612
167614
167618
167621
167618
167614
167614
167620
167625
167622
167616
167613
167616
167617
167611
167605
167603
167605
167608
167603
167597
167594
167597
167600
167597
167591
167589
167593
167597
167593
167588
167586
167591
167597
167595
167590
167589
167593
167598
167595
167591
167590
167597
167604
167602
167597
167595
167600
167604
167602
167595
167592
167598
167602
167598
167593
167592
167598
167603
167600
167594
167595
167601
167605
167601
167596
167594
167598
167600
167597
167593
167593
167596
167600
167598
167593
167593
167597
167603
167600
167596
167597
167603
167607
167605
167599
167598
167606
167611
167608
167604
167604
167607
167610
167605
167600
167599
167603
167605
167602
167597
167594
167597
167599
167595
167592
167590
167594
167600
167598
167594
167593
167599
167604
167600
167594
167593
167598
167603
167602
167598
167598
167605
167611
167609
167604
167605
167610
167616
167612
167608
167607
167614
167618
167613
167609
167611
167617
167620
167616
167613
167614
167619
167623
167619
167615
167614
167619
167624
167620
167616
167617
167623
167626
167623
167618
167618
167620
167623
167620
167615
167615
167621
167624
167619
167615
167615
167621
167626
167622
167617
167618
167625
167629
167626
167623
167624
167628
167633
167631
167626
167625
167630
167632
167629
167624
167624
167630
167632
167628
167624
167623
167629
167633
167627
167621
167621
167625
167627
167621
167616
167615
167619
167622
167618
167613
167613
167616
167618
167616
167611
167610
167613
167617
167613
167609
167611
167616
167623
167624
167619
167620
167627
167632
167629
167626
167628
167633
167638
167634
167629
167628
167632
167637
167632
167627
167625
167629
167636
167634
167630
167631
167637
167641
167638
167634
167634
167638
167640
167637
167633
167633
167636
167640
167636
167633
167634
167639
167642
167639
167635
167638
167644
167648
167645
167641
167641
167647
167652
167650
167646
167647
167650
167651
167645
167638
167636
167641
167645
167640
167636
167638
167642
167644
167641
167636
167638
167644
167648
167643
167639
167640
167646
167652
167650
167646
167648
167654
167658
167653
167647
167647
167653
167656
167652
167646
167645
167648
167649
167644
167639
167638
167640
167645
167643
167639
167640
167645
167650
167647
167642
167641
167645
167649
167642
167639
167640
167643
167645
167641
167638
167639
167642
167644
167642
167639
167639
167643
167646
167641
167636
167638
167643
167646
167643
167639
167640
167643
167644
167638
167631
167630
167636
167639
167634
167632
167632
167637
167640
167636
167629
167631
167635
167637
167633
167628
167627
167630
167631
167625
167621
167623
167628
167630
167625
167618
167618
167622
167623
167618
167614
167613
167617
167620
167616
167613
167615
167621
167623
167619
167615
167616
167621
167624
167621
167615
167616
167622
167627
167623
167619
167621
167628
167632
167628
167621
167621
167624
167629
167626
167621
167621
167626
167627
167623
167618
167620
167624
167627
167623
167620
167622
167627
167628
167622
167616
167617
167620
167622
167617
167613
167614
167618
167620
167617
167614
167615
167617
167622
167620
167616
167620
167624
167625
167618
167612
167612
167617
167619
167615
167609
167610
167613
167615
167610
167606
167607
167611
167614
167608
167603
167603
167607
167610
167605
167600
167601
167605
167608
167603
167599
167600
167607
167610
167606
167603
167606
167612
167615
167610
167607
167613
167620
167625
167624
167621
167626
167632
167636
167634
167629
167631
167637
167641
167636
167632
167634
167641
167648
167646
167643
167645
167655
167660
167657
167651
167653
167661
167666
167662
167657
167659
167664
167668
167665
167662
167665
167670
167673
167670
167666
167669
167675
167679
167675
167671
167672
167677
167678
167672
167667
167669
167673
167674
167670
167665
167666
167670
167674
167670
167665
167667
167672
167674
167672
167670
167673
167678
167679
167673
167667
167669
167673
167674
167670
167668
167670
167674
167673
167669
167664
167666
167671
167674
167669
167665
167667
167671
167671
167667
167661
167661
167667
167671
167667
167663
167667
167672
167673
167670
167667
167670
167677
167680
167678
167674
167677
167682
167685
167682
167677
167679
167684
167687
167682
167676
167680
167687
167690
167686
167684
167687
167692
167693
167689
167684
167686
167691
167692
167687
167686
167690
167695
167697
167692
167687
167689
167694
167695
167690
167685
167687
167690
167691
167686
167682
167684
167689
167691
167687
167681
167682
167686
167686
167678
167670
167669
167673
167674
167670
167666
167670
167676
167679
167676
167673
167676
167682
167685
167680
167677
167680
167683
167681
167674
167665
167664
167664
167665
167660
167654
167655
167659
167660
167655
167651
167655
167661
167667
167665
167662
167667
167672
167671
167664
167659
167659
167661
167662
167657
167652
167654
167658
167660
167655
167653
167658
167665
167667
167664
167661
167663
167668
167668
167662
167655
167654
167655
167651
167641
167632
167630
167631
167630
167620
167612
167614
167619
167620
167613
167608
167611
167617
167621
167616
167613
167617
167622
167622
167615
167610
167613
167618
167618
167611
167604
167608
167613
167614
167610
167605
167611
167618
167620
167616
167611
167613
167618
167618
167612
167607
167609
167614
167617
167613
167610
167616
167623
167625
167623
167622
167626
167634
167638
167636
167633
167636
167643
167646
167641
167637
167642
167648
167650
167648
167646
167651
167658
167662
167661
167660
167666
167674
167680
167679
167676
167681
167688
167693
167691
167689
167691
167698
167701
167698
167693
167697
167703
167704
167700
167695
167699
167704
167707
167705
167703
167709
167715
167717
167712
167708
167711
167714
167712
167707
167705
167708
167711
167710
167706
167702
167704
167709
167712
167708
167706
167711
167717
167718
167714
167709
167713
167716
167717
167711
167704
167705
167707
167705
167698
167689
167689
167693
167693
167688
167683
167686
167691
167691
167688
167685
167690
167696
167697
167692
167688
167692
167697
167695
167688
167682
167684
167687
167685
167678
167672
167675
167679
167678
167670
167665
167670
167675
167675
167670
167664
167668
167673
167674
167668
167664
167671
167677
167679
167675
167671
167675
167679
167678
167671
167665
167666
167671
167670
167662
167657
167660
167664
167665
167662
167662
167667
167673
167678
167676
167674
167679
167687
167690
167687
167684
167689
167697
167700
167698
167695
167700
167708
167711
167706
167700
167702
167706
167705
167698
167693
167696
167702
167701
167695
167691
167694
167699
167700
167697
167694
167698
167704
167703
167699
167694
167697
167701
167701
167696
167691
167693
167698
167696
167690
167685
167688
167692
167693
167692
167692
167699
167703
167704
167698
167694
167696
167700
167700
167697
167693
167698
167702
167701
167696
167691
167693
167696
167693
167687
167683
167683
167686
167684
167677
167670
167672
167675
167672
167666
167663
167666
167670
167670
167666
167663
167668
167673
167675
167672
167669
167674
167682
167684
167681
167680
167685
167692
167693
167688
167686
167691
167696
167696
167692
167689
167694
167700
167701
167696
167693
167698
167705
167707
167702
167696
167700
167705
167703
167698
167696
167700
167703
167700
167691
167684
167685
167684
167678
167671
167667
167669
167674
167674
167670
167668
167674
167682
167683
167680
167677
167683
167689
167688
167685
167684
167691
167696
167694
167687
167681
167682
167684
167680
167671
167667
167667
167670
167666
167660
167656
167659
167664
167665
167660
167658
167665
167672
167673
167670
167668
167672
167675
167674
167671
167667
167669
167673
167670
167663
167657
167657
167659
167656
167649
167644
167648
167653
167652
167647
167645
167650
167655
167656
167654
167652
167657
167661
167660
167654
167651
167655
167659
167659
167656
167653
167658
167662
167664
167661
167660
167664
167668
167666
167663
167660
167665
167668
167667
167664
167663
167667
167672
167672
167668
167666
167672
167675
167674
167672
167670
167675
167681
167681
167677
167673
167676
167681
167680
167675
167673
167678
167683
167682
167677
167674
167678
167686
167685
167681
167678
167682
167686
167686
167683
167679
167687
167695
167697
167694
167693
167698
167704
167702
167698
167695
167700
167705
167705
167699
167694
167697
167700
167700
167695
167691
167694
167700
167700
167692
167688
167691
167694
167692
167689
167686
167691
167697
167698
167695
167695
167700
167703
167701
167694
167689
167692
167695
167693
167689
167687
167691
167694
167693
167687
167682
167684
167688
167686
167678
167676
167682
167687
167686
167681
167677
167682
167686
167684
167680
167679
167684
167689
167689
167686
167684
167691
167697
167695
167690
167686
167690
167693
167690
167685
167682
167686
167689
167687
167683
167680
167684
167689
167689
167685
167682
167687
167692
167691
167688
167687
167691
167697
167697
167693
167691
167693
167698
167696
167692
167690
167693
167695
167693
167689
167685
167686
167688
167687
167683
167679
167684
167688
167685
167680
167678
167682
167686
167684
167679
167676
167680
167683
167681
167676
167673
167678
167685
167685
167681
167680
167686
167691
167690
167685
167681
167685
167690
167688
167683
167679
167683
167687
167686
167682
167679
167680
167683
167680
167673
167667
167670
167672
167667
167661
167658
167661
167663
167660
167654
167651
167655
167659
167655
167650
167648
167652
167656
167654
167651
167649
167654
167657
167653
167648
167647
167650
167652
167650
167643
167638
167641
167644
167641
167636
167633
167638
167643
167642
167639
167637
167643
167649
167649
167646
167645
167650
167656
167654
167650
167647
167651
167658
167656
167650
167647
167650
167654
167652
167645
167643
167647
167653
167652
167650
167648
167654
167659
167657
167651
167649
167655
167661
167662
167658
167657
167662
167669
167668
167662
167660
167665
167672
167672
167668
167666
167672
167676
167674
167668
167663
167666
167672
167668
167661
167658
167662
167667
167665
167661
167659
167664
167670
167668
167662
167659
167664
167670
167668
167664
167662
167668
167673
167669
167665
167663
167666
167671
167669
167664
167661
167665
167670
167668
167663
167661
167666
167669
167666
167661
167659
167664
167669
167667
167664
167663
167669
167676
167674
167672
167672
167675
167679
167676
167671
167669
167674
167680
167679
167676
167674
167679
167683
167681
167678
167675
167679
167683
167682
167676
167674
167679
167685
167682
167678
167675
167679
167684
167682
167678
167675
167681
167689
167688
167684
167682
167686
167691
167688
167682
167681
167686
167691
167687
167682
167682
167689
167695
167693
167688
167688
167693
167700
167698
167694
167693
167698
167702
167698
167691
167689
167692
167697
167692
167687
167685
167688
167691
167687
167683
167682
167688
167692
167689
167685
167683
167687
167692
167691
167685
167683
167688
167691
167688
167685
167685
167690
167696
167693
167688
167685
167689
167693
167690
167685
167685
167692
167697
167696
167693
167693
167699
167703
167700
167696
167697
167702
167708
167706
167701
167700
167707
167712
167708
167704
167704
167710
167715
167713
167707
167706
167712
167716
167713
167708
167704
167706
167709
167704
167696
167693
167696
167698
167695
167689
167687
167691
167696
167694
167689
167687
167692
167698
167695
167691
167691
167695
167700
167698
167692
167691
167696
167701
167699
167694
167694
167700
167705
167703
167700
167701
167707
167712
167710
167707
167708
167714
167720
167716
167711
167711
167716
167721
167718
167714
167713
167720
167726
167724
167718
167716
167722
167725
167720
167715
167713
167717
167720
167716
167709
167704
167705
167706
167701
167694
167690
167693
167695
167688
167680
167678
167683
167686
167683
167678
167677
167682
167685
167683
167680
167678
167682
167686
167683
167677
167675
167680
167683
167680
167674
167673
167678
167682
167678
167672
167670
167674
167678
167675
167670
167668
167673
167677
167673
167668
167665
167669
167674
167670
167666
167665
167670
167673
167668
167660
167659
167663
167666
167662
167658
167657
167662
167668
167665
167659
167658
167663
167667
167663
167659
167658
167663
167668
167666
167661
167658
167661
167666
167663
167658
167656
167661
167666
167665
167663
167664
167669
167674
167671
167667
167667
167671
167675
167671
167666
167667
167672
167676
167673
167669
167670
167675
167680
167676
167670
167669
167674
167679
167677
167673
167674
167680
167685
167681
167676
167676
167683
167688
167685
167680
167677
167681
167684
167681
167676
167676
167681
167685
167680
167674
167673
167678
167681
167677
167673
167675
167679
167682
167677
167669
167666
167669
167672
167666
167659
167658
167660
167662
167660
167658
167660
167668
167673
167673
167673
167678
167686
167694
167695
167692
167695
167701
167707
167704
167701
167701
167705
167710
167706
167699
167698
167702
167706
167702
167697
167697
167701
167702
167697
167691
167687
167690
167691
167687
167679
167677
167681
167686
167683
167678
167679
167687
167693
167691
167688
167691
167700
167707
167703
167697
167696
167697
167698
167690
167681
167678
167681
167684
167681
167678
167680
167687
167693
167694
167693
167694
167702
167708
167706
167702
167701
167703
167704
167697
167692
167693
167699
167704
167701
167695
167696
167701
167703
167698
167693
167692
167696
167701
167699
167696
167696
167701
167703
167698
167691
167689
167694
167696
167690
167685
167684
167688
167692
167689
167682
167682
167686
167690
167685
167677
167674
167679
167682
167676
167667
167663
167667
167672
167667
167662
167663
167668
167672
167668
167665
167666
167671
167675
167671
167667
167667
167671
167674
167668
167661
167660
167661
167661
167656
167652
167650
167653
167655
167650
167643
167642
167646
167648
167644
167641
167647
167657
167664
167661
167657
167661
167667
167671
167668
167663
167665
167670
167672
167666
167660
167659
167661
167662
167659
167654
167653
167657
167659
167656
167652
167652
167658
167663
167657
167652
167655
167660
167665
167662
167658
167657
167662
167666
167663
167659
167660
167664
167668
167666
167662
167661
167664
167663
167656
167651
167650
167652
167654
167649
167643
167643
167646
167650
167648
167643
167642
167648
167654
167649
167645
167647
167653
167657
167657
167652
167653
167658
167663
167660
167655
167657
167662
167667
167663
167660
167662
167667
167671
167668
167663
167664
167668
167673
167669
167664
167664
167667
167668
167662
167657
167657
167659
167663
167661
167657
167657
167662
167666
167661
167657
167658
167662
167665
167663
167660
167661
167667
167671
167666
167662
167662
167666
167669
167666
167661
167664
167671
167676
167674
167672
167677
167684
167688
167687
167685
167687
167692
167696
167693
167690
167692
167697
167701
167696
167693
167694
167700
167703
167700
167698
167701
167709
167714
167711
167710
167714
167720
167725
167721
167718
167720
167727
167730
167728
167726
167729
167736
167740
167736
167731
167733
167739
167740
167735
167731
167731
167736
167738
167734
167729
167732
167740
167743
167738
167731
167732
167735
167735
167728
167721
167720
167722
167721
167715
167708
167709
167712
167714
167708
167700
167700
167704
167706
167700
167693
167693
167696
167697
167692
167688
167688
167693
167697
167693
167689
167691
167696
167698
167694
167690
167691
167696
167699
167694
167688
167688
167692
167694
167688
167681
167679
167682
167684
167680
167674
167674
167678
167680
167676
167670
167672
167676
167676
167671
167665
167663
167666
167667
167661
167655
167656
167660
167662
167658
167656
167658
167664
167669
167666
167661
167662
167667
167670
167667
167662
167665
167671
167675
167672
167666
167667
167671
167673
167670
167667
167669
167672
167672
167670
167665
167666
167671
167673
167669
167666
167668
167674
167676
167672
167668
167670
167674
167677
167672
167667
167669
167673
167675
167669
167665
167665
167669
167672
167666
167661
167662
167666
167667
167665
167659
167664
167671
167675
167672
167669
167672
167680
167685
167681
167676
167680
167685
167688
167683
167677
167679
167682
167684
167680
167672
167672
167676
167679
167676
167672
167675
167677
167679
167676
167670
167670
167677
167680
167677
167673
167675
167680
167683
167679
167676
167680
167687
167692
167687
167682
167686
167692
167696
167692
167688
167690
167693
167694
167689
167684
167686
167690
167691
167688
167684
167687
167694
167697
167696
167693
167696
167702
167706
167703
167699
167701
167707
167708
167702
167699
167701
167706
167707
167704
167701
167703
167709
167709
167704
167699
167701
167707
167708
167703
167700
167702
167709
167712
167709
167703
167705
167710
167712
167707
167703
167708
167714
167716
167711
167708
167709
167713
167716
167712
167708
167711
167717
167720
167715
167710
167713
167718
167721
167716
167711
167715
167720
167722
167716
167711
167713
167717
167719
167715
167710
167711
167715
167718
167714
167709
167711
167716
167716
167711
167706
167709
167716
167718
167714
167710
167713
167717
167720
167715
167709
167712
167718
167719
167713
167708
167708
167712
167716
167713
167709
167711
167716
167718
167713
167708
167711
167718
167722
167717
167711
167713
167715
167714
167706
167699
167698
167701
167702
167696
167691
167690
167691
167691
167684
167679
167680
167685
167686
167682
167675
167674
167677
167679
167674
167667
167667
167670
167671
167667
167660
167660
167664
167666
167662
167656
167656
167659
167660
167655
167649
167652
167657
167659
167655
167652
167657
167662
167666
167664
167661
167665
167672
167675
167671
167666
167669
167675
167677
167672
167667
167669
167674
167675
167670
167666
167670
167676
167677
167674
167670
167671
167677
167681
167677
167674
167677
167683
167685
167680
167676
167679
167684
167685
167680
167676
167677
167682
167683
167679
167676
167680
167687
167689
167685
167681
167684
167689
167690
167685
167681
167683
167689
167692
167689
167684
167688
167694
167695
167689
167683
167686
167691
167693
167688
167682
167686
167691
167692
167688
167685
167690
167695
167697
167694
167689
167692
167696
167698
167693
167689
167692
167699
167701
167698
167693
167696
167699
167700
167696
167691
167693
167698
167698
167693
167688
167690
167694
167695
167690
167684
167686
167691
167692
167686
167680
167681
167684
167686
167681
167677
167681
167685
167685
167681
167677
167679
167682
167682
167677
167672
167674
167678
167679
167674
167669
167671
167676
167679
167674
167670
167673
167678
167680
167676
167671
167671
167676
167677
167672
167666
167667
167671
167672
167667
167664
167667
167673
167674
167669
167665
167669
167674
167675
167671
167665
167667
167673
167673
167669
167667
167673
167677
167676
167669
167661
167662
167667
167667
167662
167657
167659
167663
167665
167659
167655
167659
167664
167667
167666
167663
167669
167675
167675
167669
167665
167666
167670
167669
167666
167663
167665
167670
167673
167670
167665
167669
167677
167682
167679
167675
167680
167686
167688
167683
167678
167680
167682
167682
167677
167672
167676
167684
167685
167682
167677
167680
167685
167686
167684
167682
167686
167691
167692
167688
167682
167684
167688
167688
167682
167677
167680
167684
167685
167680
167676
167681
167686
167687
167683
167680
167685
167689
167692
167688
167684
167688
167691
167691
167685
167681
167684
167688
167688
167682
167677
167682
167689
167692
167689
167689
167696
167703
167705
167702
167698
167702
167706
167705
167701
167696
167697
167701
167703
167699
167695
167699
167704
167706
167702
167697
167700
167708
167710
167704
167700
167703
167709
167709
167705
167702
167707
167711
167713
167708
167706
167710
167716
167717
167712
167710
167713
167717
167719
167716
167712
167716
167723
167724
167718
167712
167712
167714
167711
167703
167695
167696
167698
167700
167695
167689
167690
167692
167688
167683
167676
167677
167680
167677
167669
167663
167664
167667
167665
167658
167651
167649
167652
167649
167642
167636
167638
167641
167642
167634
167630
167632
167636
167636
167630
167625
167627
167629
167628
167620
167615
167617
167620
167620
167616
167612
167617
167622
167624
167620
167616
167620
167625
167625
167621
167616
167617
167620
167622
167618
167614
167617
167622
167621
167616
167614
167621
167628
167632
167631
167628
167633
167638
167640
167634
167630
167634
167639
167639
167635
167632
167636
167642
167641
167636
167633
167638
167646
167647
167643
167640
167645
167652
167655
167652
167649
167655
167660
167663
167658
167654
167658
167664
167665
167661
167657
167663
167670
167672
167671
167669
167675
167681
167683
167679
167674
167675
167677
167671
167661
167653
167652
167653
167651
167646
167644
167652
167663
167668
167667
167668
167678
167686
167687
167683
167679
167681
167683
167681
167673
167668
167668
167671
167669
167662
167657
167659
167664
167667
167665
167663
167670
167679
167682
167678
167675
167682
167689
167688
167683
167680
167685
167689
167686
167680
167673
167675
167679
167680
167676
167672
167678
167686
167687
167684
167680
167683
167686
167683
167676
167668
167668
167670
167667
167662
167658
167661
167667
167667
167665
167663
167669
167678
167682
167681
167683
167691
167697
167697
167694
167689
167694
167698
167697
167690
167683
167684
167687
167684
167678
167672
167675
167680
167680
167675
167670
167671
167673
167671
167662
167656
167657
167658
167652
167642
167633
167631
167630
167625
167618
167614
167617
167621
167620
167615
167612
167616
167622
167624
167620
167621
167627
167633
167634
167631
167629
167633
167639
167638
167633
167630
167633
167636
167634
167629
167626
167631
167636
167636
167634
167633
167640
167650
167653
167653
167654
167662
167670
167671
167667
167664
167669
167675
167674
167669
167665
167671
167678
167681
167677
167675
167682
167689
167691
167688
167684
167686
167692
167691
167684
167680
167685
167690
167689
167684
167679
167684
167688
167688
167685
167684
167689
167695
167697
167695
167695
167703
167710
167713
167712
167712
167719
167725
167725
167721
167718
167722
167725
167724
167720
167717
167722
167727
167727
167724
167718
167722
167728
167727
167720
167716
167720
167724
167722
167716
167711
167713
167716
167713
167707
167701
167705
167710
167710
167706
167703
167706
167711
167710
167705
167700
167703
167708
167708
167702
167698
167703
167708
167707
167701
167696
167701
167708
167707
167700
167696
167700
167704
167704
167699
167696
167701
167709
167709
167703
167701
167705
167708
167707
167702
167698
167702
167709
167707
167701
167698
167701
167705
167702
167695
167689
167694
167699
167699
167693
167691
167696
167702
167702
167698
167694
167698
167705
167706
167703
167701
167705
167710
167711
167706
167702
167705
167709
167707
167700
167693
167697
167703
167700
167693
167688
167691
167694
167692
167685
167681
167682
167685
167686
167682
167679
167684
167691
167692
167689
167687
167693
167701
167702
167698
167697
167703
167709
167710
167706
167703
167707
167712
167709
167703
167700
167705
167710
167710
167705
167703
167707
167710
167708
167703
167700
167701
167706
167706
167702
167699
167701
167707
167706
167702
167700
167706
167711
167710
167707
167705
167710
167716
167714
167708
167704
167707
167713
167713
167708
167704
167709
167715
167716
167711
167708
167711
167714
167712
167707
167703
167708
167714
167714
167709
167705
167708
167711
167708
167701
167696
167700
167705
167703
167698
167697
167701
167705
167703
167700
167698
167704
167710
167709
167705
167703
167707
167712
167708
167701
167696
167697
167701
167699
167693
167688
167693
167699
167698
167692
167688
167695
167701
167700
167695
167692
167697
167702
167701
167697
167694
167699
167705
167703
167698
167695
167701
167707
167705
167700
167697
167700
167706
167705
167699
167695
167701
167706
167704
167700
167699
167703
167709
167710
167705
167699
167700
167703
167700
167694
167691
167694
167698
167695
167690
167685
167687
167691
167689
167684
167682
167686
167690
167687
167682
167680
167685
167689
167688
167684
167681
167685
167689
167688
167684
167681
167685
167690
167689
167686
167684
167689
167694
167692
167690
167687
167691
167695
167694
167692
167693
167698
167701
167700
167694
167690
167692
167696
167695
167691
167688
167692
167697
167697
167690
167687
167691
167697
167695
167689
167688
167692
167697
167695
167692
167688
167692
167697
167695
167691
167688
167692
167696
167693
167686
167683
167689
167693
167691
167685
167681
167685
167692
167691
167687
167684
167691
167699
167700
167697
167696
167702
167709
167710
167707
167707
167714
167720
167720
167716
167713
167716
167718
167714
167709
167705
167707
167710
167705
167698
167695
167698
167702
167701
167695
167690
167694
167698
167697
167693
167691
167696
167701
167702
167701
167699
167705
167710
167709
167703
167701
167704
167707
167704
167698
167694
167698
167702
167701
167696
167693
167699
167705
167704
167700
167697
167702
167708
167709
167706
167704
167710
167714
167713
167708
167705
167708
167711
167707
167699
167694
167697
167702
167700
167693
167689
167691
167691
167686
167679
167674
167674
167675
167670
167663
167660
167663
167667
167665
167661
167659
167663
167668
167668
167664
167661
167668
167676
167676
167673
167672
167680
167686
167685
167681
167680
167684
167688
167687
167681
167676
167679
167683
167680
167675
167672
167675
167679
167680
167678
167678
167685
167694
167695
167692
167690
167695
167699
167696
167691
167688
167692
167695
167691
167684
167681
167687
167692
167690
167686
167686
167692
167699
167698
167694
167693
167699
167707
167708
167705
167706
167713
167718
167719
167715
167714
167719
167723
167720
167714
167708
167709
167711
167706
167700
167696
167701
167705
167701
167696
167692
167696
167701
167700
167695
167693
167699
167706
167706
167702
167703
167710
167718
167719
167716
167714
167720
167724
167720
167715
167712
167715
167719
167717
167714
167713
167718
167724
167724
167721
167721
167729
167736
167737
167735
167735
167743
167750
167751
167749
167748
167755
167761
167760
167753
167749
167753
167757
167754
167749
167747
167749
167752
167751
167746
167744
167748
167751
167747
167740
167739
167743
167746
167742
167736
167732
167735
167739
167736
167732
167729
167733
167737
167735
167729
167725
167729
167736
167734
167728
167726
167731
167736
167734
167729
167725
167729
167731
167727
167721
167717
167721
167728
167728
167723
167720
167726
167733
167731
167726
167724
167732
167736
167734
167728
167726
167728
167732
167729
167723
167719
167721
167723
167717
167711
167709
167712
167715
167711
167705
167704
167707
167714
167714
167711
167711
167718
167725
167724
167721
167720
167723
167729
167727
167722
167719
167724
167728
167725
167720
167719
167721
167725
167722
167715
167712
167715
167719
167718
167714
167713
167719
167725
167725
167720
167717
167721
167723
167720
167714
167710
167713
167715
167713
167709
167706
167712
167719
167717
167711
167709
167714
167717
167714
167709
167707
167711
167714
167712
167707
167706
167713
167717
167715
167711
167709
167712
167716
167715
167711
167709
167715
167721
167720
167715
167715
167720
167725
167721
167714
167710
167713
167714
167711
167704
167700
167703
167707
167703
167697
167695
167700
167706
167705
167701
167700
167705
167710
167707
167704
167703
167709
167711
167709
167704
167702
167705
167707
167703
167697
167690
167690
167690
167684
167675
167671
167675
167680
167679
167674
167671
167676
167679
167675
167666
167661
167662
167663
167660
167653
167648
167651
167657
167655
167650
167649
167654
167657
167654
167647
167643
167647
167652
167649
167642
167638
167641
167644
167642
167636
167634
167638
167644
167643
167638
167636
167640
167643
167641
167636
167633
167637
167644
167644
167640
167640
167647
167654
167654
167651
167651
167658
167665
167667
167667
167667
167673
167679
167679
167674
167670
167674
167678
167676
167670
167667
167670
167675
167672
167667
167666
167672
167679
167681
167678
167679
167685
167691
167691
167687
167684
167688
167693
167692
167687
167685
167688
167693
167692
167689
167688
167693
167702
167705
167701
167700
167706
167712
167710
167707
167706
167713
167721
167722
167718
167716
167721
167725
167723
167717
167711
167714
167717
167714
167710
167706
167711
167717
167717
167714
167714
167721
167728
167727
167723
167723
167728
167731
167727
167720
167715
167717
167720
167718
167712
167709
167713
167717
167716
167715
167715
167721
167727
167728
167725
167724
167729
167732
167730
167723
167720
167722
167724
167720
167713
167708
167711
167716
167713
167709
167707
167711
167715
167714
167709
167707
167710
167713
167711
167707
167704
167707
167710
167705
167696
167690
167691
167695
167693
167690
167688
167696
167702
167701
167698
167696
167698
167702
167700
167696
167692
167694
167696
167690
167681
167675
167676
167678
167674
167669
167666
167672
167679
167679
167676
167675
167681
167688
167689
167686
167683
167686
167688
167683
167675
167671
167675
167681
167680
167675
167673
167678
167683
167685
167681
167678
167682
167688
167687
167680
167679
167686
167693
167693
167688
167685
167688
167690
167688
167686
167687
167694
167700
167699
167694
167692
167698
167704
167704
167701
167697
167699
167702
167696
167687
167682
167686
167688
167683
167676
167674
167679
167684
167683
167681
167682
167690
167697
167694
167691
167689
167691
167694
167691
167683
167680
167685
167689
167686
167679
167676
167679
167685
167686
167685
167686
167693
167699
167697
167694
167695
167700
167705
167703
167697
167691
167695
167700
167698
167693
167690
167695
167700
167698
167694
167693
167700
167708
167708
167706
167706
167713
167719
167718
167713
167711
167715
167719
167716
167711
167710
167715
167722
167720
167717
167717
167723
167729
167729
167726
167725
167731
167739
167740
167741
167742
167750
167757
167760
167757
167757
167763
167771
167771
167767
167765
167769
167775
167774
167770
167771
167778
167784
167784
167782
167783
167789
167795
167794
167791
167790
167794
167797
167792
167784
167777
167779
167780
167773
167765
167757
167755
167754
167746
167736
167729
167730
167732
167727
167720
167715
167714
167713
167705
167695
167688
167687
167689
167684
167677
167672
167674
167677
167673
167666
167663
167667
167671
167670
167666
167662
167666
167669
167663
167656
167652
167653
167655
167651
167643
167638
167641
167644
167642
167640
167639
167645
167652
167651
167647
167646
167653
167659
167661
167658
167656
167660
167665
167664
167659
167657
167663
167667
167666
167659
167654
167657
167662
167659
167655
167655
167660
167667
167666
167662
167661
167667
167674
167673
167670
167668
167673
167677
167674
167670
167668
167673
167679
167679
167676
167674
167678
167682
167681
167677
167674
167678
167682
167680
167675
167673
167676
167683
167684
167680
167678
167684
167690
167690
167688
167686
167691
167695
167693
167687
167684
167688
167693
167692
167689
167687
167694
167704
167704
167702
167702
167709
167715
167713
167709
167705
167708
167711
167709
167703
167701
167705
167708
167705
167701
167700
167707
167713
167713
167711
167711
167716
167722
167723
167721
167720
167727
167734
167733
167728
167728
167735
167741
167741
167737
167738
167746
167754
167757
167757
167759
167768
167777
167777
167776
167776
167785
167793
167794
167793
167794
167804
167812
167812
167808
167806
167811
167816
167815
167810
167807
167812
167818
167818
167812
167809
167814
167816
167812
167806
167802
167803
167806
167802
167794
167788
167792
167797
167793
167786
167781
167783
167785
167784
167780
167778
167784
167792
167791
167787
167785
167789
167793
167790
167781
167774
167777
167778
167771
167761
167753
167753
167753
167746
167739
167732
167736
167739
167733
167728
167725
167730
167735
167734
167728
167726
167731
167734
167730
167724
167721
167725
167728
167723
167716
167711
167711
167711
167705
167697
167693
167696
167699
167693
167685
167679
167680
167681
167678
167672
167669
167675
167679
167677
167672
167671
167677
167685
167686
167684
167682
167686
167692
167690
167682
167678
167679
167679
167674
167664
167658
167661
167666
167665
167661
167661
167666
167673
167672
167670
167671
167678
167683
167680
167674
167671
167676
167681
167678
167671
167667
167672
167677
167675
167670
167669
167675
167680
167681
167680
167681
167688
167694
167693
167687
167682
167684
167686
167680
167672
167667
167671
167674
167670
167664
167661
167667
167673
167673
167671
167672
167681
167688
167691
167690
167689
167693
167694
167689
167680
167674
167675
167680
167679
167673
167669
167673
167677
167677
167673
167673
167679
167687
167689
167688
167687
167694
167701
167698
167692
167689
167691
167695
167691
167683
167679
167681
167683
167678
167672
167668
167674
167680
167679
167677
167678
167684
167692
167693
167690
167687
167693
167696
167694
167687
167683
167685
167689
167685
167677
167672
167676
167679
167678
167675
167674
167681
167688
167688
167684
167684
167690
167695
167692
167687
167683
167685
167688
167685
167677
167672
167674
167676
167673
167667
167663
167667
167673
167672
167667
167665
167671
167676
167676
167673
167672
167678
167684
167681
167675
167673
167677
167680
167676
167669
167666
167670
167676
167675
167671
167670
167678
167685
167685
167681
167681
167688
167694
167692
167686
167681
167684
167687
167684
167676
167671
167675
167680
167679
167673
167670
167674
167678
167675
167670
167668
167674
167680
167679
167676
167674
167679
167683
167683
167680
167679
167683
167688
167685
167681
167677
167680
167686
167686
167681
167678
167683
167688
167686
167682
167680
167687
167694
167694
167691
167690
167695
167699
167698
167693
167688
167691
167695
167693
167689
167687
167692
167697
167697
167693
167690
167695
167701
167701
167697
167695
167700
167704
167703
167698
167696
167699
167705
167703
167698
167694
167698
167704
167705
167701
167699
167704
167711
167711
167708
167704
167708
167712
167710
167705
167702
167708
167712
167710
167704
167702
167706
167709
167707
167700
167696
167703
167708
167706
167702
167700
167705
167711
167711
167704
167700
167703
167706
167703
167695
167691
167693
167696
167694
167688
167684
167688
167693
167691
167685
167681
167684
167688
167686
167679
167675
167682
167690
167690
167685
167683
167688
167695
167693
167689
167687
167691
167695
167692
167685
167682
167687
167692
167691
167688
167687
167693
167696
167694
167690
167688
167693
167698
167698
167695
167694
167698
167702
167701
167697
167694
167696
167700
167699
167693
167691
167696
167702
167701
167697
167695
167699
167703
167703
167700
167696
167700
167706
167705
167699
167696
167701
167706
167707
167704
167702
167707
167711
167709
167705
167701
167705
167709
167707
167700
167697
167702
167708
167707
167702
167697
167701
167705
167702
167696
167693
167698
167702
167700
167696
167694
167697
167700
167698
167691
167687
167690
167695
167693
167687
167684
167688
167693
167693
167687
167684
167690
167696
167695
167690
167688
167692
167696
167695
167690
167686
167690
167695
167695
167691
167687
167691
167694
167692
167686
167684
167690
167695
167695
167689
167686
167692
167698
167696
167690
167687
167691
167697
167698
167693
167690
167693
167697
167695
167689
167687
167692
167698
167696
167690
167687
167691
167697
167698
167692
167688
167693
167696
167696
167692
167689
167692
167696
167693
167686
167682
167686
167690
167688
167685
167684
167690
167698
167700
167696
167694
167701
167708
167708
167705
167703
167708
167714
167714
167710
167707
167711
167716
167715
167711
167708
167713
167718
167715
167711
167710
167717
167722
167721
167719
167718
167723
167727
167726
167722
167721
167725
167730
167727
167722
167718
167723
167727
167727
167722
167719
167722
167727
167726
167718
167714
167719
167724
167722
167716
167711
167716
167720
167719
167714
167709
167712
167718
167718
167713
167708
167711
167715
167712
167707
167704
167707
167712
167711
167705
167701
167703
167707
167708
167705
167702
167705
167709
167708
167703
167700
167703
167707
167706
167698
167694
167698
167702
167701
167697
167694
167699
167704
167702
167697
167695
167700
167705
167704
167701
167699
167705
167712
167713
167711
167710
167716
167724
167725
167722
167721
167727
167733
167733
167727
167724
167728
167732
167730
167725
167723
167729
167732
167731
167727
167725
167729
167735
167738
167735
167732
167738
167744
167744
167739
167734
167735
167738
167734
167726
167720
167720
167722
167719
167713
167710
167716
167725
167726
167722
167720
167725
167729
167727
167722
167717
167719
167722
167719
167710
167704
167703
167703
167702
167700
167700
167708
167715
167716
167712
167709
167712
167716
167716
167710
167704
167705
167704
167699
167689
167683
167685
167688
167687
167683
167681
167688
167696
167698
167695
167696
167703
167708
167708
167703
167700
167704
167708
167705
167699
167695
167697
167700
167698
167694
167692
167696
167704
167706
167703
167702
167710
167716
167715
167710
167705
167711
167716
167715
167709
167706
167710
167716
167716
167713
167711
167719
167729
167732
167729
167728
167732
167737
167736
167729
167723
167724
167728
167729
167723
167716
167718
167722
167722
167716
167714
167720
167727
167730
167728
167728
