167662
167668
167672
167668
167663
167665
167668
167668
167664
167659
167661
167665
167667
167661
167656
167657
167661
167664
167659
167654
167656
167661
167662
167657
167654
167656
167661
167661
167655
167650
167653
167658
167660
167657
167652
167655
167662
167666
167661
167656
167657
167662
167666
167664
167661
167663
167667
167668
167663
167656
167655
167659
167659
167653
167646
167647
167651
167652
167647
167640
167640
167641
167642
167639
167635
167637
167640
167641
167635
167627
167628
167630
167631
167627
167621
167623
167626
167626
167620
167614
167615
167620
167621
167618
167613
167614
167618
167618
167612
167604
167606
167609
167610
167604
167599
167600
167606
167609
167605
167602
167607
167613
167617
167614
167609
167611
167615
167617
167613
167609
167612
167618
167621
167618
167614
167616
167619
167621
167617
167614
167616
167623
167626
167621
167617
167617
167622
167625
167620
167615
167617
167621
167624
167619
167615
167617
167623
167627
167622
167618
167620
167625
167626
167621
167619
167621
167627
167631
167628
167625
167627
167632
167635
167633
167627
167627
167630
167632
167627
167619
167620
167624
167628
167624
167619
167620
167624
167626
167621
167617
167620
167624
167628
167623
167619
167619
167624
167626
167622
167618
167620
167626
167630
167625
167619
167620
167624
167625
167621
167617
167618
167626
167631
167628
167626
167628
167634
167640
167637
167632
167634
167640
167643
167640
167635
167637
167644
167648
167644
167640
167643
167647
167650
167646
167641
167643
167649
167653
167650
167647
167648
167654
167658
167656
167652
167654
167659
167663
167661
167656
167656
167661
167665
167661
167657
167657
167661
167665
167661
167657
167659
167664
167668
167663
167657
167655
167658
167660
167653
167646
167645
167649
167651
167646
167639
167638
167642
167643
167638
167634
167636
167641
167644
167639
167633
167633
167636
167638
167633
167629
167630
167636
167641
167637
167633
167633
167636
167638
167634
167629
167630
167634
167636
167630
167626
167627
167631
167633
167628
167623
167624
167628
167631
167625
167620
167621
167626
167630
167627
167622
167623
167628
167631
167625
167621
167622
167627
167631
167627
167623
167623
167629
167633
167630
167628
167630
167636
167640
167637
167632
167633
167638
167641
167638
167635
167635
167638
167642
167638
167632
167634
167641
167647
167644
167643
167645
167651
167653
167648
167643
167644
167649
167654
167651
167648
167650
167654
167658
167657
167653
167651
167654
167655
167651
167645
167643
167646
167647
167639
167632
167630
167634
167637
167632
167627
167628
167634
167638
167635
167632
167634
167641
167646
167643
167637
167636
167640
167641
167634
167628
167627
167631
167635
167632
167629
167631
167638
167642
167639
167636
167637
167641
167644
167642
167638
167636
167639
167640
167633
167626
167625
167632
167637
167635
167632
167633
167639
167644
167640
167635
167634
167640
167643
167638
167632
167632
167637
167639
167632
167626
167626
167631
167634
167632
167628
167629
167634
167639
167636
167632
167633
167636
167638
167633
167627
167626
167629
167631
167627
167623
167622
167627
167631
167628
167625
167626
167632
167638
167637
167635
167635
167641
167645
167641
167635
167632
167635
167638
167634
167628
167627
167633
167638
167634
167629
167628
167636
167642
167640
167635
167636
167640
167643
167638
167631
167631
167634
167636
167634
167630
167631
167637
167640
167637
167634
167635
167639
167643
167640
167635
167634
167637
167640
167638
167634
167632
167635
167636
167631
167624
167621
167625
167629
167625
167620
167619
167624
167629
167627
167622
167622
167625
167629
167626
167620
167620
167626
167630
167625
167619
167617
167620
167623
167619
167612
167610
167613
167616
167612
167606
167605
167610
167613
167609
167605
167604
167608
167613
167611
167608
167607
167612
167614
167610
167605
167603
167608
167612
167610
167605
167603
167607
167609
167605
167602
167602
167606
167610
167606
167600
167600
167603
167605
167602
167596
167593
167598
167602
167597
167590
167587
167590
167592
167587
167583
167585
167592
167597
167594
167590
167588
167594
167598
167595
167591
167590
167594
167599
167595
167590
167587
167590
167594
167592
167588
167587
167591
167595
167593
167589
167587
167592
167597
167594
167589
167589
167596
167603
167601
167596
167597
167604
167609
167606
167602
167602
167608
167614
167611
167607
167607
167612
167616
167614
167610
167610
167616
167621
167618
167614
167614
167621
167626
167622
167618
167617
167622
167627
167625
167620
167619
167625
167630
167626
167622
167622
167627
167631
167628
167621
167619
167622
167626
167622
167618
167619
167625
167629
167626
167621
167619
167623
167625
167623
167619
167618
167621
167626
167623
167618
167616
167619
167622
167618
167615
167613
167617
167622
167619
167615
167614
167619
167623
167621
167617
167615
167619
167621
167618
167614
167613
167620
167626
167623
167619
167619
167625
167629
167627
167623
167622
167626
167631
167627
167622
167620
167627
167632
167631
167627
167624
167627
167631
167628
167621
167620
167626
167632
167630
167624
167621
167625
167629
167626
167620
167619
167625
167631
167629
167625
167624
167630
167637
167636
167633
167633
167639
167644
167640
167634
167631
167632
167636
167637
167635
167634
167640
167645
167642
167638
167635
167639
167644
167644
167641
167640
167645
167650
167650
167648
167648
167653
167659
167658
167653
167652
167657
167662
167662
167657
167654
167659
167666
167664
167658
167656
167658
167660
167657
167650
167645
167647
167651
167647
167642
167639
167641
167644
167641
167635
167633
167636
167640
167637
167631
167628
167632
167634
167632
167628
167624
167627
167630
167628
167622
167618
167621
167624
167624
167619
167616
167620
167623
167621
167618
167616
167620
167624
167623
167619
167620
167627
167633
167633
167630
167628
167633
167638
167639
167634
167630
167635
167638
167635
167629
167626
167628
167629
167624
167615
167609
167611
167613
167611
167606
167603
167606
167611
167610
167605
167602
167607
167611
167610
167607
167607
167612
167617
167616
167613
167612
167617
167623
167619
167614
167611
167615
167619
167618
167613
167610
167615
167620
167618
167612
167610
167615
167620
167619
167616
167614
167618
167624
167622
167617
167612
167616
167622
167622
167618
167616
167620
167625
167625
167621
167620
167624
167629
167628
167624
167622
167627
167632
167631
167627
167624
167628
167631
167628
167624
167622
167627
167632
167631
167626
167623
167628
167633
167633
167629
167626
167630
167636
167635
167631
167630
167634
167638
167636
167629
167624
167628
167633
167630
167625
167622
167625
167629
167628
167624
167620
167624
167628
167627
167624
167621
167627
167634
167633
167628
167626
167631
167636
167633
167626
167620
167624
167628
167626
167620
167616
167619
167625
167624
167619
167615
167618
167621
167621
167616
167613
167618
167622
167619
167614
167612
167615
167618
167617
167609
167603
167607
167612
167609
167603
167599
167603
167606
167606
167603
167603
167610
167616
167617
167613
167611
167616
167623
167624
167622
167621
167626
167630
167630
167624
167622
167628
167634
167632
167625
167620
167623
167626
167622
167615
167610
167615
167619
167618
167614
167611
167616
167620
167619
167616
167614
167617
167623
167622
167617
167613
167619
167624
167622
167617
167614
167617
167622
167622
167618
167615
167620
167626
167625
167622
167620
167624
167628
167627
167622
167617
167621
167626
167625
167620
167617
167621
167626
167627
167622
167618
167621
167625
167625
167621
167618
167622
167626
167624
167619
167614
167618
167623
167623
167619
167615
167618
167624
167625
167622
167617
167623
167628
167628
167624
167621
167625
167630
167630
167624
167620
167624
167628
167627
167621
167616
167621
167626
167626
167621
167616
167619
167625
167625
167620
167616
167620
167626
167628
167624
167621
167625
167630
167630
167624
167619
167621
167624
167622
167615
167611
167613
167615
167615
167608
167602
167605
167609
167608
167602
167600
167604
167607
167608
167605
167602
167605
167609
167610
167604
167601
167606
167612
167614
167613
167611
167615
167622
167624
167620
167618
167621
167627
167628
167624
167620
167622
167626
167626
167622
167619
167623
167628
167628
167623
167622
167626
167632
167634
167630
167626
167630
167635
167634
167627
167625
167628
167631
167629
167623
167618
167622
167626
167627
167621
167617
167621
167627
167629
167626
167623
167628
167633
167632
167625
167621
167621
167625
167627
167622
167618
167622
167626
167627
167624
167621
167623
167628
167630
167625
167621
167625
167630
167631
167624
167620
167623
167627
167627
167620
167615
167618
167623
167623
167620
167616
167620
167628
167629
167626
167621
167624
167629
167631
167628
167623
167625
167629
167629
167620
167613
167613
167614
167614
167608
167604
167607
167613
167615
167611
167607
167611
167616
167617
167614
167611
167615
167619
167618
167614
167608
167610
167616
167617
167613
167608
167611
167618
167621
167617
167614
167617
167623
167625
167619
167615
167616
167619
167619
167613
167605
167606
167609
167611
167607
167603
167607
167611
167612
167607
167603
167608
167616
167620
167618
167617
167621
167626
167630
167626
167622
167625
167631
167633
167628
167622
167625
167628
167628
167622
167616
167619
167624
167626
167622
167619
167624
167631
167632
167627
167622
167627
167633
167635
167630
167625
167627
167632
167633
167627
167622
167625
167630
167631
167626
167623
167626
167631
167633
167627
167626
167630
167635
167637
167633
167630
167633
167639
167640
167637
167632
167634
167639
167641
167637
167634
167638
167645
167648
167646
167645
167650
167656
167659
167655
167651
167654
167659
167661
167657
167655
167659
167663
167663
167659
167655
167657
167660
167661
167658
167656
167661
167668
167671
167668
167665
167669
167676
167678
167672
167670
167674
167679
167680
167674
167667
167668
167671
167670
167664
167659
167659
167662
167661
167655
167649
167652
167657
167660
167656
167654
167658
167664
167665
167659
167654
167656
167660
167660
167654
167646
167646
167650
167651
167644
167638
167641
167647
167650
167647
167645
167649
167655
167658
167655
167651
167654
167662
167666
167661
167658
167661
167666
167666
167659
167654
167654
167658
167660
167654
167648
167650
167653
167653
167647
167642
167645
167648
167650
167645
167639
167640
167644
167646
167641
167637
167639
167643
167644
167639
167634
167636
167640
167643
167639
167636
167639
167644
167645
167642
167638
167639
167644
167645
167641
167638
167639
167643
167643
167638
167633
167633
167636
167637
167631
167625
167626
167629
167630
167626
167622
167623
167626
167627
167621
167617
167619
167624
167626
167620
167616
167617
167622
167625
167622
167617
167618
167624
167627
167622
167615
167616
167620
167620
167615
167609
167610
167613
167615
167612
167610
167614
167621
167625
167620
167616
167619
167624
167628
167625
167621
167621
167625
167626
167623
167619
167623
167627
167631
167630
167628
167632
167638
167642
167638
167633
167634
167638
167638
167633
167627
167627
167630
167632
167626
167622
167625
167630
167633
167630
167627
167631
167637
167642
167638
167635
167639
167644
167645
167639
167632
167632
167634
167634
167627
167621
167622
167626
167629
167626
167624
167627
167634
167639
167636
167632
167633
167636
167638
167634
167629
167628
167631
167633
167628
167623
167624
167629
167634
167631
167628
167631
167638
167643
167641
167639
167642
167646
167647
167641
167635
167636
167639
167643
167637
167631
167631
167634
167636
167630
167626
167629
167634
167637
167634
167631
167632
167637
167639
167632
167625
167625
167628
167627
167619
167612
167610
167613
167614
167609
167604
167605
167610
167615
167611
167607
167609
167615
167619
167614
167609
167611
167617
167620
167615
167610
167611
167616
167619
167615
167612
167616
167623
167629
167626
167622
167624
167629
167629
167623
167617
167617
167618
167620
167614
167606
167605
167609
167611
167605
167601
167605
167610
167614
167611
167608
167612
167618
167621
167618
167615
167616
167619
167621
167616
167612
167613
167618
167622
167619
167618
167621
167625
167629
167624
167621
167624
167631
167636
167633
167629
167631
167636
167639
167635
167628
167627
167630
167632
167626
167621
167622
167627
167630
167628
167623
167625
167633
167638
167637
167636
167641
167650
167657
167657
167655
167655
167659
167660
167655
167647
167645
167648
167648
167642
167635
167636
167640
167644
167640
167638
167643
167653
167661
167661
167658
167660
167665
167667
167661
167655
167655
167656
167656
167649
167642
167642
167644
167648
167643
167637
167638
167645
167650
167648
167645
167647
167651
167655
167652
167649
167650
167655
167656
167648
167641
167638
167641
167645
167641
167636
167639
167645
167650
167648
167645
167647
167655
167660
167657
167653
167654
167658
167663
167660
167656
167655
167660
167664
167661
167656
167657
167662
167667
167662
167658
167659
167665
167672
167672
167670
167673
167679
167683
167679
167673
167671
167675
167679
167676
167673
167675
167680
167684
167679
167673
167671
167676
167681
167678
167672
167673
167679
167683
167678
167673
167672
167677
167681
167678
167672
167672
167678
167682
167678
167672
167672
167675
167677
167672
167666
167664
167667
167670
167668
167663
167663
167668
167671
167667
167662
167663
167668
167672
167667
167661
167660
167664
167668
167662
167654
167654
167658
167662
167659
167655
167654
167659
167663
167659
167653
167653
167656
167657
167652
167645
167644
167646
167650
167645
167638
167637
167641
167644
167638
167632
167633
167638
167641
167638
167633
167633
167640
167646
167642
167637
167636
167639
167642
167638
167631
167629
167633
167637
167634
167630
167629
167634
167638
167633
167629
167629
167635
167640
167637
167632
167630
167635
167640
167635
167631
167632
167638
167641
167636
167631
167631
167634
167638
167635
167630
167629
167633
167637
167634
167628
167628
167634
167638
167634
167628
167626
167631
167635
167631
167626
167625
167629
167633
167631
167627
167628
167632
167635
167630
167623
167619
167624
167630
167626
167621
167620
167625
167629
167625
167620
167619
167624
167627
167624
167621
167621
167626
167630
167629
167625
167627
167633
167637
167633
167629
167628
167633
167637
167634
167629
167627
167634
167638
167635
167630
167628
167632
167635
167631
167626
167623
167628
167633
167630
167624
167622
167626
167631
167629
167626
167625
167631
167637
167636
167631
167630
167636
167642
167639
167633
167631
167636
167639
167635
167630
167629
167632
167635
167631
167626
167625
167630
167635
167632
167628
167629
167635
167639
167636
167632
167632
167640
167644
167641
167637
167635
167640
167644
167640
167635
167634
167639
167643
167639
167635
167633
167636
167640
167637
167630
167630
167637
167642
167639
167633
167630
167635
167638
167634
167626
167624
167629
167631
167625
167619
167617
167621
167625
167621
167613
167611
167615
167619
167616
167611
167609
167612
167617
167614
167609
167610
167616
167620
167618
167615
167615
167621
167625
167624
167623
167624
167630
167635
167634
167631
167631
167636
167642
167641
167637
167637
167643
167649
167646
167641
167640
167644
167649
167645
167640
167640
167645
167648
167644
167638
167638
167644
167649
167645
167640
167638
167642
167645
167640
167634
167631
167635
167637
167635
167631
167631
167635
167641
167640
167636
167635
167641
167645
167643
167637
167636
167641
167645
167641
167634
167630
167633
167637
167633
167628
167628
167632
167636
167634
167630
167629
167636
167641
167641
167638
167636
167643
167650
167651
167649
167649
167652
167658
167656
167649
167645
167649
167651
167649
167644
167643
167646
167651
167650
167646
167643
167647
167651
167649
167646
167642
167648
167655
167654
167649
167647
167651
167654
167652
167646
167644
167648
167654
167652
167645
167641
167644
167646
167641
167634
167631
167636
167641
167638
167634
167633
167638
167643
167641
167637
167636
167642
167647
167644
167640
167639
167642
167645
167644
167642
167641
167647
167651
167647
167640
167636
167638
167640
167637
167631
167628
167633
167639
167638
167632
167628
167631
167635
167633
167626
167622
167627
167631
167628
167625
167625
167632
167638
167635
167630
167627
167633
167636
167635
167631
167630
167635
167640
167639
167634
167631
167636
167640
167641
167638
167635
167636
167639
167636
167629
167625
167629
167633
167632
167628
167625
167629
167634
167631
167625
167623
167626
167630
167629
167625
167622
167627
167632
167631
167627
167625
167631
167637
167635
167630
167626
167630
167633
167629
167625
167622
167625
167629
167625
167619
167616
167619
167622
167620
167615
167612
167617
167621
167619
167614
167613
167619
167626
167627
167622
167619
167624
167630
167630
167626
167623
167629
167637
167636
167631
167628
167631
167635
167633
167626
167621
167626
167631
167629
167624
167621
167627
167632
167630
167625
167623
167628
167633
167632
167626
167623
167627
167632
167630
167625
167623
167627
167630
167629
167624
167622
167626
167629
167628
167622
167619
167623
167627
167625
167620
167617
167621
167623
167623
167620
167619
167625
167630
167629
167625
167624
167628
167633
167632
167629
167626
167630
167635
167634
167630
167626
167631
167637
167637
167633
167631
167636
167642
167641
167637
167636
167640
167645
167644
167639
167636
167640
167645
167641
167633
167629
167631
167634
167632
167627
167624
167628
167633
167633
167631
167629
167636
167642
167642
167638
167635
167638
167641
167640
167634
167630
167631
167634
167631
167625
167622
167628
167634
167633
167628
167626
167631
167635
167634
167629
167627
167632
167637
167636
167632
167630
167634
167636
167634
167630
167628
167634
167641
167642
167638
167636
167641
167647
167647
167643
167639
167641
167644
167641
167632
167627
167628
167629
167626
167619
167614
167618
167624
167624
167620
167619
167625
167634
167637
167635
167633
167638
167643
167645
167640
167635
167638
167641
167638
167632
167626
167628
167632
167632
167628
167627
167633
167638
167639
167636
167636
167641
167646
167645
167640
167636
167639
167643
167642
167635
167630
167634
167639
167638
167634
167631
167636
167643
167645
167642
167639
167642
167649
167648
167642
167636
167638
167641
167638
167634
167628
167630
167634
167633
167628
167625
167629
167634
167634
167629
167626
167632
167637
167636
167632
167629
167634
167639
167636
167628
167623
167624
167628
167626
167619
167615
167621
167626
167625
167621
167618
167623
167628
167629
167625
167623
167629
167635
167637
167635
167632
167636
167640
167640
167634
167632
167636
167639
167637
167631
167624
167627
167630
167629
167625
167623
167629
167637
167639
167636
167634
167638
167644
167642
167636
167632
167635
167640
167638
167629
167624
167628
167631
167630
167625
167622
167626
167632
167632
167628
167626
167631
167637
167637
167631
167627
167631
167636
167638
167635
167634
167637
167640
167638
167630
167625
167625
167628
167626
167617
167611
167613
167618
167617
167611
167605
167608
167612
167611
167605
167600
167602
167603
167602
167598
167595
167598
167602
167602
167597
167594
167597
167600
167601
167596
167593
167596
167600
167599
167594
167589
167593
167599
167596
167591
167586
167590
167596
167596
167590
167585
167588
167591
167590
167584
167581
167586
167591
167589
167583
167578
167579
167581
167578
167570
167563
167565
167568
167566
167561
167556
167559
167564
167564
167559
167556
167561
167568
167571
167567
167565
167570
167577
167578
167573
167569
167573
167582
167582
167578
167574
167578
167583
167584
167579
167572
167575
167580
167581
167577
167572
167575
167580
167580
167573
167568
167573
167578
167578
167574
167571
167574
167577
167577
167573
167569
167573
167579
167580
167577
167575
167580
167589
167592
167589
167589
167594
167600
167601
167597
167595
167600
167607
167609
167604
167601
167605
167610
167610
167604
167600
167601
167605
167605
167599
167595
167599
167604
167605
167602
167599
167605
167610
167611
167608
167605
167610
167617
167620
167617
167615
167619
167622
167621
167614
167610
167612
167615
167616
167611
167606
167609
167612
167611
167606
167601
167604
167608
167607
167603
167598
167600
167603
167603
167598
167596
167599
167605
167606
167602
167600
167603
167608
167610
167607
167603
167605
167611
167611
167605
167600
167601
167605
167605
167599
167594
167598
167603
167603
167598
167593
167596
167602
167606
167601
167599
167605
167611
167613
167608
167605
167607
167612
167612
167608
167603
167607
167611
167611
167605
167600
167603
167608
167608
167605
167603
167607
167613
167613
167608
167603
167607
167610
167608
167603
167600
167604
167609
167609
167603
167599
167603
167610
167613
167609
167607
167611
167616
167617
167613
167609
167612
167616
167617
167612
167608
167611
167616
167615
167610
167606
167610
167615
167617
167614
167610
167614
167619
167622
167619
167615
167618
167621
167621
167615
167610
167612
167617
167616
167610
167607
167609
167612
167612
167607
167602
167604
167608
167608
167601
167594
167594
167596
167595
167587
167580
167580
167580
167578
167571
167564
167564
167565
167563
167556
167549
167551
167553
167553
167545
167539
167541
167544
167544
167537
167530
167532
167536
167538
167533
167530
167535
167540
167542
167539
167537
167543
167548
167550
167545
167539
167541
167547
167549
167546
167542
167547
167553
167554
167549
167544
167548
167554
167557
167554
167551
167555
167561
167562
167558
167555
167561
167567
167570
167567
167563
167568
167573
167575
167571
167567
167571
167577
167577
167571
167566
167566
167569
167570
167565
167559
167563
167568
167570
167566
167562
167564
167570
167572
167569
167566
167569
167576
167581
167579
167576
167581
167588
167591
167589
167585
167591
167599
167603
167600
167598
167601
167606
167607
167603
167598
167600
167605
167606
167601
167598
167602
167610
167612
167608
167604
167609
167617
167620
167616
167613
167616
167622
167624
167620
167617
167620
167625
167627
167623
167618
167619
167624
167625
167618
167611
167613
167617
167616
167610
167604
167606
167612
167613
167608
167603
167607
167611
167612
167607
167601
167605
167609
167611
167607
167604
167609
167615
167619
167615
167613
167617
167622
167624
167621
167617
167620
167626
167628
167624
167619
167621
167626
167627
167624
167621
167626
167633
167636
167633
167631
167637
167642
167645
167640
167633
167634
167639
167641
167635
167630
167630
167634
167634
167628
167622
167625
167629
167632
167628
167623
167626
167631
167633
167626
167622
167625
167628
167629
167624
167618
167620
167624
167626
167621
167618
167621
167626
167631
167628
167625
167628
167634
167634
167630
167627
167628
167632
167633
167627
167621
167622
167627
167630
167626
167622
167624
167627
167629
167625
167620
167623
167629
167632
167627
167624
167626
167630
167631
167626
167620
167619
167623
167624
167618
167613
167613
167618
167620
167616
167612
167614
167619
167623
167618
167613
167614
167617
167618
167612
167606
167608
167614
167616
167611
167605
167606
167610
167612
167607
167602
167605
167610
167611
167607
167601
167602
167606
167608
167604
167600
167603
167607
167608
167603
167599
167601
167606
167609
167606
167603
167607
167612
167615
167611
167607
167608
167611
167614
167609
167604
167606
167612
167614
167607
167600
167599
167602
167604
167596
167589
167592
167596
167596
167588
167580
167579
167582
167584
167577
167573
167573
167577
167581
167577
167572
167573
167578
167581
167578
167573
167574
167578
167580
167576
167571
167573
167577
167579
167574
167567
167566
167570
167573
167567
167562
167561
167564
167564
167559
167553
167553
167557
167559
167553
167549
167551
167557
167561
167556
167553
167558
167565
167572
167571
167569
167573
167580
167586
167585
167583
167586
167595
167601
167600
167599
167604
167615
167622
167621
167621
167626
167634
167641
167640
167637
167642
167649
167655
167651
167649
167653
167661
167665
167662
167657
167659
167666
167669
167666
167662
167664
167670
167675
167671
167667
167669
167674
167678
167673
167670
167674
167679
167682
167678
167672
167674
167680
167683
167678
167673
167673
167677
167681
167678
167673
167676
167681
167686
167683
167678
167677
167680
167682
167676
167669
167669
167674
167676
167671
167664
167662
167663
167664
167658
167651
167651
167655
167655
167648
167639
167639
167644
167646
167641
167635
167636
167640
167642
167637
167634
167637
167643
167645
167639
167631
167629
167631
167632
167625
167620
167622
167627
167628
167623
167617
167615
167618
167620
167615
167609
167610
167614
167615
167611
167607
167609
167614
167618
167612
167604
167605
167608
167610
167605
167600
167599
167602
167603
167598
167592
167591
167596
167601
167596
167591
167592
167596
167598
167595
167591
167594
167599
167603
167598
167593
167594
167598
167599
167593
167587
167587
167591
167595
167592
167585
167584
167585
167586
167579
167573
167575
167581
167584
167579
167574
167577
167581
167585
167582
167577
167577
167583
167589
167586
167581
167580
167581
167582
167575
167570
167571
167577
167579
167575
167569
167570
167576
167580
167576
167570
167572
167577
167581
167576
167571
167574
167580
167582
167578
167573
167573
167577
167580
167576
167570
167570
167576
167580
167576
167570
167570
167574
167576
167572
167569
167570
167576
167579
167576
167571
167571
167576
167580
167578
167574
167575
167581
167584
167578
167574
167576
167581
167584
167581
167577
167580
167586
167590
167587
167586
167589
167595
167600
167597
167596
167599
167606
167613
167613
167612
167615
167622
167628
167628
167625
167626
167632
167636
167632
167629
167630
167635
167639
167638
167637
167640
167647
167651
167649
167645
167645
167650
167656
167652
167648
167649
167653
167656
167652
167647
167648
167654
167658
167657
167655
167658
167665
167670
167669
167665
167665
167670
167672
167665
167660
167659
167663
167667
167662
167656
167656
167662
167665
167662
167658
167659
167663
167668
167664
167658
167658
167662
167664
167660
167655
167654
167657
167660
167655
167649
167649
167654
167660
167659
167656
167659
167667
167671
167669
167666
167667
167670
167673
167668
167660
167658
167661
167664
167659
167653
167651
167655
167658
167654
167649
167650
167656
167660
167657
167652
167651
167655
167657
167652
167647
167647
167650
167652
167644
167636
167635
167639
167640
167635
167629
167630
167635
167638
167632
167625
167624
167628
167629
167625
167621
167620
167623
167625
167620
167613
167610
167611
167614
167610
167606
167605
167610
167614
167610
167604
167604
167609
167613
167610
167605
167603
167607
167608
167602
167597
167596
167598
167601
167596
167592
167593
167598
167602
167598
167593
167594
167600
167604
167600
167595
167595
167599
167601
167596
167592
167592
167596
167599
167595
167588
167587
167590
167595
167593
167591
167593
167599
167605
167601
167595
167593
167597
167599
167594
167588
167587
167591
167595
167592
167587
167588
167595
167601
167600
167598
167602
167610
167618
167618
167615
167618
167624
167629
167627
167623
167624
167629
167632
167628
167623
167621
167625
167629
167624
167619
167619
167625
167629
167625
167621
167624
167632
167638
167636
167634
167637
167645
167650
167648
167644
167644
167650
167653
167648
167642
167640
167643
167647
167644
167640
167639
167643
167646
167640
167634
167633
167636
167639
167636
167630
167628
167634
167637
167631
167627
167627
167632
167636
167633
167630
167631
167637
167642
167638
167633
167632
167637
167641
167638
167633
167632
167635
167637
167633
167628
167627
167632
167636
167633
167629
167629
167633
167636
167633
167628
167627
167632
167635
167632
167626
167622
167626
167630
167627
167624
167624
167631
167635
167632
167629
167632
167641
167647
167645
167641
167641
167645
167649
167646
167640
167640
167644
167645
167640
167634
167631
167635
167638
167633
167627
167626
167631
167634
167631
167625
167624
167627
167628
167624
167618
167617
167623
167627
167623
167615
167614
167617
167620
167619
167617
167617
167626
167632
167630
167627
167627
167633
167638
167634
167629
167628
167631
167632
167627
167621
167618
167622
167625
167621
167615
167614
167616
167620
167618
167614
167614
167619
167623
167619
167614
167613
167615
167617
167612
167606
167604
167608
167611
167607
167603
167604
167611
167618
167617
167615
167616
167623
167630
167630
167630
167632
167639
167646
167646
167643
167643
167647
167649
167645
167641
167639
167641
167643
167638
167632
167629
167632
167637
167635
167628
167626
167629
167633
167628
167623
167622
167626
167629
167624
167618
167615
167620
167624
167621
167616
167615
167618
167623
167619
167612
167612
167618
167624
167621
167615
167614
167618
167623
167621
167615
167613
167617
167618
167615
167611
167611
167616
167620
167618
167613
167611
167614
167619
167616
167613
167613
167619
167625
167622
167617
167616
167621
167627
167625
167621
167621
167625
167628
167623
167617
167615
167619
167624
167621
167615
167613
167615
167618
167614
167608
167608
167615
167624
167625
167622
167624
167630
167635
167632
167627
167627
167634
167642
167642
167638
167638
167644
167649
167647
167641
167638
167642
167644
167640
167634
167630
167633
167635
167630
167624
167620
167623
167627
167625
167621
167622
167628
167633
167632
167629
167628
167635
167643
167644
167644
167645
167653
167659
167659
167658
167659
167665
167671
167669
167665
167664
167668
167670
167667
167662
167659
167664
167668
167663
167657
167654
167659
167664
167659
167653
167652
167656
167659
167655
167649
167646
167649
167652
167647
167641
167639
167643
167648
167646
167642
167641
167647
167653
167652
167648
167647
167652
167656
167651
167644
167641
167646
167651
167646
167640
167640
167646
167652
167649
167644
167643
167649
167655
167654
167650
167650
167657
167663
167662
167659
167657
167662
167667
167663
167658
167655
167658
167661
167657
167651
167647
167650
167652
167647
167641
167638
167640
167642
167639
167633
167629
167631
167633
167627
167620
167617
167622
167628
167626
167622
167623
167629
167634
167632
167630
167631
167640
167648
167649
167645
167645
167651
167656
167654
167648
167644
167648
167650
167645
167637
167635
167640
167645
167644
167640
167638
167644
167648
167645
167640
167637
167641
167645
167643
167638
167636
167640
167645
167642
167637
167636
167640
167644
167640
167635
167634
167638
167640
167636
167633
167631
167635
167640
167637
167632
167632
167636
167640
167636
167630
167628
167633
167638
167636
167631
167630
167635
167639
167636
167633
167631
167636
167638
167634
167626
167622
167625
167628
167622
167616
167613
167616
167617
167612
167605
167600
167603
167606
167602
167597
167594
167597
167602
167599
167594
167592
167596
167601
167598
167593
167591
167595
167599
167598
167594
167592
167598
167605
167604
167602
167604
167611
167620
167623
167621
167623
167629
167635
167635
167630
167626
167630
167633
167630
167624
167620
167625
167630
167628
167623
167620
167625
167631
167631
167630
167631
167636
167642
167642
167641
167641
167647
167653
167653
167651
167649
167655
167662
167662
167660
167659
167665
167673
167672
167668
167665
167668
167673
167672
167667
167665
167668
167671
167666
167658
167652
167652
167653
167648
167640
167635
167638
167642
167639
167634
167632
167637
167645
167645
167642
167641
167646
167653
167655
167655
167656
167664
167671
167671
167668
167668
167673
167677
167674
167670
167665
167667
167668
167663
167656
167651
167651
167653
167650
167643
167639
167640
167642
167638
167632
167627
167630
167635
167633
167628
167626
167632
167638
167637
167632
167627
167632
167635
167632
167626
167624
167629
167633
167631
167627
167625
167631
167638
167638
167634
167631
167636
167640
167639
167635
167632
167638
167642
167640
167635
167631
167633
167634
167629
167621
167618
167621
167625
167622
167618
167616
167621
167627
167625
167620
167618
167621
167624
167623
167620
167619
167624
167629
167627
167620
167616
167619
167622
167618
167609
167603
167607
167611
167609
167604
167601
167605
167609
167609
167605
167604
167611
167618
167618
167615
167613
167617
167623
167622
167617
167613
167617
167622
167621
167617
167615
167619
167625
167624
167621
167620
167626
167630
167629
167625
167623
167629
167635
167634
167629
167626
167631
167635
167634
167628
167625
167630
167635
167634
167629
167628
167633
167637
167636
167632
167630
167634
167637
167637
167632
167630
167634
167637
167635
167631
167629
167634
167640
167637
167631
167630
167638
167643
167643
167639
167638
167643
167649
167647
167642
167639
167643
167647
167645
167640
167637
167637
167641
167639
167635
167634
167641
167647
167646
167642
167639
167644
167650
167650
167645
167644
167651
167656
167655
167651
167647
167651
167654
167652
167647
167643
167647
167652
167650
167645
167642
167646
167651
167650
167645
167643
167648
167654
167652
167650
167648
167654
167658
167655
167648
167647
167651
167655
167655
167650
167647
167652
167656
167653
167647
167645
167649
167654
167654
167651
167648
167651
167653
167652
167648
167644
167647
167649
167646
167641
167637
167640
167644
167642
167637
167633
167637
167639
167637
167631
167627
167629
167634
167633
167626
167623
167628
167632
167630
167625
167622
167625
167630
167628
167623
167622
167625
167631
167630
167624
167621
167625
167630
167628
167623
167620
167623
167627
167624
167618
167616
167620
167624
167621
167614
167610
167614
167619
167619
167614
167611
167617
167622
167620
167616
167614
167619
167625
167624
167620
167617
167620
167624
167622
167617
167614
167619
167623
167621
167615
167612
167615
167620
167619
167613
167610
167615
167622
167621
167616
167614
167618
167621
167621
167616
167614
167619
167624
167624
167619
167617
167623
167630
167631
167627
167625
167629
167635
167635
167631
167629
167633
167638
167638
167635
167634
167640
167646
167645
167640
167636
167639
167644
167643
167635
167630
167634
167639
167638
167633
167629
167635
167640
167640
167635
167632
167637
167642
167642
167637
167636
167642
167646
167644
167641
167638
167642
167646
167643
167638
167633
167635
167639
167637
167632
167629
167634
167638
167637
167633
167630
167636
167644
167644
167640
167636
167640
167645
167645
167640
167635
167638
167644
167643
167637
167633
167637
167641
167640
167636
167633
167637
167643
167642
167637
167634
167637
167640
167638
167632
167625
167628
167631
167628
167621
167615
167616
167618
167617
167613
167609
167615
167621
167622
167619
167617
167622
167627
167627
167623
167620
167626
167630
167628
167622
167618
167621
167626
167625
167618
167615
167619
167625
167625
167622
167620
167626
167633
167635
167634
167634
167640
167647
167649
167646
167643
167647
167651
167651
167647
167643
167647
167653
167654
167648
167644
167648
167654
167653
167647
167644
167648
167652
167651
167645
167642
167646
167648
167647
167642
167639
167643
167648
167649
167646
167643
167647
167651
167651
167648
167646
167651
167658
167660
167658
167660
167665
167670
167670
167666
167663
167665
167669
167668
167663
167659
167662
167666
167663
167656
167651
167654
167657
167657
167651
167646
167649
167651
167648
167642
167638
167641
167644
167642
167634
167629
167630
167632
167632
167626
167620
167623
167627
167627
167622
167618
167621
167626
167626
167621
167618
167621
167625
167624
167618
167614
167618
167624
167624
167618
167614
167616
167621
167621
167615
167610
167614
167618
167619
167614
167611
167615
167620
167620
167617
167616
167621
167625
167625
167618
167614
167617
167620
167624
167619
167616
167619
167624
167625
167622
167620
167624
167632
167635
167633
167628
167632
167634
167632
167626
167620
167622
167626
167627
167624
167624
167630
167637
167638
167635
167632
167637
167644
167646
167642
167637
167640
167644
167643
167638
167632
167632
167635
167634
167629
167625
167628
167633
167635
167631
167630
167637
167645
167648
167644
167640
167643
167646
167642
167636
167630
167632
167636
167634
167628
167623
167624
167629
167630
167628
167626
167629
167632
167631
167625
167619
167621
167624
167623
167618
167613
167616
167619
167620
167616
167614
167621
167629
167634
167632
167631
167635
167639
167638
167630
167623
167625
167629
167627
167622
167618
167620
167623
167623
167615
167610
167613
167616
167616
167614
167613
167617
167623
167623
167617
167611
167613
167618
167618
167615
167612
167615
167620
167622
167617
167614
167620
167627
167629
167625
167620
167623
167626
167624
167618
167612
167612
167612
167609
167602
167595
167595
167597
167594
167586
167581
167584
167589
167590
167587
167584
167590
167596
167599
167597
167594
167598
167604
167603
167596
167590
167591
167592
167589
167581
167572
167570
167571
167567
167559
167551
167551
167554
167553
167548
167544
167547
167552
167553
167548
167546
167551
167556
167558
167553
167550
167555
167561
167563
167558
167555
167559
167565
167568
167565
167563
167566
167573
167575
167571
167569
167574
167583
167588
167588
167589
167597
167606
167610
167609
167608
167614
167621
167624
167622
167620
167626
167633
167633
167629
167624
167626
167631
167630
167623
167619
167623
167629
167630
167627
167623
167627
167632
167634
167630
167626
167630
167636
167639
167636
167634
167637
167643
167644
167639
167635
167639
167645
167646
167641
167637
167640
167644
167645
167639
167633
167635
167638
167636
167628
167622
167622
167624
167623
167616
167610
167613
167617
167620
167616
167614
167617
167622
167623
167616
167610
167611
167614
167615
167608
167601
167600
167602
167604
167601
167596
167600
167605
167606
167602
167597
167598
167603
167606
167601
167596
167598
167602
167604
167600
167596
167600
167607
167607
167602
167598
167601
167606
167608
167604
167600
167602
167606
167607
167601
167595
167596
167600
167598
167591
167584
167583
167586
167586
167581
167578
167582
167588
167592
167590
167588
167592
167599
167603
167600
167597
167601
167607
167611
167607
167602
167604
167610
167611
167607
167603
167608
167614
167616
167612
167608
167611
167617
167621
167617
167613
167615
167618
167618
167612
167606
167606
167609
167608
167600
167596
167598
167601
167601
167597
167593
167597
167603
167604
167598
167593
167593
167597
167598
167594
167589
167592
167596
167599
167596
167593
167598
167606
167610
167606
167601
167602
167606
167606
167600
167593
167593
167596
167595
167587
167579
167576
167578
167578
167571
167568
167572
167579
167585
167585
167584
167591
167601
167605
167601
167598
167603
167609
167612
167609
167604
167606
167612
167612
167606
167599
167597
167600
167602
167596
167590
167591
167596
167599
167594
167589
167592
167598
167599
167594
167588
167589
167595
167597
167591
167584
167586
167592
167594
167591
167588
167590
167594
167597
167592
167585
167587
167595
167600
167598
167596
167600
167608
167613
167609
167605
167606
167609
167609
167603
167598
167601
167608
167612
167609
167606
167611
167618
167620
167617
167616
167616
167621
167625
167624
167622
167626
167632
167635
167631
167627
167629
167633
167635
167630
167625
167627
167633
167635
167630
167626
167629
167634
167636
167634
167631
167633
167639
167643
167640
167636
167640
167645
167649
167646
167644
167646
167651
167653
167646
167640
167641
167643
167644
167639
167633
167634
167639
167642
167638
167632
167634
167640
167643
167639
167634
167635
167641
167643
167637
167632
167632
167635
167636
167631
167626
167626
167631
167633
167627
167619
167619
167623
167623
167617
167610
167611
167615
167614
167609
167605
167607
167614
167618
167616
167613
167616
167622
167625
167620
167614
167614
167617
167619
167614
167609
167612
167618
167620
167614
167610
167612
167615
167618
167614
167611
167614
167618
167619
167613
167608
167608
167612
167614
167609
167604
167605
167612
167615
167610
167606
167606
167609
167610
167605
167598
167600
167605
167606
167600
167592
167592
167598
167601
167596
167591
167593
167598
167601
167597
167591
167592
167598
167601
167596
167592
167595
167601
167604
167599
167596
167598
167601
167602
167598
167594
167596
167599
167602
167597
167591
167593
167597
167598
167593
167588
167589
167594
167596
167590
167584
167584
167587
167587
167582
167575
167576
167581
167581
167574
167568
167569
167574
167577
167572
167568
167570
167577
167582
167578
167575
167580
167587
167591
167587
167584
167589
167594
167598
167595
167590
167592
167596
167599
167594
167589
167590
167594
167596
167593
167590
167590
167594
167596
167590
167584
167585
167589
167593
167590
167585
167587
167591
167594
167589
167583
167583
167587
167591
167587
167582
167584
167590
167595
167592
167589
167590
167595
167601
167600
167597
167601
167609
167614
167610
167608
167610
167616
167620
167618
167616
167620
167626
167630
167625
167618
167619
167624
167626
167622
167617
167617
167621
167624
167620
167615
167616
167621
167625
167623
167617
167616
167622
167626
167621
167616
167617
167623
167626
167625
167621
167622
167629
167635
167632
167628
167630
167635
167637
167631
167624
167624
167627
167630
167625
167620
167620
167623
167624
167618
167611
167611
167614
167616
167611
167607
167607
167612
167616
167613
167609
167611
167618
167622
167619
167615
167615
167619
167621
167615
167608
167609
167613
167615
167609
167603
167602
167604
167606
167599
167593
167594
167599
167603
167600
167595
167596
167598
167601
167596
167592
167593
167597
167602
167598
167593
167593
167597
167599
167594
167590
167590
167592
167593
167587
167580
167579
167584
167586
167580
167575
167575
167579
167584
167580
167577
167578
167583
167585
167580
167576
167577
167580
167581
167577
167572
167570
167572
167573
167566
167560
167562
167567
167571
167567
167564
167566
167573
167576
167572
167568
167570
167574
167577
167574
167569
167569
167572
167576
167572
167567
167570
167576
167580
167579
167575
167575
167580
167584
167581
167576
167577
167584
167587
167582
167576
167575
167577
167578
167573
167567
167568
167575
167581
167580
167577
167578
167584
167588
167585
167581
167581
167584
167586
167583
167578
167577
167581
167586
167583
167580
167582
167590
167595
167593
167589
167591
167598
167603
167602
167601
167604
167612
167618
167616
167613
167614
167618
167622
167619
167614
167612
167616
167619
167615
167610
167609
167614
167618
167614
167610
167608
167611
167613
167606
167600
167600
167604
167606
167601
167596
167596
167599
167601
167597
167591
167588
167591
167591
167585
167578
167574
167576
167577
167570
167564
167561
167563
167565
167560
167554
167554
167559
167562
167559
167555
167556
167562
167568
167566
167562
167563
167570
167577
167575
167572
167571
167574
167578
167573
167567
167564
167569
167572
167568
167562
167560
167564
167569
167567
167564
167565
167571
167578
167576
167572
167573
167578
167584
167582
167579
167579
167583
167588
167584
167581
167579
167584
167588
167584
167581
167581
167586
167592
167589
167586
167587
167593
167598
167596
167591
167590
167594
167599
167596
167591
167590
167593
167596
167591
167586
167585
167590
167595
167594
167593
167594
167601
167606
167604
167600
167600
167604
167608
167603
167598
167597
167603
167606
167602
167596
167596
167602
167608
167606
167602
167602
167606
167611
167610
167607
167608
167614
167619
167617
167612
167610
167613
167616
167610
167604
167603
167607
167611
167607
167605
167606
167612
167616
167615
167613
167614
167618
167624
167622
167618
167618
167623
167628
167625
167620
167618
167621
167626
167623
167618
167618
167624
167629
167627
167623
167622
167626
167630
167627
167620
167617
167619
167620
167615
167608
167603
167605
167608
167604
167599
167600
167606
167611
167609
167607
167609
167616
167623
167622
167617
167616
167620
167624
167618
167611
167608
167611
167612
167606
167599
167596
167600
167604
167601
167595
167595
167599
167603
167599
167595
167592
167595
167599
167598
167596
167596
167602
167605
167600
167594
167592
167596
167600
167596
167588
167584
167587
167590
167587
167581
167580
167583
167587
167585
167579
167578
167581
167586
167585
167581
167579
167583
167586
167583
167580
167579
167584
167589
167587
167584
167583
167589
167596
167596
167593
167594
167601
167607
167605
167601
167601
167606
167611
167610
167606
167605
167608
167610
167605
167597
167595
167598
167600
167595
167589
167588
167592
167596
167594
167590
167588
167592
167597
167594
167589
167587
167591
167594
167590
167585
167583
167589
167594
167591
167588
167588
167595
167601
167598
167595
167595
167599
167606
167606
167605
167606
167612
167617
167617
167615
167616
167623
167630
167629
167627
167627
167632
167638
167635
167629
167627
167632
167637
167635
167632
167629
167632
167637
167634
167628
167625
167629
167634
167631
167627
167623
167627
167630
167627
167621
167620
167625
167629
167626
167619
167617
167622
167625
167620
167614
167612
167614
167616
167609
167602
167597
167600
167601
167597
167593
167592
167597
167603
167602
167599
167598
167604
167610
167610
167606
167607
167615
167620
167618
167615
167615
167620
167625
167623
167619
167617
167624
167628
167625
167618
167615
167619
167623
167620
167615
167612
167617
167621
167620
167616
167615
167621
167625
167623
167618
167613
167616
167620
167618
167614
167612
167617
167622
167619
167613
167610
167615
167619
167616
167611
167609
167614
167619
167619
167614
167611
167615
167619
167616
167611
167607
167611
167614
167612
167607
167604
167607
167612
167609
167602
167599
167602
167606
167606
167603
167602
167608
167612
167610
167604
167602
167609
167614
167610
167606
167603
167607
167613
167611
167606
167604
167608
167612
167609
167604
167601
167605
167609
167607
167603
167601
167606
167612
167610
167608
167608
167614
167620
167622
167620
167618
167624
167631
167631
167627
167626
167631
167637
167636
167630
167625
167628
167632
167629
167623
167619
167623
167628
167625
167619
167617
167621
167625
167622
167616
167613
167618
167621
167618
167612
167610
167614
167618
167618
167612
167610
167617
167624
167625
167622
167620
167624
167628
167626
167621
167618
167620
167623
167619
167611
167607
167609
167613
167611
167608
167604
167609
167615
167615
167613
167612
167620
167628
167626
167620
167616
167617
167620
167616
167608
167603
167606
167609
167608
167603
167600
167604
167609
167608
167605
167605
167611
167616
167615
167610
167607
167609
167610
167605
167597
167593
167598
167604
167603
167600
167597
167602
167608
167608
167607
167607
167614
167622
167622
167617
167615
167619
167623
167622
167616
167613
167615
167618
167613
167604
167597
167597
167599
167597
167593
167588
167593
167597
167595
167590
167586
167591
167596
167595
167591
167590
167596
167602
167602
167599
167598
167603
167607
167606
167603
167601
167606
167612
167611
167607
167607
167612
167617
167618
167612
167607
167608
167610
167606
167597
167590
167590
167592
167587
167580
167576
167580
167585
167585
167580
167582
167589
167597
167598
167596
167594
167598
167603
167602
167597
167594
167598
167602
167602
167598
167596
167602
167607
167608
167607
167606
167611
167619
167620
167617
167615
167619
167624
167622
167612
167603
167603
167604
167598
167588
167579
167579
167581
167576
167569
167564
167567
167572
167570
167566
167564
167571
167577
167576
167573
167570
167574
167579
167577
167573
167571
167575
167578
167578
167575
167571
167576
167581
167579
167573
167570
167575
167580
167581
167579
167575
167579
167586
167586
167581
167578
167582
167586
167585
167580
167577
167581
167587
167586
167581
167579
167582
167587
167588
167585
167584
167591
167598
167599
167596
167594
167597
167600
167598
167592
167590
167595
167599
167599
167596
167594
167598
167603
167601
167597
167596
167603
167609
167609
167607
167606
167611
167618
167619
167615
167613
167618
167621
167620
167614
167608
167610
167613
167611
167605
167602
167606
167609
167608
167603
167600
167604
167610
167612
167609
167609
167615
167619
167620
167617
167612
167614
167618
167616
167610
167604
167606
167611
167610
167604
167599
167603
167608
167606
167602
167600
167608
167617
167619
167616
167615
167620
167625
167624
167620
167618
167622
167626
167624
167618
167612
167615
167619
167618
167614
167613
167618
167622
167620
167615
167611
167616
167621
167620
167616
167612
167615
167617
167614
167608
167604
167608
167613
167612
167606
167604
167608
167612
167612
167608
167605
167612
167618
167620
167619
167616
167620
167624
167623
167617
167613
167616
167619
167618
167615
167612
167616
167621
167621
167616
167614
167620
167624
167622
167615
167609
167611
167615
167614
167609
167605
167609
167613
167613
167609
167606
167609
167613
167613
167608
167603
167606
167609
167609
167607
167605
167610
167616
167617
167612
167608
167611
167615
167616
167612
167606
167609
167614
167613
167607
167601
167603
167605
167606
167602
167596
167599
167603
167603
167598
167595
167598
167601
167602
167597
167592
167594
167597
167596
167589
167583
167584
167586
167585
167578
167573
167577
167581
167581
167575
167572
167577
167583
167584
167579
167575
167580
167586
167588
167585
167583
167589
167595
167595
167590
167587
167591
167593
167590
167586
167582
167585
167589
167588
167582
167576
167579
167585
167586
167581
167578
167580
167584
167584
167577
167573
167576
167581
167581
167575
167572
167578
167585
167586
167580
167576
167579
167584
167584
167581
167581
167587
167592
167592
167588
167585
167589
167594
167596
167593
167589
167593
167598
167599
167593
167588
167592
167598
167598
167594
167590
167594
167599
167602
167598
167595
167599
167604
167602
167597
167594
167596
167600
167601
167595
167590
167593
167597
167595
167590
167587
167593
167599
167600
167596
167592
167595
167600
167602
167597
167593
167597
167602
167603
167598
167593
167597
167602
167602
167597
167592
167596
167602
167603
167599
167596
167602
167610
167611
167606
167601
167602
167605
167604
167599
167595
167600
167604
167604
167599
167595
167597
167600
167600
167597
167595
167598
167603
167604
167601
167597
167600
167605
167605
167600
167597
167600
167603
167602
167598
167595
167600
167605
167607
167602
167598
167600
167606
167608
167603
167599
167601
167606
167607
167602
167596
167596
167599
167600
167594
167588
167590
167594
167594
167589
167585
167589
167595
167596
167590
167585
167589
167592
167591
167584
167580
167584
167590
167591
167585
167579
167582
167586
167585
167579
167576
167579
167584
167584
167581
167576
167579
167583
167581
167576
167571
167574
167580
167581
167578
167575
167578
167582
167584
167581
167576
167579
167581
167581
167575
167571
167574
167578
167581
167577
167572
167574
167579
167580
167576
167572
167575
167581
167583
167578
167576
167583
167588
167590
167586
167583
167585
167589
167590
167586
167582
167587
167593
167596
167593
167591
167596
167601
167602
167598
167595
167599
167605
167608
167604
167600
167603
167608
167612
167608
167602
167603
167607
167608
167603
167597
167599
167603
167603
167598
167594
167598
167602
167603
167599
167595
167598
167603
167606
167604
167600
167603
167608
167608
167603
167598
167598
167602
167603
167599
167594
167597
167601
167602
167596
167591
167594
167600
167603
167599
167595
167600
167605
167606
167600
167595
167597
167601
167602
167596
167590
167593
167598
167599
167593
167587
167590
167595
167594
167590
167586
167588
167593
167593
167588
167583
167586
167591
167594
167592
167588
167592
167595
167595
167590
167584
167588
167593
167594
167588
167585
167586
167591
167593
167590
167587
167592
167599
167603
167601
167598
167602
167608
167610
167605
167601
167603
167608
167608
167603
167599
167601
167604
167603
167597
167591
167591
167594
167595
167590
167587
167590
167597
167601
167596
167593
167595
167601
167602
167599
167596
167601
167607
167607
167601
167594
167595
167599
167599
167592
167588
167590
167594
167594
167589
167583
167585
167592
167595
167592
167590
167594
167602
167605
167601
167598
167602
167607
167610
167605
167600
167601
167605
167605
167599
167594
167595
167599
167599
167594
167588
167589
167592
167594
167589
167585
167587
167591
167593
167587
167583
167586
167593
167597
167592
167586
167589
167593
167595
167591
167587
167590
167595
167596
167592
167587
167590
167593
167593
167588
167584
167585
167591
167593
167588
167584
167588
167592
167595
167591
167587
167590
167593
167593
167586
167580
167584
167591
167594
167590
167588
167591
167597
167599
167596
167594
167596
167600
167602
167597
167591
167592
167596
167595
167590
167585
167588
167595
167600
167596
167593
167598
167603
167603
167597
167591
167594
167600
167603
167600
167598
167602
167607
167606
167600
167595
167596
167599
167599
167595
167591
167593
167598
167598
167595
167591
167594
167600
167604
167601
167597
167600
167605
167607
167602
167597
167600
167604
167607
167602
167598
167600
167604
167604
167597
167593
167595
167599
167600
167594
167586
167588
167592
167591
167586
167582
167584
167588
167590
167585
167580
167584
167590
167593
167590
167586
167591
167598
167602
167598
167593
167597
167603
167607
167604
167600
167603
167611
167615
167611
167608
167610
167615
167617
167613
167608
167611
167616
167619
167617
167614
167615
167621
167624
167619
167615
167619
167624
167627
167623
167619
167620
167623
167623
167619
167615
167616
167620
167622
167615
167610
167611
