178716
178718
178722
178720
178720
178720
178721
178719
178717
178713
178715
178722
178724
178724
178724
178723
178723
178721
178716
178717
178720
178722
178722
178724
178724
178727
178729
178731
178729
178726
178726
178725
178723
178717
178717
178723
178729
178731
178730
178728
178727
178728
178729
178729
178727
178726
178727
178732
178730
178728
178728
178732
178737
178736
178736
178735
178735
178732
178727
178726
178732
178734
178733
178730
178726
178726
178729
178729
178729
178726
178723
178727
178730
178726
178723
178722
178722
178725
178725
178724
178725
178725
178728
178730
178727
178729
178731
178732
178734
178734
178733
178736
178737
178732
178728
178734
178738
178734
178732
178730
178728
178726
178728
178727
178726
178727
178729
178731
178730
178726
178722
178723
178728
178727
178722
178720
178725
178729
178729
178727
178728
178728
178726
178721
178714
178715
178723
178727
178729
178729
178730
178734
178737
178735
178732
178730
178734
178737
178736
178732
178731
178731
178734
178733
178732
178735
178737
178737
178734
178733
178733
178734
178733
178732
178730
178731
178737
178737
178739
178737
178736
178738
178737
178735
178734
178733
178732
178732
178732
178734
178735
178736
178738
178737
178735
178737
178740
178740
178738
178737
178735
178735
178733
178731
178730
178732
178735
178734
178733
178729
178727
178733
178737
178739
178740
178740
178740
178740
178738
178737
178739
178738
178741
178741
178737
178737
178738
178738
178738
178737
178734
178733
178738
178739
178740
178740
178741
178742
178742
178740
178740
178742
178743
178743
178744
178744
178745
178745
178741
178738
178738
178736
178738
178738
178739
178742
178744
178746
178745
178743
178743
178742
178740
178741
178742
178742
178745
178747
178747
178744
178743
178743
178743
178742
178740
178740
178744
178747
178746
178748
178749
178751
178752
178750
178748
178746
178750
178755
178754
178752
178753
178755
178755
178754
178750
178752
178758
178758
178755
178753
178752
178754
178754
178750
178750
178752
178751
178752
178752
178750
178750
178753
178755
178754
178752
178750
178750
178751
178753
178753
178754
178757
178755
178753
178755
178753
178756
178758
178756
178755
178755
178756
178758
178757
178756
178757
178757
178757
178758
178759
178759
178760
178762
178762
178759
178760
178761
178762
178761
178759
178764
178769
178771
178769
178765
178762
178763
178765
178761
178758
178759
178762
178766
178767
178765
178765
178767
178765
178762
178760
178768
178777
178779
178778
178777
178776
178776
178775
178774
178771
178770
178770
178770
178766
178761
178759
178762
178766
178766
178766
178766
178767
178766
178764
178763
178761
178761
178766
178767
178764
178762
178762
178764
178765
178761
178758
178765
178771
178770
178769
178767
178766
178768
178767
178767
178768
178772
178775
178772
178770
178773
178778
178779
178776
178775
178775
178776
178778
178779
178778
178775
178776
178777
178771
178768
178774
178775
178774
178772
178772
178772
178774
178775
178775
178772
178768
178771
178772
178768
178770
178775
178776
178773
178772
178771
178775
178776
178776
178774
178773
178778
178783
178784
178782
178779
178780
178781
178784
178786
178785
178787
178788
178788
178786
178780
178778
178784
178787
178786
178782
178777
178779
178782
178781
178779
178779
178782
178785
178786
178786
178789
178791
178792
178790
178785
178788
178792
178793
178794
178795
178794
178793
178794
178793
178791
178788
178786
178785
178783
178785
178788
178792
178795
178793
178790
178786
178788
178791
178790
178785
178786
178788
178789
178791
178792
178794
178795
178796
178798
178797
178798
178798
178798
178796
178794
178796
178799
178800
178796
178795
178795
178794
178797
178797
178796
178794
178793
178794
178791
178789
178786
178787
178790
178789
178787
178788
178789
178791
178792
178790
178791
178791
178791
178789
178791
178793
178793
178794
178788
178783
178782
178785
178789
178786
178789
178792
178795
178796
178793
178790
178790
178792
178792
178791
178788
178785
178789
178794
178794
178794
178796
178797
178795
178791
178787
178788
178791
178790
178786
178784
178786
178788
178789
178783
178782
178787
178786
178786
178784
178782
178783
178783
178784
178788
178787
178787
178789
178792
178791
178789
178793
178796
178794
178791
178788
178788
178790
178791
178789
178786
178785
178786
178785
178783
178779
178781
178783
178784
178785
178781
178779
178781
178781
178780
178778
178777
178779
178785
178783
178782
178782
178782
178781
178777
178774
178775
178775
178779
178784
178785
178786
178787
178785
178781
178779
178780
178783
178780
178774
178775
178778
178780
178780
178778
178776
178777
178777
178773
178775
178775
178775
178775
178776
178773
178772
178773
178772
178774
178775
178776
178777
178777
178775
178774
178772
178766
178768
178770
178770
178769
178768
178768
178768
178767
178768
178768
178768
178768
178767
178764
178764
178764
178763
178759
178761
178761
178759
178759
178758
178757
178757
178759
178762
178765
178764
178767
178767
178764
178765
178763
178761
178761
178764
178764
178761
178759
178763
178766
178761
178757
178755
178755
178753
178750
178746
178749
178752
178752
178754
178755
178758
178756
178758
178759
178755
178757
178761
178763
178760
178755
178754
178752
178752
178755
178755
178756
178757
178759
178759
178757
178755
178755
178754
178749
178749
178748
178749
178750
178748
178746
178747
178747
178744
178741
178743
178745
178746
178747
178746
178744
178743
178744
178744
178740
178735
178735
178738
178737
178735
178737
178741
178741
178743
178741
178737
178737
178739
178739
178739
178738
178741
178741
178737
178734
178736
178740
178743
178743
178740
178739
178740
178741
178742
178741
178736
178739
178743
178743
178742
178742
178743
178745
178746
178746
178745
178744
178748
178752
178751
178748
178748
178751
178751
178751
178751
178752
178751
178750
178747
178742
178742
178741
178740
178741
178741
178740
178742
178745
178744
178742
178741
178743
178746
178746
178743
178742
178745
178745
178744
178740
178746
178752
178750
178748
178747
178747
178747
178746
178743
178742
178742
178742
178739
178740
178741
178741
178739
178738
178734
178732
178734
178734
178732
178734
178734
178736
178738
178740
178738
178734
178735
178739
178741
178742
178744
178745
178744
178744
178741
178738
178739
178741
178743
178744
178743
178741
178740
178742
178741
178737
178735
178735
178735
178732
178731
178734
178736
178736
178735
178732
178733
178735
178739
178739
178736
178737
178739
178738
178736
178735
178736
178737
178739
178742
178741
178742
178742
178742
178740
178739
178738
178737
178737
178737
178735
178733
178737
178742
178740
178737
178738
178740
178739
178736
178734
178734
178736
178736
178731
178730
178734
178734
178731
178727
178727
178727
178727
178732
178735
178733
178734
178733
178730
178728
178725
178725
178728
178730
178731
178730
178730
178735
178740
178737
178732
178733
178734
178735
178733
178727
178726
178727
178727
178727
178727
178727
178730
178733
178731
178727
178725
178726
178726
178724
178724
178726
178725
178726
178730
178728
178727
178729
178730
178729
178727
178728
178726
178722
178725
178727
178726
178728
178729
178727
178724
178725
178727
178725
178720
178718
178724
178726
178726
178725
178725
178728
178732
178733
178733
178730
178729
178727
178731
178730
178724
178723
178724
178725
178721
178719
178721
178722
178722
178721
178719
178722
178726
178728
178724
178724
178729
178730
178731
178731
178730
178730
178732
178731
178733
178735
178734
178733
178731
178728
178726
178726
178728
178730
178729
178726
178726
178727
178728
178726
178725
178724
178724
178719
178721
178722
178724
178726
178728
178726
178724
178725
178725
178722
178723
178722
178725
178728
178729
178729
178727
178728
178729
178728
178729
178730
178731
178729
178726
178724
178721
178718
178719
178720
178719
178720
178719
178723
178727
178727
178728
178728
178727
178727
178725
178723
178725
178727
178725
178727
178730
178732
178736
178737
178735
178733
178732
178735
178738
178737
178737
178737
178735
178731
178725
178722
178720
178722
178723
178723
178722
178723
178727
178730
178731
178733
178731
178735
178739
178736
178731
178732
178733
178732
178728
178726
178725
178725
178726
178725
178725
178725
178728
178736
178739
178738
178740
178742
178739
178736
178733
178733
178732
178729
178732
178736
178736
178735
178734
178732
178731
178732
178734
178737
178736
178737
178744
178745
178743
178740
178735
178734
178737
178737
178737
178738
178738
178739
178742
178741
178736
178733
178732
178730
178727
178725
178725
178728
178731
178734
178736
178737
178738
178743
178746
178745
178744
178744
178743
178739
178735
178737
178739
178740
178738
178737
178736
178740
178746
178745
178746
178749
178750
178747
178743
178739
178739
178740
178741
178738
178734
178735
178736
178735
178734
178732
178733
178734
178735
178738
178740
178741
178744
178745
178745
178744
178747
178751
178751
178751
178750
178753
178752
178750
178750
178750
178750
178750
178749
178746
178742
178744
178746
178746
178746
178742
178742
178745
178743
178739
178736
178733
178732
178733
178735
178735
178733
178738
178742
178740
178740
178742
178740
178738
178736
178731
178725
178727
178732
178734
178730
178730
178734
178734
178732
178725
178725
178723
178721
178723
178721
178723
178726
178722
178717
178709
178708
178715
178715
178710
178706
178706
178705
178704
178703
178700
178702
178704
178702
178698
178699
178702
178704
178708
178706
178703
178702
178702
178700
178699
178697
178694
178690
178694
178696
178692
178693
178697
178696
178691
178688
178695
178698
178697
178697
178696
178695
178697
178697
178693
178693
178693
178693
178691
178689
178689
178688
178692
178694
178690
178689
178689
178687
178685
178684
178681
178681
178683
178688
178690
178687
178682
178685
178687
178685
178683
178683
178682
178684
178683
178682
178683
178687
178687
178684
178681
178683
178683
178680
178676
178679
178682
178683
178683
178681
178683
178684
178683
178685
178685
178682
178683
178687
178689
178689
178688
178686
178689
178690
178686
178684
178687
178687
178687
178688
178686
178685
178690
178696
178693
178689
178692
178697
178697
178694
178696
178697
178697
178694
178691
178691
178692
178691
178689
178690
178687
178690
178695
178693
178690
178689
178691
178695
178696
178694
178693
178693
178696
178695
178698
178696
178695
178696
178696
178695
178695
178696
178696
178698
178704
178707
178704
178702
178703
178702
178700
178700
178702
178703
178701
178696
178699
178702
178700
178697
178693
178692
178697
178698
178696
178692
178692
178693
178694
178691
178689
178693
178697
178700
178698
178695
178697
178702
178703
178700
178697
178699
178704
178702
178697
178697
178699
178703
178703
178699
178696
178694
178694
178697
178693
178691
178690
178690
178686
178686
178687
178689
178692
178693
178692
178693
178695
178692
178689
178689
178689
178691
178696
178697
178699
178698
178695
178695
178691
178687
178689
178694
178697
178696
178696
178693
178693
178695
178694
178690
178687
178688
178694
178696
178689
178683
178685
178688
178686
178687
178687
178689
178695
178698
178694
178689
178692
178695
178694
178695
178695
178695
178696
178699
178698
178697
178699
178700
178699
178697
178691
178693
178698
178696
178692
178690
178692
178690
178688
178686
178685
178688
178687
178690
178695
178695
178696
178699
178699
178696
178693
178696
178699
178697
178694
178694
178693
178696
178696
178694
178694
178698
178702
178699
178694
178692
178697
178698
178695
178695
178696
178696
178698
178697
178692
178693
178693
178694
178697
178695
178689
178689
178692
178694
178693
178692
178692
178693
178696
178697
178696
178700
178703
178701
178698
178695
178693
178695
178690
178691
178696
178697
178697
178693
178691
178693
178693
178691
178694
178693
178696
178701
178704
178705
178703
178704
178706
178704
178705
178702
178697
178697
178704
178706
178707
178706
178707
178710
178708
178706
178701
178702
178704
178703
178701
178696
178700
178703
178701
178697
178697
178699
178703
178705
178705
178705
178704
178704
178707
178706
178702
178702
178702
178703
178704
178701
178704
178712
178714
178711
178707
178708
178708
178708
178709
178713
178712
178714
178716
178713
178713
178711
178709
178711
178709
178706
178707
178705
178699
178699
178703
178704
178703
178703
178703
178703
178704
178704
178703
178703
178702
178701
178703
178702
178700
178700
178699
178699
178703
178703
178701
178702
178699
178696
178697
178694
178693
178692
178690
178690
178692
178695
178692
178692
178696
178694
178695
178697
178697
178698
178700
178702
178704
178704
178703
178698
178697
178696
178696
178695
178693
178695
178694
178694
178698
178700
178705
178706
178703
178699
178700
178705
178708
178706
178699
178697
178698
178696
178694
178692
178690
178692
178694
178695
178694
178691
178692
178701
178704
178702
178700
178702
178705
178704
178703
178706
178708
178706
178708
178707
178709
178714
178716
178718
178715
178713
178716
178718
178719
178718
178720
178718
178717
178715
178711
178707
178708
178709
178706
178701
178699
178702
178704
178701
178699
178700
178703
178705
178705
178706
178711
178713
178716
178718
178719
178717
178713
178715
178720
178720
178717
178719
178720
178718
178716
178715
178716
178718
178717
178715
178713
178713
178715
178713
178710
178710
178710
178711
178708
178708
178711
178710
178708
178705
178703
178701
178701
178699
178699
178699
178701
178705
178707
178710
178712
178712
178712
178711
178709
178709
178708
178709
178710
178712
178713
178713
178715
178716
178719
178720
178721
178721
178721
178718
178713
178711
178714
178720
178720
178720
178719
178717
178715
178720
178721
178719
178720
178719
178715
178712
178710
178714
178717
178715
178713
178714
178716
178717
178719
178718
178718
178720
178721
178722
178723
178720
178718
178717
178718
178712
178708
178716
178724
178726
178723
178723
178724
178726
178728
178725
178723
178724
178726
178726
178726
178723
178722
178724
178724
178723
178722
178722
178722
178722
178719
178719
178720
178721
178725
178723
178720
178721
178725
178726
178724
178727
178729
178730
178727
178724
178725
178727
178730
178729
178724
178723
178728
178731
178729
178727
178726
178725
178725
178725
178723
178724
178727
178729
178728
178721
178721
178729
178731
178728
178727
178727
178732
178736
178736
178733
178731
178731
178734
178734
178734
178732
178731
178735
178735
178731
178734
178739
178739
178736
178733
178732
178734
178735
178735
178735
178734
178734
178734
178735
178734
178733
178734
178735
178734
178730
178730
178735
178741
178740
178736
178733
178735
178737
178739
178740
178739
178739
178739
178738
178737
178737
178738
178737
178737
178738
178738
178741
178746
178749
178749
178746
178744
178743
178742
178740
178741
178740
178742
178746
178743
178738
178740
178740
178739
178738
178735
178734
178735
178736
178736
178734
178736
178739
178743
178744
178744
178745
178748
178745
178744
178748
178749
178747
178746
178742
178738
178737
178736
178733
178730
178731
178734
178738
178734
178727
178724
178726
178728
178727
178726
178726
178728
178734
178740
178742
178740
178743
178743
178740
178741
178745
178744
178743
178742
178741
178740
178738
178739
178740
178740
178739
178742
178743
178741
178740
178739
178740
178743
178742
178739
178739
178739
178738
178734
178737
178739
178738
178738
178737
178734
178730
178731
178734
178735
178735
178734
178736
178738
178739
178737
178736
178736
178736
178736
178736
178735
178734
178737
178740
178743
178741
178738
178742
178743
178741
178737
178736
178739
178740
178738
178737
178739
178742
178744
178745
178744
178742
178739
178741
178745
178745
178745
178747
178744
178740
178738
178739
178740
178741
178740
178738
178738
178740
178741
178740
178739
178740
178742
178745
178744
178744
178745
178746
178749
178751
178751
178750
178750
178749
178748
178748
178748
178748
178748
178750
178752
178752
178753
178754
178752
178750
178751
178754
178754
178754
178755
178759
178760
178759
178758
178756
178756
178754
178754
178758
178761
178760
178763
178768
178770
178769
178768
178766
178765
178762
178761
178762
178763
178762
178758
178755
178758
178762
178761
178760
178758
178759
178760
178766
178771
178775
178775
178773
178772
178769
178766
178766
178767
178769
178769
178768
178771
178773
178774
178771
178774
178778
178778
178776
178773
178770
178770
178772
178774
178774
178774
178776
178778
178777
178775
178773
178772
178771
178770
178773
178774
178775
178778
178779
178778
178777
178779
178783
178785
178782
178782
178782
178782
178781
178780
178780
178782
178784
178785
178783
178782
178782
178781
178780
178779
178776
178775
178774
178772
178773
178774
178775
178776
178775
178772
178771
178771
178773
178773
178770
178769
178773
178778
178778
178777
178780
178779
178780
178779
178775
178774
178775
178778
178779
178780
178780
178781
178784
178785
178781
178778
178781
178782
178780
178779
178778
178782
178785
178785
178782
178778
178779
178781
178781
178779
178777
178777
178777
178776
178775
178777
178780
178784
178782
178779
178776
178775
178777
178779
178778
178776
178775
178775
178775
178774
178774
178776
178776
178775
178772
178770
178770
178772
178776
178775
178772
178773
178779
178781
178779
178779
178782
178788
178788
178784
178779
178777
178777
178777
178774
178771
178774
178779
178781
178781
178779
178780
178780
178784
178787
178784
178784
178786
178787
178784
178783
178784
178786
178788
178788
178790
178791
178792
178789
178786
178786
178787
178787
178788
178787
178786
178788
178791
178790
178788
178787
178786
178788
178789
178790
178790
178789
178788
178790
178791
178786
178782
178788
178796
178794
178788
178790
178790
178787
178786
178782
178781
178782
178783
178784
178783
178783
178783
178784
178783
178778
178779
178786
178788
178788
178788
178789
178791
178791
178790
178791
178792
178796
178796
178794
178796
178795
178797
178797
178795
178792
178792
178793
178794
178793
178789
178787
178791
178794
178792
178790
178790
178792
178792
178789
178787
178787
178789
178790
178787
178785
178787
178788
178788
178789
178788
178787
178791
178797
178796
178796
178797
178798
178798
178797
178798
178801
178803
178801
178796
178793
178796
178800
178799
178793
178790
178793
178794
178793
178791
178790
178791
178793
178792
178790
178792
178793
178793
178794
178794
178792
178792
178794
178792
178792
178793
178795
178798
178800
178800
178798
178800
178802
178801
178800
178801
178802
178802
178800
178799
178797
178797
178798
178795
178791
178790
178791
178793
178795
178795
178793
178794
178796
178796
178795
178795
178795
178799
178801
178800
178798
178799
178800
178799
178797
178797
178798
178800
178800
178798
178796
178795
178796
178794
178788
178787
178789
178792
178795
178796
178796
178796
178798
178800
178797
178795
178794
178797
178800
178799
178797
178795
178793
178789
178785
178782
178782
178784
178787
178784
178779
178777
178783
178788
178788
178785
178787
178790
178791
178791
178791
178792
178793
178795
178792
178787
178787
178789
178788
178786
178787
178788
178787
178785
178783
178782
178782
178782
178783
178781
178777
178776
178777
178780
178781
178782
178783
178782
178780
178778
178777
178776
178778
178777
178772
178770
178770
178767
178767
178769
178769
178766
178765
178766
178766
178766
178767
178771
178770
178768
178766
178765
178768
178768
178762
178758
178761
178763
178760
178758
178758
178760
178760
178761
178759
178755
178755
178758
178756
178754
178755
178757
178759
178760
178756
178752
178755
178756
178753
178752
178749
178750
178753
178754
178751
178750
178750
178754
178755
178754
178754
178754
178755
178757
178756
178754
178753
178752
178751
178748
178745
178746
178749
178751
178751
178751
178752
178753
178753
178750
178750
178751
178754
178753
178752
178750
178749
178751
178752
178750
178748
178748
178751
178751
178745
178745
178746
178748
178750
178747
178745
178748
178749
178748
178749
178750
178749
178747
178746
178745
178743
178741
178742
178744
178745
178745
178745
178746
178746
178745
178744
178746
178749
178751
178751
178750
178752
178755
178752
178751
178751
178751
178752
178752
178752
178750
178748
178748
178748
178747
178745
178745
178746
178746
178746
178744
178746
178748
178748
178745
178743
178745
178747
178749
178748
178747
178748
178749
178747
178746
178745
178744
178746
178748
178749
178751
178753
178755
178754
178752
178750
178750
178749
178746
178745
178744
178746
178752
178755
178755
178754
178755
178756
178754
178750
178745
178745
178746
178746
178746
178746
178748
178750
178750
178750
178750
178751
178754
178753
178750
178750
178751
178753
178754
178751
178750
178750
178752
178754
178756
178754
178753
178755
178756
178755
178753
178753
178752
178751
178748
178747
178748
178752
178752
178748
178744
178741
178743
178744
178743
178742
178745
178749
178753
178752
178751
178751
178751
178752
178750
178748
178749
178752
178753
178752
178751
178753
178756
178755
178752
178750
178752
178753
178754
178753
178753
178753
178753
178749
178748
178750
178753
178752
178753
178752
178750
178751
178750
178752
178754
178754
178759
178762
178762
178760
178758
178761
178764
178763
178761
178761
178764
178767
178769
178768
178767
178767
178766
178763
178760
178759
178762
178765
178765
178763
178758
178758
178762
178761
178759
178759
178761
178764
178767
178765
178760
178758
178758
178758
178756
178757
178759
178761
178763
178763
178763
178764
178767
178767
178765
178765
178767
178769
178769
178768
178768
178768
178766
178766
178767
178766
178768
178771
178772
178772
178771
178775
178780
178780
178778
178776
178775
178773
178770
178768
178768
178769
178772
178775
178775
178775
178776
178776
178774
178769
178767
178768
178771
178773
178773
178775
178779
178781
178780
178777
178774
178774
178774
178776
178777
178778
178782
178787
178787
178782
178780
178780
178782
178783
178785
178784
178784
178784
178788
178789
178786
178785
178786
178785
178782
178779
178781
178782
178783
178782
178782
178782
178784
178785
178786
178787
178787
178787
178788
178787
178788
178790
178792
178794
178794
178796
178798
178799
178797
178794
178794
178798
178802
178805
178805
178807
178810
178809
178810
178807
178803
178806
178809
178809
178806
178804
178805
178808
178810
178808
178806
178807
178810
178812
178812
178809
178810
178813
178815
178813
178811
178814
178815
178817
178817
178815
178817
178819
178821
178820
178819
178819
178819
178820
178822
178821
178821
178822
178826
178828
178827
178824
178826
178828
178827
178824
178824
178828
178830
178828
178828
178829
178830
178829
178823
178818
178818
178825
178827
178825
178823
178826
178827
178824
178821
178819
178816
178814
178820
178821
178818
178816
178816
178815
178814
178813
178816
178820
178824
178824
178819
178817
178817
178815
178815
178814
178813
178813
178813
178812
178809
178810
178813
178815
178813
178814
178815
178817
178817
178815
178811
178809
178810
178812
178812
178811
178814
178815
178816
178814
178812
178813
178815
178815
178816
178818
178818
178818
178816
178813
178810
178813
178817
178819
178816
178815
178819
178821
178819
178820
178820
178821
178822
178822
178820
178820
178822
178822
178821
178820
178818
178817
178819
178823
178822
178819
178818
178821
178821
178819
178816
178818
178818
178818
178815
178812
178813
178814
178816
178815
178814
178817
178820
178821
178821
178822
178822
178821
178823
178824
178822
178824
178826
178825
178824
178822
178822
178821
178823
178823
178823
178826
178827
178827
178823
178819
178819
178822
178827
178829
178830
178830
178826
178822
178820
178818
178817
178818
178819
178821
178823
178826
178828
178830
178830
178827
178824
178825
178828
178830
178830
178830
178832
178834
178833
178832
178833
178836
178839
178839
178838
178838
178837
178834
178831
178830
178827
178822
178825
178827
178825
178827
178828
178827
178823
178823
178826
178830
178830
178828
178826
178825
178828
178832
178830
178827
178829
178832
178832
178833
178837
178840
178839
178838
178837
178837
178836
178837
178839
178839
178838
178838
178840
178843
178840
178837
178837
178837
178837
178835
178834
178833
178834
178835
178835
178833
178833
178835
178836
178835
178831
178828
178827
178829
178826
178822
178826
178831
178832
178833
178833
178835
178838
178840
178838
178836
178837
178838
178839
178838
178838
178840
178841
178838
178833
178828
178828
178832
178834
178831
178827
178828
178829
178829
178827
178824
178826
178828
178830
178831
178831
178830
178832
178833
178829
178829
178831
178830
178830
178830
178828
178829
178830
178829
178828
178828
178829
178829
178831
178832
178829
178828
178827
178829
178828
178825
178826
178827
178828
178826
178824
178825
178828
178831
178830
178828
178824
178824
178828
178828
178826
178824
178824
178823
178823
178823
178824
178828
178830
178831
178831
178831
178830
178826
178823
178825
178824
178826
178827
178827
178827
178827
178827
178826
178823
178821
178819
178818
178820
178822
178821
178822
178827
178828
178827
178824
178823
178825
178828
178826
178825
178825
178827
178825
178822
178821
178820
178818
178818
178819
178819
178819
178819
178816
178813
178811
178811
178815
178817
178816
178818
178820
178820
178820
178818
178815
178813
178813
178813
178811
178810
178813
178815
178814
178812
178809
178807
178806
178810
178813
178813
178813
178817
178818
178817
178816
178812
178815
178817
178816
178815
178815
178817
178817
178816
178815
178815
178817
178816
178815
178814
178815
178813
178811
178809
178808
178809
178811
178811
178809
178808
178810
178810
178811
178810
178808
178809
178810
178810
178808
178805
178806
178806
178806
178802
178800
178803
178806
178806
178804
178802
178801
178803
178802
178800
178802
178802
178804
178809
178810
178810
178810
178812
178815
178811
178807
178805
178806
178808
178809
178807
178808
178811
178809
178810
178811
178808
178809
178812
178812
178810
178808
178811
178811
178807
178810
178812
178813
178814
178812
178809
178808
178810
178810
178809
178807
178804
178801
178798
178796
178797
178797
178799
178803
178803
178800
178801
178804
178806
178806
178800
178798
178799
178801
178802
178803
178804
178800
178799
178803
178802
178799
178797
178797
178798
178796
178797
178801
178806
178808
178808
178807
178804
178807
178809
178805
178804
178806
178809
178810
178808
178805
178809
178813
178813
178809
178808
178810
178814
178812
178812
178811
178810
178810
178813
178815
178815
178818
178822
178822
178821
178820
178820
178820
178818
178819
178818
178816
178815
178814
178810
178807
178806
178806
178806
178804
178806
178809
178812
178812
178809
178814
178819
178821
178821
178821
178822
178824
178825
178824
178823
178823
178823
178822
178820
178819
178819
178817
178817
178815
178812
178806
178805
178811
178812
178810
178812
178817
178821
178824
178826
178829
178832
178833
178828
178827
178829
178831
178834
178834
178831
178832
178835
178838
178840
178837
178835
178836
178840
178844
178842
178843
178844
178845
178841
178840
178844
178846
178847
178844
178841
178840
178841
178844
178843
178842
178842
178844
178844
178847
178850
178850
178852
178852
178850
178847
178846
178850
178851
178852
178848
178849
178856
178860
178859
178858
178860
178860
178862
178858
178855
178858
178860
178858
178853
178854
178854
178855
178856
178856
178855
178853
178855
178856
178855
178851
178849
178854
178857
178854
178851
178850
178850
178850
178850
178849
178848
178849
178851
178850
178847
178847
178852
178854
178857
178858
178858
178856
178857
178861
178863
178863
178863
178861
178862
178862
178864
178867
178868
178866
178864
178864
178863
178863
178863
178859
178857
178856
178855
178855
178858
178858
178856
178859
178858
178855
178854
178856
178859
178860
178863
178865
178866
178867
178863
178861
178860
178863
178865
178863
178857
178855
178858
178859
178859
178858
178857
178860
178862
178861
178861
178863
178864
178866
178868
178868
178866
178862
178867
178868
178866
178866
178868
178870
178870
178866
178864
178864
178869
178870
178867
178866
178866
178866
178865
178863
178860
178861
178865
178866
178866
178865
178869
178873
178872
178872
178873
178874
178874
178871
178868
178867
178868
178868
178864
178863
178861
178866
178871
178870
178870
178874
178875
178872
178871
178872
178872
178871
178872
178871
178870
178869
178868
178868
178866
178865
178865
178863
178862
178864
178863
178863
178865
178866
178866
178864
178860
178860
178863
178864
178863
178864
178866
178866
178867
178866
178860
178860
178863
178866
178866
178865
178868
178868
178865
178866
178869
178871
178870
178869
178870
178869
178871
178872
178871
178868
178867
178870
178871
178871
178872
178868
178867
178867
178865
178864
178866
178868
178870
178870
178867
178864
178868
178871
178869
178868
178868
178872
178875
178874
178871
178869
178866
178868
178871
178866
178865
178867
178870
178869
178868
178868
178872
178873
178875
178878
178880
178881
178879
178876
178873
178873
178875
178876
178874
178868
178868
178873
178874
178871
178867
178865
178867
178869
178871
178870
178870
178874
178876
178875
178871
178869
178871
178870
178872
178871
178870
178871
178872
178871
178868
178867
178868
178869
178869
178866
178865
178863
178864
178868
178867
178868
178870
178871
178872
178874
178875
178877
178878
178874
178869
178872
178876
178877
178879
178878
178880
178884
178886
178886
178884
178885
178887
178887
178884
178882
178882
178885
178888
178886
178885
178884
178882
178881
178877
178874
178878
178883
178884
178881
178882
178883
178881
178880
178878
178877
178878
178879
178883
178886
178887
178887
178888
178890
178890
178887
178885
178888
178888
178887
178884
178881
178881
178884
178882
178880
178879
178883
178886
178889
178890
178889
178888
178889
178889
178887
178885
178884
178885
178884
178884
178882
178884
178885
178883
178882
178882
178882
178881
178880
178878
178876
178877
178879
178880
178879
178878
178878
178879
178878
178876
178873
178875
178880
178881
178878
178878
178881
178882
178881
178880
178880
178879
178879
178878
178876
178874
178876
178877
178877
178882
178884
178884
178889
178889
178885
178883
178883
178882
178880
178879
178878
178878
178880
178880
178876
178874
178874
178871
178870
178873
178874
178877
178879
178878
178874
178872
178873
178875
178873
178870
178868
178869
178870
178870
178872
178873
178874
178877
178877
178875
178879
178881
178880
178879
178876
178875
178878
178879
178876
178875
178874
178874
178874
178878
178878
178876
178876
178877
178878
178878
178879
178882
178886
178887
178888
178887
178888
178892
178893
178891
178888
178886
178886
178884
178882
178883
178884
178883
178884
178887
178888
178891
178891
178891
178889
178887
178890
178890
178888
178886
178884
178882
178884
178887
178887
178884
178884
178884
178883
178880
178880
178883
178884
178884
178881
178879
178880
178881
178884
178885
178884
178885
178888
178888
178883
178881
178883
178884
178884
178884
178883
178883
178886
178884
178881
178881
178881
178880
178882
178883
178883
178885
178885
178886
178885
178884
178885
178887
178885
178880
178874
178875
178877
178877
178876
178871
178869
178868
178865
178864
178864
178864
178864
178862
178859
178858
178857
178857
178857
178858
178857
178860
178864
178865
178863
178862
178864
178867
178867
178864
178865
178868
178869
178868
178865
178864
178867
178869
178868
178866
178866
178868
178865
178866
178866
178864
178863
178866
178868
178865
178861
178862
178862
178861
178861
178862
178864
178869
178869
178866
178864
178866
178869
178869
178866
178867
178870
178871
178869
178866
178864
178866
178870
178871
178870
178868
178867
178868
178868
178866
178862
178862
178868
178871
178871
178868
178869
178870
178866
178862
178865
178867
178869
178867
178863
178864
178865
178865
178865
178862
178861
178864
178866
178865
178861
178861
178862
178864
178865
178864
178864
178868
178869
178867
178866
178865
178866
178866
178867
178867
178865
178869
178871
178869
178867
178865
178867
178869
178869
178867
178867
178868
178868
178864
178859
178859
178860
178864
178866
178865
178863
178864
178866
178866
178865
178864
178864
178864
178862
178858
178853
178855
178860
178863
178865
178865
178867
178868
178867
178864
178862
178864
178866
178867
178868
178867
178867
178867
178866
178865
178864
178863
178866
178871
178871
178869
178870
178872
178870
178867
178863
178863
178864
178862
178859
178856
178856
178857
178860
178860
178859
178861
178864
178867
178866
178866
178866
178868
178865
178862
178860
178862
178864
178868
178870
178866
178866
178870
178870
178868
178866
178866
178869
178869
178868
178866
178865
178867
178871
178872
178871
178870
178871
178872
178869
178867
178868
178868
178868
178868
178866
178867
178870
178871
178870
178869
178872
178873
178874
178871
178868
178870
178870
178868
178869
178870
178870
178871
178868
178868
178865
178863
178863
178864
178864
178863
178863
178866
178866
178866
178867
178866
178863
178862
178861
178858
178856
178858
178858
178857
178855
178854
178860
178860
178857
178855
178854
178855
178854
178851
178849
178847
178845
178842
178841
178839
178836
178835
178832
178825
178821
178820
178819
178819
178814
178809
178811
178812
178811
178806
178801
178800
178802
178801
178797
178796
178801
178804
178797
178790
178790
178791
178788
178785
178783
178781
178780
178779
178779
178779
178778
178777
178778
178778
178778
178777
178776
178780
178783
178782
178778
178775
178775
178774
178773
178773
178774
178774
178772
178774
178771
178769
178770
178773
178772
178772
178772
178773
178774
178773
178773
178776
178778
178779
178777
178776
178776
178777
178781
178780
178778
178778
178780
178781
178779
178774
178777
178783
178782
178778
178776
178775
178775
178778
178777
178774
178776
178778
178778
178776
178776
178779
178780
178780
178779
178780
178782
178783
178786
178785
178781
178779
178779
178779
178777
178775
178779
178783
178783
178780
178778
178779
178781
178781
178779
178779
178779
178781
178783
178781
178778
178778
178780
178779
178775
178773
178775
178777
178777
178775
178775
178777
178777
178779
178775
178768
178771
178775
178778
178776
178772
178771
178772
178773
178775
178778
178780
178784
178785
178784
178782
178782
178781
178781
178782
178780
178782
178784
178786
178786
178783
178783
178787
178790
178790
178785
178783
178783
178782
178779
178777
178777
178784
178787
178786
178784
178783
178785
178785
178783
178782
178785
178787
178786
178783
178783
178785
178785
178784
178784
178784
178784
178786
178787
178783
178781
178781
178781
178783
178781
178779
178780
178781
178783
178782
178783
178784
178786
178789
178788
178786
178788
178791
178793
178791
178789
178790
178790
178792
178789
178786
178787
178790
178791
178790
178790
178790
178790
178791
178790
178788
178788
178791
178792
178792
178792
178792
178793
178794
178790
178788
178787
178789
178790
178789
178788
178791
178794
178796
178797
178794
178792
178795
178796
178794
178792
178792
178793
178794
178792
178794
178798
178800
178800
178798
178796
178795
178795
178799
178800
178798
178799
178801
178802
178801
178800
178803
178805
178805
178803
178800
178801
178802
178802
178802
178802
178801
178803
178806
178806
178804
178804
178805
178806
178807
178807
178810
178812
178810
178808
178806
178807
178813
178814
178811
178808
178806
178807
178808
178807
178806
178808
178813
178817
178818
178818
178820
178820
178821
178820
178817
178815
178817
178819
178817
178813
178813
178815
178814
178813
178814
178820
178825
178825
178823
178821
178822
178822
178822
178821
178820
178822
178824
178827
178825
178821
178820
178819
178820
178819
178817
178818
178820
178821
178818
178821
178826
178829
178830
178828
178827
178827
178829
178830
178828
178827
178826
178827
178826
178824
178822
178822
178824
178827
178829
178829
178829
178830
178832
178832
178832
178831
178831
178837
178837
178833
178832
178832
178832
178832
178831
178834
178836
178837
178835
178830
178826
178825
178826
178825
178825
178828
178829
178829
178827
178825
178828
178832
178834
178833
178831
178829
178828
178827
178827
178828
178832
178833
178834
178832
178830
178831
178832
178831
178830
178830
178834
178838
178840
178841
178838
178838
178838
178838
178833
178826
178829
178836
178840
178840
178838
178836
178836
178835
178834
178831
178831
178831
178833
178833
178832
178834
178839
178843
178841
178839
178839
178839
178838
178836
178833
178833
178836
178838
178839
178839
178838
178836
178840
178841
178838
178838
178839
178840
178838
178837
178837
178837
178837
178836
178835
178836
178838
178839
178836
178832
178834
178833
178832
178830
178830
178833
178837
178838
178836
178835
178835
178836
178839
178839
178838
178841
178843
178846
178846
178841
178841
178844
178845
178844
178843
178843
178844
178845
178842
178838
178835
178833
178838
178836
178835
178836
178838
178840
178840
178839
178838
178839
178842
178842
178841
178844
178848
178849
178848
178846
178847
178847
178847
178845
178843
178844
178846
178847
178847
178846
178847
178847
178848
178847
178846
178846
178848
178851
178850
178850
178851
178851
178850
178849
178844
178845
178851
178853
178851
178849
178849
178851
178851
178849
178847
178847
178848
178848
178849
178848
178849
178851
178851
178850
178847
178847
178851
178851
178848
178845
178846
178848
178850
178850
178851
178854
178858
178860
178859
178859
178859
178863
178864
178863
178860
178859
178861
178862
178860
178857
178858
178859
178860
178859
178857
178858
178860
178862
178860
178859
178861
178864
178865
178866
178864
178861
178861
178859
178863
178866
178866
178867
178868
178868
178866
178864
178862
178863
178864
178860
178859
178866
178872
178871
178870
178871
178872
178873
178871
178868
178867
178869
178872
178873
178871
178870
178867
178869
178872
178873
178874
178875
178875
178873
178872
178872
178872
178870
178868
178866
178867
178870
178873
178874
178874
178871
178869
178871
178871
178870
178870
178873
178875
178874
178874
178874
178871
178869
178871
178868
178868
178870
178870
178869
178869
178870
178872
178875
178876
178873
178871
178873
178873
178872
178873
178874
178877
178882
178882
178881
178880
178879
178876
178873
178868
178868
178874
178879
178880
178877
178876
178878
178881
178880
178878
178877
178879
178883
178882
178879
178880
178881
178879
178876
178876
178876
178878
178880
178878
178877
178880
178882
178880
178877
178875
178873
178875
178878
178877
178874
178876
178880
178884
178881
178878
178876
178874
178875
178876
178873
178873
178874
178876
178875
178872
178874
178879
178881
178881
178878
178877
178879
178883
178882
178875
178875
178880
178883
178880
178876
178875
178873
178873
178870
178869
178870
178873
178873
178872
178875
178874
178874
178875
178872
178873
178874
178875
178877
178877
178878
178877
178878
178879
178879
178878
178877
178876
178883
178886
178881
178884
178887
178888
178887
178885
178882
178882
178883
178882
178879
178877
178878
178877
178877
178877
178876
178878
178879
178878
178876
178873
178876
178881
178880
178878
178876
178877
178876
178875
178872
178870
178869
178872
178876
178876
178877
178879
178883
178885
178881
178877
178881
178884
178883
178879
178878
178879
178881
178880
178878
178877
178878
178880
178881
178880
178877
178876
178880
178882
178882
178881
178884
178887
178887
178887
178891
178898
178898
178894
178891
178887
178887
178889
178892
178894
178895
178898
178900
178896
178896
178897
178894
178894
178894
178894
178896
178896
178898
178896
178892
178892
178894
178895
178896
178896
178896
178900
178904
178903
178901
178897
178899
178904
178902
178898
178898
178900
178904
178901
178898
178897
178900
178901
178901
178901
178900
178903
178904
178903
178902
178901
178901
178900
178898
178898
178901
178905
178904
178902
178903
178903
178905
178906
178903
178900
178900
178902
178906
178909
178909
178909
178910
178909
178909
178906
178903
178904
178907
178909
178909
178910
178915
178920
178921
178917
178916
178920
178921
178919
178914
178913
178915
178919
178922
178921
178918
178920
178921
178919
178915
178915
178917
178919
178919
178918
178918
178920
178922
178920
178916
178913
178914
178916
178917
178918
178916
178915
178920
178923
178923
178923
178924
178924
178922
178919
178917
178917
178917
178919
178923
178924
178928
178931
178929
178926
178923
178921
178920
178918
178919
178920
178921
178920
178923
178922
178919
178918
178919
178918
178916
178914
178913
178916
178921
178923
178923
178924
178924
178922
178920
178920
178921
178923
178922
178922
178921
178924
178928
178924
178919
178918
178920
178923
178922
178923
178925
178925
178926
178924
178922
178923
178925
178926
178923
178920
178918
178919
178923
178922
178921
178920
178919
178921
178920
178917
178918
178920
178922
178922
178921
178922
178922
178921
178922
178923
178921
178921
178921
178919
178918
178918
178921
178923
178922
178919
178919
178921
178925
178923
178919
178917
178914
178917
178919
178918
178918
178920
178923
178922
178919
178918
178917
178916
178919
178918
178917
178919
178919
178916
178913
178912
178912
178914
178917
178916
178916
178920
178922
178921
178918
178915
178918
178923
178922
178920
178916
178918
178923
178922
178920
178918
178917
178918
178914
178911
178909
178909
178913
178916
178917
178916
178916
178914
178916
178919
178919
178921
178925
178926
178922
178921
178919
178924
178927
178923
178918
178918
178921
178920
178918
178914
178917
178922
178924
178924
178922
178922
178923
178922
178919
178916
178914
178915
178914
178910
178908
178909
178911
178910
178911
178912
178914
178913
178912
178910
178909
178911
178914
178918
178920
178918
178916
178920
178920
178918
178915
178913
178914
178915
178916
178914
178913
178914
178915
178911
178909
178913
178916
178915
178911
178912
178915
178915
178912
178911
178909
178909
178910
178911
178910
178908
178910
178912
178911
178907
178903
178905
178908
178911
178913
178912
178914
178916
178917
178915
178913
178913
178915
178914
178912
178911
178911
178911
178908
178910
178913
178914
178913
178912
178909
178908
178910
178911
178911
178906
178901
178904
178907
178907
178905
178900
178898
178899
178900
178898
178896
178894
178897
178896
178891
178889
178898
178904
178905
178904
178904
178905
178906
178904
178901
178898
178896
178896
178894
178890
178890
178891
178892
178892
178889
178885
178885
178890
178889
178887
178885
178888
178892
178890
178886
178885
178883
178884
178884
178881
178879
178881
178883
178883
178881
178881
178878
178880
178883
178881
178881
178881
178882
178881
178879
178878
178878
178880
178881
178880
178879
178881
178881
178881
178881
178880
178881
178884
178888
178887
178887
178888
178890
178890
178886
178881
178878
178884
178889
178889
178886
178885
178884
178881
178879
178878
178878
178881
178881
178880
178881
178883
178883
178883
178880
178876
178875
178877
178876
178875
178875
178876
178877
178875
178873
178874
178873
178871
178871
178873
178872
178872
178873
178874
178873
178873
178876
178878
178875
178874
178874
178873
178874
178872
178871
178871
178871
178873
178871
178869
178866
178868
178871
178874
178873
178870
178871
178871
178869
178868
178870
178872
178873
178873
178871
178869
178871
178870
178868
178863
178863
178867
178869
178870
178869
178868
178867
178868
178869
178866
178864
178864
178864
178862
178862
178862
178861
178862
178861
178858
178860
178864
178866
178866
178865
178862
178863
178864
178863
178862
178863
178864
178866
178866
178867
178868
178870
178871
178868
178865
178865
178867
178870
178869
178869
178867
178866
178868
178871
178870
178869
178869
178868
178867
178866
178867
178869
178870
178871
178868
178868
178872
178873
178872
178871
178868
178869
178869
178866
178863
178864
178868
178871
178870
178869
178871
178873
178875
178876
178876
178876
178875
178875
178873
178870
178864
178866
178871
178871
178870
178870
178872
178874
178875
178873
178871
178873
178874
178871
178869
178868
178869
178870
178870
178865
178862
178867
178872
178875
178876
178876
178878
178879
178878
178877
178875
178876
178879
178879
178878
178878
178878
178880
178882
178880
178877
178882
178887
178888
178887
178884
178887
178890
178888
178885
178881
178881
178882
178883
178883
178883
178886
178890
178893
178895
178894
178894
178894
178899
178900
178901
178904
178905
178904
178903
178900
178901
178903
178901
178899
178897
178901
178904
178903
178900
178897
178898
178900
178900
178900
178900
178902
178903
178905
178904
178905
178905
178905
178909
178909
178906
178906
178908
178906
178904
178905
178907
178909
178907
178905
178904
178905
178905
178906
178903
178899
178901
178907
178908
178908
178909
178910
178913
178913
178910
178907
178907
178905
178904
178903
178902
178905
178907
178908
178909
178907
178906
178911
178913
178910
178908
178909
178910
178910
178908
178908
178909
178913
178916
178914
178912
178909
178912
178916
178915
178914
178915
178916
178916
178915
178914
178914
178915
178914
178912
178910
178909
178910
178911
178910
178908
178908
178912
178914
178912
178911
178911
178913
178913
178911
178911
178914
178917
178916
178914
178914
178917
178918
178916
178917
178916
178915
178915
178914
178913
178912
178915
178916
178914
178911
178910
178912
178913
178913
178912
178913
178913
178913
178919
178922
178920
178917
178918
178918
178914
178911
178913
178917
178920
178921
178919
178917
178921
178921
178917
178913
178910
178910
178909
178912
178917
178918
178919
178919
178918
178916
178916
178918
178920
178919
178918
178918
178918
178919
178919
178916
178916
178919
178918
178917
178918
178918
178920
178918
178915
178911
178911
178914
178916
178916
178915
178914
178916
178918
178916
178915
178914
178915
178916
178916
178914
178916
178917
178917
178919
178917
178915
178914
178912
178910
178911
178913
178913
178909
178907
178908
178909
178913
178916
178912
178912
178917
178918
178917
178913
178909
178909
178911
178913
178913
178912
178914
178915
178913
178912
178913
178913
178914
178914
178911
178909
178910
178911
178913
178910
178908
178914
178918
178919
178916
178911
178910
178910
178909
178907
178908
178910
178912
178913
178914
178914
178917
178917
178916
178915
178912
178919
178923
178922
178918
178914
178912
178912
178912
178909
178909
178909
178911
178912
178912
178911
178908
178910
178911
178909
178907
178908
178910
178912
178910
178907
178907
178910
178910
178907
178907
178908
178907
178906
178904
178900
178903
178905
178903
178901
178902
178904
178908
178910
178908
178905
178905
178906
178905
178902
178901
178901
178903
178906
178906
178906
178907
178907
178909
178908
178907
178905
178906
178909
178907
178902
178898
178896
178893
178892
178893
178895
178897
178897
178895
178895
178897
178898
178902
178901
178897
178896
178895
178898
178898
178896
178900
178905
178906
178906
178903
178903
178903
178903
178899
178895
178895
178898
178897
178896
178896
178898
178896
178894
178895
178894
178894
178896
178897
178894
178892
178894
178893
178893
178892
178891
178888
178891
178894
178896
178897
178899
178901
178902
178899
178896
178896
178894
178891
178892
178892
178891
178894
178898
178898
178898
178896
178901
178906
178907
178906
178908
178908
178905
178904
178902
178900
178898
178898
178900
178899
178900
178901
178902
178903
178904
178905
178906
178905
178902
178898
178893
178895
178899
178898
178898
178898
178899
178901
178900
178901
178900
178899
178901
178901
178900
178901
178903
178907
178907
178904
178905
178907
178905
178904
178903
178904
178903
178901
178899
178896
178896
178899
178900
178898
178894
178897
178903
178905
178905
178903
178903
178903
178904
178902
178901
178902
178903
178903
178902
178901
178903
178906
178908
178906
178908
178909
178908
178910
178909
178908
178910
178913
178914
178913
178911
178908
178906
178905
178902
178900
178899
178898
178899
178900
178898
178900
178904
178906
178906
178912
178914
178914
178915
178915
178913
178911
178911
178911
178910
178907
178908
178909
178908
178905
178903
178904
178906
178907
178909
178911
178911
178913
178912
178908
178905
178907
178908
178908
178907
178908
178910
178911
178912
178910
178906
178907
178911
178911
178909
178907
178908
178911
178914
178914
178911
178911
178913
178914
178911
178909
178912
178912
178912
178910
178908
178908
178910
178909
178907
178905
178908
178911
178912
178909
178907
178909
178915
178916
178915
178915
178913
178915
178916
178915
178914
178914
178915
178913
178910
178907
178906
178908
178912
178912
178911
178912
178911
178913
178916
178914
178914
178915
178916
178915
178911
178912
178915
178916
178915
178914
178915
178914
178913
178916
178914
178915
178915
178915
178913
178912
178914
178917
178918
178918
178917
178917
178919
178917
178914
178911
178914
178921
178924
178921
178921
178923
178922
178922
178921
178919
178921
178924
178925
178922
178918
178921
178928
178930
178928
178923
178921
178921
178922
178922
178921
178925
178928
178930
178928
178926
178926
178925
178925
178925
178922
178922
178926
178926
178925
178924
178924
178925
178925
178923
178921
178924
178926
178925
178922
178916
178915
178916
178917
178915
178912
178913
178916
178915
178915
178915
178917
178920
178922
178920
178918
178918
178919
178918
178915
178913
178917
178921
178923
178922
178920
178922
178925
178926
178922
178919
178923
178925
178923
178920
178920
178921
178923
178924
178924
178920
178917
178917
178918
178914
178913
178914
178915
178917
178921
178922
178921
178920
178920
178921
178919
178917
178916
178920
178920
178919
178919
178921
178923
178920
178917
178916
178920
178925
178926
178925
178927
178930
178930
178927
178924
178921
178918
178918
178915
178914
178920
178922
178923
178924
178924
178924
178924
178924
178920
178918
178918
178920
178920
178917
178918
178923
178924
178925
178925
178922
178922
178923
178922
178920
178916
178914
178913
178914
178917
178919
178921
178921
178920
178918
178915
178915
178915
178913
178913
178914
178916
178920
178921
178920
178920
178922
178925
178928
178928
178926
178924
178925
178927
178926
178921
178921
178925
178926
178929
178927
178926
178926
178927
178926
178924
178925
178927
178929
178928
178927
178927
178928
178928
178927
178926
178924
178927
178933
178931
178927
178926
178927
178928
178926
178925
178926
178929
178931
178931
178931
178934
178933
178932
178933
178932
178932
178928
178927
178929
178927
178929
178932
178932
178931
178927
178926
178930
178934
178933
178931
178931
178930
178930
178932
178931
178930
178929
178931
178929
178928
178927
178929
178932
178931
178930
178930
178933
178934
178932
178935
178935
178936
178937
178932
178927
178928
178929
178931
178930
178928
178929
178928
178931
178931
178931
178932
178934
178936
178935
178934
178936
178938
178941
178941
178939
178940
178940
178938
178932
178930
178933
178935
178937
178938
178937
178936
178938
178943
178942
178937
178935
178935
178936
178932
178930
178932
178934
178934
178934
178930
178932
178938
178940
178937
178934
178935
178937
178937
178935
178934
178935
178939
178944
178945
178943
178944
178944
178945
178942
178937
178935
178937
178939
178936
178931
178932
178932
178933
178932
178930
178931
178933
178935
178935
178934
178932
178932
178937
178938
178935
178935
178937
178939
178936
178936
178937
178937
178936
178935
178935
178935
178936
178939
178939
178938
178937
178937
178941
178942
178938
178936
178935
178936
178933
178932
178933
178935
178935
178936
178933
178930
178930
178930
178928
178926
178927
178928
178932
178936
178935
178934
178935
178935
178932
178931
178932
178936
178938
178936
178935
178932
178929
178931
178928
178925
178926
178929
178932
178932
178930
178930
178929
178929
178928
178925
178925
178925
178926
178926
178923
178921
178924
178925
178924
178927
178928
178932
178933
178931
178931
178932
178933
178936
178937
178933
178929
178932
178936
178936
178932
178930
178931
178932
178932
178931
178930
178929
178932
178931
178928
178926
178926
178927
178925
178924
178925
178925
178926
178926
178926
178926
178926
178924
178921
178923
178925
178928
178930
178928
178926
178925
178927
178928
178928
178929
178930
178930
178929
178930
178929
178929
178930
178933
178933
178931
178932
178935
178939
178937
178934
178932
178932
178933
178931
178927
178927
178928
178929
178929
178931
178932
178934
178938
178937
178933
178931
178931
178932
178930
178929
178931
178934
178936
178934
178930
178933
178939
178941
178939
178936
178935
178936
178937
178936
178934
178933
178934
178929
178927
178930
178929
178930
178931
178931
178927
178924
178925
178929
178929
178926
178927
178929
178927
178928
178928
178929
178932
178935
178935
178934
178935
178935
178935
178933
178931
178929
178933
178938
178939
178936
178935
178936
178935
178933
178930
178929
178931
178932
178932
178931
178930
178932
178933
178929
178928
178928
178932
178935
178931
178927
178925
178926
178927
178927
178924
178924
178928
178930
178929
178931
178937
178936
178935
178933
178930
178929
178929
178928
178926
178929
178929
178928
178928
178926
178924
178923
178923
178923
178920
178916
178914
178921
178925
178926
178926
178928
178932
178935
178934
178931
178928
178927
178925
