166959
166960
166961
166962
166965
166970
166972
166973
166975
166976
166976
166972
166965
166964
166964
166961
166957
166954
166953
166956
166958
166958
166954
166954
166953
166956
166956
166954
166955
166958
166960
166959
166959
166959
166960
166963
166961
166961
166963
166962
166962
166963
166964
166966
166965
166965
166967
166966
166965
166964
166966
166969
166972
166973
166972
166970
166970
166970
166969
166971
166973
166975
166973
166972
166975
166975
166972
166970
166968
166969
166970
166969
166970
166967
166966
166969
166965
166963
166961
166958
166956
166953
166949
166948
166948
166949
166951
166950
166950
166954
166954
166955
166953
166951
166955
166958
166960
166962
166963
166968
166972
166971
166969
166966
166965
166965
166967
166969
166967
166967
166968
166967
166964
166958
166956
166959
166961
166962
166965
166970
166975
166971
166967
166967
166967
166967
166967
166966
166966
166965
166964
166966
166962
166959
166958
166962
166968
166966
166966
166969
166971
166970
166968
166963
166960
166958
166957
166954
166949
166948
166948
166946
166947
166947
166945
166947
166951
166954
166957
166962
166960
166959
166962
166963
166962
166957
166954
166948
166943
166937
166932
166931
166925
166921
166925
166927
166926
166930
166936
166945
166950
166952
166953
166957
166956
166957
166957
166955
166952
166951
166951
166946
166944
166943
166944
166949
166946
166941
166938
166941
166945
166946
166946
166948
166950
166953
166958
166960
166957
166957
166958
166958
166958
166958
166956
166956
166957
166957
166955
166957
166958
166963
166962
166960
166962
166968
166971
166967
166967
166970
166972
166975
166975
166973
166974
166977
166976
166972
166971
166973
166973
166971
166969
166967
166968
166969
166970
166970
166969
166970
166974
166974
166972
166970
166969
166968
166968
166967
166967
166970
166969
166966
166961
166961
166959
166956
166952
166948
166943
166942
166943
166943
166938
166934
166931
166931
166933
166927
166925
166924
166927
166926
166928
166926
166924
166924
166925
166922
166918
166916
166919
166918
166909
166905
166905
166905
166906
166903
166900
166899
166899
166900
166899
166900
166906
166909
166910
166910
166909
166910
166909
166909
166907
166907
166908
166908
166908
166908
166906
166905
166906
166903
166901
166898
166898
166899
166900
166899
166899
166901
166906
166908
166906
166902
166900
166902
166903
166903
166904
166904
166906
166905
166905
166906
166904
166904
166902
166898
166898
166898
166899
166898
166898
166900
166901
166903
166906
166904
166904
166904
166903
166904
166906
166907
166908
166911
166915
166918
166916
166916
166916
166918
166917
166920
166923
166925
166924
166925
166929
166933
166934
166933
166932
166932
166930
166930
166929
166925
166922
166927
166932
166932
166929
166927
166928
166926
166928
166930
166932
166935
166937
166940
166936
166931
166934
166935
166932
166930
166931
166933
166938
166940
166937
166937
166935
166935
166936
166934
166934
166935
166937
166939
166937
166935
166934
166932
166932
166932
166932
166930
166934
166935
166933
166932
166932
166931
166933
166932
166932
166936
166940
166942
166942
166942
166943
166945
166943
166944
166946
166947
166948
166951
166950
166949
166948
166949
166950
166948
166946
166948
166951
166953
166951
166950
166949
166948
166947
166945
166943
166941
166941
166943
166943
166941
166943
166944
166943
166945
166949
166950
166949
166948
166943
166944
166946
166946
166944
166945
166944
166942
166945
166944
166941
166941
166942
166944
166946
166945
166941
166941
166939
166938
166936
166935
166935
166935
166938
166938
166937
166939
166942
166941
166939
166939
166942
166946
166945
166942
166944
166943
166943
166941
166939
166938
166940
166943
166944
166944
166943
166944
166949
166952
166950
166944
166944
166947
166951
166952
166952
166953
166954
166954
166953
166952
166953
166953
166954
166953
166950
166950
166949
166945
166941
166942
166945
166948
166948
166945
166944
166943
166943
166942
166940
166934
166932
166935
166938
166941
166940
166941
166943
166942
166939
166938
166940
166939
166936
166936
166938
166938
166938
166935
166930
166928
166926
166922
166922
166922
166917
166918
166922
166923
166922
166922
166919
166920
166918
166918
166921
166922
166926
166928
166926
166926
166928
166931
166931
166932
166931
166930
166931
166931
166929
166930
166932
166932
166930
166927
166927
166928
166927
166926
166927
166925
166925
166925
166921
166919
166921
166922
166922
166922
166924
166923
166925
166929
166928
166928
166929
166930
166934
166936
166936
166939
166941
166941
166943
166942
166938
166939
166940
166939
166938
166935
166934
166934
166933
166932
166931
166930
166933
166934
166932
166931
166933
166937
166940
166943
166945
166948
166951
166952
166948
166948
166951
166954
166952
166949
166949
166948
166949
166949
166949
166949
166950
166952
166952
166952
166953
166954
166957
166955
166954
166952
166953
166956
166960
166961
166959
166961
166962
166959
166955
166952
166954
166954
166952
166951
166950
166949
166947
166945
166944
166945
166948
166948
166946
166941
166939
166941
166944
166943
166941
166940
166939
166940
166941
166939
166938
166938
166939
166940
166937
166935
166937
166936
166936
166937
166936
166937
166937
166939
166937
166939
166940
166943
166943
166943
166941
166943
166946
166945
166946
166945
166943
166943
166943
166943
166942
166942
166942
166940
166937
166931
166932
166937
166939
166936
166933
166933
166935
166935
166935
166935
166937
166940
166940
166939
166940
166943
166942
166941
166938
166936
166936
166937
166940
166941
166939
166939
166941
166940
166937
166935
166935
166935
166931
166930
166929
166929
166930
166928
166927
166929
166930
166933
166934
166933
166930
166933
166937
166938
166936
166935
166932
166935
166936
166933
166931
166932
166931
166930
166928
166927
166927
166929
166931
166930
166925
166925
166928
166928
166926
166924
166924
166924
166923
166922
166922
166923
166921
166920
166920
166921
166924
166923
166922
166921
166923
166921
166923
166924
166921
166919
166920
166921
166923
166922
166922
166924
166925
166925
166923
166919
166920
166921
166924
166927
166925
166925
166926
166927
166927
166927
166926
166927
166927
166929
166927
166926
166928
166929
166930
166929
166932
166932
166932
166931
166924
166922
166924
166928
166930
166927
166927
166928
166930
166928
166921
166920
166923
166924
166921
166919
166921
166924
166923
166922
166924
166925
166926
166925
166925
166926
166929
166928
166927
166927
166924
166926
166926
166922
166918
166918
166921
166921
166921
166919
166916
166914
166915
166916
166912
166910
166912
166914
166913
166911
166910
166911
166912
166910
166910
166907
166907
166910
166912
166915
166915
166914
166916
166917
166913
166909
166912
166913
166911
166912
166913
166913
166913
166913
166912
166910
166910
166913
166912
166911
166910
166910
166912
166913
166913
166908
166910
166914
166914
166912
166909
166909
166912
166913
166913
166914
166917
166918
166914
166913
166910
166910
166908
166907
166913
166916
166916
166919
166918
166915
166910
166907
166908
166909
166908
166907
166910
166916
166918
166916
166914
166915
166918
166919
166919
166920
166922
166925
166930
166928
166924
166924
166926
166926
166924
166922
166924
166927
166930
166931
166928
166924
166922
166924
166924
166919
166920
166925
166925
166925
166926
166923
166923
166923
166921
166920
166920
166924
166926
166926
166926
166924
166923
166922
166921
166919
166920
166923
166924
166925
166921
166919
166920
166921
166920
166918
166919
166921
166922
166923
166922
166923
166925
166925
166924
166922
166922
166919
166920
166923
166925
166928
166925
166925
166925
166927
166926
166925
166925
166925
166927
166926
166927
166929
166927
166924
166927
166929
166928
166925
166925
166925
166925
166925
166922
166920
166922
166921
166922
166924
166923
166922
166920
166921
166920
166921
166922
166926
166929
166925
166924
166923
166923
166925
166925
166925
166929
166931
166930
166928
166927
166927
166924
166923
166922
166919
166917
166916
166915
166915
166915
166918
166917
166917
166917
166915
166915
166916
166916
166914
166911
166913
166920
166925
166919
166917
166917
166918
166920
166918
166918
166920
166928
166931
166928
166927
166926
166927
166928
166925
166926
166927
166930
166932
166929
166927
166928
166929
166929
166927
166924
166924
166927
166928
166927
166925
166926
166927
166930
166928
166927
166931
166934
166936
166936
166930
166928
166929
166930
166929
166928
166928
166928
166926
166927
166926
166929
166930
166927
166925
166925
166925
166924
166924
166924
166924
166922
166920
166918
166915
166912
166913
166916
166919
166920
166919
166918
166921
166921
166917
166914
166916
166919
166922
166922
166922
166920
166920
166920
166916
166914
166919
166920
166921
166924
166922
166919
166918
166916
166913
166910
166909
166909
166910
166908
166906
166908
166911
166912
166906
166904
166904
166903
166902
166897
166897
166901
166900
166901
166901
166897
166892
166890
166889
166890
166894
166896
166896
166896
166896
166892
166890
166892
166892
166892
166894
166894
166898
166897
166896
166898
166899
166901
166900
166898
166899
166901
166901
166898
166898
166898
166897
166900
166901
166901
166899
166900
166899
166898
166898
166900
166899
166899
166899
166896
166896
166897
166901
166903
166900
166901
166905
166905
166902
166902
166902
166902
166906
166908
166907
166907
166912
166916
166915
166912
166912
166918
166918
166919
166919
166918
166920
166921
166920
166918
166919
166920
166918
166918
166914
166910
166912
166914
166916
166914
166913
166916
166919
166919
166920
166919
166919
166922
166922
166920
166920
166921
166917
166920
166923
166920
166917
166919
166919
166916
166915
166921
166922
166918
166918
166919
166920
166920
166920
166920
166921
166922
166922
166919
166921
166924
166923
166924
166928
166927
166928
166927
166926
166927
166921
166918
166916
166917
166918
166918
166916
166916
166917
166919
166918
166915
166916
166919
166918
166916
166915
166914
166917
166918
166919
166917
166921
166922
166920
166919
166916
166915
166916
166917
166916
166918
166916
166915
166913
166914
166913
166910
166909
166909
166909
166910
166912
166915
166910
166907
166908
166908
166909
166912
166915
166918
166918
166917
166916
166916
166917
166919
166921
166921
166921
166923
166926
166927
166925
166922
166922
166925
166925
166925
166924
166921
166923
166921
166917
166915
166914
166911
166911
166909
166906
166904
166906
166907
166907
166902
166899
166897
166896
166898
166896
166896
166898
166899
166901
166897
166892
166890
166892
166893
166889
166889
166893
166895
166895
166894
166893
166890
166889
166891
166890
166889
166892
166892
166892
166890
166889
166888
166887
166885
166885
166883
166884
166884
166882
166878
166879
166880
166879
166878
166877
166878
166879
166878
166880
166880
166879
166880
166880
166880
166876
166876
166880
166881
166879
166877
166877
166879
166883
166881
166875
166876
166880
166881
166878
166875
166872
166873
166874
166872
166871
166870
166872
166877
166880
166877
166876
166876
166878
166878
166876
166876
166880
166885
166883
166880
166880
166881
166878
166879
166880
166879
166881
166886
166890
166887
166884
166886
166889
166889
166888
166886
166890
166894
166898
166899
166898
166902
166908
166912
166915
166920
166922
166926
166931
166934
166931
166930
166931
166932
166927
166926
166929
166932
166935
166938
166939
166938
166943
166945
166941
166938
166942
166946
166948
166949
166946
166946
166945
166947
166943
166937
166934
166936
166937
166935
166933
166931
166930
166931
166930
166925
166926
166930
166933
166932
166929
166931
166932
166933
166931
166928
166928
166928
166933
166935
166932
166933
166933
166933
166936
166931
166925
166926
166927
166927
166927
166925
166924
166927
166926
166925
166921
166920
166922
166920
166917
166918
166921
166924
166922
166920
166919
166916
166914
166912
166914
166914
166916
166920
166921
166919
166916
166911
166909
166907
166907
166907
166909
166910
166909
166911
166909
166908
166910
166914
166915
166916
166918
166921
166919
166916
166916
166913
166911
166908
166907
166906
166907
166906
166903
166904
166906
166907
166909
166911
166915
166917
166919
166920
166920
166920
166921
166925
166924
166922
166916
166914
166913
166914
166913
166907
166903
166905
166905
166899
166896
166896
166899
166900
166898
166897
166898
166900
166902
166900
166896
166897
166900
166903
166903
166902
166902
166903
166903
166902
166901
166904
166908
166910
166907
166905
166906
166907
166906
166904
166903
166902
166902
166900
166897
166896
166894
166894
166894
166892
166892
166890
166891
166896
166898
166896
166895
166899
166902
166902
166902
166902
166902
166905
166906
166906
166904
166905
166905
166905
166907
166904
166900
166902
166902
166904
166904
166905
166904
166902
166901
166904
166905
166907
166908
166907
166909
166910
166912
166910
166913
166919
166924
166922
166921
166922
166922
166921
166923
166923
166927
166929
166928
166927
166926
166923
166926
166932
166935
166938
166934
166933
166937
166937
166934
166931
166930
166933
166935
166929
166926
166925
166927
166927
166923
166921
166924
166927
166928
166926
166924
166924
166924
166921
166919
166917
166915
166918
166920
166918
166919
166924
166928
166931
166929
166929
166931
166934
166934
166934
166935
166939
166941
166939
166940
166941
166942
166939
166938
166936
166932
166933
166935
166935
166934
166931
166929
166931
166931
166930
166930
166932
166938
166941
166940
166938
166936
166936
166937
166934
166935
166936
166939
166939
166941
166941
166938
166937
166936
166936
166937
166939
166939
166940
166938
166936
166939
166938
166937
166938
166941
166940
166941
166941
166942
166941
166942
166944
166946
166948
166948
166948
166948
166948
166945
166943
166943
166943
166943
166943
166940
166941
166941
166940
166942
166942
166942
166946
166945
166943
166942
166942
166943
166940
166935
166935
166934
166934
166935
166937
166936
166937
166939
166938
166934
166932
166933
166934
166936
166933
166930
166930
166933
166932
166928
166927
166929
166930
166931
166932
166932
166935
166938
166941
166940
166938
166938
166938
166941
166943
166939
166936
166937
166940
166943
166942
166940
166939
166940
166938
166935
166932
166931
166935
166939
166938
166937
166936
166934
166935
166936
166933
166936
166939
166940
166939
166938
166938
166939
166939
166937
166938
166941
166940
166939
166938
166938
166941
166946
166947
166944
166943
166947
166946
166943
166939
166940
166941
166944
166944
166942
166942
166943
166943
166940
166940
166938
166938
166938
166938
166938
166937
166938
166940
166939
166938
166940
166941
166942
166944
166943
166940
166940
166943
166941
166940
166942
166942
166942
166940
166940
166940
166941
166944
166943
166939
166937
166938
166938
166938
166937
166935
166935
166934
166933
166928
166925
166926
166926
166925
166925
166929
166930
166932
166933
166933
166931
166930
166932
166936
166937
166939
166942
166941
166939
166938
166938
166937
166933
166933
166933
166931
166932
166934
166932
166929
166926
166929
166928
166921
166921
166923
166924
166928
166929
166926
166928
166930
166930
166930
166927
166930
166932
166933
166930
166930
166928
166926
166926
166926
166925
166921
166923
166926
166926
166925
166924
166926
166927
166924
166924
166925
166925
166928
166930
166928
166928
166931
166932
166930
166928
166929
166932
166931
166931
166932
166933
166936
166938
166937
166933
166929
166930
166932
166929
166927
166929
166928
166926
166926
166923
166923
166926
166929
166930
166929
166928
166929
166934
166935
166936
166937
166937
166938
166933
166933
166934
166933
166935
166935
166936
166938
166937
166938
166935
166934
166933
166932
166933
166935
166939
166942
166946
166948
166949
166947
166948
166949
166947
166949
166949
166950
166952
166957
166953
166951
166954
166954
166956
166955
166955
166956
166958
166957
166956
166953
166950
166953
166955
166949
166947
166947
166947
166950
166951
166948
166945
166946
166948
166945
166938
166941
166945
166950
166952
166952
166953
166955
166955
166956
166953
166952
166953
166957
166957
166956
166956
166956
166958
166957
166956
166961
166964
166962
166959
166958
166960
166959
166958
166957
166956
166958
166958
166957
166956
166955
166952
166950
166950
166948
166943
166942
166943
166941
166941
166940
166940
166942
166944
166943
166941
166941
166945
166949
166947
166944
166943
166944
166946
166945
166943
166944
166948
166949
166950
166948
166948
166949
166951
166951
166951
166951
166955
166956
166954
166951
166949
166950
166953
166954
166956
166960
166960
166961
166959
166954
166956
166959
166962
166962
166963
166965
166964
166964
166962
166961
166959
166961
166966
166965
166964
166962
166963
166962
166962
166962
166964
166967
166969
166968
166968
166970
166970
166968
166970
166968
166964
166963
166962
166963
166963
166963
166962
166960
166954
166954
166956
166956
166958
166960
166963
166966
166970
166971
166972
166970
166964
166961
166957
166956
166954
166952
166951
166951
166949
166944
166938
166935
166934
166929
166930
166933
166934
166938
166937
166936
166936
166937
166941
166943
166946
166946
166946
166948
166950
166944
166938
166935
166937
166937
166934
166934
166935
166933
166927
166921
166915
166911
166912
166913
166912
166912
166913
166913
166913
166917
166917
166920
166925
166929
166934
166938
166941
166941
166941
166941
166940
166939
166938
166938
166939
166935
166934
166936
166937
166936
166937
166939
166942
166944
166943
166941
166944
166948
166948
166947
166948
166950
166956
166955
166950
166948
166949
166953
166951
166950
166952
166955
166953
166950
166948
166947
166950
166952
166954
166955
166958
166958
166957
166956
166954
166955
166953
166951
166950
166948
166951
166955
166952
166952
166953
166953
166955
166957
166955
166950
166949
166951
166951
166950
166946
166945
166948
166954
166953
166948
166943
166943
166947
166948
166945
166944
166944
166947
166949
166950
166950
166954
166956
166958
166960
166961
166959
166959
166957
166954
166954
166953
166951
166951
166953
166955
166956
166955
166954
166955
166956
166957
166959
166963
166964
166963
166961
166962
166963
166965
166967
166971
166972
166971
166971
166969
166969
166969
166970
166969
166967
166968
166967
166962
166959
166957
166956
166956
166953
166948
166950
166953
166954
166953
166953
166950
166953
166953
166951
166952
166956
166960
166960
166960
166956
166957
166958
166959
166956
166956
166957
166961
166967
166963
166961
166962
166962
166961
166956
166956
166958
166959
166961
166961
166961
166961
166963
166965
166965
166958
166957
166960
166962
166961
166964
166965
166966
166971
166969
166966
166966
166968
166972
166972
166966
166964
166967
166970
166967
166963
166964
166966
166966
166967
166966
166967
166963
166960
166961
166962
166964
166965
166966
166969
166970
166971
166966
166963
166967
166968
166964
166964
166965
166964
166964
166961
166959
166959
166960
166963
166961
166962
166963
166964
166963
166965
166964
166968
166968
166968
166969
166970
166973
166971
166967
166968
166969
166967
166966
166966
166967
166970
166974
166973
166976
166981
166982
166982
166984
166985
166989
166990
166990
166986
166985
166985
166986
166986
166984
166985
166986
166983
166981
166981
166979
166977
166979
166980
166979
166980
166981
166983
166982
166983
166983
166985
166984
166985
166985
166980
166978
166976
166975
166974
166975
166973
166972
166973
166974
166971
166971
166974
166978
166977
166977
166976
166976
166977
166980
166983
166984
166985
166986
166989
166987
166987
166989
166990
166991
166992
166992
166993
166997
166999
166994
166993
166997
167001
167001
167002
167001
167003
167002
167003
167007
167006
167010
167013
167015
167013
167009
167008
167009
167012
167014
167018
167016
167017
167017
167014
167011
167010
167013
167015
167014
167012
167013
167014
167013
167010
167010
167011
167014
167017
167015
167014
167013
167016
167016
167010
167007
167008
167007
167005
167002
167001
167001
167000
166999
166996
166995
166993
166995
166994
166994
166993
166991
166993
166995
166990
166990
166988
166988
166989
166984
166983
166980
166978
166977
166975
166971
166970
166970
166967
166963
166961
166963
166967
166967
166963
166962
166963
166964
166963
166960
166955
166954
166959
166959
166955
166952
166953
166957
166952
166947
166944
166944
166947
166945
166944
166943
166944
166943
166943
166940
166937
166939
166942
166946
166947
166946
166948
166953
166954
166954
166951
166952
166954
166955
166955
166952
166953
166956
166954
166952
166950
166948
166946
166944
166943
166945
166948
166950
166949
166946
166948
166945
166947
166953
166954
166954
166956
166958
166959
166958
166955
166956
166958
166958
166956
166953
166953
166956
166956
166957
166956
166953
166956
166959
166958
166956
166955
166956
166958
166958
166956
166954
166954
166956
166956
166953
166952
166954
166958
166960
166962
166962
166963
166963
166961
166957
166959
166960
166958
166955
166952
166950
166949
166949
166946
166945
166943
166943
166938
166938
166938
166935
166933
166934
166933
166930
166929
166928
166929
166928
166928
166924
166922
166923
166926
166925
166928
166931
166929
166926
166926
166926
166927
166927
166926
166924
166923
166924
166926
166925
166922
166923
166926
166930
166932
166932
166936
166938
166941
166943
166943
166946
166950
166952
166957
166959
166958
166961
166964
166964
166965
166970
166974
166977
166977
166975
166977
166980
166981
166980
166976
166977
166982
166983
166982
166984
166986
166989
166989
166993
166995
166994
166992
166990
166987
166987
166991
166994
166996
166996
166995
166999
167000
166996
166992
166991
166994
166998
167000
167000
167000
167003
167007
167006
167002
167002
167004
167007
167010
167012
167012
167009
167006
167005
167003
167003
167003
167006
167007
167007
167008
167008
167006
167006
167003
167001
167004
167004
167002
166999
166997
166995
166994
166995
166993
166992
166994
166995
166991
166988
166987
166987
166987
166988
166987
166985
166988
166989
166989
166987
166986
166989
166989
166990
166987
166983
166984
166985
166985
166982
166977
166977
166979
166976
166974
166973
166975
166978
166977
166976
166975
166974
166971
166969
166969
166970
166972
166973
166974
166975
166976
166972
166969
166972
166972
166973
166976
166980
166983
166980
166978
166980
166980
166978
166977
166977
166978
166982
166981
166976
166976
166978
166982
166980
166980
166979
166981
166983
166983
166980
166979
166982
166982
166983
166983
166983
166987
166989
166991
166992
166992
166992
166990
166987
166989
166988
166984
166989
166989
166987
166987
166988
166985
166985
166983
166981
166977
166975
166977
166976
166976
166978
166977
166972
166969
166966
166966
166966
166969
166969
166966
166967
166969
166966
166962
166961
166963
166962
166961
166960
166959
166961
166961
166958
166955
166953
166953
166952
166951
166950
166949
166952
166955
166952
166950
166948
166951
166952
166952
166954
166956
166954
166954
166955
166953
166949
166949
166952
166952
166948
166945
166945
166946
166946
166947
166947
166949
166952
166953
166952
166953
166957
166957
166956
166958
166958
166959
166956
166957
166959
166960
166961
166964
166965
166965
166961
166963
166968
166968
166966
166961
166962
166961
166959
166952
166952
166954
166956
166957
166957
166955
166957
166960
166963
166960
166956
166958
166959
166960
166961
166959
166960
166963
166962
166956
166952
166954
166957
166957
166957
166958
166960
166965
166964
166964
166959
166960
166961
166962
166963
166963
166962
166964
166963
166960
166957
166957
166960
166960
166960
166961
166960
166961
166961
166959
166962
166961
166962
166965
166965
166963
166965
166968
166970
166970
166967
166966
166969
166969
166967
166964
166964
166967
166968
166970
166971
166969
166966
166968
166968
166967
166965
166964
166963
166961
166959
166961
166963
166963
166961
166958
166957
166959
166958
166958
166960
166958
166958
166962
166960
166959
166959
166960
166962
166966
166964
166964
166963
166964
166964
166965
166967
166971
166973
166975
166973
166971
166972
166969
166967
166966
166965
166969
166971
166968
166968
166967
166964
166965
166966
166966
166964
166966
166972
166972
166970
166972
166973
166970
166966
166963
166962
166964
166965
166965
166964
166968
166970
166968
166965
166965
166966
166966
166967
166966
166964
166968
166972
166972
166970
166969
166969
166969
166968
166964
166961
166964
166965
166965
166961
166957
166957
166957
166958
166956
166958
166961
166962
166961
166958
166958
166959
166962
166965
166963
166961
166962
166963
166963
166963
166958
166958
166961
166961
166956
166956
166958
166960
166961
166963
166963
166962
166965
166967
166964
166960
166962
166965
166968
166966
166966
166964
166964
166965
166964
166964
166966
166965
166963
166962
166960
166956
166957
166958
166956
166956
166959
166961
166960
166958
166955
166954
166954
166953
166952
166952
166952
166956
166960
166957
166957
166958
166962
166962
166957
166955
166956
166958
166959
166959
166959
166960
166962
166962
166960
166958
166959
166961
166960
166959
166958
166958
166957
166959
166961
166959
166962
166964
166963
166960
166959
166959
166960
166959
166958
166957
166954
166955
166955
166953
166955
166958
166958
166958
166959
166956
166957
166954
166955
166954
166951
166954
166957
166959
166960
166960
166958
166959
166960
166960
166960
166962
166964
166965
166963
166963
166964
166963
166964
166962
166960
166960
166960
166958
166956
166953
166951
166957
166957
166952
166950
166950
166951
166952
166952
166949
166951
166953
166954
166953
166950
166949
166949
166952
166952
166952
166952
166952
166954
166956
166951
166949
166946
166943
166943
166943
166943
166944
166948
166949
166944
166942
166948
166949
166947
166946
166947
166947
166947
166949
166950
166947
166949
166952
166953
166952
166952
166951
166950
166949
166948
166943
166943
166943
166942
166944
166944
166945
166946
166950
166948
166943
166942
166944
166945
166944
166947
166950
166952
166956
166955
166955
166957
166956
166955
166953
166951
166953
166955
166956
166955
166953
166952
166950
166946
166945
166946
166949
166952
166951
166949
166947
166948
166950
166949
166948
166947
166950
166953
166951
166951
166952
166948
166945
166942
166941
166944
166944
166947
166949
166950
166951
166947
166947
166944
166941
166944
166947
166949
166948
166946
166946
166947
166947
166945
166944
166947
166952
166954
166951
166946
166946
166949
166947
166947
166947
166943
166945
166950
166949
166946
166948
166953
166955
166955
166954
166952
166951
166953
166953
166948
166948
166951
166955
166957
166953
166951
166950
166950
166950
166951
166955
166954
166954
166954
166949
166947
166949
166951
166952
166954
166956
166953
166952
166950
166951
166950
166953
166954
166955
166954
166954
166955
166952
166947
166944
166944
166945
166949
166948
166945
166943
166944
166943
166938
166936
166940
166942
166941
166942
166943
166943
166944
166943
166943
166938
166937
166938
166935
166934
166933
166932
166931
166933
166932
166931
166932
166936
166936
166933
166932
166932
166934
166938
166937
166935
166934
166934
166937
166934
166929
166928
166932
166935
166934
166932
166936
166936
166938
166939
166934
166933
166934
166934
166932
166931
166931
166934
166936
166938
166938
166938
166941
166942
166941
166941
166942
166944
166946
166945
166945
166946
166946
166948
166949
166946
166942
166942
166946
166944
166942
166942
166943
166942
166944
166943
166941
166939
166942
166944
166941
166942
166943
166941
166939
166936
166935
166935
166935
166934
166934
166932
166932
166936
166934
166930
166930
166931
166931
166930
166929
166935
166940
166942
166943
166941
166943
166945
166944
166942
166941
166944
166944
166945
166944
166941
166940
166941
166941
166938
166935
166935
166938
166939
166935
166932
166933
166935
166937
166936
166934
166936
166935
166934
166934
166930
166928
166929
166930
166930
166929
166928
166927
166929
166932
166932
166930
166930
166931
166933
166932
166930
166931
166935
166937
166937
166937
166937
166936
166935
166934
166930
166931
166932
166934
166933
166933
166935
166939
166936
166936
166935
166934
166937
166938
166932
166932
166935
166936
166936
166933
166930
166930
166932
166930
166930
166930
166931
166931
166931
166930
166929
166930
166935
166938
166938
166939
166940
166943
166946
166946
166944
166942
166944
166946
166942
166940
166939
166941
166943
166944
166943
166942
166941
166941
166940
166940
166942
166943
166942
166947
166947
166947
166948
166948
166948
166948
166948
166947
166946
166945
166943
166943
166940
166935
166935
166936
166936
166935
166935
166936
166936
166935
166935
166930
166928
166930
166931
166933
166934
166935
166938
166938
166941
166939
166938
166940
166942
166945
166944
166942
166940
166941
166944
166940
166936
166935
166935
166936
166936
166936
166939
166942
166944
166943
166942
166944
166943
166941
166937
166936
166939
166940
166943
166942
166944
166945
166944
166941
166943
166941
166943
166948
166950
166949
166947
166944
166942
166942
166944
166943
166945
166947
166945
166942
166939
166938
166938
166939
166937
166938
166940
166943
166943
166943
166944
166947
166948
166947
166948
166948
166947
166947
166943
166940
166940
166938
166939
166942
166944
166945
166944
166945
166949
166952
166950
166946
166948
166954
166952
166949
166948
166950
166950
166948
166947
166942
166939
166942
166941
166935
166933
166933
166934
166934
166934
166933
166932
166934
166934
166932
166933
166935
166940
166941
166941
166941
166938
166939
166942
166942
166942
166940
166939
166942
166943
166942
166943
166949
166952
166950
166949
166945
166947
166947
166942
166938
166938
166940
166943
166940
166938
166937
166938
166937
166936
166934
166935
166939
166939
166935
166937
166935
166932
166931
166930
166930
166934
166935
166936
166939
166939
166937
166933
166932
166931
166931
166935
166940
166944
166945
166946
166946
166944
166942
166944
166942
166941
166944
166948
166946
166944
166946
166948
166946
166944
166945
166943
166946
166947
166945
166941
166939
166940
166941
166937
166936
166937
166941
166944
166943
166942
166946
166947
166949
166949
166944
166944
166946
166944
166942
166940
166942
166941
166939
166937
166933
166934
166934
166934
166933
166931
166931
166935
166936
166936
166937
166934
166937
166937
166932
166930
166932
166932
166932
166934
166936
166937
166938
166937
166935
166937
166940
166940
166937
166933
166934
166935
166935
166935
166934
166932
166934
166937
166939
166938
166938
166941
166942
166941
166939
166939
166940
166940
166938
166934
166936
166942
166946
166945
166941
166942
166944
166946
166946
166943
166944
166943
166944
166943
166938
166937
166937
166939
166938
166937
166938
166943
166946
166946
166947
166947
166946
166948
166956
166956
166955
166959
166961
166958
166955
166951
166948
166948
166948
166948
166949
166952
166956
166956
166955
166957
166960
166961
166962
166962
166963
166962
166960
166957
166953
166950
166947
166940
166934
166934
166937
166941
166944
166945
166948
166950
166955
166962
166964
166967
166970
166973
166978
166978
166972
166968
166966
166964
166958
166954
166951
166948
166950
166947
166939
166936
166939
166943
166945
166946
166943
166945
166951
166954
166953
166955
166958
166959
166955
166953
166947
166943
166943
166942
166941
166939
166940
166943
166945
166943
166944
166946
166951
166953
166952
166955
166958
166961
166965
166966
166967
166966
166966
166961
166958
166953
166949
166948
166946
166944
166942
166940
166944
166946
166944
166943
166943
166946
166947
166948
166951
166956
166956
166957
166955
166947
166944
166945
166944
166940
166938
166942
166945
166942
166940
166938
166941
166947
166950
166950
166950
166955
166958
166959
166958
166960
166960
166964
166964
166960
166955
166956
166956
166952
166947
166943
166944
166945
166946
166946
166948
166950
166952
166953
166956
166960
166963
166963
166969
166971
166969
166966
166966
166967
166968
166968
166968
166965
166962
166961
166956
166955
166956
166958
166956
166956
166961
166963
166966
166971
166976
166980
166988
166994
166997
167002
167008
167014
167014
167011
167016
167019
167023
167025
167024
167023
167025
167027
167027
167022
167020
167021
167024
167028
167028
167029
167032
167035
167040
167039
167036
167037
167041
167043
167044
167044
167046
167047
167047
167049
167045
167045
167046
167046
167043
167040
167037
167036
167036
167034
167033
167029
167027
167022
167017
167015
167014
167014
167014
167011
167010
167008
167003
166999
166996
166995
166994
166994
166995
166995
166993
166989
166990
166989
166982
166978
166974
166972
166970
166967
166962
166960
166958
166958
166956
166952
166950
166947
166948
166947
166944
166942
166942
166943
166943
166945
166948
166945
166942
166944
166945
166944
166943
166943
166941
166940
166940
166942
166938
166933
166927
166927
166929
166928
166924
166922
166923
166924
166925
166925
166925
166926
166928
166929
166928
166928
166930
166931
166933
166934
166936
166940
166944
166940
166937
166939
166942
166942
166942
166944
166945
166945
166946
166946
166939
166935
166937
166936
166935
166935
166933
166937
166942
166942
166939
166939
166942
166942
166940
166939
166940
166940
166945
166943
166943
166943
166946
166946
166946
166947
166947
166949
166949
166949
166948
166950
166951
166952
166951
166948
166950
166952
166953
166955
166958
166959
166963
166968
166968
166968
166970
166968
166969
166970
166970
166970
166972
166971
166971
166975
166972
166971
166971
166969
166965
166965
166966
166966
166965
166963
166962
166963
166962
166960
166959
166961
166963
166963
166965
166963
166962
166961
166962
166959
166954
166952
166954
166956
166952
166952
166953
166954
166953
166954
166951
166952
166950
166947
166949
166948
166946
166946
166946
166944
166945
166945
166947
166947
166945
166945
166946
166947
166948
166946
166947
166949
166950
166953
166951
166952
166958
166961
166960
166962
166964
166965
166971
166974
166974
166976
166977
166981
166986
166988
166988
166988
166994
167001
167001
167000
166998
167001
167002
167001
167000
166996
166995
166994
166993
166989
166989
166991
166993
166992
166992
166992
166990
166991
166993
166993
166993
166989
166990
166986
166979
166976
166975
166974
166973
166974
166973
166969
166970
166967
166962
166956
166953
166951
166949
166946
166945
166947
166947
166948
166946
166943
166944
166948
166951
166954
166959
166964
166968
166969
166968
166966
166961
166962
166965
166965
166966
166967
166967
166963
166961
166959
166959
166962
166962
166960
166959
166961
166962
166965
166962
166963
166966
166964
166964
166965
166963
166963
166964
166967
166966
166965
166970
166975
166975
166973
166971
166973
166976
166978
166976
166973
166972
166974
166973
166972
166967
166964
166968
166972
166970
166970
166972
166972
166970
166968
166963
166963
166963
166961
166961
166960
166957
166956
166955
166949
166945
166948
166948
166948
166946
166942
166940
166941
166939
166940
166939
166939
166940
166942
166943
166941
166944
166947
166953
166958
166960
166966
166970
166974
166976
166976
166978
166982
166987
166990
166989
166987
166989
166990
166987
166985
166984
166986
166985
166983
166984
166985
166980
166979
166977
166980
166986
166988
166988
166990
166992
166998
166995
166989
166986
166985
166983
166983
166980
166971
166968
166965
166961
166957
166952
166952
166951
166953
166955
166956
166958
166962
166966
166965
166963
166964
166966
166969
166972
166973
166972
166972
166973
166974
166970
166965
166960
166959
166961
166960
166959
166958
166955
166956
166953
166951
166950
166950
166953
166951
166949
166952
166955
166956
166953
166952
166954
166954
166956
166956
166956
166960
166961
166958
166957
166957
166957
166956
166957
166960
166961
166960
166958
166958
166962
166963
166962
166960
166961
166961
166962
166960
166960
166958
166954
166955
166956
166954
166953
166957
166959
166961
166960
166958
166959
166958
166963
166966
166970
166973
166974
166975
166976
166976
166973
166972
166972
166975
166975
166973
166971
166971
166972
166975
166976
166978
166980
166982
166984
166979
166979
166981
166981
166980
166976
166975
166977
166974
166974
166974
166974
166973
166973
166974
166979
166981
166982
166985
166987
166984
166979
166976
166978
166979
166978
166977
166979
166981
166982
166979
166978
166976
166978
166979
166981
166984
166988
166993
166995
166995
166996
167000
167001
167002
167004
167007
167012
167016
167019
167019
167023
167027
167029
167031
167032
167032
167034
167035
167035
167034
167036
167034
167035
167035
167034
167034
167032
167032
167030
167029
167025
167023
167025
167024
167020
167016
167016
167019
167017
167011
167008
167008
167008
167005
167001
166998
166994
166996
166997
166997
166992
166991
166991
166988
166988
166986
166987
166990
166992
166994
166994
166992
166992
166993
166991
166992
166994
166997
166995
166991
166987
166985
166986
166986
166983
166983
166987
166986
166984
166980
166978
166978
166979
166977
166977
166978
166981
166984
166983
166984
166986
166990
166991
166989
166990
166990
166990
166995
166993
166990
166991
166992
166994
166995
166993
166990
166987
166990
166988
166980
166977
166976
166976
166973
166969
166966
166960
166956
166956
166955
166952
166951
166954
166955
166953
166950
166950
166950
166950
166951
166950
166948
166944
166946
166946
166946
166944
166945
166948
166947
166946
166947
166950
166951
166954
166955
166956
166955
166953
166953
166954
166951
166948
166945
166944
166943
166939
166938
166937
166934
166931
166931
166929
166926
166924
166924
166922
166923
166926
166926
166924
166926
166925
166923
166928
166929
166929
166935
166936
166936
166937
166938
166938
166941
166942
166942
166942
166942
166941
166940
166936
166936
166936
166939
166935
166934
166934
166931
166927
166926
166923
166927
166928
166931
166931
166934
166939
166943
166946
166946
166947
166950
166953
166953
166954
166952
166950
166953
166955
166954
166950
166947
166945
166944
166940
166935
166932
166932
166935
166934
166931
166932
166935
166936
166934
166933
166936
166939
166942
166944
166942
166941
166942
166945
166946
166943
166945
166949
166956
166956
166955
166954
166956
166960
166960
166957
166959
166960
166960
166958
166959
166958
166955
166953
166954
166956
166960
166962
166965
166968
166972
166974
166979
166981
166980
166981
166985
166988
166993
166995
166992
166989
166986
166984
166979
166975
166973
166971
166970
166969
166968
166967
166968
166970
166969
166970
166972
166973
166973
166972
166973
166978
166981
166979
166980
166982
166982
166978
166979
166979
166976
166974
166977
166977
166975
166975
166975
166973
166972
166969
166967
166967
166970
166971
166968
166964
166965
166969
166970
166965
166963
166965
166969
166971
166974
166974
166976
166978
166979
166981
166982
166979
166980
166981
166981
166978
166980
166980
166981
166981
166977
166978
166975
166973
166973
166970
166969
166967
166965
166965
166966
166965
166962
166963
166961
166961
166959
166958
166958
166957
166956
166956
166955
166956
166951
166948
166948
166948
166946
166943
166943
166945
166946
166945
166946
166946
166949
166950
166950
166947
166946
166947
166948
166944
166942
166945
166947
166949
166950
166951
166949
166948
166948
166944
166944
166946
166947
166947
166947
166950
166950
166949
166948
166946
166942
166943
166947
166946
166945
166941
166939
166943
166947
166944
166941
166940
166939
166943
166945
166943
166941
166942
166946
166947
166948
166950
166950
166952
166952
166951
166952
166952
166952
166956
166955
166951
166949
166947
166944
166942
166940
166941
166943
166943
166939
166937
166939
166941
166943
166946
166948
166949
166953
166953
166951
166951
166952
166954
166958
166955
166952
166951
166950
166951
166952
166947
166944
166947
166947
166945
166945
166943
166944
166946
166947
166946
166949
166953
166952
166950
166950
166950
166953
166953
166953
166951
166952
166950
166949
166950
166949
166945
166945
166952
166952
166945
166945
166950
166952
166951
166950
166949
166951
166952
166947
166942
166940
166943
166943
166939
166937
166940
166941
166944
166943
166939
166939
166942
166943
166942
166940
166940
166942
166944
166945
166945
166942
166941
166941
166936
166931
166930
166933
166935
166936
166936
166935
166934
166931
166927
166928
166930
166932
166933
166932
166928
166927
166927
166927
166924
166923
166923
166928
166927
166922
166918
166921
166923
166923
166919
166918
166921
166922
166925
166931
166932
166934
166937
166939
166936
166935
166934
166936
166939
166939
166938
166937
166938
166938
166933
166932
166936
166937
166938
166937
166937
166938
166938
166938
166936
166935
166937
166939
166938
166937
166934
166938
166941
166941
166940
166936
166938
166943
166944
166944
166943
166944
166946
166945
166943
166943
166942
166944
166946
166944
166946
166946
166946
166947
166944
166940
166938
166942
166942
166945
166947
166950
166952
166950
166945
166943
166945
166945
166948
166949
166946
166945
166948
166949
166946
166942
166943
166946
166943
166942
166942
166942
166942
166943
166942
166938
166938
166941
166941
166940
166941
166945
166949
166952
166947
166945
166950
166951
166950
166947
166947
166947
166946
166948
166946
166942
166942
166943
166944
166944
166939
166940
166942
166944
166943
166940
166942
166943
166945
166944
166940
166939
166938
166935
166936
166933
166936
166939
166936
166932
166930
166929
166931
166927
166926
166924
166923
166922
166920
166918
166916
166918
166918
166920
166919
166919
166918
166919
166923
166924
166924
166924
166925
166922
166922
166924
166922
166923
166926
166926
166925
166922
166923
166925
166923
166923
166922
166923
166927
166924
166917
166917
166919
166922
166922
166919
166919
166923
166925
166921
166918
166919
166924
166928
166928
166928
166928
166929
166929
166929
166926
166925
166927
166932
166934
166930
166930
166933
166933
166931
166930
166928
166930
166929
166929
166927
166928
166930
166930
166926
166923
166922
166920
166916
166912
166913
166915
166919
166927
166926
166921
166919
166923
166924
166922
166921
166921
166923
166925
166924
166920
166920
166923
166920
166918
166918
166919
166920
166923
166922
166922
166925
166927
166922
166919
166918
166915
166917
166918
166919
166922
166923
166927
166925
166924
166922
166921
166923
166924
166923
166921
166921
166921
166923
166924
166921
166918
166920
166922
166922
166921
166919
166920
166921
166920
166918
166918
166919
166922
166920
166916
166917
166919
166924
166921
166919
166922
166924
166922
166918
166918
166920
166923
166925
166925
166926
166927
166925
166923
166922
166918
166919
166922
166924
166926
166927
166926
166926
166925
166921
166919
166921
166925
166926
166926
166928
166927
166926
166923
166921
166921
166921
166924
166929
166927
166924
166926
166928
166926
166921
166917
166920
166924
166926
166928
166923
166919
166922
166921
166917
166916
166919
166921
166923
166921
166918
166919
166919
166919
166916
166911
166913
166916
166917
166915
166914
166916
166916
166913
166912
166908
166908
166911
166912
166911
166907
166907
166909
166910
166910
166908
166907
166907
166908
166906
166904
166904
166906
166906
166907
166907
166904
166901
166903
166905
166901
166901
166906
166906
166903
166904
166905
166900
166900
166904
166905
166905
166906
166904
166901
166901
166905
166904
166901
166902
166904
166906
166908
166909
166909
166909
166910
166913
166914
166911
166911
166913
166916
166916
166913
166912
166913
166914
166912
166907
166905
166908
166912
166915
166915
166909
166903
166904
166905
166901
166898
166899
166902
166902
166900
166898
166900
166900
166900
166902
166900
166902
166905
166906
166904
166903
166905
166907
166908
166906
166903
166899
166900
166899
166897
166894
166896
166899
166901
166901
166899
166898
166902
166900
166898
166897
166896
166897
166899
166899
166902
166904
166905
166906
166905
166901
166901
166904
166903
166902
166902
166902
166901
166904
166903
166900
166898
166899
166901
166901
166901
166902
166901
166901
166902
166900
166899
166904
166906
166903
166902
166903
166904
166907
166909
166909
166910
166915
166918
166922
166925
166924
166925
166924
166925
166928
166928
166926
166929
166929
166929
166929
166930
166934
166931
166932
166934
166934
166934
166933
166932
166932
166936
166939
166942
166944
166943
166942
166938
166937
166934
166934
166936
166939
166937
166932
166931
166933
166934
166930
166930
166932
166932
166932
166933
166933
166932
166935
166936
166935
166933
166932
166934
166932
166928
166928
166926
166927
166928
166928
166928
166928
166927
166926
166925
166925
166924
166921
166923
166923
166922
166922
166922
166922
166922
166923
166924
166924
166927
166929
166928
166924
166924
166925
166924
166923
166926
166931
166929
166926
166920
166919
166920
166921
166921
166922
166925
166925
166924
166922
166919
166917
166917
166914
166914
166915
166912
166911
166912
166911
166906
166904
166902
166902
166904
166903
166905
166904
166901
166898
166900
166904
166906
166908
166907
166907
166908
166908
166904
166903
166901
166900
166900
166898
166894
166893
166893
166895
166897
166897
166896
166896
166898
166899
166899
166897
166898
166901
166899
166899
166897
166893
166892
166893
166890
166888
166890
166891
166895
166896
166896
166896
166896
166898
166901
166897
166892
166897
166897
166892
166887
166886
166886
166883
166878
166875
166875
166875
166876
166876
166879
166883
166886
166890
166890
166889
166892
166897
166899
166898
166895
166894
166892
166890
166886
166881
166878
166875
166875
166871
166868
166868
166866
166866
166865
166863
166863
166865
166870
166872
166867
166865
166867
166868
166865
166864
166862
166866
166868
166867
166866
166863
166866
166867
166867
166869
166871
166872
166873
166875
166873
166871
166876
166877
166875
166873
166872
166875
166879
166877
166876
166878
166880
166883
166881
166882
166887
166887
166888
166892
166896
166896
166894
166898
166901
166902
166903
166908
166910
166911
166911
166912
166913
166915
166916
166914
166915
166918
166921
166922
166922
166923
166923
166924
166922
166921
166921
166922
166924
166923
166922
166924
166923
166916
166916
166918
166918
166920
166925
166926
166925
166924
166924
166923
166923
166924
166921
166921
166924
166922
166919
166919
166920
166920
166919
166918
166916
166918
166919
166918
166915
166912
166912
166912
166913
166911
166908
166906
166907
166906
166905
166904
166904
166903
166902
166903
166903
166902
166904
166903
166900
166899
166900
166900
166897
166894
166897
166893
166891
166892
166892
166891
166892
166894
166895
166894
166893
166896
166899
166898
166896
166897
166898
166900
166897
166895
166893
166893
166894
166888
166886
166883
166883
166883
166880
166878
166879
166880
166884
166885
166886
166886
166889
166889
166886
166884
166884
166887
166887
166884
166880
166880
166885
166885
166884
166884
166885
166889
166889
166888
166889
166894
166897
166901
166899
166896
166899
166905
166903
166897
166893
166891
166891
166894
166892
166889
166888
166892
166894
166894
166893
166891
166892
166894
166894
166894
166899
166904
166906
166907
166906
166905
166902
166903
166902
166900
166900
166902
166900
166897
166896
166896
166900
166902
166898
166896
166896
166900
166905
166902
166901
166901
166901
166903
166902
166897
166895
166896
166896
166895
166892
166892
166892
166892
166890
166892
166892
166892
166895
166896
166896
166900
166904
166903
166901
166901
166896
166893
166891
166891
166889
166887
166890
166890
166888
166889
166889
166892
166893
166895
166895
166893
166894
166898
166900
166894
166893
166897
166901
166900
166899
166898
166895
166895
166894
166891
166893
166896
166900
166899
166898
166898
166893
166895
166894
166893
166895
166894
166897
166900
166897
166895
166898
166898
166900
166894
166896
166901
166901
166902
166901
166898
166902
166903
166901
166900
166901
166904
166907
166906
166903
166903
166905
166903
166896
166891
166893
166894
166895
166896
166892
166891
166888
166889
166889
166887
166886
166886
166887
166888
166887
166886
166888
166887
166887
166885
166883
166882
166883
166883
166881
166880
166880
166882
166881
166879
166878
166880
166881
166882
166882
166882
166886
166887
166888
166885
166880
166881
166883
166884
166883
166882
166881
166882
166884
166885
166881
166879
166883
166883
166879
166879
166881
166880
166881
166882
166882
166880
166885
166882
166879
166878
166879
166880
166879
166878
166880
166879
166877
166876
166874
166873
166877
166881
166880
166879
166883
166887
166886
166882
166880
166877
166876
166875
166873
166876
166879
166878
166879
166880
166880
166880
166882
166882
166884
166885
166887
166892
166896
166895
166892
166888
166890
166893
166894
166893
166896
166898
166895
166892
166893
166894
166897
166903
166903
166899
166898
166900
166900
166898
166899
166899
166901
166901
166901
166900
166899
166901
166899
166897
166898
166898
166896
166897
166899
166901
166903
166903
166902
166901
166903
166902
166904
166906
166908
166909
166909
166912
166915
166913
166906
166902
166904
166906
166904
166905
166905
166905
166906
166907
166910
166908
166909
166907
166907
166906
166906
166909
166910
166909
166910
166908
166905
166902
166900
166902
166902
166903
166903
166904
166902
166898
166902
166905
166905
166901
166900
166904
166906
166903
166904
166907
166906
166907
166907
166907
166908
166908
166912
166910
166906
166907
166908
166909
166910
166907
166907
166908
166912
166911
166908
166909
166906
166907
166911
166910
166909
166907
166910
166910
166907
166907
166907
166910
166910
166909
166907
166905
166903
166904
166905
166906
166907
166909
166910
166909
166908
166908
166911
166910
166912
166914
166913
166915
166915
166912
166912
166915
166917
166919
166918
166916
166917
166919
166920
166919
166920
166919
166921
166924
166919
166920
166920
166921
166921
166919
166920
166925
166926
166923
166917
166915
166916
166919
166915
166916
166918
166916
166914
166913
166911
166909
166910
166910
166911
166909
166908
166905
166902
166899
166901
166903
166908
166908
166907
166903
166902
166906
166909
166909
166908
166909
166909
166910
166914
166912
166910
166910
166909
166909
166910
166908
166907
166909
166909
166908
166908
166908
166907
166908
166904
166900
166900
166904
166903
166900
166901
166902
166902
166902
166900
166901
166903
166905
166904
166902
166902
166907
166904
166902
166900
166898
166899
166899
166899
166897
166893
166893
166894
166892
166892
166889
166890
166893
166892
166889
166891
166894
166892
166887
166885
166882
166882
166880
166878
166878
166878
166878
166877
166873
166872
166875
166873
166878
166881
166876
166874
166875
166879
166881
166881
166884
166885
166888
166891
166889
166888
166891
166897
166897
166897
166901
166902
166901
166898
166898
166901
166907
166908
166904
166902
166906
166907
166905
166904
166906
166906
166904
166904
166906
166902
166899
166900
166903
166905
166905
166904
166906
166906
166906
166902
166904
166908
166912
166914
166917
166916
166920
166920
166919
166917
166918
166921
166924
166924
166925
166927
166930
166929
166927
166927
166930
166932
166933
166932
166931
166929
166930
166931
166929
166930
166929
166929
166932
166939
166941
166944
166945
166947
166949
166952
166955
166956
166959
166960
166958
166957
166954
166953
166958
166959
166956
166955
166956
166956
166955
166956
166958
166957
166956
166956
166955
166957
166956
166954
166951
166949
166949
166947
166950
166950
166949
166949
166949
166951
166949
166947
166947
166947
166944
166941
166937
166935
166935
166935
166931
166928
166925
166923
166925
166928
166926
166927
166931
166933
166932
166932
166935
166935
166936
166940
166941
166940
166943
166943
166942
166940
166940
166944
166944
166944
166943
166946
166949
166950
166949
166946
166949
166951
166948
166946
166942
166942
166943
166943
166941
166934
166931
166933
166932
166930
166926
166929
166933
166933
166932
166929
166930
166934
166936
166932
166933
166932
166934
166938
166935
166932
166932
166931
166929
166925
166923
166924
166926
166929
166925
166926
166929
166931
166931
166929
166927
166929
166932
166931
166928
166928
166927
166927
166927
166926
166925
166922
166922
166925
166926
166928
166932
166936
166936
166937
166934
166934
166936
166938
166935
166937
166939
166936
166936
166932
166929
166932
166934
166933
166938
166939
166937
166936
166937
166938
166938
166940
166943
166943
166943
166941
166942
166943
166941
166941
166941
166940
166937
166934
166931
166930
166930
166930
166928
166929
166931
166931
166934
166938
166942
166941
166938
166940
166942
166944
166940
166939
166942
166943
166940
166938
166935
166934
166933
166930
166928
166930
166934
166934
166933
166935
166937
166938
166940
166938
166938
166937
166939
166940
166940
166939
166939
166939
166939
166937
166932
166928
166927
166926
166925
166924
166925
166928
166933
166932
166929
166928
166929
166931
166932
166931
166933
166937
166938
166937
166937
166935
166931
166927
166925
166926
166926
166926
166926
166925
166925
166925
166927
166928
166925
166924
166927
166929
166929
166931
166934
166935
166941
166943
166940
166941
166943
166945
166945
