166930
166932
166934
166935
166936
166934
166932
166932
166931
166929
166930
166931
166935
166933
166932
166930
166932
166934
166933
166932
166934
166937
166937
166935
166935
166935
166939
166941
166942
166945
166946
166947
166948
166947
166945
166940
166942
166945
166946
166943
166940
166940
166940
166939
166938
166938
166942
166944
166940
166936
166936
166935
166937
166938
166937
166936
166938
166936
166934
166934
166932
166932
166936
166932
166932
166929
166928
166931
166930
166930
166928
166927
166929
166929
166928
166928
166930
166930
166929
166927
166924
166923
166923
166921
166922
166924
166923
166924
166923
166919
166919
166922
166925
166923
166922
166919
166918
166920
166916
166915
166916
166918
166918
166916
166914
166915
166911
166909
166910
166910
166907
166908
166912
166913
166909
166908
166908
166907
166908
166909
166909
166911
166915
166915
166915
166912
166913
166918
166920
166919
166916
166918
166919
166915
166911
166910
166913
166916
166915
166913
166914
166917
166919
166916
166914
166914
166916
166920
166922
166918
166916
166918
166921
166914
166911
166913
166916
166916
166915
166916
166917
166916
166916
166915
166910
166911
166913
166912
166910
166911
166912
166913
166914
166916
166916
166918
166923
166926
166924
166925
166931
166934
166935
166938
166940
166939
166941
166942
166943
166944
166944
166946
166949
166949
166949
166947
166946
166948
166949
166950
166950
166950
166950
166951
166952
166950
166952
166955
166957
166954
166951
166951
166951
166953
166953
166953
166955
166956
166954
166951
166946
166948
166949
166948
166945
166944
166944
166944
166943
166942
166939
166940
166941
166942
166942
166941
166942
166945
166943
166942
166938
166935
166936
166938
166937
166935
166935
166934
166931
166924
166920
166920
166921
166921
166917
166914
166916
166915
166917
166918
166912
166912
166913
166913
166911
166910
166910
166910
166915
166915
166911
166911
166913
166913
166913
166913
166916
166919
166918
166917
166915
166916
166918
166917
166916
166917
166917
166916
166914
166910
166909
166906
166903
166903
166899
166896
166898
166902
166902
166898
166898
166901
166903
166901
166899
166901
166905
166908
166908
166910
166910
166911
166911
166909
166908
166908
166907
166907
166910
166910
166909
166910
166912
166910
166906
166903
166904
166906
166903
166901
166902
166908
166911
166907
166903
166903
166905
166906
166905
166904
166903
166908
166912
166914
166911
166908
166908
166911
166911
166907
166908
166911
166911
166914
166914
166914
166918
166922
166925
166924
166921
166924
166924
166923
166923
166921
166921
166921
166919
166915
166910
166907
166908
166909
166910
166913
166914
166917
166918
166917
166917
166920
166922
166924
166924
166928
166929
166925
166923
166920
166915
166912
166913
166915
166915
166917
166921
166921
166919
166916
166913
166915
166919
166923
166923
166926
166929
166928
166925
166926
166922
166922
166925
166924
166924
166923
166923
166926
166927
166924
166924
166923
166923
166924
166924
166926
166926
166924
166926
166925
166923
166922
166924
166922
166922
166922
166918
166915
166913
166915
166914
166912
166912
166909
166909
166908
166908
166908
166907
166903
166904
166907
166907
166905
166906
166908
166910
166911
166910
166909
166909
166912
166913
166911
166907
166906
166904
166903
166902
166899
166897
166896
166901
166899
166897
166896
166895
166895
166893
166893
166894
166896
166901
166900
166899
166899
166898
166898
166897
166894
166892
166896
166895
166892
166891
166891
166889
166886
166885
166883
166885
166885
166888
166889
166888
166888
166887
166889
166887
166886
166885
166885
166885
166882
166881
166883
166885
166884
166882
166880
166885
166891
166895
166895
166895
166895
166896
166897
166894
166891
166892
166892
166891
166888
166889
166888
166886
166885
166885
166883
166880
166883
166885
166883
166880
166878
166879
166879
166877
166873
166876
166877
166875
166875
166874
166874
166872
166870
166868
166869
166871
166876
166878
166879
166880
166876
166874
166874
166874
166870
166868
166870
166871
166869
166868
166869
166868
166868
166869
166868
166869
166871
166873
166872
166872
166873
166872
166873
166877
166874
166873
166876
166879
166876
166873
166872
166874
166874
166873
166874
166872
166872
166874
166874
166872
166870
166868
166870
166872
166869
166869
166871
166875
166875
166870
166870
166871
166870
166871
166871
166867
166868
166872
166871
166872
166873
166875
166875
166875
166875
166874
166868
166866
166865
166865
166865
166863
166864
166864
166864
166863
166860
166860
166862
166866
166872
166874
166874
166872
166872
166873
166875
166874
166872
166874
166876
166876
166877
166875
166873
166873
166876
166878
166874
166874
166877
166881
166881
166878
166876
166878
166882
166883
166883
166882
166885
166888
166889
166888
166889
166889
166891
166892
166893
166895
166892
166892
166895
166891
166887
166886
166886
166883
166878
166873
166875
166877
166875
166872
166871
166870
166867
166866
166865
166867
166868
166868
166869
166868
166865
166867
166867
166867
166869
166866
166862
166863
166861
166859
166857
166859
166860
166863
166862
166860
166861
166861
166861
166860
166859
166859
166859
166862
166861
166859
166861
166862
166862
166859
166854
166853
166858
166862
166859
166856
166857
166860
166861
166859
166857
166859
166861
166860
166858
166856
166855
166859
166861
166861
166861
166863
166863
166867
166865
166865
166866
166864
166867
166870
166872
166869
166870
166873
166874
166871
166869
166871
166874
166872
166872
166878
166878
166878
166878
166878
166877
166874
166870
166871
166869
166866
166867
166866
166866
166863
166864
166867
166869
166868
166870
166873
166876
166878
166881
166880
166881
166881
166882
166878
166877
166879
166882
166886
166887
166885
166884
166884
166884
166882
166880
166880
166883
166885
166881
166876
166874
166874
166875
166874
166872
166875
166876
166878
166875
166869
166870
166874
166877
166877
166879
166879
166880
166880
166877
166872
166871
166875
166880
166881
166878
166881
166887
166890
166888
166887
166890
166891
166890
166888
166887
166883
166879
166877
166877
166873
166871
166873
166875
166876
166881
166890
166894
166897
166899
166902
166906
166909
166910
166909
166909
166909
166909
166908
166906
166904
166902
166899
166895
166890
166889
166891
166895
166896
166897
166898
166903
166905
166904
166901
166900
166900
166902
166902
166899
166897
166897
166901
166903
166902
166901
166903
166907
166910
166912
166912
166916
166917
166914
166912
166909
166906
166907
166904
166899
166895
166893
166890
166886
166885
166881
166878
166876
166877
166881
166884
166888
166892
166895
166894
166893
166894
166893
166888
166884
166880
166881
166882
166879
166879
166872
166869
166871
166873
166875
166877
166886
166893
166897
166896
166892
166894
166897
166898
166895
166890
166892
166893
166893
166888
166882
166881
166884
166887
166889
166888
166889
166891
166892
166891
166891
166891
166889
166889
166888
166884
166881
166878
166876
166873
166872
166874
166873
166871
166872
166869
166868
166871
166868
166867
166870
166873
166870
166870
166869
166868
166869
166872
166871
166866
166869
166870
166867
166864
166860
166858
166856
166859
166861
166860
166860
166858
166858
166859
166859
166859
166859
166861
166864
166863
166861
166858
166856
166856
166856
166855
166857
166861
166863
166861
166861
166863
166863
166864
166860
166861
166864
166865
166861
166857
166857
166859
166859
166862
166858
166855
166856
166856
166855
166854
166853
166855
166858
166857
166857
166855
166851
166853
166854
166850
166850
166851
166852
166851
166852
166849
166846
166851
166856
166856
166856
166859
166862
166863
166865
166863
166860
166862
166860
166858
166858
166857
166862
166862
166862
166860
166860
166861
166860
166857
166854
166854
166854
166853
166853
166855
166854
166853
166853
166850
166846
166846
166848
166847
166847
166848
166849
166848
166847
166845
166844
166846
166846
166846
166846
166848
166848
166849
166847
166846
166846
166848
166850
166852
166851
166850
166852
166849
166849
166848
166847
166847
166850
166852
166851
166851
166855
166858
166856
166858
166861
166861
166864
166865
166866
166865
166865
166869
166869
166866
166864
166867
166871
166874
166871
166871
166875
166873
166873
166873
166874
166874
166877
166879
166879
166876
166876
166880
166879
166879
166881
166884
166886
166886
166883
166877
166875
166877
166877
166876
166874
166880
166883
166883
166880
166878
166878
166880
166881
166880
166876
166875
166875
166875
166875
166875
166874
166875
166873
166869
166864
166863
166865
166864
166860
166859
166862
166862
166859
166854
166854
166854
166856
166854
166856
166855
166854
166852
166854
166851
166848
166847
166848
166848
166846
166847
166849
166850
166850
166847
166846
166845
166846
166846
166843
166840
166840
166839
166839
166839
166837
166838
166839
166837
166836
166832
166830
166828
166829
166828
166826
166826
166827
166822
166818
166820
166821
166818
166817
166814
166813
166816
166819
166819
166815
166812
166812
166816
166816
166813
166813
166815
166816
166818
166820
166821
166820
166821
166824
166824
166821
166822
166827
166832
166836
166838
166838
166836
166836
166835
166834
166836
166838
166839
166839
166840
166846
166849
166851
166850
166849
166851
166853
166854
166852
166850
166852
166857
166856
166854
166851
166853
166852
166852
166850
166850
166851
166856
166857
166856
166858
166863
166867
166868
166864
166863
166868
166874
166877
166876
166874
166876
166877
166876
166872
166868
166868
166871
166871
166869
166870
166870
166868
166869
166872
166873
166875
166878
166880
166880
166885
166884
166886
166890
166889
166884
166884
166886
166887
166886
166883
166883
166885
166885
166880
166879
166881
166881
166879
166877
166873
166873
166875
166875
166872
166867
166866
166866
166871
166871
166865
166866
166866
166865
166863
166862
166860
166863
166866
166863
166862
166862
166862
166862
166863
166865
166865
166866
166867
166868
166865
166865
166866
166862
166860
166859
166862
166863
166862
166859
166858
166860
166860
166859
166856
166854
166858
166861
166859
166858
166860
166862
166863
166860
166858
166856
166856
166858
166860
166856
166854
166856
166858
166855
166852
166849
166848
166850
166851
166851
166849
166850
166853
166855
166854
166853
166852
166850
166851
166851
166846
166846
166848
166851
166850
166847
166847
166846
166844
166843
166844
166843
166845
166845
166846
166846
166847
166847
166847
166849
166850
166853
166852
166846
166840
166839
166844
166847
166847
166846
166845
166849
166850
166845
166844
166842
166845
166849
166848
166845
166843
166844
166847
166843
166839
166839
166839
166841
166842
166838
166839
166839
166838
166841
166840
166839
166840
166842
166842
166840
166840
166841
166842
166846
166846
166844
166843
166843
166846
166846
166845
166847
166850
166851
166853
166850
166851
166855
166855
166854
166852
166854
166858
166859
166860
166860
166862
166865
166864
166862
166861
166861
166863
166864
166864
166861
166861
166861
166861
166858
166856
166858
166860
166862
166860
166860
166862
166863
166862
166862
166861
166862
166865
166869
166875
166878
166873
166877
166879
166879
166878
166878
166879
166878
166878
166877
166878
166876
166875
166876
166879
166880
166879
166880
166880
166882
166883
166882
166878
166877
166881
166883
166882
166878
166879
166881
166882
166877
166873
166874
166876
166874
166874
166874
166875
166877
166878
166874
166872
166870
166868
166868
166868
166866
166862
166862
166863
166859
166856
166852
166849
166850
166851
166849
166846
166847
166853
166851
166847
166846
166844
166846
166846
166845
166843
166845
166848
166850
166850
166848
166848
166850
166851
166850
166849
166852
166852
166853
166852
166846
166845
166845
166847
166847
166848
166849
166850
166851
166852
166853
166852
166853
166853
166852
166850
166849
166851
166851
166851
166848
166843
166844
166845
166842
166841
166842
166845
166849
166846
166844
166844
166843
166843
166844
166845
166847
166848
166850
166853
166851
166850
166851
166853
166851
166848
166850
166850
166853
166852
166852
166850
166851
166853
166851
166851
166852
166853
166852
166852
166853
166852
166852
166853
166850
166848
166849
166848
166849
166850
166850
166848
166852
166853
166849
166849
166851
166851
166851
166852
166854
166851
166850
166854
166853
166854
166856
166857
166860
166861
166861
166860
166859
166860
166860
166861
166862
166864
166865
166865
166862
166862
166860
166860
166862
166864
166864
166866
166869
166869
166866
166867
166867
166866
166866
166866
166864
166865
166865
166865
166862
166865
166864
166860
166856
166856
166859
166860
166863
166863
166860
166862
166861
166858
166858
166860
166860
166862
166863
166860
166857
166857
166856
166857
166857
166855
166851
166851
166853
166854
166853
166851
166853
166853
166852
166850
166848
166846
166851
166851
166849
166851
166854
166851
166847
166847
166847
166849
166849
166850
166849
166849
166849
166845
166843
166843
166843
166845
166846
166843
166843
166843
166844
166845
166844
166842
166840
166842
166844
166840
166834
166831
166832
166833
166828
166823
166823
166825
166826
166822
166820
166818
166817
166818
166817
166812
166809
166812
166809
166806
166805
166803
166805
166809
166808
166807
166808
166809
166811
166809
166808
166812
166814
166818
166821
166822
166822
166825
166829
166827
166825
166828
166832
166836
166836
166832
166832
166834
166832
166829
166828
166831
166833
166837
166838
166835
166838
166838
166837
166837
166836
166838
166842
166845
166850
166847
166846
166849
166850
166849
166850
166853
166853
166853
166853
166852
166852
166849
166848
166848
166850
166853
166855
166857
166857
166858
166860
166861
166864
166866
166868
166871
166875
166879
166881
166885
166887
166887
166888
166889
166891
166892
166894
166893
166889
166890
166891
166887
166887
166886
166886
166885
166884
166883
166881
166879
166879
166876
166875
166877
166877
166878
166880
166877
166875
166876
166871
166870
166874
166873
166870
166867
166868
166870
166873
166872
166871
166872
166875
166874
166876
166877
166877
166880
166880
166875
166872
166874
166879
166882
166886
166886
166890
166894
166888
166884
166885
166889
166892
166889
166889
166888
166887
166886
166878
166876
166879
166885
166885
166884
166884
166881
166877
166875
166873
166874
166880
166880
166881
166880
166874
166874
166876
166874
166870
166870
166869
166869
166867
166863
166864
166863
166865
166867
166864
166867
166867
166866
166867
166865
166865
166867
166866
166861
166861
166862
166860
166860
166861
166860
166860
166863
166865
166861
166858
166858
166860
166863
166865
166863
166858
166856
166856
166855
166854
166854
166856
166859
166858
166853
166848
166850
166850
166849
166850
166849
166851
166851
166849
166847
166843
166843
166849
166850
166848
166848
166845
166846
166849
166849
166850
166857
166860
166864
166863
166862
166862
166865
166866
166861
166859
166863
166864
166862
166861
166861
166861
166863
166864
166863
166861
166861
166864
166864
166861
166857
166859
166863
166862
166860
166861
166862
166858
166856
166850
166846
166843
166846
166848
166849
166848
166850
166851
166852
166853
166856
166860
166863
166863
166862
166865
166863
166864
166865
166867
166868
166869
166872
166874
166874
166872
166870
166868
166866
166866
166866
166865
166867
166870
166869
166872
166874
166877
166880
166879
166883
166885
166887
166892
166893
166895
166895
166895
166893
166892
166891
166888
166886
166887
166885
166884
166883
166882
166882
166883
166880
166877
166880
166882
166880
166881
166884
166885
166886
166887
166886
166887
166892
166893
166895
166891
166890
166892
166886
166882
166879
166880
166882
166882
166878
166877
166878
166881
166879
166876
166873
166879
166879
166877
166874
166871
166872
166875
166873
166870
166872
166871
166870
166870
166868
166863
166863
166864
166867
166865
166862
166860
166859
166860
166859
166854
166853
166856
166858
166857
166852
166851
166854
166857
166853
166852
166853
166856
166856
166858
166860
166860
166865
166870
166873
166873
166874
166874
166874
166876
166874
166878
166879
166878
166875
166872
166870
166871
166872
166870
166868
166870
166875
166873
166871
166870
166868
166869
166869
166868
166868
166866
166867
166868
166867
166864
166864
166867
166867
166867
166866
166866
166870
166873
166871
166868
166867
166863
166862
166863
166863
166865
166867
166863
166861
166860
166857
166856
166858
166858
166856
166858
166862
166863
166863
166859
166857
166858
166860
166863
166862
166861
166864
166864
166859
166860
166862
166860
166859
166857
166853
166851
166853
166854
166855
166853
166852
166852
166852
166850
166849
166849
166852
166855
166855
166851
166851
166852
166850
166848
166849
166848
166849
166849
166849
166847
166849
166850
166850
166849
166849
166848
166848
166849
166846
166843
166842
166841
166840
166839
166837
166836
166837
166834
166834
166832
166834
166835
166837
166834
166830
166832
166833
166834
166832
166828
166827
166830
166825
166823
166820
166818
166822
166823
166817
166819
166822
166823
166823
166823
166824
166826
166829
166831
166832
166829
166830
166834
166833
166829
166829
166834
166842
166846
166845
166845
166847
166852
166857
166859
166864
166874
166880
166881
166879
166883
166887
166891
166894
166894
166894
166899
166904
166904
166907
166904
166905
166908
166910
166909
166909
166911
166914
166915
166912
166914
166916
166918
166916
166917
166918
166917
166922
166923
166920
166917
166918
166922
166921
166917
166913
166914
166913
166913
166913
166911
166912
166914
166912
166906
166905
166905
166908
166907
166908
166911
166915
166915
166911
166909
166909
166906
166904
166901
166899
166899
166901
166904
166902
166901
166902
166902
166900
166898
166897
166897
166900
166905
166903
166898
166897
166895
166894
166894
166891
166890
166891
166890
166886
166886
166885
166881
166878
166875
166874
166873
166877
166879
166876
166873
166873
166875
166876
166873
166870
166869
166869
166867
166867
166864
166860
166858
166858
166860
166855
166852
166853
166853
166852
166849
166848
166848
166846
166844
166841
166841
166840
166839
166838
166837
166836
166838
166836
166833
166831
166831
166832
166834
166836
166836
166833
166835
166834
166834
166830
166829
166831
166832
166831
166829
166830
166827
166825
166826
166825
166825
166828
166831
166833
166831
166832
166834
166836
166834
166829
166827
166826
166826
166824
166824
166823
166823
166821
166821
166821
166823
166827
166826
166826
166828
166829
166828
166828
166829
166827
166827
166830
166833
166836
166834
166833
166835
166836
166834
166832
166832
166834
166835
166833
166832
166831
166834
166836
166831
166827
166829
166832
166832
166830
166831
166833
166833
166836
166838
166840
166841
166843
166849
166849
166850
166847
166845
166846
166848
166847
166848
166847
166847
166847
166841
166839
166840
166840
166839
166838
166841
166846
166846
166847
166849
166850
166852
166855
166858
166853
166852
166853
166856
166857
166856
166857
166855
166859
166861
166859
166858
166859
166861
166861
166858
166857
166859
166859
166857
166857
166857
166859
166862
166862
166860
166856
166858
166858
166858
166855
166853
166855
166860
166859
166861
166856
166853
166855
166855
166854
166851
166851
166855
166856
166860
166862
166862
166860
166859
166857
166856
166858
166862
166862
166864
166867
166866
166864
166860
166856
166855
166857
166858
166856
166856
166861
166864
166862
166859
166855
166853
166852
166853
166855
166855
166856
166859
166859
166859
166856
166855
166856
166854
166856
166857
166856
166857
166859
166860
166860
166859
166860
166859
166859
166858
166857
166856
166856
166855
166856
166854
166852
166851
166853
166850
166846
166849
166850
166847
166844
166846
166848
166847
166848
166848
166844
166844
166846
166847
166844
166844
166848
166852
166851
166848
166845
166843
166844
166844
166843
166842
166843
166850
166852
166849
166848
166850
166852
166852
166853
166851
166854
166858
166859
166860
166862
166865
166865
166865
166863
166861
166858
166855
166853
166850
166847
166848
166850
166848
166846
166846
166844
166844
166844
166848
166850
166850
166852
166851
166849
166849
166847
166847
166848
166849
166849
166848
166846
166846
166845
166843
166845
166849
166853
166856
166855
166855
166854
166852
166850
166849
166850
166853
166854
166855
166853
166854
166853
166849
166847
166849
166851
166852
166851
166849
166852
166852
166852
166846
166841
166839
166841
166842
166842
166842
166842
166842
166842
166837
166835
166836
166836
166838
166838
166838
166837
166839
166841
166839
166834
166833
166835
166837
166836
166834
166835
166837
166835
166831
166828
166827
166828
166831
166831
166833
166832
166831
166833
166833
166830
166830
166832
166832
166834
166831
166828
166829
166831
166832
166834
166831
166832
166832
166829
166829
166831
166834
166836
166837
166834
166829
166830
166834
166833
166831
166833
166836
166840
166837
166834
166833
166836
166839
166841
166841
166843
166842
166842
166841
166839
166838
166842
166846
166842
166836
166837
166838
166834
166831
166829
166828
166831
166832
166830
166827
166826
166827
166832
166829
166831
166833
166837
166838
166835
166838
166836
166834
166839
166842
166840
166840
166841
166843
166840
166838
166838
166838
166840
166838
166836
166833
166838
166842
166843
166844
166843
166843
166847
166846
166846
166848
166849
166847
166845
166841
166840
166841
166842
166842
166840
166841
166845
166846
166842
166840
166838
166839
166843
166846
166844
166842
166844
166842
166841
166841
166842
166843
166845
166844
166839
166840
166844
166842
166837
166835
166834
166832
166833
166831
166832
166835
166835
166835
166830
166827
166827
166828
166828
166824
166825
166824
166827
166827
166822
166819
166817
166816
166816
166813
166813
166814
166817
166819
166817
166815
166811
166809
166807
166804
166805
166806
166810
166809
166807
166806
166803
166804
166805
166804
166805
166806
166808
166811
166810
166805
166801
166800
166799
166799
166799
166798
166801
166805
166801
166796
166792
166792
166795
166796
166797
166801
166800
166800
166798
166798
166801
166802
166806
166808
166807
166806
166808
166809
166805
166806
166808
166810
166809
166807
166802
166802
166807
166807
166805
166806
166808
166809
166812
166813
166812
166813
166817
166819
166817
166815
166816
166817
166818
166819
166818
166818
166819
166822
166822
166821
166820
166825
166829
166830
166829
166824
166826
166825
166825
166825
166826
166827
166827
166830
166827
166824
166822
166822
166821
166822
166825
166829
166830
166828
166824
166825
166825
166823
166824
166822
166825
166828
166829
166828
166829
166829
166829
166826
166825
166828
166829
166829
166832
166832
166833
166834
166831
166834
166834
166832
166830
166832
166832
166831
166831
166831
166832
166828
166823
166823
166825
166826
166827
166829
166826
166823
166821
166825
166825
166826
166828
166829
166830
166826
166821
166825
166829
166831
166833
166831
166830
166830
166833
166832
166832
166834
166836
166835
166836
166836
166836
166836
166834
166831
166828
166830
166831
166828
166829
166829
166828
166827
166828
166827
166828
166827
166827
166829
166830
166830
166829
166830
166831
166826
166822
166822
166824
166825
166824
166822
166820
166823
166828
166826
166825
166824
166826
166825
166825
166824
166822
166827
166828
166827
166827
166824
166822
166820
166816
166816
166817
166821
166824
166825
166825
166824
166822
166824
166822
166817
166818
166818
166817
166820
166822
166819
166819
166819
166818
166817
166818
166818
166817
166818
166816
166816
166817
166817
166813
166812
166814
166815
166815
166813
166813
166811
166810
166811
166811
166811
166813
166814
166815
166814
166810
166811
166811
166811
166809
166809
166812
166812
166811
166812
166809
166807
166811
166814
166809
166805
166807
166813
166811
166807
166809
166809
166810
166812
166807
166804
166804
166808
166810
166803
166800
166802
166805
166806
166805
166803
166802
166804
166805
166805
166803
166801
166804
166802
166798
166797
166799
166802
166805
166805
166804
166806
166808
166809
166809
166806
166804
166805
166804
166805
166807
166807
166808
166808
166808
166810
166808
166809
166809
166812
166813
166813
166812
166811
166809
166808
166809
166809
166812
166812
166807
166809
166813
166813
166813
166810
166812
166817
166816
166815
166817
166819
166821
166820
166819
166820
166821
166821
166820
166818
166818
166816
166816
166818
166817
166818
166821
166819
166817
166815
166814
166817
166817
166815
166815
166816
166818
166817
166816
166815
166810
166813
166816
166818
166818
166818
166819
166817
166814
166812
166813
166813
166812
166815
166816
166815
166815
166815
166818
166815
166812
166811
166812
166814
166818
166821
166818
166817
166816
166816
166813
166811
166811
166813
166815
166816
166817
166819
166819
166816
166815
166816
166816
166818
166821
166819
166819
166822
166821
166817
166817
166819
166820
166819
166819
166820
166824
166821
166817
166818
166820
166818
166818
166818
166818
166819
166820
166821
166820
166820
166818
166821
166825
166823
166822
166820
166822
166823
166822
166818
166817
166823
166827
166828
166826
166823
166824
166825
166825
166822
166819
166819
166820
166819
166817
166811
166808
166808
166809
166808
166804
166801
166800
166802
166799
166796
166796
166799
166798
166797
166796
166794
166794
166798
166798
166799
166802
166800
166802
166801
166797
166795
166796
166797
166795
166794
166793
166793
166795
166791
166789
166790
166790
166791
166794
166794
166794
166795
166793
166794
166792
166791
166795
166800
166803
166804
166805
166804
166802
166800
166798
166798
166800
166802
166800
166798
166800
166802
166800
166798
166796
166797
166798
166799
166802
166801
166799
166804
166807
166803
166800
166804
166808
166810
166810
166804
166803
166806
166809
166805
166802
166806
166812
166815
166810
166808
166806
166810
166810
166805
166805
166808
166812
166811
166804
166800
166800
166802
166805
166806
166804
166807
166810
166809
166806
166803
166802
166803
166806
166806
166804
166807
166811
166813
166811
166806
166806
166807
166807
166806
166805
166803
166804
166804
166806
166807
166807
166808
166812
166807
166805
166804
166802
166804
166802
166799
166796
166799
166805
166802
166798
166801
166802
166802
166802
166799
166799
166802
166803
166800
166796
166799
166802
166801
166801
166803
166802
166802
166800
166797
166792
166791
166795
166798
166800
166802
166800
166798
166798
166794
166790
166790
166793
166795
166795
166796
166798
166796
166794
166790
166787
166784
166791
166793
166789
166788
166791
166790
166786
166784
166784
166785
166784
166786
166787
166785
166788
166788
166786
166786
166787
166789
166791
166792
166795
166798
166795
166794
166795
166796
166795
166797
166801
166801
166799
166798
166796
166793
166791
166792
166793
166794
166799
166800
166798
166796
166799
166801
166800
166797
166797
166802
166805
166804
166802
166802
166800
166803
166805
166805
166804
166803
166805
166806
166807
166807
166804
166804
166805
166805
166804
166804
166804
166801
166802
166802
166802
166802
166802
166801
166803
166805
166804
166802
166801
166801
166798
166796
166793
166791
166792
166796
166799
166799
166801
166798
166797
166801
166798
166795
166795
166799
166802
166801
166797
166794
166792
166792
166792
166788
166785
166784
166785
166791
166787
166781
166780
166782
166784
166780
166776
166779
166788
166788
166783
166780
166780
166782
166780
166780
166778
166779
166783
166786
166783
166778
166778
166781
166781
166780
166780
166781
166787
166787
166786
166782
166780
166785
166784
166782
166783
166784
166787
166787
166787
166788
166788
166784
166784
166786
166785
166786
166787
166789
166791
166791
166790
166791
166791
166793
166794
166796
166797
166796
166795
166796
166795
166793
166792
166795
166797
166796
166796
166797
166795
166797
166801
166803
166801
166800
166800
166798
166800
166802
166801
166800
166805
166809
166811
166808
166804
166806
166809
166811
166812
166811
166812
166818
166822
166819
166816
166815
166815
166815
166813
166811
166815
166820
166820
166820
166815
166815
166813
166812
166811
166811
166813
166810
166810
166810
166809
166808
166808
166808
166805
166800
166801
166799
166800
166799
166797
166799
166800
166799
166796
166795
166798
166802
166803
166803
166801
166800
166799
166799
166793
166792
166794
166792
166790
166792
166790
166788
166789
166789
166788
166788
166791
166789
166788
166785
166784
166788
166790
166789
166787
166783
166782
166785
166784
166780
166781
166784
166785
166782
166780
166780
166779
166778
166777
166774
166773
166775
166778
166777
166775
166773
166771
166771
166770
166771
166770
166772
166779
166783
166782
166781
166783
166784
166784
166778
166780
166782
166781
166781
166779
166775
166776
166777
166774
166772
166768
166766
166765
166768
166765
166761
166760
166760
166759
166756
166756
166757
166757
166760
166760
166760
166757
166758
166761
166762
166759
166761
166764
166763
166763
166762
166759
166760
166764
166764
166762
166762
166765
166764
166764
166767
166768
166770
166771
166773
166775
166779
166780
166781
166783
166783
166785
166786
166787
166787
166788
166790
166795
166796
166796
166797
166799
166800
166802
166801
166798
166801
166805
166804
166806
166808
166811
166815
166815
166816
166820
166823
166827
166825
166827
166831
166837
166838
166835
166835
166834
166834
166835
166834
166836
166836
166838
166839
166837
166834
166832
166833
166835
166836
166836
166837
166841
166846
166846
166843
166843
166845
166848
166848
166845
166844
166848
166850
166849
166849
166849
166847
166845
166848
166849
166846
166844
166847
166848
166845
166846
166847
166846
166843
166843
166842
166843
166846
166848
166849
166849
166850
166854
166854
166848
166846
166848
166853
166852
166850
166851
166853
166852
166852
166846
166844
166844
166842
166843
166841
166838
166839
166840
166843
166841
166840
166839
166839
166841
166838
166835
166836
166836
166835
166834
166834
166833
166832
166831
166828
166824
166820
166819
166820
166817
166816
166816
166818
166819
166817
166814
166818
166820
166819
166821
166823
166827
166829
166831
166831
166829
166828
166829
166828
166827
166825
166829
166830
166827
166823
166819
166814
166815
166812
166808
166809
166812
166812
166811
166811
166810
166811
166813
166814
166815
166817
166819
166821
166817
166818
166821
166825
166826
166819
166815
166813
166815
166817
166816
166813
166812
166818
166821
166819
166813
166815
166821
166823
166823
166824
166824
166825
166827
166825
166819
166814
166813
166814
166813
166810
166807
166808
166809
166807
166805
166805
166806
166810
166812
166812
166814
166816
166820
166823
166820
166820
166820
166820
166821
166817
166814
166815
166816
166812
166809
166806
166804
166800
166798
166798
166795
166795
166794
166793
166796
166797
166799
166799
166798
166799
166803
166806
166804
166803
166802
166801
166800
166799
166797
166793
166793
166795
166793
166793
166795
166795
166794
166797
166797
166798
166798
166795
166796
166798
166795
166793
166792
166792
166787
166783
166780
166778
166777
166775
166773
166769
166766
166769
166771
166769
166767
166769
166773
166771
166775
166778
166784
166786
166786
166788
166787
166785
166787
166783
166777
166777
166777
166778
166776
166770
166769
166773
166773
166775
166774
166773
166774
166778
166781
166780
166781
166786
166789
166786
166782
166781
166781
166781
166782
166783
166782
166782
166780
166775
166775
166773
166772
166773
166775
166777
166777
166779
166782
166783
166783
166783
166787
166791
166791
166787
166789
166793
166795
166797
166796
166791
166790
166792
166792
166791
166791
166791
166793
166794
166791
166791
166794
166800
166799
166798
166800
166806
166809
166810
166814
166816
166813
166813
166814
166812
166811
166810
166815
166813
166812
166812
166810
166806
166805
166806
166805
166808
166807
166806
166807
166809
166810
166808
166810
166812
166812
166812
166814
166814
166813
166820
166823
166822
166820
166818
166818
166819
166820
166818
166815
166814
166819
166822
166819
166815
166814
166815
166821
166823
166822
166824
166835
166843
166839
166836
166838
166844
166848
166847
166846
166846
166849
166851
166848
166842
166838
166838
166839
166840
166838
166837
166840
166840
166839
166838
166839
166840
166845
166848
166850
166854
166857
166859
166858
166858
166858
166862
166867
166871
166870
166869
166872
166873
166872
166871
166868
166870
166871
166871
166870
166871
166872
166876
166875
166871
166872
166872
166873
166877
166878
166879
166882
166887
166886
166882
166881
166885
166886
166888
166889
166890
166892
166892
166893
166894
166891
166886
166883
166880
166877
166874
166875
166875
166873
166872
166870
166870
166870
166865
166862
166861
166864
166868
166869
166867
166861
166862
166865
166864
166858
166857
166857
166857
166856
166853
166852
166853
166855
166851
166845
166841
166843
166842
166839
166837
166836
166838
166837
166835
166836
166835
166831
166831
166832
166829
166826
166826
166827
166827
166826
166827
166829
166830
166829
166830
166831
166832
166833
166833
166831
166831
166828
166829
166827
166823
166823
166823
166823
166820
166815
166812
166811
166811
166814
166815
166813
166816
166819
166818
166815
166812
166814
166814
166813
166815
166816
166816
166816
166814
166811
166812
166815
166815
166816
166815
166816
166818
166817
166817
166814
166816
166818
166821
166818
166818
166821
166826
166831
166830
166828
166830
166834
166833
166830
166830
166831
166836
166840
166839
166835
166834
166837
166837
166832
166830
166833
166836
166838
166834
166830
166829
166829
166830
166827
166824
166824
166831
166835
166836
166834
166837
166840
166843
166844
166843
166845
166847
166847
166849
166849
166846
166846
166849
166845
166838
166838
166837
166837
166836
166834
166833
166835
166836
166836
166838
166841
166847
166851
166851
166854
166860
166863
166866
166871
166876
166882
166884
166887
166887
166886
166889
166890
166887
166888
166888
166886
166884
166881
166879
166875
166876
166878
166875
166874
166873
166873
166876
166877
166877
166878
166877
166875
166875
166874
166873
166872
166872
166873
166869
166866
166863
166865
166866
166867
166867
166870
166870
166871
166871
166870
166872
166875
166881
166879
166876
166875
166878
166880
166879
166880
166881
166883
166886
166887
166887
166889
166891
166891
166891
166891
166888
166886
166886
166885
166880
166876
166874
166872
166868
166863
166859
166857
166855
166855
166855
166855
166859
166859
166857
166857
166856
166857
166862
166864
166862
166863
166863
166863
166859
166856
166857
166857
166857
166857
166858
166857
166856
166857
166856
166854
166856
166858
166862
166864
166865
166866
166869
166873
166875
166875
166872
166874
166875
166871
166868
166867
166867
166866
166864
166862
166861
166856
166856
166856
166851
166853
166855
166857
166860
166859
166859
166859
166858
166856
166856
166858
166859
166859
166858
166854
166853
166853
166857
166855
166850
166850
166850
166846
166845
166843
166846
166850
166852
166850
166848
166851
166857
166856
166855
166855
166856
166857
166858
166860
166857
166860
166864
166865
166862
166860
166859
166856
166856
166857
166856
166852
166855
166856
166851
166849
166848
166848
166850
166850
166849
166849
166850
166853
166856
166855
166856
166860
166861
166861
166863
166862
166859
166863
166863
166860
166859
166861
166863
166862
166861
166860
166856
166858
166860
166857
166854
166855
166856
166855
166858
166859
166859
166863
166866
166867
166868
166870
166870
166871
166871
166870
166872
166875
166874
166874
166873
166873
166873
166871
166870
166872
166872
166871
166872
166869
166868
166865
166862
166862
166859
166860
166863
166864
166863
166863
166863
166868
166874
166873
166872
166877
166882
166881
166881
166882
166885
166888
166889
166887
166883
166880
166882
166882
166878
166876
166876
166876
166875
166871
166868
166869
166873
166873
166870
166869
166872
166877
166878
166874
166875
166881
166882
166881
166879
166876
166877
166877
166877
166875
166873
166873
166877
166877
166877
166876
166875
166879
166880
166881
166879
166879
166879
166881
166879
166875
166874
166878
166879
166875
166871
166871
166876
166877
166877
166876
166876
166879
166880
166878
166874
166876
166879
166876
166873
166874
166872
166876
166879
166876
166874
166876
166880
166880
166876
166875
166874
166875
166880
166876
166872
166872
166873
166872
166870
166869
166868
166871
166871
166866
166864
166868
166874
166875
166872
166871
166872
166874
166875
166874
166871
166872
166876
166877
166875
166874
166875
166878
166882
166882
166884
166883
166884
166886
166883
166881
166882
166882
166882
166882
166881
166881
166883
166887
166887
166884
166885
166887
166888
166891
166893
166894
166895
166898
166900
166897
166896
166895
166898
166895
166891
166893
166896
166899
166902
166902
166899
166900
166900
166898
166894
166894
166896
166896
166897
166897
166896
166896
166898
166894
166892
166891
166891
166893
166894
166891
166889
166887
166886
166886
166886
166890
166891
166891
166892
166891
166892
166894
166893
166891
166891
166895
166898
166898
166894
166892
166893
166894
166897
166895
166896
166896
166896
166895
166897
166897
166897
166899
166903
166906
166902
166901
166903
166905
166908
166908
166904
166906
166910
166910
166908
166906
166907
166907
166907
166905
166906
166908
166908
166910
166910
166910
166910
166915
166917
166915
166919
166922
166923
166923
166923
166928
166932
166933
166933
166931
166930
166931
166932
166932
166931
166932
166936
166934
166931
166930
166930
166926
166926
166926
166924
166925
166927
166926
166924
166923
166927
166927
166926
166927
166927
166928
166930
166930
166929
166928
166929
166928
166925
166925
166921
166922
166924
166924
166926
166925
166923
166924
166924
166923
166919
166920
166922
166920
166922
166923
166920
166920
166922
166917
166913
166913
166913
166914
166912
166909
166913
166914
166910
166909
166909
166911
166915
166915
166914
166912
166913
166912
166916
166915
166913
166912
166912
166912
166910
166911
166914
166916
166917
166915
166912
166916
166917
166916
166914
166912
166913
166916
166916
166915
166913
166908
166908
166909
166911
166912
166915
166915
166914
166916
166915
166912
166910
166910
166912
166913
166913
166913
166912
166912
166910
166910
166909
166910
166911
166910
166911
166913
166914
166913
166912
166913
166918
166917
166913
166912
166912
166913
166913
166912
166911
166910
166911
166910
166908
166910
166914
166915
166914
166912
166911
166912
166912
166911
166913
166911
166909
166909
166907
166908
166909
166910
166911
166911
166909
166908
166908
166907
166908
166909
166908
166908
166910
166910
166907
166908
166909
166910
166909
166905
166903
166903
166902
166902
166903
166907
166911
166911
166910
166911
166912
166913
166914
166916
166916
166920
166926
166924
166920
166920
166919
166918
166920
166920
166921
166921
166925
166926
166924
166924
166923
166922
166926
166925
166924
166927
166927
166929
166931
166928
166922
166920
166922
166926
166925
166924
166926
166927
166928
166927
166922
166922
166924
166924
166923
166922
166923
166923
166922
166923
166924
166921
166922
166925
166924
166923
166925
166927
166930
166932
166930
166930
166929
166933
166933
166929
166928
166932
166936
166937
166933
166932
166935
166933
166930
166930
166930
166931
166933
166934
166933
166933
166935
166939
166935
166931
166931
166933
166931
166930
166928
166931
166933
166933
166932
166932
166931
166929
166929
166930
166929
166927
166927
166928
166926
166926
166930
166930
166932
166934
166933
166935
166939
166938
166939
166940
166942
166940
166938
166932
166930
166929
166930
166929
166925
166925
166928
166929
166929
166926
166927
166928
166929
166931
166932
166932
166932
166934
166937
166937
166939
166942
166943
166943
166943
166943
166943
166944
166944
166942
166943
166944
166944
166942
166940
166942
166943
166941
166938
166936
166932
166930
166932
166933
166932
166930
166931
166932
166933
166931
166930
166930
166931
166932
166936
166936
166933
166934
166933
166930
166930
166929
166932
166936
166939
166938
166941
166940
166939
166939
166936
166933
166935
166940
166942
166941
166941
166940
166944
166940
166938
166942
166945
166946
166948
166949
166951
166954
166955
166952
166948
166948
166949
166950
166948
166950
166952
166953
166955
166955
166955
166954
166953
166952
166952
166953
166958
166963
166966
166965
166962
166961
166962
166962
166958
166956
166960
166964
166966
166962
166957
166958
166960
166963
166961
166958
166956
166957
166961
166961
166960
166960
166958
166956
166954
166955
166954
166954
166953
166951
166951
166954
166956
166956
166953
166952
166956
166961
166962
166962
166963
166963
166963
166966
166966
166966
166968
166972
166972
166970
166968
166965
166967
166967
166964
166964
166967
166970
166971
166969
166967
166967
166968
166968
166967
166966
166966
166967
166970
166972
166971
166970
166970
166968
166966
166962
166962
166962
166963
166964
166964
166964
166964
166966
166963
166960
166959
166960
166960
166961
166960
166963
166967
166966
166969
166968
166967
166969
166969
166967
166965
166967
166967
166968
166966
166967
166969
166968
166970
166967
166968
166972
166974
166975
166974
166973
166970
166970
166973
166977
166979
166982
166984
166985
166983
166981
166981
166981
166982
166984
166984
166987
166988
166989
166986
166985
166988
166990
166990
166990
166992
166992
166995
166995
166989
166988
166991
166992
166992
166992
166992
166996
167002
167003
167001
167000
167002
167005
167008
167007
167008
167013
167015
167013
167010
167009
167006
167006
167008
167007
167006
167007
167011
167012
167009
167005
167004
167009
167010
167008
167007
167009
167013
167016
167016
167012
167010
167009
167009
167008
167005
167006
167009
167009
167010
167010
167008
167008
167006
167003
167001
167002
167004
167004
167002
167002
167000
166997
166995
166995
166994
166995
166996
166994
166993
166991
166988
166986
166984
166980
166976
166976
166976
166976
166974
166972
166971
166970
166969
166966
166966
166967
166969
166970
166969
166969
166969
166968
166969
166966
166964
166965
166966
166966
166964
166961
166963
166965
166963
166962
166964
166964
166964
166965
166964
166966
166964
166960
166961
166960
166961
166964
166963
166964
166966
166965
166962
166959
166959
166964
166966
166969
166970
166971
166969
166969
166969
166972
166973
166971
166974
166978
166979
166974
166972
166975
166976
166976
166977
166976
166976
166975
166978
166976
166973
166976
166977
166980
166979
166980
166978
166977
166978
166978
166980
166980
166978
166979
166982
166982
166983
166982
166983
166987
166987
166985
166984
166986
166988
166986
166985
166986
166988
166991
166991
166988
166989
166991
166990
166988
166989
166993
166995
166994
166992
166990
166989
166992
166990
166988
166988
166990
166991
166989
166992
166993
166993
166996
166995
166995
166994
166995
166999
167001
166999
166999
166998
166996
166998
166997
166998
167001
167004
167001
166999
166996
166996
166995
166992
166991
166991
166992
166993
166993
166990
166987
166987
166989
166986
166985
166988
166990
166989
166991
166991
166990
166991
166992
166993
166991
166991
166991
166992
166990
166989
166986
166990
166995
166995
166992
166993
166994
166993
166993
166992
166993
166996
166998
166999
167000
167000
167001
167001
167000
166997
166998
167000
167003
167006
167005
167004
167004
167003
167006
167005
167005
167006
167007
167006
167006
167003
167002
167004
167006
167006
167004
167004
167004
167004
167004
167004
167005
167005
167005
167004
167003
167001
167001
167003
167004
167006
167010
167007
167008
167010
167010
167009
167011
167014
167015
167017
167013
167014
167014
167009
167008
167008
167009
167011
167011
167011
167009
167010
167011
167007
167005
167005
167006
167006
167006
167006
167006
167007
167006
167004
167002
167004
167006
167008
167010
167009
167008
167011
167013
167012
167005
167007
167013
167013
167010
167010
167013
167019
167021
167019
167015
167016
167020
167020
167022
167021
167021
167024
167023
167022
167017
167018
167020
167018
167017
167016
167015
167017
167018
167018
167017
167018
167021
167022
167022
167021
167021
167023
167025
167029
167028
167027
167030
167032
167030
167029
167029
167031
167034
167030
167025
167024
167021
167021
167022
167021
167022
167022
167022
167021
167019
167021
167022
167024
167025
167024
167024
167025
167025
167022
167023
167027
167029
167031
167028
167025
167028
167031
167029
167028
167028
167032
167032
167029
167027
167023
167021
167022
167023
167024
167026
167032
167034
167030
167025
167022
167021
167022
167024
167024
167026
167027
167027
167024
167023
167020
167018
167020
167018
167018
167014
167017
167018
167016
167012
167013
167017
167019
167020
167019
167020
167019
167021
167020
167017
167016
167016
167017
167019
167018
167016
167014
167014
167013
167012
167009
167010
167011
167012
167009
167008
167006
167007
167007
167008
167004
167002
167004
167004
167001
167001
166998
167000
167003
167003
167002
167001
167003
167002
166999
167000
167002
167003
167005
167003
167003
167004
167003
167002
167002
167002
167005
167005
167004
167003
167000
166999
167001
167002
167003
167002
167002
167001
167003
167004
167002
166996
166993
166996
166996
166994
166995
166998
167000
166998
166998
166999
167001
167005
167008
167013
167014
167013
167014
167014
167014
167017
167019
167020
167021
167020
167023
167024
167023
167023
167022
167021
167023
167024
167023
167021
167022
167024
167028
167027
167025
167023
167022
167024
167026
167026
167027
167029
167032
167031
167030
167031
167029
167031
167033
167034
167036
167042
167046
167048
167049
167048
167049
167051
167049
167048
167048
167052
167053
167051
167052
167052
167051
167050
167048
167048
167050
167048
167050
167051
167051
167052
167051
167057
167055
167051
167051
167052
167055
167054
167050
167048
167048
167047
167043
167040
167039
167038
167039
167039
167039
167042
167042
167041
167040
167037
167037
167038
167040
167038
167035
167035
167038
167037
167033
167034
167033
167032
167032
167029
167027
167030
167033
167032
167030
167032
167036
167035
167032
167032
167032
167035
167035
167036
167038
167036
167037
167040
167041
167040
167037
167038
167040
167039
167036
167035
167036
167040
167040
167038
167041
167044
167045
167047
167044
167046
167048
167047
167044
167043
167041
167041
167044
167040
167037
167037
167037
167038
167039
167040
167043
167045
167047
167046
167043
167039
167040
167042
167041
167038
167036
167037
167033
167030
167030
167031
167033
167037
167040
167039
167038
167038
167038
167038
167036
167034
167032
167034
167035
167035
167031
167030
167030
167026
167023
167027
167030
167033
167036
167035
167035
167035
167034
167040
167045
167045
167049
167053
167054
167055
167054
167058
167061
167062
167064
167064
167066
167068
167069
167069
167070
167072
167072
167075
167076
167079
167083
167085
167089
167092
167089
167092
167096
167098
167101
167099
167101
167103
167103
167104
167106
167108
167109
167111
167109
167109
167112
167112
167113
167110
167107
167110
167112
167110
167109
167108
167107
167108
167111
167111
167113
167115
167117
167116
167114
167111
167113
167114
167113
167113
167111
167108
167107
167108
167105
167102
167102
167103
167105
167104
167102
167102
167099
167100
167100
167097
167099
167103
167105
167103
167098
167097
167100
167101
167099
167099
167101
167101
167100
167100
167095
167091
167091
167091
167085
167081
167081
167078
167074
167069
167065
167064
167066
167064
167062
167060
167062
167062
167059
167058
167057
167058
167061
167065
167061
167057
167057
167056
167052
167050
167047
167045
167046
167050
167048
167047
167048
167046
167045
167047
167046
167047
167050
167051
167053
167056
167055
167052
167050
167050
167046
167044
167043
167043
167045
167040
167037
167037
167038
167037
167034
167035
167037
167039
167041
167042
167041
167041
167043
167042
167042
167041
167039
167038
167038
167039
167034
167031
167034
167034
167033
167033
167033
167035
167036
167038
167040
167040
167039
167040
167045
167048
167051
167051
167055
167060
167058
167055
167054
167050
167049
167050
167050
167048
167047
167049
167046
167043
167045
167042
167038
167039
167043
167045
167042
167041
167041
167042
167044
167043
167041
167043
167045
167045
167042
167043
167044
167043
167047
167049
167044
167045
167046
167045
167042
167040
167041
167041
167046
167050
167050
167049
167052
167053
167053
167052
167049
167048
167048
167047
167047
167047
167046
167045
167044
167041
167040
167039
167041
167044
167041
167044
167046
167043
167041
167042
167045
167047
167049
167051
167052
167056
167053
167051
167046
167043
167046
167048
167048
167047
167044
167044
167047
167045
167044
167045
167047
167046
167048
167051
167051
167053
167053
167055
167055
167056
167060
167061
167060
167060
167057
167055
167056
167060
167061
167061
167063
167063
167062
167057
167056
167059
167064
167069
167071
167070
167068
167071
167073
167070
167075
167078
167081
167085
167082
167078
167079
167081
167080
167078
167079
167082
167084
167085
167085
167082
167084
167087
167089
167090
167090
167094
167097
167099
167099
167100
167100
167099
167098
167093
167090
167091
167090
167092
167092
167091
167089
167090
167090
167088
167087
167091
167095
167098
167095
167090
167084
167084
167083
167079
167076
167075
167076
167078
167075
167073
167072
167073
167075
167078
167081
167082
167083
167087
167089
167086
167083
167084
167083
167082
167080
167080
167079
167079
167079
167073
167069
167067
167068
167065
167066
167069
167072
167071
167069
167067
167067
167070
167072
167072
167071
167074
167077
167076
167075
167074
167075
167075
167076
167074
167071
167074
167075
167075
167073
167071
167072
167075
167076
167074
167073
167072
167073
167073
167069
167068
167068
167066
167066
167063
167058
167053
167051
167056
167056
167055
167056
167059
167059
167056
167057
167055
167056
167057
167057
167057
167056
167054
167052
167049
167046
167045
167045
167045
167039
167039
167039
167037
167035
167032
167028
167028
167034
167035
167033
167032
167033
167036
167041
167038
167037
167041
167045
167046
167044
167041
167042
167044
167042
167041
167037
167034
167034
167036
167032
167028
167028
167030
167024
167019
167015
167015
167018
167014
167014
167016
167018
167019
167019
167020
167020
167019
167023
167029
167026
167024
167023
167026
167026
167026
167022
167020
167019
167017
167011
167004
167006
167007
167007
167005
167000
166995
166999
167003
167000
166999
167002
167007
167010
167011
167013
167013
167014
167019
167019
167018
167017
167015
167015
167014
167013
167014
167016
167020
167020
167016
167015
167015
167014
167016
167019
167021
167027
167032
167031
167032
167036
167036
167039
167037
167032
167032
167032
167033
167032
167031
167032
167037
167039
167039
167037
167038
167043
167048
167048
167044
167041
167044
167045
167041
167039
167040
167045
167049
167048
167050
167051
167050
167055
167055
167055
167058
167061
167064
167063
167060
167058
167059
167057
167056
167054
167054
167057
167060
167059
167057
167058
167063
167064
167064
167064
167068
167070
167072
167069
167066
167068
167071
167075
167076
167073
167073
167075
167072
167072
167071
167067
167068
167067
167066
167063
167060
167059
167059
167061
167063
167062
167063
167063
167064
167065
167065
167064
167067
167070
167070
167070
167068
167069
167068
167068
167067
167068
167068
167066
167066
167063
167063
167062
167060
167060
167058
167058
167062
167062
167062
167060
167060
167064
167065
167061
167058
167060
167062
167060
167057
167054
167054
167056
167051
167049
167047
167049
167051
167052
167054
167058
167062
167063
167059
167056
167055
167056
167060
167061
167057
167056
167056
167053
167049
167050
167051
167057
167062
167059
167056
167056
167059
167061
167057
167060
167062
167063
167062
167058
167054
167053
167055
167058
167056
167055
167050
167053
167056
167055
167052
167053
167055
167056
167056
167057
167059
167064
167067
167065
167066
167068
167067
167065
167062
167060
167058
167060
167061
167059
167055
167054
167055
167054
167051
167049
167050
167050
167050
167052
167053
167054
167057
167060
167060
167061
167063
167064
167063
167061
167060
167059
167058
167058
167058
167059
167057
167054
167053
167055
167052
167052
167056
167059
167060
167059
167059
167061
167062
167058
167060
167062
167062
167061
167059
167055
167054
167054
167057
167057
167054
167053
167054
167054
167055
167054
167054
167057
167061
167061
167061
167066
167064
167064
167067
167066
167064
167062
167063
167065
167064
167065
167067
167068
167069
167066
167066
167068
167070
167069
167069
167066
167066
167070
167070
167066
167061
167060
167062
167057
167052
167052
167053
167053
167052
167045
167040
167038
167036
167034
167036
167037
167035
167036
167036
167034
167030
167027
167025
167026
167030
167028
167027
167028
167025
167023
167020
167020
167022
167022
167022
167020
167019
167019
167018
167016
167015
167014
167018
167021
167018
167014
167017
167019
167017
167015
167018
167024
167026
167023
167023
167023
167026
167030
167029
167032
167035
167039
167041
