166992
166993
166998
166996
166992
166987
166983
166982
166978
166972
166975
166976
166979
166982
166982
166981
166983
166989
166989
166986
166985
166983
166982
166979
166972
166965
166963
166964
166964
166962
166961
166965
166970
166973
166974
166973
166976
166976
166979
166983
166981
166981
166986
166987
166984
166984
166985
166988
166989
166990
166990
166991
166991
166997
166999
166999
167000
167001
166998
166999
166998
166998
167000
167005
167007
167009
167013
167019
167021
167023
167024
167022
167026
167028
167027
167025
167025
167023
167020
167019
167013
167011
167010
167006
167004
167002
167001
167000
167002
167002
167000
167003
167008
167011
167013
167014
167013
167014
167017
167015
167013
167011
167009
167011
167008
167001
166998
166996
166995
166991
166985
166981
166981
166980
166974
166973
166969
166967
166965
166960
166956
166953
166955
166959
166956
166955
166957
166958
166958
166956
166951
166949
166950
166953
166952
166946
166944
166944
166943
166942
166942
166938
166937
166936
166932
166929
166930
166933
166933
166930
166931
166931
166932
166933
166932
166930
166930
166931
166935
166937
166936
166936
166938
166946
166947
166946
166946
166948
166950
166948
166946
166947
166947
166947
166950
166948
166948
166949
166949
166948
166946
166948
166949
166949
166944
166941
166942
166942
166941
166939
166937
166938
166941
166945
166947
166946
166947
166950
166953
166953
166952
166954
166955
166958
166958
166956
166951
166955
166955
166953
166949
166948
166950
166950
166950
166951
166952
166952
166958
166958
166954
166952
166951
166950
166944
166938
166935
166938
166938
166941
166942
166943
166948
166950
166953
166954
166955
166958
166962
166964
166960
166961
166962
166960
166953
166953
166950
166951
166950
166952
166949
166949
166952
166955
166954
166951
166953
166955
166955
166952
166946
166946
166946
166945
166941
166939
166940
166941
166942
166941
166940
166941
166942
166948
166948
166948
166949
166951
166953
166952
166949
166950
166948
166947
166947
166942
166941
166941
166941
166940
166939
166937
166941
166946
166946
166946
166948
166951
166952
166951
166949
166945
166947
166948
166943
166939
166938
166939
166940
166939
166940
166943
166948
166952
166949
166951
166948
166949
166953
166948
166943
166939
166938
166939
166937
166935
166937
166940
166941
166939
166939
166942
166944
166943
166940
166938
166935
166934
166938
166937
166935
166934
166935
166934
166932
166929
166927
166926
166931
166932
166928
166926
166929
166931
166928
166925
166926
166928
166932
166930
166933
166934
166934
166937
166935
166932
166932
166934
166933
166932
166931
166930
166930
166935
166935
166934
166935
166937
166938
166938
166937
166936
166938
166937
166932
166932
166929
166928
166927
166927
166926
166926
166928
166926
166925
166926
166927
166927
166928
166923
166924
166925
166927
166928
166926
166925
166926
166927
166928
166928
166928
166930
166931
166933
166934
166931
166930
166932
166933
166931
166928
166932
166934
166935
166934
166932
166929
166934
166936
166933
166934
166935
166935
166940
166936
166933
166932
166931
166929
166927
166926
166927
166928
166928
166927
166925
166925
166926
166925
166927
166926
166924
166926
166927
166925
166922
166920
166919
166922
166921
166918
166917
166917
166917
166915
166913
166912
166915
166920
166918
166914
166917
166918
166918
166917
166916
166913
166919
166921
166918
166916
166918
166920
166921
166919
166915
166917
166922
166922
166919
166917
166916
166917
166917
166916
166912
166912
166915
166917
166916
166915
166919
166926
166927
166926
166924
166922
166927
166931
166928
166925
166925
166925
166926
166924
166921
166921
166925
166927
166926
166930
166933
166934
166936
166932
166931
166935
166937
166938
166938
166939
166937
166937
166941
166938
166936
166937
166940
166941
166938
166940
166944
166945
166946
166945
166943
166944
166944
166944
166944
166940
166937
166936
166936
166935
166935
166936
166939
166940
166938
166938
166942
166944
166945
166945
166944
166946
166949
166949
166949
166944
166945
166948
166949
166947
166941
166940
166941
166939
166939
166938
166939
166942
166942
166942
166938
166943
166948
166951
166950
166946
166941
166943
166944
166943
166940
166940
166942
166943
166941
166941
166940
166940
166941
166938
166933
166932
166932
166933
166932
166929
166930
166930
166932
166935
166932
166931
166932
166931
166931
166927
166924
166922
166923
166923
166923
166923
166925
166927
166927
166926
166928
166932
166933
166931
166930
166932
166936
166937
166936
166937
166938
166940
166942
166940
166938
166940
166942
166940
166940
166939
166938
166939
166940
166938
166936
166936
166937
166937
166937
166932
166933
166933
166929
166926
166923
166921
166923
166925
166924
166923
166923
166929
166931
166928
166925
166923
166923
166925
166925
166924
166923
166926
166930
166928
166926
166926
166928
166928
166926
166923
166922
166923
166923
166924
166923
166924
166927
166929
166928
166927
166925
166926
166932
166928
166926
166926
166927
166929
166928
166927
166927
166929
166932
166930
166926
166924
166930
166934
166933
166931
166931
166933
166934
166931
166927
166932
166936
166935
166933
166931
166929
166929
166929
166926
166923
166921
166922
166928
166926
166923
166922
166923
166925
166923
166920
166920
166922
166922
166921
166925
166926
166929
166931
166929
166927
166926
166927
166926
166925
166925
166926
166927
166928
166927
166925
166925
166925
166924
166926
166924
166924
166924
166924
166922
166920
166921
166922
166926
166924
166924
166926
166929
166929
166927
166924
166929
166929
166927
166925
166923
166922
166921
166921
166919
166917
166924
166927
166928
166928
166928
166930
166932
166933
166932
166929
166926
166927
166929
166927
166924
166922
166923
166925
166923
166925
166927
166931
166932
166935
166936
166938
166940
166941
166939
166934
166933
166936
166935
166930
166923
166925
166925
166924
166923
166922
166923
166927
166930
166930
166930
166934
166937
166942
166942
166938
166936
166936
166936
166933
166928
166928
166929
166927
166928
166926
166927
166931
166934
166935
166935
166937
166942
166944
166940
166938
166941
166941
166941
166938
166934
166931
166930
166927
166925
166922
166920
166922
166925
166927
166930
166931
166934
166938
166937
166935
166934
166938
166938
166936
166933
166931
166930
166930
166927
166922
166921
166921
166921
166922
166924
166929
166933
166941
166946
166945
166945
166945
166946
166943
166939
166938
166935
166936
166931
166926
166922
166918
166915
166910
166906
166906
166910
166915
166919
166920
166923
166928
166929
166928
166931
166930
166930
166926
166922
166919
166916
166913
166911
166907
166903
166905
166906
166911
166913
166914
166917
166923
166927
166929
166927
166931
166934
166932
166930
166927
166925
166926
166925
166920
166915
166914
166916
166916
166915
166917
166921
166926
166931
166937
166938
166940
166943
166942
166939
166935
166929
166929
166932
166928
166925
166924
166925
166925
166923
166924
166927
166930
166932
166933
166930
166934
166939
166939
166936
166935
166937
166936
166935
166935
166932
166933
166937
166938
166936
166932
166933
166933
166932
166931
166931
166931
166935
166940
166940
166938
166937
166937
166937
166935
166933
166932
166933
166934
166933
166931
166930
166932
166936
166934
166934
166937
166940
166941
166940
166938
166939
166945
166944
166940
166938
166937
166938
166937
166934
166933
166935
166938
166937
166937
166939
166942
166945
166948
166947
166947
166948
166948
166944
166946
166944
166943
166945
166946
166946
166944
166944
166945
166945
166941
166943
166944
166944
166947
166946
166947
166948
166948
166949
166948
166946
166945
166950
166954
166954
166953
166953
166954
166955
166954
166953
166953
166954
166958
166954
166951
166954
166956
166958
166957
166954
166953
166953
166953
166956
166954
166954
166957
166958
166961
166960
166960
166961
166960
166955
166955
166958
166959
166960
166959
166957
166957
166958
166956
166952
166951
166952
166955
166956
166954
166956
166955
166956
166956
166953
166952
166953
166955
166957
166954
166952
166958
166959
166957
166954
166954
166954
166955
166955
166955
166960
166961
166961
166963
166962
166961
166962
166962
166964
166961
166959
166962
166964
166964
166962
166958
166960
166963
166965
166965
166965
166966
166967
166967
166966
166962
166963
166969
166968
166964
166961
166959
166960
166960
166958
166959
166961
166963
166964
166961
166958
166957
166959
166960
166962
166959
166960
166963
166964
166964
166963
166964
166967
166967
166965
166963
166964
166966
166967
166968
166966
166965
166966
166967
166966
166964
166964
166965
166965
166966
166963
166963
166967
166966
166962
166957
166957
166959
166961
166961
166962
166963
166966
166965
166963
166964
166964
166966
166966
166964
166965
166965
166965
166965
166962
166961
166962
166963
166966
166965
166964
166967
166970
166972
166971
166969
166969
166970
166974
166972
166970
166969
166971
166972
166969
166967
166967
166969
166969
166966
166961
166963
166964
166964
166964
166962
166964
166968
166970
166966
166964
166965
166965
166964
166968
166967
166967
166969
166969
166967
166966
166967
166970
166970
166968
166971
166972
166973
166972
166970
166969
166971
166974
166973
166972
166970
166971
166971
166969
166970
166968
166969
166969
166970
166971
166971
166971
166973
166975
166972
166970
166974
166975
166974
166976
166972
166971
166972
166972
166970
166969
166968
166970
166974
166974
166973
166973
166976
166979
166978
166975
166977
166977
166981
166979
166976
166976
166979
166979
166978
166978
166979
166982
166982
166979
166977
166977
166979
166980
166977
166975
166975
166976
166978
166977
166975
166975
166973
166973
166976
166975
166975
166975
166975
166973
166971
166971
166971
166974
166974
166972
166973
166975
166980
166979
166978
166979
166983
166983
166983
166982
166981
166980
166981
166980
166980
166981
166982
166984
166984
166980
166980
166983
166984
166983
166980
166977
166976
166980
166977
166975
166976
166977
166978
166976
166976
166977
166978
166980
166979
166977
166979
166981
166980
166982
166982
166981
166983
166983
166981
166978
166979
166979
166981
166982
166979
166980
166983
166984
166982
166980
166981
166984
166986
166984
166982
166983
166983
166984
166980
166977
166983
166984
166984
166980
166976
166976
166977
166978
166976
166970
166972
166976
166977
166976
166974
166977
166981
166982
166981
166979
166978
166978
166980
166979
166978
166980
166984
166987
166985
166983
166983
166988
166990
166987
166984
166985
166988
166988
166987
166982
166984
166988
166987
166982
166979
166979
166981
166982
166982
166980
166979
166981
166981
166985
166984
166985
166986
166986
166984
166982
166980
166982
166981
166979
166981
166981
166982
166983
166982
166978
166979
166981
166983
166982
166980
166980
166980
166984
166981
166979
166979
166983
166985
166985
166982
166982
166985
166985
166984
166986
166989
166991
166992
166991
166989
166989
166991
166991
166986
166988
166992
166995
166996
166995
166993
166991
166990
166989
166985
166981
166984
166991
166990
166987
166986
166985
166987
166987
166984
166982
166983
166985
166985
166982
166980
166982
166984
166983
166981
166981
166984
166985
166986
166986
166984
166984
166985
166986
166983
166983
166984
166984
166985
166983
166983
166984
166987
166988
166986
166986
166986
166987
166987
166985
166985
166986
166986
166987
166984
166984
166985
166987
166987
166986
166985
166983
166986
166986
166984
166988
166990
166994
166997
166995
166992
166993
166995
166993
166989
166992
166991
166991
166991
166989
166987
166986
166987
166985
166984
166985
166983
166986
166987
166986
166986
166988
166991
166990
166987
166985
166986
166989
166990
166989
166990
166989
166988
166986
166984
166983
166984
166987
166988
166990
166989
166987
166989
166990
166986
166984
166988
166989
166989
166986
166986
166987
166988
166989
166989
166989
166989
166989
166992
166988
166986
166988
166992
166993
166991
166990
166992
166993
166993
166991
166990
166990
166992
166994
166994
166993
166993
166993
166991
166987
166987
166992
166992
166990
166987
166990
166992
166992
166991
166987
166986
166988
166988
166988
166986
166985
166986
166986
166985
166986
166984
166984
166985
166987
166986
166986
166989
166990
166990
166988
166988
166989
166989
166986
166985
166982
166981
166980
166981
166984
166984
166986
166989
166989
166987
166984
166983
166982
166982
166982
166980
166980
166982
166986
166983
166979
166980
166982
166982
166978
166978
166980
166982
166982
166982
166980
166979
166982
166983
166978
166980
166982
166983
166981
166980
166977
166978
166980
166981
166979
166976
166977
166980
166977
166975
166973
166973
166975
166977
166974
166976
166976
166978
166978
166977
166974
166972
166978
166980
166979
166976
166977
166980
166980
166978
166974
166974
166977
166977
166975
166974
166977
166980
166981
166981
166979
166978
166979
166977
166975
166973
166971
166971
166971
166969
166970
166971
166973
166975
166974
166974
166976
166978
166979
166976
166973
166974
166978
166977
166976
166976
166975
166977
166978
166976
166975
166977
166978
166980
166979
166978
166980
166984
166984
166982
166979
166980
166983
166984
166981
166980
166979
166977
166979
166977
166975
166980
166982
166982
166980
166978
166978
166979
166980
166978
166976
166979
166981
166980
166973
166974
166976
166975
166976
166976
166973
166974
166975
166977
166978
166975
166976
166980
166979
166979
166977
166975
166975
166974
166972
166971
166971
166977
166977
166975
166973
166976
166980
166980
166977
166976
166975
166973
166980
166979
166975
166976
166980
166979
166979
166978
166977
166979
166979
166977
166976
166976
166977
166980
166978
166976
166976
166976
166978
166975
166971
166971
166975
166977
166977
166976
166976
166975
166975
166970
166969
166972
166973
166975
166973
166972
166974
166975
166973
166974
166972
166973
166974
166975
166973
166970
166971
166974
166976
166972
166972
166972
166969
166971
166970
166966
166964
166964
166964
166961
166962
166963
166963
166960
166960
166956
166956
166958
166959
166957
166956
166959
166959
166959
166957
166960
166961
166962
166961
166960
166957
166959
166961
166959
166961
166960
166960
166962
166963
166960
166956
166958
166960
166957
166958
166958
166959
166960
166959
166955
166953
166955
166955
166957
166956
166954
166957
166960
166959
166956
166955
166958
166960
166960
166957
166957
166960
166959
166960
166957
166956
166959
166960
166961
166960
166957
166957
166962
166962
166958
166955
166961
166962
166961
166957
166954
166955
166958
166957
166953
166949
166950
166956
166956
166955
166954
166955
166957
166957
166955
166953
166953
166953
166952
166954
166951
166950
166952
166952
166951
166949
166946
166952
166954
166952
166950
166950
166949
166950
166952
166949
166947
166947
166947
166946
166945
166946
166946
166948
166948
166944
166945
166948
166950
166950
166948
166948
166948
166950
166949
166944
166942
166947
166947
166943
166941
166945
166946
166946
166943
166940
166942
166945
166947
166946
166944
166945
166950
166948
166950
166948
166948
166950
166949
166947
166944
166943
166943
166942
166940
166936
166942
166946
166948
166949
166947
166951
166957
166959
166959
166960
166962
166965
166964
166964
166962
166961
166963
166962
166962
166965
166966
166968
166971
166974
166981
166986
166990
166993
166995
166995
167001
167008
167009
167009
167008
167010
167011
167015
167013
167009
167007
167005
167005
167002
166999
166998
166997
166995
166996
166990
166989
166990
166988
166989
166988
166988
166988
166987
166985
166984
166984
166987
166988
166983
166982
166980
166981
166980
166976
166970
166970
166967
166965
166956
166949
166945
166943
166940
166934
166929
166924
166920
166918
166917
166912
166909
166910
166909
166906
166900
166900
166902
166900
166901
166900
166904
166908
166909
166907
166912
166916
166919
166918
166917
166915
166913
166912
166911
166909
166903
166907
166907
166904
166900
166899
166903
166904
166907
166910
166910
166913
166916
166916
166915
166915
166914
166911
166909
166907
166902
166901
166900
166896
166893
166895
166892
166891
166891
166889
166887
166893
166895
166894
166890
166889
166891
166894
166895
166894
166892
166891
166893
166896
166895
166894
166894
166895
166894
166888
166887
166887
166885
166883
166879
166875
166877
166879
166876
166872
166873
166873
166873
166875
166876
166877
166882
166888
166889
166888
166890
166889
166889
166891
166888
166888
166894
166899
166903
166905
166906
166910
166913
166917
166916
166915
166921
166924
166923
166919
166917
166921
166924
166923
166921
166918
166917
166915
166912
166910
166903
166901
166899
166894
166889
166884
166883
166884
166883
166882
166887
166893
166899
166903
166904
166904
166913
166918
166922
166920
166920
166921
166920
166915
166907
166899
166894
166893
166894
166890
166888
166893
166897
166898
166900
166906
166909
166915
166920
166919
166920
166928
166931
166930
166927
166922
166918
166920
166914
166906
166901
166900
166901
166898
166900
166902
166906
166912
166917
166919
166921
166925
166932
166940
166945
166950
166954
166963
166964
166959
166955
166955
166951
166945
166937
166928
166925
166923
166920
166914
166909
166913
166917
166919
166923
166926
166931
166937
166941
166943
166947
166952
166964
166971
166975
166980
166988
166995
166997
166996
167000
167002
167004
167005
167003
167000
167003
167007
167006
167002
167000
167002
167000
166997
166993
166985
166986
166990
166988
166986
166983
166984
166986
166985
166983
166986
166989
166992
166992
166989
166985
166983
166984
166979
166971
166963
166960
166956
166956
166951
166945
166943
166943
166939
166934
166930
166930
166930
166930
166930
166928
166933
166934
166934
166931
166925
166920
166915
166907
166898
166890
166884
166886
166884
166879
166878
166883
166889
166890
166894
166898
166903
166908
166910
166910
166907
166906
166910
166906
166898
166891
166886
166882
166875
166867
166862
166854
166853
166854
166850
166848
166847
166850
166854
166853
166854
166857
166861
166864
166862
166860
166859
166859
166862
166858
166857
166857
166859
166858
166856
166848
166848
166849
166847
166842
166838
166842
166844
166846
166846
166848
166854
166858
166860
166862
166862
166865
166874
166878
166878
166877
166877
166878
166878
166873
166871
166869
166870
166867
166863
166863
166866
166870
166874
166874
166875
166886
166891
166892
166890
166889
166889
166890
166888
166885
166888
166885
166890
166892
166889
166887
166887
166887
166886
166884
166880
166877
166882
166880
166875
166877
166878
166879
166880
166877
166874
166877
166881
166882
166881
166879
166883
166887
166887
166886
166885
166885
166886
166885
166883
166884
166885
166892
166892
166890
166889
166888
166894
166898
166898
166898
166900
166902
166901
166899
166895
166898
166899
166898
166896
166893
166892
166892
166891
166887
166883
166882
166883
166885
166881
166878
166884
166886
166887
166885
166883
166885
166889
166888
166885
166883
166885
166886
166883
166883
166884
166884
166884
166883
166881
166878
166878
166878
166877
166875
166871
166869
166869
166867
166864
166866
166871
166876
166876
166877
166881
166886
166890
166893
166892
166892
166898
166903
166906
166905
166904
166906
166908
166907
166905
166906
166906
166906
166906
166904
166903
166902
166902
166903
166899
166896
166896
166898
166898
166894
166891
166892
166893
166892
166895
166896
166898
166900
166903
166906
166907
166910
166912
166912
166908
166906
166902
166906
166907
166904
166902
166905
166907
166907
166906
166903
166905
166910
166909
166906
166903
166904
166904
166904
166904
166901
166900
166902
166902
166898
166898
166901
166902
166903
166900
166899
166901
166902
166900
166898
166900
166902
166904
166901
166900
166900
166901
166903
166903
166900
166901
166904
166903
166905
166903
166901
166901
166900
166903
166899
166898
166900
166900
166897
166897
166895
166896
166897
166897
166896
166895
166897
166901
166900
166898
166892
166888
166892
166890
166886
166883
166886
166886
166888
166888
166888
166892
166894
166894
166893
166893
166894
166897
166897
166893
166889
166888
166893
166891
166888
166886
166889
166891
166890
166887
166887
166890
166892
166891
166888
166885
166890
166891
166890
166888
166888
166892
166895
166893
166890
166889
166891
166892
166891
166888
166893
166896
166899
166899
166896
166893
166894
166896
166897
166894
166893
166895
166895
166891
166892
166891
166892
166895
166895
166894
166893
166897
166901
166902
166901
166903
166901
166902
166901
166897
166894
166894
166898
166900
166898
166896
166894
166896
166898
166895
166895
166897
166898
166896
166896
166897
166897
166899
166898
166895
166894
166897
166900
166900
166897
166898
166902
166905
166904
166900
166902
166901
166902
166901
166898
166897
166900
166902
166902
166900
166895
166896
166900
166899
166896
166895
166900
166902
166901
166903
166903
166903
166904
166904
166902
166900
166903
166905
166905
166903
166899
166899
166902
166901
166898
166896
166896
166898
166897
166895
166892
166897
166898
166897
166896
166895
166896
166896
166895
166892
166890
166891
166893
166890
166889
166893
166895
166900
166901
166898
166896
166897
166898
166898
166896
166895
166895
166896
166896
166892
166890
166895
166899
166898
166897
166897
166898
166898
166895
166896
166895
166896
166898
166900
166900
166902
166903
166904
166903
166899
166900
166904
166906
166905
166902
166901
166900
166899
166897
166897
166895
166897
166897
166895
166893
166895
166900
166901
166898
166895
166893
166895
166896
166896
166895
166896
166896
166895
166898
166896
166893
166895
166897
166896
166894
166896
166899
166900
166898
166893
166894
166896
166897
166896
166894
166894
166896
166895
166895
166896
166893
166892
166891
166889
166888
166887
166890
166892
166893
166891
166890
166892
166895
166897
166894
166893
166896
166899
166899
166897
166895
166897
166898
166896
166897
166894
166895
166897
166897
166896
166896
166897
166898
166899
166900
166899
166899
166900
166902
166901
166900
166905
166911
166910
166909
166908
166910
166912
166914
166913
166909
166911
166917
166917
166913
166911
166912
166914
166913
166911
166909
166909
166908
166912
166909
166907
166909
166910
166908
166906
166907
166911
166912
166908
166907
166910
166911
166912
166912
166910
166911
166911
166914
166916
166913
166913
166915
166917
166918
166916
166913
166919
166920
166920
166918
166916
166917
166918
166916
166913
166911
166913
166914
166914
166914
166913
166918
166922
166920
166917
166916
166917
166916
166918
166917
166916
166917
166918
166918
166915
166916
166920
166920
166919
166919
166916
166914
166915
166914
166911
166911
166912
166915
166917
166916
166917
166920
166918
166920
166918
166915
166915
166918
166918
166916
166915
166916
166915
166919
166920
166918
166919
166923
166922
166924
166925
166926
166925
166922
166919
166915
166915
166917
166917
166913
166916
166918
166922
166923
166925
166924
166926
166932
166931
166927
166923
166922
166921
166918
166916
166915
166915
166918
166919
166919
166917
166921
166924
166922
166920
166919
166920
166923
166922
166917
166916
166920
166919
166919
166917
166917
166917
166919
166919
166918
166916
166918
166922
166919
166918
166921
166920
166920
166920
166918
166916
166916
166916
166915
166914
166914
166918
166917
166920
166921
166920
166922
166923
166922
166921
166921
166922
166923
166919
166920
166925
166926
166928
166926
166925
166924
166926
166929
166927
166921
166923
166927
166927
166926
166924
166924
166926
166927
166924
166918
166921
166925
166927
166927
166927
166927
166928
166929
166927
166925
166925
166927
166929
166927
166927
166931
166932
166934
166932
166929
166929
166929
166929
166928
166927
166925
166928
166932
166932
166930
166928
166929
166932
166932
166928
166929
166931
166932
166931
166929
166925
166927
166930
166930
166928
166928
166930
166932
166931
166928
166928
166929
166930
166930
166928
166931
166931
166931
166929
166926
166925
166925
166927
166927
166925
166927
166929
166928
166925
166923
166923
166923
166924
166926
166927
166928
166928
166928
166931
166928
166926
166929
166932
166931
166930
166930
166931
166933
166930
166926
166929
166930
166932
166930
166929
166931
166932
166931
166929
166932
166931
166933
166936
166934
166931
166930
166932
166935
166934
166932
166930
166934
166937
166937
166935
166934
166936
166939
166937
166935
166934
166935
166936
166940
166937
166934
166935
166937
166935
166933
166933
166935
166938
166934
166936
166935
166936
166938
166939
166938
166937
166938
166938
166935
166931
166929
166935
166936
166934
166932
166931
166934
166935
166936
166934
166933
166934
166938
166939
166937
166937
166942
166942
166941
166938
166935
166936
166937
166937
166937
166933
166937
166942
166940
166938
166936
166937
166937
166938
166936
166935
166935
166942
166942
166939
166936
166938
166939
166939
166938
166938
166938
166940
166938
166935
166934
166939
166940
166937
166935
166936
166937
166941
166940
166938
166936
166939
166941
166939
166937
166936
166937
166938
166936
166934
166932
166935
166941
166942
166942
166940
166941
166941
166941
166937
166935
166934
166938
166939
166937
166934
166935
166935
166932
166931
166930
166930
166932
166937
166935
166935
166938
166938
166937
166935
166933
166934
166935
166939
166937
166936
166937
166939
166939
166936
166934
166937
166938
166936
166934
166934
166942
166946
166943
166939
166938
166939
166939
166938
166937
166938
166939
166939
166942
166939
166937
166938
166938
166936
166931
166931
166933
166933
166932
166930
166928
166931
166935
166935
166934
166936
166938
166939
166938
166934
166936
166942
166943
166941
166939
166937
166939
166939
166937
166935
166932
166937
166938
166936
166934
166933
166936
166937
166935
166932
166931
166932
166932
166930
166933
166932
166934
166936
166936
166935
166935
166937
166938
166937
166932
166935
166938
166939
166938
166935
166936
166938
166941
166941
166936
166935
166940
166940
166936
166934
166934
166935
166937
166937
166937
166935
166938
166940
166940
166937
166936
166935
166937
166936
166935
166935
166933
166935
166935
166933
166932
166933
166934
166933
166931
166932
166935
166935
166934
166932
166930
166934
166937
166935
166932
166932
166932
166933
166932
166931
166929
166933
166935
166933
166931
166929
166930
166933
166934
166931
166931
166935
166937
166935
166932
166928
166932
166936
166933
166929
166931
166936
166939
166937
166936
166935
166934
166933
166935
166934
166933
166936
166940
166937
166935
166936
166937
166939
166937
166933
166937
166936
166937
166936
166933
166933
166935
166938
166936
166932
166931
166930
166932
166934
166934
166933
166933
166934
166933
166931
166930
166931
166932
166930
166928
166930
166931
166932
166934
166931
166930
166930
166931
166929
166925
166929
166933
166934
166933
166930
166929
166930
166934
166933
166930
166929
166929
166928
166928
166928
166926
166927
166930
166930
166930
166930
166932
166934
166935
166934
166933
166932
166936
166935
166931
166931
166934
166935
166931
166930
166929
166928
166933
166934
166932
166931
166932
166933
166930
166928
166929
166930
166931
166930
166927
166929
166933
166933
166932
166931
166935
166938
166939
166938
166936
166933
166939
166940
166936
166936
166935
166937
166939
166939
166937
166938
166939
166939
166936
166933
166938
166939
166937
166937
166934
166934
166937
166939
166937
166934
166930
166929
166932
166933
166930
166928
166929
166930
166929
166926
166924
166924
166926
166924
166921
166917
166920
166925
166925
166924
166924
166924
166925
166925
166923
166921
166922
166921
166921
166923
166924
166926
166927
166928
166927
166926
166927
166928
166926
166922
166922
166926
166926
166924
166922
166920
166920
166920
166917
166915
166915
166916
166918
166915
166917
166919
166921
166921
166919
166917
166917
166922
166925
166924
166920
166922
166924
166924
166920
166919
166922
166924
166927
166926
166925
166926
166930
166932
166930
166928
166927
166926
166931
166930
166927
166929
166930
166931
166929
166926
166925
166926
166925
166927
166925
166926
166929
166931
166931
166930
166931
166933
166935
166933
166929
166926
166929
166933
166932
166929
166927
166928
166930
166928
166925
166926
166930
166935
166933
166932
166933
166935
166935
166936
166935
166932
166937
166939
166936
166932
166932
166933
166935
166933
166930
166929
166929
166928
166930
166930
166929
166929
166930
166928
166927
166927
166928
166931
166931
166931
166932
166934
166932
166936
166934
166932
166933
166934
166932
166930
166929
166931
166932
166930
166928
166929
166929
166929
166931
166933
166936
166939
166943
166942
166937
166936
166936
166936
166933
166930
166930
166931
166936
166935
166930
166930
166935
166937
166935
166933
166933
166934
166933
166929
166929
166930
166932
166937
166937
166934
166934
166935
166937
166937
166935
166935
166937
166940
166936
166932
166932
166932
166933
166931
166929
166929
166929
166926
166930
166931
166932
166933
166933
166932
166932
166932
166933
166934
166931
166928
166934
166938
166940
166940
166939
166940
166941
166941
166938
166935
166936
166939
166940
166938
166942
166943
166944
166942
166939
166934
166935
166937
166939
166939
166935
166936
166940
166937
166933
166930
166931
166935
166937
166935
166937
166938
166938
166939
166936
166933
166936
166940
166942
166942
166942
166943
166942
166946
166948
166943
166942
166945
166945
166941
166939
166939
166940
166939
166942
166940
166939
166941
166942
166941
166939
166940
166942
166943
166942
166938
166939
166949
166949
166947
166943
166942
166944
166944
166942
166937
166940
166944
166946
166945
166942
166943
166945
166948
166948
166944
166942
166944
166944
166938
166938
166937
166939
166940
166937
166935
166934
166935
166938
166939
166938
166937
166943
166944
166943
166941
166937
166939
166940
166939
166936
166934
166934
166933
166931
166931
166928
166929
166931
166930
166929
166930
166934
166938
166938
166934
166933
166939
166938
166934
166930
166930
166932
166932
166930
166926
166925
166925
166926
166927
166928
166927
166931
166934
166934
166932
166933
166933
166933
166932
166931
166929
166933
166935
166930
166926
166924
166923
166923
166923
166923
166924
166926
166926
166929
166929
166929
166931
166932
166933
166933
166934
166934
166933
166930
166928
166927
166925
166923
166922
166921
166922
166924
166925
166923
166921
166920
166922
166921
166921
166922
166923
166924
166929
166927
166924
166922
166922
166920
166918
166916
166915
166917
166919
166917
166913
166912
166915
166914
166911
166911
166912
166910
166914
166916
166917
166918
166920
166920
166916
166913
166912
166914
166914
166911
166909
166908
166909
166907
166906
166904
166903
166906
166909
166908
166906
166907
166909
166909
166904
166904
166909
166912
166915
166915
166914
166913
166912
166911
166911
166910
166908
166910
166911
166909
166907
166908
166911
166910
166908
166908
166906
166910
166913
166912
166910
166910
166911
166911
166910
166908
166905
166905
166909
166908
166904
166907
166912
166914
166912
166910
166912
166915
166916
166914
166913
166915
166916
166916
166912
166913
166916
166916
166914
166913
166912
166914
166911
166912
166909
166905
166907
166909
166908
166908
166909
166908
166910
166912
166911
166910
166911
166915
166916
166913
166909
166908
166916
166917
166915
166913
166914
166915
166916
166915
166912
166912
166914
166915
166916
166915
166915
166915
166915
166913
166911
166912
166911
166911
166911
166910
166910
166911
166916
166916
166913
166913
166914
166917
166917
166914
166913
166915
166916
166914
166912
166912
166914
166915
166912
166911
166912
166912
166911
166909
166908
166908
166911
166910
166906
166905
166910
166911
166912
166912
166910
166911
166915
166916
166914
166908
166910
166912
166910
166912
166911
166911
166912
166913
166911
166911
166912
166914
166917
166916
166913
166913
166913
166916
166914
166910
166910
166913
166912
166910
166908
166908
166908
166907
166909
166908
166909
166911
166911
166908
166906
166909
166912
166912
166912
166911
166914
166914
166918
166916
166911
166909
166910
166910
166907
166905
166905
166906
166907
166907
166905
166905
166906
166906
166905
166900
166905
166910
166909
166909
166908
166909
166908
166908
166905
166904
166902
166901
166906
166903
166901
166904
166907
166908
166906
166902
166907
166908
166907
166904
166900
166900
166900
166901
166899
166894
166894
166897
166898
166894
166898
166896
166898
166899
166896
166894
166895
166897
166897
166894
166892
166891
166894
166899
166898
166895
166894
166894
166893
166889
166885
166885
166887
166887
166888
166890
166888
166889
166889
166886
166884
166884
166885
166888
166886
166884
166887
166887
166892
166893
166888
166888
166889
166889
166888
166887
166890
166891
166893
166891
166888
166888
166890
166892
166889
166891
166891
166889
166888
166885
166881
166879
166881
166883
166882
166880
166878
166881
166882
166880
166877
166878
166880
166882
166881
166880
166880
166882
166883
166880
166878
166884
166885
166885
166884
166881
166881
166881
166880
166877
166876
166877
166879
166877
166873
166871
166871
166875
166877
166878
166876
166876
166882
166883
166880
166876
166875
166876
166875
166871
166866
166865
166867
166867
166865
166862
166860
166866
166868
166866
166866
166867
166869
166871
166869
166867
166867
166866
166867
166866
166863
166862
166863
166864
166866
166864
166864
166867
166868
166868
166866
166862
166860
166869
166866
166865
166864
166866
166867
166868
166865
166866
166864
166864
166864
166864
166864
166868
166869
166865
166861
166863
166864
166864
166864
166864
166867
166869
166870
166866
166865
166868
166868
166867
166864
166865
166866
166867
166868
166866
166863
166864
166868
166869
166865
166867
166867
166869
166868
166866
166865
166868
166870
166869
166867
166874
166877
166879
166879
166877
166876
166877
166880
166879
166876
166875
166874
166872
166871
166868
166865
166869
166871
166872
166871
166874
166877
166880
166881
166878
166882
166883
166883
166882
166880
166880
166881
166883
166883
166880
166875
166878
166882
166884
166882
166879
166882
166884
166882
166881
166881
166879
166879
166880
166880
166878
166881
166884
166886
166886
166884
166884
166884
166882
166879
166881
166886
166888
166888
166888
166885
166886
166888
166889
166890
166890
166891
166894
166903
166907
166908
166912
166916
166918
166917
166916
166916
166921
166924
166923
166921
166923
166924
166924
166922
166919
166918
166917
166915
166913
166915
166913
166914
166916
166915
166912
166911
166913
166913
166911
166906
166907
166907
166903
166899
166897
166898
166899
166901
166898
166892
166894
166898
166898
166896
166894
166896
166899
166900
166899
166897
166895
166894
166896
166892
166891
166892
166894
166893
166890
166892
166895
166895
166895
166891
166889
166890
166890
166889
166885
166880
166883
166889
166889
166887
166887
166889
166890
166890
166889
166886
166889
166893
166892
166888
166884
166883
166883
166880
166876
166871
166873
166874
166872
166868
166865
166865
166866
166866
166864
166860
166862
166861
166860
166858
166854
166852
166853
166851
166849
166849
166849
166849
166849
166849
166848
166848
166850
166847
166847
166844
166841
166841
166843
166842
166839
166846
166848
166848
166846
166844
166845
166847
166847
166848
166847
166849
166852
166854
166855
166853
166852
166854
166851
166852
166852
166853
166854
166852
166849
166846
166848
166850
166850
166850
166848
166849
166854
166852
166847
166846
166845
166846
166847
166844
166841
166841
166842
166842
166840
166838
166838
166839
166839
166838
166837
166841
166850
166852
166854
166854
166853
166853
166854
166851
166844
166844
166849
166847
166841
166842
166843
166844
166841
166840
166840
166841
166844
166850
166849
166848
166853
166856
166855
166852
166848
166846
166843
166846
166845
166844
166847
166849
166857
166859
166860
166862
166869
166873
166873
166873
166873
166873
166872
166868
166862
166859
166861
166862
166858
166856
166856
166856
166856
166856
166853
166851
166856
166856
166852
166855
166857
166857
166860
166858
166855
166853
166852
166850
166847
166842
166837
166838
166838
166833
166828
166828
166829
166829
166829
166833
166834
166837
166840
166840
166839
166840
166840
166838
166836
166831
166833
166834
166832
166828
166824
166823
166825
166826
166821
166817
166818
166820
166822
166821
166819
166819
166820
166824
166822
166822
166827
166830
166831
166829
166828
166829
166829
166828
166827
166823
166823
166823
166821
166818
166815
166818
166821
166820
166818
166816
166817
166817
166820
166819
166819
166820
166822
166823
166822
166818
166824
166827
166827
166823
166821
166821
166823
166824
166820
166820
166823
166822
166823
166825
166823
166822
166823
166822
166817
166815
166820
166818
166814
166810
166809
166809
166809
166808
166803
166802
166802
166808
166809
166808
166807
166809
166811
166812
166811
166812
166813
166817
166822
166821
166820
166825
166830
166833
166833
166834
166838
166842
166843
166842
166841
166846
166851
166851
166851
166850
166852
166855
166857
166857
166858
166859
166866
166870
166870
166870
166871
166873
166876
166876
166873
166874
166873
166871
166873
166869
166868
166871
166870
166867
166863
166864
166864
166864
166863
166864
166865
166864
166867
166868
166867
166868
166871
166871
166870
166867
166868
166870
166868
166865
166864
166867
166867
166866
166864
166860
166861
166862
166861
166857
166857
166857
166862
166862
166859
166857
166858
166858
166857
166855
166853
166860
166861
166860
166856
166853
166854
166855
166855
166854
166851
166852
166858
166858
166855
166852
166855
166858
166857
166853
166849
166852
166856
166857
166856
166855
166854
166853
166853
166851
166849
166850
166849
166844
166844
166843
166841
166840
166840
166837
166836
166838
166840
166840
166839
166844
166845
166845
166846
166844
166844
166847
166850
166852
166849
166852
166855
166855
166854
166852
166851
166852
166854
166854
166851
166850
166850
166849
166847
166844
166841
166841
166843
166842
166841
166842
166842
166851
166854
166853
166854
166856
166859
166858
166856
166852
166853
166853
166849
166845
166842
166840
166841
166840
166844
166846
166850
166857
166860
166859
166861
166863
166866
166865
166860
166860
166858
166857
166856
166852
166847
166845
166847
166848
166847
166851
166852
166853
166854
166854
166853
166854
166857
166859
166857
166854
166857
166858
166854
166851
166850
166851
166852
166853
166854
166853
166852
166856
166856
166857
166857
166858
166860
166861
166860
166859
166859
166857
166857
166854
166850
166851
166852
166850
166850
166850
166854
166858
166861
166864
166863
166865
166871
166871
166868
166865
166865
166865
166861
166857
166854
166850
166851
166847
166841
166835
166833
166833
166831
166834
166836
166839
166840
166840
166837
166835
166836
166838
166845
166846
166845
166848
166851
166851
166849
166846
166846
166845
166851
166851
166848
166851
166854
166855
166854
166854
166854
166855
166851
166848
166844
166842
166839
166836
166830
166832
166833
166834
166835
166838
166844
166852
166860
166865
166868
166869
166876
166878
166879
166877
166875
166875
166877
166874
166870
166872
166873
166874
166878
166880
166883
166889
166896
166902
166904
166907
166910
166912
166912
166917
166916
166915
166914
166913
166907
166900
166902
166906
166909
166910
166913
166918
166923
166925
166925
166921
166922
166927
166925
166921
166916
166913
166909
166904
166900
166893
166890
166892
166892
166890
166889
166890
166892
166893
166894
166894
166896
166900
166898
166900
166898
166898
166897
166894
166893
166892
166893
166896
166896
166893
166889
166895
166893
166890
166888
166885
166887
166889
166889
166887
166887
166890
166892
166894
166894
166894
166898
166901
166901
166901
166899
166899
166906
166905
166902
166899
166900
166901
166900
166898
166899
166900
166902
166903
166907
166907
166910
166913
166916
166915
166914
166915
166917
166915
166910
166910
166909
166909
166911
166910
166907
166912
166916
166916
166913
166912
166913
166914
166915
166913
166913
166916
166917
166915
166912
166911
166913
166915
166915
166914
166913
166915
166919
166919
166917
166916
166918
166921
166923
166920
166920
166922
166920
166922
166922
166919
166920
166922
166922
166920
166919
166919
166919
166918
166916
166917
166918
166919
166918
166915
166914
166917
166919
166917
166914
166910
166911
166918
166918
166915
166914
166918
166920
166918
166915
166911
166912
166917
166915
166912
166909
166912
166917
166917
166917
166916
166916
166923
166925
166922
166921
166920
166924
166926
166924
166922
166922
166922
166921
166919
166918
166920
166924
166924
166922
166922
166924
166925
166924
166918
166914
166918
166920
166920
166918
166919
166922
166923
166921
166919
166923
166923
166923
166921
166917
166917
166919
166918
166916
166914
166913
166915
166917
166920
166917
166914
166917
166919
166919
166917
166917
166919
166922
166920
166916
166911
166918
166919
166918
166916
166914
166915
166914
166917
166918
166917
166916
166919
166918
166916
166914
166916
166918
166918
166919
166916
166918
166926
166925
166922
166921
166924
166926
166926
166922
166919
166925
166927
166926
166924
166922
166922
166924
166924
166921
166920
166921
166922
166922
166923
166923
166924
166924
166922
166918
166916
166917
166918
166916
166914
166915
166917
166915
166912
166911
166907
166908
166910
166910
166909
166910
166911
166915
166915
166910
166907
166911
166913
166912
166910
166910
166911
166913
166911
166908
166907
166908
166908
166911
166907
166903
166903
166904
166903
166901
166901
166902
166903
166903
166901
166899
166902
166902
166900
166901
166899
166899
166901
166899
166902
166906
166909
166913
166913
166912
166911
166912
166914
166914
166913
166912
166912
166915
166917
166914
166913
166915
166917
166917
166917
166916
166917
166917
166917
166917
166917
166918
166919
166917
166915
166916
166920
166922
166920
166925
166925
166926
166931
166933
166932
166932
166934
166935
166935
166933
166938
166940
166943
166944
166943
166942
166943
166944
166943
166940
166940
166943
166945
166942
166942
166940
166940
166941
166939
166936
166936
166938
166939
166937
166933
166934
166938
166938
166936
166935
166933
166934
166935
166934
166933
166931
166932
166933
166934
166936
166934
166938
166941
166942
166942
166942
166943
166945
166943
166947
166947
166947
166949
166948
166945
166944
166947
166950
166951
166951
166949
166951
166957
166956
166954
166953
166954
166956
166953
166951
166949
166951
166953
166951
166953
166950
166950
166950
166949
166946
166944
166945
166946
166944
166941
166938
166938
166941
166945
166943
166941
166941
166944
166945
166945
166944
166946
166948
166947
166944
166942
166946
166947
166947
166943
166942
166945
166947
166945
166942
166939
166939
166943
166942
166940
166938
166938
166938
166935
166933
166934
166938
166938
166934
166932
166930
166929
166934
166934
166931
166930
166931
166934
166935
166933
166930
166930
166929
166930
166931
166930
166930
166932
166932
166931
166931
166932
166934
166932
166930
166930
166933
166938
166935
166934
166932
166931
166933
166933
166931
166932
166933
166933
166932
166929
166924
166925
166929
166927
166926
166927
166930
166931
166932
166931
166931
166931
166932
166936
166935
166932
166931
166930
166930
166931
166932
166934
166936
166936
166935
166937
166939
166938
166939
166938
166939
166942
166944
166944
166942
166942
166944
166945
166943
166943
166942
166941
166943
166942
166938
166937
166938
166939
166939
166937
166936
166937
166939
166941
166942
166940
166941
166944
166943
166942
166943
166948
166951
166952
166949
166944
166943
166948
166945
166941
166937
166939
166940
166938
166938
166939
166939
166941
166939
166936
166938
166940
166940
166940
166941
166939
166940
166939
166936
166938
166935
166935
166935
166933
166931
166932
166934
166937
166937
166936
166937
166940
166944
166944
166942
166942
166946
166946
166943
166941
166938
166938
166938
166937
166936
166935
166935
166940
166942
166942
166943
166946
166949
166951
166949
166950
166953
166955
166956
166956
166956
166957
166962
166960
166958
166957
166957
166958
166957
166954
166954
166957
166956
166955
166956
166955
166956
166958
166959
166961
166961
166962
166960
166957
166952
166947
166946
166946
166943
166940
166940
166944
166944
166942
166946
166945
166948
166950
166950
166949
166947
166947
166950
166948
166944
166941
166940
166938
166936
166933
166933
166935
166936
166934
166932
166933
166937
166939
166938
166935
166934
166934
166936
166936
166931
166929
166930
166930
166927
166928
166926
166925
166926
166925
166921
166919
166921
166924
166922
166921
166921
166924
166927
166927
166926
166928
166930
166930
166932
166932
166928
166929
166930
166927
166924
166922
166921
166921
166923
166921
166920
166926
166930
166928
166927
166926
166928
166928
166926
166926
166928
166928
166927
166924
166920
166918
166920
166921
166920
166919
166916
166920
166922
166921
166920
166920
166922
166925
166925
166925
166925
166926
166926
166923
166920
166917
166917
166917
166916
166915
166918
166921
166924
166925
166924
166923
166929
166932
166930
166929
166930
166929
166929
166925
166925
166926
166924
166924
166922
166917
166919
166921
166924
166924
166923
166923
166925
166927
166927
166924
166922
166925
166927
166926
166924
166922
166920
166920
166919
166917
166915
166914
166916
166915
166913
166913
166916
166918
166917
166914
166914
166915
166916
166913
166911
166910
166909
166914
166913
166910
166909
166912
166915
166913
166909
166909
166910
166909
166907
166902
166898
166903
166907
166907
166905
166903
166904
166905
166905
166904
166904
166903
166909
166910
166906
166902
166903
166904
166904
166904
166905
166909
166914
166913
166910
166908
166907
166904
166905
166906
166905
166905
166904
166901
166901
166902
166904
166905
166900
166900
166902
166902
166903
166903
166898
166898
166901
166902
166900
166897
166898
166899
166901
166900
166897
166896
166893
166897
166899
166894
166895
166897
166897
166895
166894
166894
166894
166895
166893
166889
166889
166893
166897
166897
166896
166898
166900
166901
166898
166897
166897
166897
166897
166898
166898
166895
166895
166894
166892
166888
166886
166886
166888
166888
166887
166888
166888
166890
166891
166889
166889
166891
166892
166892
166891
166888
166891
166894
166893
166891
166891
166891
166890
166888
166886
166883
166882
166883
166885
166884
166882
166882
166881
166878
166875
166875
166875
166877
166876
166876
166878
166882
166883
166884
166885
166884
166884
166884
166882
166878
166878
166878
166879
166878
166875
166875
166878
166883
166880
166875
166874
166875
166878
166877
166876
166874
166878
166881
166879
166876
166873
166874
166877
166873
166870
166869
166869
166873
166871
166868
166869
166872
166874
166872
166873
166872
166874
166873
166873
166871
166869
166868
166873
166872
166870
166870
166871
166871
166871
166867
166866
166866
166866
166869
166870
166870
166871
166873
166873
166872
166871
166870
166872
166870
166865
166867
166869
166868
166871
166870
166871
166874
166878
166878
166879
166882
166886
166889
166891
166893
166896
166898
166905
166906
166903
166904
166906
166908
166907
166909
166910
166914
166917
166915
166918
166922
166923
166927
166924
166922
166924
166928
166931
166929
166926
166930
166932
166931
166927
166923
166919
166916
166915
166912
166906
166902
166901
166900
166895
166892
166895
166896
166897
166895
166894
166894
166895
166896
166894
166891
166889
166889
166893
166890
166886
166883
166885
166886
166883
166880
166880
166880
166881
166876
166875
166874
166874
166873
166870
166865
166863
166863
166863
166865
166860
166858
166861
166863
166861
166857
166856
166856
166857
166853
166851
166853
166855
166857
166855
166851
166848
166848
166846
166846
166845
166843
166844
166848
166847
166844
166843
166842
166841
166836
166831
166835
166834
166835
166835
166835
166835
166836
166838
166838
166836
166836
166835
166838
166837
166833
166834
166837
166837
166834
166832
166832
166831
166831
166830
166827
166830
166832
166832
166827
166822
166824
166825
166824
166822
166819
166819
166823
166826
166827
166825
166826
166825
166826
166828
166826
166825
166824
166824
166823
166821
166820
166821
166824
166826
166831
166831
166835
166842
166841
166839
166837
166836
166834
166829
166827
166825
166825
166827
166827
166824
166828
166832
166834
166832
166833
166836
166838
166839
166838
166839
166842
166843
166842
166842
166840
166841
166844
166849
166852
166852
166854
166864
166867
166866
166861
166859
166860
166858
166855
166850
166846
166845
166845
166842
166839
166839
166840
166848
166850
166851
166855
166860
166863
166863
166862
166859
166859
166859
166855
166849
166846
166843
166842
166839
166835
166833
166833
166838
166838
166839
166837
166839
166844
166842
166839
166838
166839
166839
166838
166834
166832
166833
166835
166833
166832
166836
166835
166834
166833
166831
166826
166827
166829
166828
166826
166825
166825
166825
166823
166823
166823
166824
166825
166823
166820
166817
166822
166825
166822
166821
166823
166826
166825
166822
166824
166822
166822
166821
166818
166813
166817
166821
166822
166821
166819
166819
166820
166820
166818
166818
166819
166822
166822
166823
166821
166819
166820
166823
166821
166819
166818
166818
166821
166821
166815
166818
166823
166823
166822
166821
166824
166828
166828
166826
166830
166829
166829
166828
166825
166822
166822
166823
166824
166822
166816
166814
166820
166822
166821
166822
166823
166825
166825
166822
166824
166826
166827
166827
166823
166818
166815
166814
166815
166813
166813
166819
166821
166822
166820
166819
166820
166822
166822
166819
166816
166818
166819
166819
166819
166817
166819
166821
166823
166821
166820
166820
166821
166822
166818
166817
166821
166824
166826
166824
166822
166820
166818
166822
166821
166819
166819
166819
166823
166822
166819
166817
166820
166822
166820
166818
166819
166822
166823
166823
166822
166820
166820
166822
166820
166817
166818
166821
166824
166822
166820
166826
166828
166830
166827
166825
166823
166824
166824
166821
166820
166819
166819
166819
166823
166823
166824
166826
166826
166824
166821
166821
166822
166820
166822
166821
166819
166819
166821
166818
166816
166818
166819
166816
166815
166813
166816
166818
166819
166819
166818
166817
166815
166820
166818
166815
166817
166819
166819
166817
166816
166815
166813
166812
166813
166810
166812
166813
166814
166813
166811
166812
166812
166818
166819
166816
166816
166817
166818
166816
166813
166813
166812
166813
166813
166810
166810
166812
166813
166811
166808
166807
166807
166812
166810
166806
166803
166805
166807
166806
166805
166804
166809
166811
166810
166808
166808
166808
166815
166815
166813
166812
166814
166816
166813
166808
166810
166811
166811
166809
166807
166809
166813
166812
166812
166814
166811
166812
166811
166808
166806
166804
166805
166806
166806
166802
166804
166809
166811
166809
166807
166808
166810
166810
166808
166804
166805
166805
166812
166813
166809
166809
166811
166813
166812
166811
166811
166814
166815
166810
166807
166804
166805
166804
166800
166797
166800
166803
166806
166806
166805
166806
166809
166811
166808
166801
166807
166807
166805
166800
166797
166796
166799
166803
166804
166803
166804
166804
166805
166804
166800
166800
166805
166805
166805
166804
166804
166804
166804
166800
166796
166796
166797
166794
166790
166793
166795
166797
166799
166799
166798
166801
166804
166803
166807
166809
166811
166813
166815
166814
166814
166813
166818
166818
166817
166817
166817
166820
166821
166822
166821
166824
166826
166830
166837
166836
166838
166843
166845
166847
166848
166850
166850
166852
166851
166848
166850
166852
166852
166852
166848
166848
166851
166851
166848
166844
166842
166841
166841
166838
166837
166839
166840
166840
166841
166838
166841
166846
166845
166845
166844
166846
166849
166852
166850
166849
166853
166853
166854
166851
166849
166848
166847
166843
166841
166838
166834
166831
166827
166821
166817
166817
166817
166817
166822
166821
166822
166823
166827
166827
166825
166826
166828
166828
166823
166815
166817
166815
166811
166809
166806
166806
166805
166806
166802
166800
166803
166804
166804
166802
166799
166799
166802
166804
166802
166799
166798
166802
166801
166799
166796
166793
166793
166793
166789
166785
166790
166793
166793
166792
166791
166794
166795
166797
166797
166795
166793
166796
166800
166796
166793
166792
166792
166796
166796
166794
166799
166802
166803
166801
166798
166798
166800
166801
166795
166792
166794
166795
166792
166790
166792
166794
166794
166797
166797
166798
166798
166802
166806
166804
166802
166802
166805
166805
166802
166800
166799
166799
166799
166795
166792
166791
166798
166802
166802
166801
166805
166809
166807
166808
166808
166807
166810
166811
166806
166799
166795
166796
166798
166792
166787
166786
166791
166794
166794
166796
166802
166806
166807
166811
166809
166808
166807
166806
166806
166801
166796
166795
166794
166792
166790
166791
166797
166801
166800
166799
166800
166805
166811
166811
166808
166807
166809
166807
166801
166795
166793
