166552
166556
166558
166559
166560
166563
166565
166564
166563
166562
166561
166560
166555
166553
166554
166555
166554
166554
166555
166557
166559
166560
166558
166557
166557
166562
166565
166566
166564
166564
166566
166566
166566
166564
166565
166565
166562
166560
166557
166558
166560
166561
166562
166561
166561
166561
166563
166564
166561
166562
166563
166565
166563
166562
166562
166563
166565
166564
166562
166564
166565
166568
166567
166566
166567
166568
166570
166566
166565
166565
166566
166566
166564
166562
166565
166568
166568
166565
166564
166564
166564
166568
166567
166566
166565
166564
166567
166567
166567
166568
166571
166571
166570
166568
166572
166574
166574
166573
166572
166570
166572
166576
166575
166572
166572
166573
166574
166571
166572
166573
166576
166576
166574
166572
166573
166574
166575
166572
166568
166569
166576
166577
166573
166571
166571
166574
166575
166573
166572
166570
166570
166570
166568
166567
166568
166572
166574
166572
166571
166571
166572
166573
166569
166566
166566
166568
166569
166566
166563
166563
166564
166562
166560
166556
166553
166555
166556
166554
166553
166553
166555
166556
166555
166553
166553
166555
166556
166558
166556
166556
166556
166556
166553
166550
166551
166552
166552
166550
166548
166551
166553
166552
166549
166548
166549
166554
166556
166556
166555
166557
166559
166558
166554
166554
166554
166556
166555
166553
166551
166552
166554
166555
166553
166551
166553
166555
166558
166558
166556
166555
166557
166556
166553
166548
166550
166555
166554
166554
166554
166556
166559
166562
166560
166558
166559
166561
166564
166562
166559
166561
166564
166564
166560
166561
166563
166563
166564
166562
166559
166560
166563
166566
166567
166566
166566
166568
166570
166568
166567
166568
166572
166574
166573
166572
166576
166579
166580
166578
166575
166577
166581
166582
166583
166582
166582
166585
166587
166585
166582
166582
166584
166585
166583
166580
166581
166582
166580
166582
166581
166580
166579
166581
166580
166577
166575
166576
166576
166573
166569
166570
166573
166573
166571
166569
166573
166577
166579
166576
166570
166571
166575
166577
166575
166573
166573
166574
166576
166575
166574
166574
166575
166576
166578
166579
166581
166585
166585
166584
166583
166585
166586
166583
166583
166585
166587
166588
166587
166584
166581
166581
166584
166585
166583
166581
166579
166579
166579
166578
166576
166576
166578
166579
166576
166575
166575
166579
166581
166579
166574
166576
166578
166578
166575
166573
166574
166576
166578
166579
166577
166578
166579
166580
166580
166578
166579
166581
166583
166580
166578
166580
166582
166584
166583
166582
166584
166586
166587
166586
166583
166581
166584
166586
166584
166579
166578
166578
166582
166583
166580
166578
166578
166578
166576
166574
166574
166575
166575
166574
166573
166574
166576
166575
166573
166568
166572
166576
166578
166576
166577
166581
166586
166586
166585
166585
166585
166586
166585
166584
166585
166587
166590
166592
166590
166587
166587
166592
166594
166592
166591
166592
166596
166596
166593
166590
166590
166592
166592
166590
166588
166587
166589
166590
166589
166586
166586
166588
166589
166588
166585
166586
166588
166589
166586
166585
166587
166592
166595
166594
166594
166596
166597
166598
166597
166596
166598
166601
166601
166601
166599
166599
166599
166600
166598
166596
166597
166600
166602
166600
166599
166600
166603
166604
166605
166604
166606
166609
166610
166610
166611
166614
166616
166615
166619
166618
166617
166618
166620
166619
166615
166612
166612
166612
166609
166607
166607
166609
166610
166607
166604
166606
166608
166608
166609
166611
166613
166615
166616
166614
166612
166612
166611
166611
166610
166608
166609
166611
166611
166611
166608
166608
166609
166608
166604
166599
166598
166597
166596
166593
166588
166586
166587
166589
166590
166590
166591
166593
166595
166594
166594
166596
166597
166596
166594
166591
166591
166593
166592
166591
166589
166590
166591
166592
166591
166590
166592
166594
166593
166589
166588
166588
166590
166588
166585
166581
166581
166584
166586
166586
166588
166592
166596
166597
166598
166598
166598
166597
166596
166593
166588
166585
166585
166584
166582
166580
166579
166582
166585
166584
166583
166585
166587
166586
166583
166580
166581
166581
166581
166580
166577
166577
166577
166577
166578
166578
166579
166581
166584
166585
166583
166583
166584
166583
166579
166575
166572
166570
166571
166566
166563
166564
166566
166568
166568
166567
166570
166573
166575
166577
166577
166580
166582
166582
166579
166578
166580
166581
166580
166577
166574
166573
166574
166577
166575
166574
166575
166579
166580
166580
166577
166578
166579
166580
166578
166576
166577
166581
166584
166581
166579
166580
166584
166586
166585
166587
166590
166591
166591
166589
166587
166587
166587
166588
166586
166583
166581
166581
166579
166576
166575
166576
166579
166579
166578
166578
166580
166584
166586
166585
166584
166585
166587
166589
166585
166581
166581
166583
166583
166583
166581
166580
166582
166583
166583
166583
166585
166589
166593
166593
166592
166591
166592
166596
166594
166592
166593
166591
166589
166586
166585
166583
166585
166587
166587
166585
166588
166591
166593
166591
166589
166590
166592
166592
166589
166586
166585
166584
166583
166583
166583
166583
166584
166586
166586
166587
166588
166591
166594
166594
166593
166595
166599
166601
166599
166598
166599
166598
166598
166594
166592
166594
166595
166593
166591
166591
166594
166597
166597
166596
166593
166593
166597
166598
166596
166592
166592
166591
166590
166587
166582
166582
166584
166585
166582
166578
166578
166579
166579
166577
166576
166581
166583
166584
166582
166581
166583
166585
166586
166586
166587
166590
166591
166591
166591
166589
166589
166591
166591
166589
166584
166585
166585
166586
166583
166579
166578
166579
166581
166578
166576
166577
166578
166578
166576
166576
166576
166577
166579
166578
166578
166580
166583
166584
166582
166580
166579
166579
166580
166577
166572
166572
166575
166577
166576
166574
166576
166580
166583
166584
166582
166583
166584
166587
166586
166584
166583
166585
166587
166585
166581
166579
166581
166581
166579
166576
166577
166580
166583
166582
166580
166581
166584
166585
166583
166580
166579
166578
166580
166580
166577
166576
166578
166578
166575
166572
166571
166573
166574
166570
166567
166569
166573
166576
166574
166574
166574
166576
166578
166579
166576
166577
166579
166581
166580
166580
166581
166581
166581
166580
166578
166578
166577
166577
166575
166572
166572
166574
166576
166575
166574
166576
166579
166581
166579
166577
166576
166576
166576
166575
166572
166573
166576
166579
166577
166576
166577
166577
166578
166576
166575
166577
166579
166581
166578
166576
166577
166577
166580
166581
166580
166579
166581
166588
166589
166586
166588
166592
166592
166590
166588
166588
166587
166585
166582
166579
166577
166578
166579
166577
166576
166575
166576
166576
166573
166571
166571
166574
166576
166575
166572
166575
166578
166580
166577
166573
166571
166571
166572
166572
166573
166577
166583
166586
166587
166587
166590
166594
166596
166593
166589
166587
166586
166585
166581
166576
166574
166576
166576
166577
166576
166578
166580
166583
166581
166580
166584
166587
166588
166586
166583
166582
166583
166584
166583
166581
166584
166589
166592
166594
166595
166599
166603
166604
166605
166606
166607
166611
166614
166613
166609
166607
166607
166604
166599
166594
166591
166592
166594
166593
166592
166592
166593
166595
166595
166595
166597
166601
166603
166603
166601
166600
166600
166601
166597
166594
166592
166592
166595
166594
166593
166596
166599
166602
166604
166604
166606
166609
166610
166610
166610
166609
166610
166609
166606
166602
166600
166602
166605
166604
166602
166603
166607
166610
166611
166613
166614
166615
166616
166614
166608
166607
166607
166606
166604
166603
166604
166607
166611
166612
166611
166615
166621
166624
166622
166619
166618
166618
166616
166612
166608
166606
166604
166601
166598
166591
166587
166585
166586
166587
166588
166592
166596
166598
166599
166597
166598
166600
166600
166597
166593
166592
166593
166592
166587
166585
166583
166582
166582
166581
166581
166585
166589
166592
166594
166594
166595
166598
166599
166597
166595
166594
166594
166592
166586
166581
166581
166581
166581
166577
166574
166574
166579
166582
166582
166585
166589
166593
166595
166596
166595
166596
166598
166598
166593
166589
166589
166591
166591
166589
166587
166584
166583
166581
166579
166576
166575
166578
166582
166585
166586
166588
166590
166593
166592
166590
166592
166592
166590
166586
166582
166581
166580
166579
166577
166576
166576
166576
166578
166578
166577
166578
166583
166587
166588
166586
166587
166588
166590
166588
166584
166582
166580
166579
166576
166575
166578
166582
166584
166586
166587
166589
166593
166596
166595
166593
166592
166595
166596
166593
166591
166591
166592
166593
166591
166589
166589
166590
166592
166591
166590
166590
166591
166593
166592
166588
166588
166591
166591
166588
166586
166589
166592
166592
166589
166589
166590
166591
166593
166592
166590
166590
166591
166592
166590
166588
166589
166589
166588
166586
166586
166589
166592
166595
166592
166590
166590
166591
166591
166590
166588
166589
166591
166591
166589
166586
166587
166588
166589
166589
166587
166585
166585
166584
166582
166578
166579
166582
166584
166586
166585
166583
166584
166587
166587
166587
166586
166587
166587
166584
166581
166581
166582
166583
166583
166582
166581
166585
166586
166583
166583
166584
166586
166587
166586
166585
166585
166587
166587
166585
166580
166579
166578
166577
166576
166575
166576
166577
166578
166579
166579
166580
166582
166583
166583
166581
166581
166582
166585
166583
166580
166582
166583
166583
166581
166579
166579
166582
166582
166579
166579
166581
166583
166583
166581
166579
166579
166581
166581
166579
166577
166576
166578
166579
166579
166578
166579
166579
166578
166576
166574
166576
166577
166577
166574
166573
166574
166576
166576
166572
166571
166570
166573
166575
166573
166571
166570
166572
166574
166573
166569
166567
166568
166569
166568
166568
166568
166571
166573
166573
166571
166571
166573
166573
166570
166567
166568
166570
166571
166567
166563
166563
166564
166564
166564
166563
166563
166566
166568
166566
166564
166565
166568
166569
166568
166566
166566
166568
166567
166565
166563
166563
166564
166565
166564
166560
166562
166565
166567
166566
166565
166566
166569
166569
166568
166565
166567
166571
166571
166569
166569
166569
166569
166569
166567
166565
166564
166567
166569
166568
166566
166567
166568
166568
166566
166564
166565
166567
166569
166566
166564
166565
166568
166569
166568
166567
166569
166572
166575
166574
166574
166574
166576
166579
166580
166581
166582
166584
166585
166584
166583
166584
166585
166586
166583
166582
166584
166585
166587
166587
166586
166588
166589
166590
166587
166586
166587
166590
166591
166589
166587
166588
166591
166593
166592
166589
166590
166592
166593
166591
166588
166589
166593
166595
166593
166590
166591
166594
166595
166592
166589
166589
166589
166588
166586
166585
166586
166587
166587
166585
166584
166585
166586
166587
166585
166583
166582
166583
166584
166582
166579
166577
166579
166579
166577
166575
166576
166579
166581
166581
166581
166581
166583
166585
166585
166584
166587
166588
166590
166587
166584
166585
166586
166586
166583
166580
166581
166583
166584
166583
166581
166582
166584
166585
166584
166583
166583
166584
166585
166584
166585
166587
166590
166591
166590
166588
166589
166590
166591
166589
166588
166589
166590
166591
166588
166586
166586
166588
166589
166588
166587
166588
166588
166588
166587
166585
166585
166587
166589
166590
166589
166589
166591
166592
166589
166585
166585
166587
166589
166588
166587
166588
166592
166593
166592
166592
166594
166595
166596
166594
166593
166593
166592
166591
166587
166582
166581
166581
166581
166579
166578
166580
166582
166585
166585
166584
166585
166588
166590
166590
166590
166588
166588
166588
166584
166579
166579
166581
166582
166579
166578
166581
166585
166588
166588
166587
166588
166592
166595
166593
166590
166590
166592
166592
166591
166589
166589
166591
166593
166593
166593
166595
166597
166599
166598
166596
166597
166599
166598
166596
166595
166595
166596
166595
166593
166593
166594
166596
166597
166595
166593
166594
166594
166595
166594
166593
166594
166596
166599
166598
166596
166597
166598
166599
166597
166596
166596
166597
166597
166595
166593
166595
166597
166599
166596
166593
166592
166592
166593
166592
166589
166589
166589
166591
166590
166588
166588
166590
166591
166588
166586
166587
166589
166591
166589
166587
166585
166586
166586
166582
166579
166579
166581
166582
166583
166581
166583
166587
166590
166589
166587
166587
166588
166588
166584
166579
166578
166580
166581
166581
166580
166581
166583
166584
166583
166584
166586
166587
166586
166583
166580
166580
166580
166580
166578
166575
166575
166575
166576
166575
166573
166573
166574
166575
166574
166572
166574
166577
166579
166577
166575
166575
166576
166576
166574
166572
166575
166578
166579
166577
166574
166576
166577
166576
166574
166572
166572
166575
166578
166578
166578
166581
166585
166586
166585
166584
166585
166585
166584
166580
166577
166576
166577
166577
166575
166575
166575
166578
166579
166580
166581
166582
166585
166587
166587
166585
166586
166586
166586
166582
166578
166577
166576
166575
166571
166568
166569
166571
166571
166570
166569
166572
166576
166580
166581
166581
166582
166584
166582
166580
166577
166578
166580
166581
166579
166578
166578
166580
166580
166578
166576
166578
166581
166582
166581
166580
166581
166582
166581
166575
166571
166569
166570
166571
166568
166566
166567
166570
166571
166571
166571
166571
166572
166574
166574
166574
166575
166578
166577
166572
166566
166562
166559
166557
166554
166550
166550
166552
166554
166555
166555
166558
166563
166566
166568
166568
166571
166575
166576
166574
166571
166568
166567
166566
166563
166561
166562
166563
166561
166559
166558
166561
166563
166565
166564
166564
166566
166569
166570
166570
166568
166567
166566
166564
166560
166555
166552
166551
166551
166550
166551
166554
166556
166557
166556
166556
166559
166562
166565
166567
166569
166571
166574
166575
166571
166565
166562
166560
166559
166557
166555
166556
166559
166560
166560
166560
166562
166563
166566
166567
166566
166570
166574
166575
166573
166573
166574
166574
166573
166567
166563
166561
166561
166562
166561
166559
166560
166562
166565
166565
166565
166565
166568
166571
166571
166570
166572
166575
166575
166571
166568
166567
166570
166570
166566
166563
166563
166564
166565
166564
166564
166567
166571
166574
166573
166571
166571
166573
166573
166572
166572
166573
166575
166575
166572
166570
166569
166570
166570
166568
166566
166566
166567
166567
166567
166568
166569
166572
166573
166570
166568
166568
166570
166569
166567
166566
166566
166567
166567
166563
166560
166560
166563
166566
166567
166567
166569
166570
166570
166567
166564
166566
166569
166570
166569
166567
166567
166569
166569
166567
166567
166569
166572
166573
166570
166566
166565
166564
166563
166562
166561
166561
166563
166565
166565
166563
166564
166567
166567
166565
166564
166565
166566
166566
166563
166560
166560
166562
166561
166559
166558
166559
166561
166563
166563
166563
166565
166566
166566
166565
166566
166567
166568
166568
166564
166562
166563
166564
166562
166558
166556
166557
166561
166564
166561
166560
166561
166562
166562
166560
166558
166559
166562
166563
166562
166561
166562
166564
166564
166563
166561
166562
166565
166564
166560
166559
166560
166562
166562
166561
166562
166563
166564
166564
166561
166559
166560
166563
166566
166565
166563
166564
166566
166567
166565
166564
166565
166567
166567
166565
166564
166565
166566
166565
166563
166561
166562
166565
166566
166565
166563
166562
166563
166562
166559
166557
166559
166561
166563
166563
166562
166564
166565
166565
166562
166559
166559
166559
166558
166556
166554
166554
166556
166557
166556
166553
166551
166551
166552
166550
166549
166552
166555
166557
166556
166555
166556
166557
166556
166553
166551
166551
166553
166554
166551
166548
166547
166547
166546
166543
166541
166542
166544
166545
166544
166544
166547
166549
166549
166548
166547
166548
166551
166550
166547
166546
166547
166548
166548
166545
166544
166545
166547
166547
166545
166544
166544
166547
166549
166547
166546
166550
166552
166552
166549
166546
166546
166547
166548
166546
166542
166542
166544
166545
166544
166542
166544
166547
166550
166550
166550
166550
166551
166550
166546
166543
166544
166548
166548
166547
166546
166546
166547
166547
166546
166545
166547
166551
166553
166554
166553
166554
166555
166554
166551
166548
166549
166552
166554
166552
166551
166552
166553
166553
166550
166546
166547
166549
166550
166548
166547
166549
166553
166553
166553
166552
166553
166555
166555
166553
166553
166553
166552
166549
166547
166545
166546
166548
166547
166545
166543
166543
166545
166546
166545
166544
166545
166548
166549
166548
166546
166547
166551
166552
166551
166551
166551
166553
166553
166550
166548
166548
166551
166553
166551
166548
166548
166551
166554
166555
166555
166556
166558
166558
166557
166556
166557
166560
166560
166558
166557
166557
166558
166557
166556
166554
166555
166557
166558
166555
166553
166553
166554
166554
166552
166551
166553
166556
166557
166556
166556
166557
166559
166558
166556
166554
166556
166558
166559
166559
166558
166558
166559
166559
166557
166553
166552
166554
166554
166551
166549
166551
166553
166552
166551
166549
166550
166553
166555
166555
166554
166556
166559
166559
166558
166556
166557
166559
166556
166553
166552
166552
166553
166553
166549
166548
166550
166552
166553
166552
166550
166551
166553
166554
166553
166550
166550
166551
166552
166550
166548
166549
166551
166552
166551
166550
166553
166554
166552
166549
166547
166547
166547
166545
166543
166542
166545
166548
166548
166545
166544
166546
166549
166551
166550
166549
166550
166551
166552
166550
166548
166550
166552
166552
166551
166550
166551
166552
166552
166549
166548
166550
166551
166553
166552
166551
166553
166555
166555
166553
166553
166554
166555
166554
166552
166550
166551
166553
166552
166551
166549
166550
166552
166553
166552
166551
166553
166555
166556
166554
166552
166552
166553
166553
166551
166550
166550
166552
166553
166551
166549
166550
166551
166553
166552
166551
166551
166553
166553
166552
166551
166553
166556
166555
166555
166555
166557
166558
166556
166555
166555
166557
166560
166561
166559
166556
166558
166559
166559
166557
166556
166556
166558
166560
166560
166560
166561
166562
166560
166557
166556
166556
166556
166557
166556
166555
166555
166555
166555
166551
166548
166549
166552
166553
166552
166550
166551
166553
166553
166550
166546
166547
166550
166552
166552
166552
166556
166560
166558
166555
166554
166554
166553
166552
166549
166547
166550
166552
166552
166549
166547
166549
166552
166553
166553
166552
166554
166555
166552
166551
166549
166551
166553
166552
166551
166551
166551
166553
166553
166551
166550
166553
166557
166559
166559
166558
166559
166559
166556
166553
166551
166551
166553
166552
166552
166553
166556
166558
166557
166555
166554
166556
166559
166559
166557
166556
166558
166560
166559
166557
166556
166557
166560
166562
166559
166556
166558
166560
166559
166556
166554
166554
166556
166555
166554
166552
166554
166555
166555
166551
166548
166550
166554
166555
166552
166550
166550
166552
166553
166552
166551
166553
166555
166554
166550
166547
166549
166549
166547
166543
166541
166543
166545
166544
166545
166546
166550
166553
166553
166551
166548
166547
166548
166548
166548
166548
166549
166550
166551
166550
166548
166549
166551
166550
166548
166546
166547
166549
166548
166547
166546
166548
166550
166550
166548
166546
166547
166548
166546
166542
166540
166540
166541
166540
166539
166539
166541
166543
166544
166542
166541
166544
166547
166549
166547
166546
166548
166550
166551
166550
166549
166552
166555
166556
166554
166553
166554
166555
166553
166551
166549
166549
166551
166551
166550
166549
166550
166552
166551
166548
166547
166549
166553
166554
166553
166552
166554
166555
166553
166549
166545
166545
166545
166544
166543
166543
166546
166549
166551
166552
166553
166557
166561
166562
166560
166557
166557
166557
166553
166549
166545
166544
166543
166541
166537
166534
166534
166536
166537
166537
166540
166545
166549
166551
166552
166552
166554
166557
166557
166554
166550
166551
166552
166551
166550
166551
166557
166561
166563
166564
166564
166568
166572
166574
166574
166573
166575
166576
166573
166571
166570
166572
166575
166578
166579
166580
166583
166586
166587
166586
166583
166585
166586
166585
166582
166582
166585
166588
166589
166587
166586
166586
166586
166583
166579
166577
166576
166575
166575
166572
166571
166573
166576
166576
166574
166574
166577
166581
166581
166578
166577
166579
166580
166579
166576
166572
166572
166573
166572
166568
166566
166568
166570
166569
166567
166568
166568
166568
166567
166563
166561
166562
166563
166562
166561
166561
166563
166565
166564
166560
166559
166560
166562
166559
166556
166555
166555
166556
166553
166548
166544
166543
166544
166544
166541
166539
166543
166548
166550
166551
166552
166556
166558
166556
166552
166551
166551
166552
166550
166547
166545
166546
166547
166546
166544
166542
166543
166545
166543
166542
166541
166541
166542
166538
166531
166526
166524
166523
166521
166519
166518
166522
166526
166527
166528
166534
166542
166549
166552
166553
166553
166552
166548
166541
166535
166531
166530
166529
166527
166524
166524
166530
166535
166537
166539
166541
166546
166549
166548
166545
166543
166542
166541
166538
166535
166534
166536
166537
166536
166535
166537
166541
166544
166544
166542
166541
166543
166545
166544
166544
166544
166544
166543
166540
166535
166533
166533
166535
166537
166536
166536
166537
166540
166542
166541
166543
166549
166554
166556
166557
166559
166563
166565
166563
166560
166558
166559
166562
166563
166562
166561
166564
166565
166564
166563
166562
166564
166566
166565
166563
166563
166565
166564
166561
166557
166554
166554
166555
166554
166554
166556
166562
166565
166565
166563
166562
166562
166563
166562
166559
166557
166558
166560
166560
166558
166556
166559
166561
166560
166559
166560
166563
166567
166569
166568
166569
166571
166572
166569
166566
166564
166564
166564
166562
166559
166557
166553
166551
166547
166543
166542
166545
166547
166547
166546
166546
166548
166549
166549
166548
166546
166548
166550
166549
166547
166548
166552
166554
166553
166551
166548
166548
166549
166547
166543
166543
166546
166548
166547
166546
166546
166547
166548
166546
166544
166543
166545
166547
166546
166544
166543
166545
166546
166545
166543
166543
166546
166549
166548
166546
166546
166549
166551
166549
166546
166545
166546
166548
166547
166544
166543
166545
166547
166545
166542
166539
166540
166541
166538
166536
166536
166537
166540
166540
166537
166536
166538
166538
166536
166536
166538
166539
166542
166543
166541
166542
166543
166544
166542
166540
166540
166543
166545
166544
166542
166541
166542
166543
166542
166539
166538
166540
166544
166543
166541
166540
166541
166543
166543
166543
166543
166545
166547
166547
166545
166544
166544
166545
166543
166540
166539
166541
166544
166543
166539
166539
166541
166541
166538
166537
166538
166540
166542
166542
166540
166541
166543
166544
166544
166543
166545
166548
166550
166548
166546
166547
166548
166548
166546
166544
166544
166547
166548
166549
166548
166546
166548
166551
166551
166549
166549
166551
166552
166550
166548
166547
166548
166551
166551
166551
166550
166551
166552
166552
166551
166551
166553
166555
166554
166553
166551
166553
166556
166555
166553
166551
166552
166552
166549
166547
166549
166551
166551
166550
166548
166549
166551
166555
166555
166553
166553
166554
166556
166554
166551
166549
166550
166551
166549
166546
166547
166549
166549
166547
166544
166545
166548
166549
166547
166546
166546
166548
166549
166547
166545
166545
166549
166552
166553
166555
166557
166559
166559
166555
166553
166554
166555
166556
166554
166551
166549
166551
166552
166549
166546
166546
166548
166550
166550
166550
166551
166555
166559
166560
166559
166558
166561
166565
166564
166562
166563
166566
166568
166566
166563
166562
166562
166562
166560
166558
166558
166560
166563
166560
166557
166556
166557
166558
166556
166553
166552
166553
166554
166552
166549
166548
166550
166554
166553
166551
166551
166553
166556
166554
166552
166553
166556
166558
166556
166554
166555
166557
166558
166556
166554
166555
166555
166558
166556
166553
166552
166555
166557
166556
166553
166553
166555
166556
166556
166552
166552
166554
166557
166557
166555
166554
166557
166559
166558
166556
166554
166555
166555
166553
166551
166550
166552
166555
166555
166554
166555
166557
166558
166557
166556
166557
166558
166558
166557
166556
166557
166560
166562
166560
166556
166556
166558
166559
166557
166555
166555
166556
166557
166556
166554
166554
166556
166558
166556
166555
166557
166559
166561
166562
166561
166563
166566
166566
166563
166559
166560
166561
166560
166556
166552
166551
166553
166555
166554
166553
166553
166554
166555
166555
166553
166554
166557
166560
166560
166560
166561
166563
166564
166563
166561
166562
166565
166567
166566
166565
166566
166567
166567
166565
166562
166563
166565
166567
166566
166564
166565
166566
166567
166564
166560
166562
166565
166569
166570
166570
166570
166572
166572
166571
166569
166571
166574
166577
166575
166571
166570
166570
166570
166566
166560
166557
166556
166556
166554
166551
166549
166550
166550
166548
166546
166547
166549
166550
166550
166549
166551
166556
166557
166556
166554
166555
166559
166560
166560
166558
166560
166562
166563
166563
166562
166561
166563
166563
166559
166557
166556
166557
166557
166556
166554
166555
166556
166556
166553
166551
166552
166553
166553
166552
166550
166549
166550
166552
166551
166548
166547
166547
166549
166548
166547
166549
166552
166553
166552
166551
166551
166553
166552
166549
166548
166548
166550
166553
166553
166552
166553
166556
166558
166558
166556
166558
166560
166560
166556
166553
166553
166554
166552
166548
166544
166543
166543
166544
166543
166543
166545
166549
166552
166551
166549
166550
166551
166552
166550
166549
166550
166552
166553
166550
166547
166548
166552
166554
166553
166551
166553
166557
166559
166558
166558
166561
166562
166563
166561
166558
166558
166560
166561
166559
166557
166556
166556
166556
166556
166555
166556
166557
166558
166557
166557
166559
166561
166562
166560
166558
166556
166555
166554
166550
166546
166545
166545
166545
166542
166540
166542
166545
166546
166545
166544
166547
166552
166556
166558
166560
166562
166565
166566
166566
166565
166564
166564
166564
166560
166557
166557
166558
166558
166555
166554
166557
166560
166563
166564
166566
166568
166570
166572
166571
166569
166569
166567
166564
166557
166551
166547
166546
166544
166542
166542
166545
166550
166554
166557
166559
166564
166569
166572
166571
166568
166569
166572
166573
166570
166566
166565
166564
166563
166559
166555
166556
166556
166555
166553
166553
166554
166558
166561
166561
166560
166562
166564
166565
166562
166558
166557
166558
166558
166555
166553
166554
166557
166558
166558
166557
166560
166563
166566
166566
166566
166568
166569
166567
166563
166560
166560
166560
166557
166553
166550
166549
166550
166551
166550
166550
166553
166557
166561
166562
166563
166567
166570
166570
166570
166568
166568
166568
166568
166564
166562
166562
166560
166559
166558
166555
166557
166560
166560
166559
166558
166560
166563
166564
166566
166568
166572
166575
166576
166574
166571
166570
166570
166569
166566
166562
166562
166564
166563
166560
166557
166559
166562
166564
166564
166562
166564
166566
166565
166563
166561
166561
166562
166562
166561
166562
166565
166567
166567
166565
166564
166567
166570
166571
166570
166569
166571
166574
166575
166572
166571
166572
166573
166573
166570
166568
166568
166567
166566
166563
166560
166561
166562
166561
166558
166557
166557
166558
166558
166556
166554
166556
166560
166562
166563
166564
166567
166571
166572
166571
166570
166571
166574
166573
166569
166566
166566
166566
166566
166563
166561
166563
166565
166566
166566
166567
166568
166569
166569
166567
166566
166566
166566
166564
166560
166560
166561
166562
166563
166561
166559
166558
166560
166561
166561
166561
166564
166566
166568
166570
166573
166577
166579
166581
166581
166579
166580
166580
166579
166575
166570
166566
166563
166560
166555
166552
166551
166553
166554
166555
166555
166557
166560
166562
166563
166565
166569
166575
166577
166575
166573
166573
166573
166570
166564
166559
166557
166555
166553
166550
166550
166554
166559
166562
166562
166565
166570
166576
166579
166579
166577
166579
166580
166579
166576
166574
166573
166573
166569
166565
166561
166559
166559
166556
166553
166552
166553
166555
166556
166556
166557
166560
166564
166565
166564
166563
166566
166568
166567
166565
166564
166566
166570
166569
166566
166563
166564
166567
166567
166566
166565
166566
166567
166565
166560
166557
166556
166558
166559
166557
166553
166551
166549
166545
166541
166538
166539
166541
166539
166539
166538
166540
166544
166546
166548
166549
166553
166555
166555
166553
166552
166550
166551
166550
166545
166541
166541
166541
166538
166534
166531
166530
166532
166531
166530
166531
166536
166542
166544
166544
166545
166549
166553
166553
166551
166551
166552
166554
166551
166546
166544
166542
166542
166540
166538
166537
166538
166539
166538
166536
166534
166537
166540
166541
166542
166543
166546
166550
166550
166548
166545
166547
166551
166550
166546
166543
166544
166543
166541
166535
166533
166534
166536
166536
166536
166537
166541
166544
166544
166543
166544
166547
166550
166551
166549
166547
166547
166546
166545
166541
166539
166540
166541
166540
166539
166537
166538
166540
166539
166538
166539
166541
166543
166543
166542
166543
166546
166549
166548
166546
166545
166547
166548
166547
166545
166542
166541
166543
166542
166540
166538
166540
166542
166541
166540
166541
166543
166546
166546
166545
166543
166543
166544
166542
166540
166538
166539
166539
166537
166534
166532
166533
166535
166532
166530
166530
166532
166533
166532
166531
166529
166530
166530
166528
166523
166521
166521
166520
166519
166517
166516
166518
166522
166523
166521
166519
166521
166523
166523
166523
166523
166526
166529
166530
166530
166530
166531
166534
166534
166533
166534
166538
166541
166541
166539
166538
166539
166540
166536
166531
166527
166527
166525
166522
166518
166516
166518
166520
166518
166515
166512
166512
166511
166510
166507
166506
166506
166509
166511
166511
166512
166516
166519
166518
166516
166519
166522
166525
166525
166523
166522
166524
166526
166524
166522
166521
166522
166525
166524
166521
166520
166521
166522
166521
166518
166516
166517
166517
166514
166510
166509
166509
166506
166500
166496
166495
166498
166501
166501
166498
166498
166501
166504
166505
166505
166506
166510
166513
166513
166513
166514
166517
166519
166519
166519
166518
166519
166522
166522
166522
166521
166522
166523
166520
166517
166516
166517
166518
166517
166515
166516
166518
166521
166521
166518
166517
166520
166522
166520
166518
166518
166520
166523
166522
166519
166518
166520
166522
166521
166520
166522
166529
166534
166536
166537
166538
166539
166540
166538
166536
166535
166537
166538
166535
166532
166530
166533
166535
166534
166531
166532
166535
166537
166536
166535
166538
166541
166545
166547
166547
166546
166545
166546
166542
166537
166534
166535
166534
166530
166525
166523
166523
166525
166522
166518
166517
166519
166519
166516
166513
166514
166517
166518
166516
166514
166516
166519
166522
166522
166520
166521
166523
166523
166520
166517
166516
166517
166518
166516
166512
166509
166510
166511
166508
166506
166505
166505
166506
166504
166504
166507
166512
166518
166519
166519
166521
166525
166527
166526
166525
166527
166529
166531
166527
166525
166522
166520
166518
166515
166513
166511
166512
166514
166513
166513
166514
166518
166520
166519
166518
166518
166520
166523
166522
166520
166519
166520
166520
166518
166514
166513
166511
166510
166508
166506
166506
166509
166512
166511
166510
166511
166512
166514
166515
166514
166514
166518
166521
166522
166521
166521
166523
166524
166522
166518
166516
166516
166516
166513
166510
166508
166509
166511
166509
166508
166509
166512
166513
166511
166508
166507
166510
166513
166514
166514
166515
166517
166519
166518
166515
166513
166514
166515
166513
166511
166510
166510
166511
166509
166506
166505
166505
166504
166502
166499
166498
166501
166505
166505
166505
166506
166510
166512
166512
166513
166516
166520
166523
166522
166520
166520
166521
166522
166521
166518
166518
166519
166519
166518
166515
166515
166516
166515
166513
166509
166506
166504
166504
166501
166498
166496
166497
166498
166496
166495
166496
166498
166498
166495
166494
166494
166496
166497
166496
166493
166494
166496
166497
166496
166494
166493
166494
166494
166492
166489
166490
166492
166492
166489
166486
166486
166488
166489
166488
166487
166488
166491
166494
166496
166496
166498
166502
166505
166506
166505
166506
166508
166510
166508
166507
166507
166510
166513
166512
166511
166513
166514
166515
166513
166511
166511
166512
166512
166511
166511
166512
166515
166518
166518
166518
166521
166525
166527
166525
166524
166523
166523
166524
166522
166519
166519
166520
166521
166521
166520
166522
166526
166528
166526
166525
166526
166528
166528
166524
166519
166516
166514
166513
166508
166504
166501
166499
166497
166494
166492
166492
166494
166495
166494
166492
166493
166494
166495
166494
166492
166490
166491
166490
166487
166483
166480
166479
166476
166472
166469
166468
166469
166469
166468
166467
166469
166472
166475
166475
166476
166480
166486
166489
166490
166489
166489
166489
166487
166484
166479
166479
166480
166481
166480
166481
166486
166492
166497
166500
166501
166503
166506
166509
166508
166506
166507
166510
166511
166509
166505
166506
166508
166508
166505
166502
166500
166501
166501
166499
166497
166499
166503
166505
166506
166506
166510
166514
166517
166516
166514
166513
166513
166513
166511
166508
166507
166508
166509
166507
166506
166508
166511
166513
166513
166513
166513
166516
166516
166513
166509
166508
166508
166507
166504
166501
166500
166500
166501
166499
166497
166497
166499
166500
166499
166497
166498
166500
166502
166501
166500
166502
166505
166506
166505
166504
166504
166505
166506
166504
166502
166501
166503
166503
166500
166497
166497
166499
166499
166497
166496
166498
166500
166501
166500
166499
166503
166506
166509
166508
166507
166506
166507
166507
166505
166504
166506
166507
166508
166507
166503
166503
166505
166505
166501
166499
166499
166500
166499
166496
166494
166495
166497
166497
166494
166492
166494
166495
166495
166494
166493
166494
166498
166502
166501
166499
166501
166503
166504
166503
166501
166501
166503
166504
166503
166501
166501
166499
166496
166493
166490
166491
166494
166496
166495
166495
166498
166501
166503
166502
166501
166502
166503
166503
166500
166497
166496
166494
166493
166491
166489
166492
166497
166500
166501
166504
166509
166513
166517
166516
166514
166514
166514
166512
166509
166505
166504
166504
166503
166501
166499
166501
166503
166504
166503
166503
166506
166510
166511
166510
166508
166508
166509
166508
166506
166503
166502
166504
166504
166502
166501
166502
166505
166507
166507
166506
166509
166512
166512
166510
166507
166506
166506
166506
166504
166503
166504
166506
166506
166504
166503
166506
166510
166511
166509
166506
166506
166508
166508
166505
166502
166502
166502
166501
166498
166496
166498
166500
166501
166498
166496
166498
166501
166501
166498
166496
166497
166499
166497
166493
166488
166488
166488
166487
166485
166484
166487
166493
166497
166497
166496
166498
166501
166500
166497
166493
166493
166494
166493
166491
166490
166491
166492
166492
166491
166489
166490
166491
166490
166489
166487
166489
166489
166489
166486
166483
166482
166484
166483
166481
166479
166480
166482
166482
166481
166481
166484
166488
166492
166491
166491
166491
166491
166489
166484
166483
166484
166486
166487
166487
166486
166489
166493
166495
166495
166494
166497
166500
166500
166497
166495
166497
166499
166498
166494
166492
166493
166496
166495
166494
166494
166497
166502
166505
166505
166504
166505
166507
166507
166504
166502
166502
166501
166498
166494
166490
166490
166492
166493
166494
166498
166502
166506
166508
166507
166506
166508
166510
166509
166507
166506
166506
166507
166509
166509
166509
166510
166513
166514
166515
166515
166518
166519
166519
166517
166516
166516
166516
166514
166508
166504
166502
166502
166501
166500
166498
166500
166503
166504
166504
166504
166505
166507
166506
166502
166498
166498
166499
166498
166496
166495
166498
166501
166502
166502
166502
166504
166508
166509
166508
166508
166509
166511
166508
166503
166500
166501
166503
166503
166504
166505
166507
166512
166517
166519
166519
166522
166525
166526
166523
166521
166520
166519
166516
166512
166509
166510
166514
166514
166514
166515
166519
166523
166526
166527
166526
166527
166529
166528
166525
166521
166519
166517
166515
166511
166508
166511
166514
166516
166516
166518
166523
166527
166531
166533
166534
166534
166533
166531
166525
166522
166519
166519
166517
166514
166512
166516
166522
166528
166534
166539
166545
166550
166550
166549
166547
166544
166540
166533
166525
166517
166511
166508
166504
166500
166500
166505
166513
166520
166526
166532
166539
166543
166543
166541
166538
166536
166534
166529
166522
166518
166517
166515
166513
166511
166512
166519
166527
166533
166537
166542
166548
166554
166556
166556
166555
166553
166550
166545
166537
166531
166529
166527
166524
166520
166518
166518
166518
166517
166517
166517
166518
166521
166523
166524
166526
166529
166531
166533
166533
166533
166536
166538
166538
166537
166537
166539
166540
166540
166538
166538
166539
166539
166535
166530
166526
166526
166527
166525
166521
166519
166519
166520
166520
166519
166517
166518
166520
166520
166519
166518
166519
166522
166522
166521
166521
166523
166524
166524
166523
166521
166521
166522
166521
166520
166518
166518
166517
166514
166510
166507
166508
166511
166512
166513
166516
166521
166527
166531
166533
166536
166541
166547
166550
166550
166551
166554
166556
166556
166554
166553
166555
166557
166557
166557
166559
166563
166566
166567
166567
166567
166569
166572
166571
166569
166569
166570
166572
166570
166565
166560
166558
166556
166551
166546
166542
166541
166541
166540
166538
166537
166537
166539
166539
166538
166538
166540
166541
166540
166536
166535
166536
166540
166541
166542
166545
166551
166558
166562
166566
166570
166578
166584
166586
166587
166589
166593
166595
166593
166590
166586
166585
166584
166580
166578
166577
166580
166583
166583
166580
166576
166575
166572
166568
166566
166568
166575
166580
166583
166586
166589
166593
166595
166595
166592
166590
166590
166590
166588
166583
166578
166577
166575
166571
166568
166566
166570
166575
166579
166581
166585
166589
166592
166592
166590
166587
166588
166588
166586
166583
166582
166584
166585
166584
166582
166582
166586
166590
166592
166594
166597
166602
166607
166608
166608
166606
166603
166601
166598
166593
166589
166587
166584
166579
166574
166572
166573
166575
166574
166572
166574
166578
166582
166582
166579
166577
166579
166580
166578
166575
166575
166575
166576
166575
166572
166572
166573
166574
166573
166572
166572
166573
166575
166574
166573
166573
166575
166578
166576
166574
166573
166574
166577
166577
166576
166576
166577
166577
166574
166570
166568
166570
166571
166571
166569
166571
166574
166578
166578
166576
166575
166576
166578
166577
166574
166573
166573
166575
166575
166572
166569
166568
166566
166561
166555
166554
166556
166561
166564
166566
166570
166575
166581
166583
166583
166583
166583
166582
166577
166570
166564
166561
166558
166554
166550
166548
166551
166553
166554
166554
166558
166564
166570
166572
166574
166575
166577
166577
166572
166567
166564
166561
166559
166556
166553
166551
166553
166556
166557
166556
166557
166560
166564
166564
166565
166567
166571
166575
166575
166572
166570
166570
166570
166568
166566
166564
166565
166567
166569
166569
166570
166573
166576
166576
166574
166574
166574
166575
166574
166572
166571
166573
166575
166575
166573
166572
166572
166573
166572
166570
166568
166569
166571
166569
166568
166569
166572
166576
166576
166574
166575
166577
166577
166575
166572
166571
166571
166571
166567
166563
166562
166564
166566
166566
166566
166567
166569
166571
166571
166569
166568
166570
166571
166570
166568
166568
166568
166569
166567
166565
166565
166568
166570
166570
166569
166570
166572
166574
166573
166573
166576
166578
166580
166577
166573
166571
166571
166572
166570
166568
166568
166570
166572
166571
166570
166570
166572
166575
166574
166572
166570
166569
166568
166567
166567
166567
166569
166570
166568
166566
166565
166566
166568
166567
166566
166566
166570
166574
166574
166573
166574
166575
166576
166575
166574
166576
166578
166580
166579
166576
166575
166577
166579
166578
166576
166576
166578
166580
166580
166577
166577
166578
166578
166576
166575
166575
166576
166578
166577
166576
166576
166578
166581
166581
166579
166578
166578
166578
166573
166570
166571
166572
166574
166573
166569
166568
166570
166571
166568
166566
166566
166567
166569
166569
166567
166568
166571
166575
166576
166574
166574
166574
166576
166575
166573
166572
166575
166578
166576
166574
166575
166577
166577
166576
166574
166574
166576
166576
166575
166573
166573
166577
166580
166579
166579
166581
166584
166586
166584
166581
166580
166578
166575
166572
166570
166568
166569
166570
166570
166569
166571
166573
166573
166570
166566
166564
166565
166567
166566
166563
166564
166566
166568
166567
166566
166568
166572
166574
166574
166572
166572
166572
166573
166571
166569
166571
166573
166576
166576
166576
166577
166579
166580
166579
166576
166576
166577
166577
166575
166571
166570
166570
166573
166573
166574
166576
166579
166580
166578
166576
166576
166577
166578
166576
166573
166574
166576
166579
166577
166576
166576
166577
166576
166574
166571
166570
166572
166575
166574
166573
166575
166578
166581
166581
166579
166578
166579
166581
166580
166579
166579
166582
166583
166581
166578
166579
166581
166582
166579
166577
166578
166581
166584
166585
166585
166585
166588
166589
166586
166583
166582
166584
166584
166581
166578
166578
166578
166577
166575
166571
166571
166576
166579
166579
166579
166580
166581
166582
166580
166578
166579
166581
166581
166579
166577
166578
166580
166580
166578
166577
166578
166580
166582
166582
166582
166583
166587
166590
166590
166589
166589
166590
166591
166587
166583
166583
166584
166583
166581
166579
166579
166580
166580
166577
166574
166575
166578
166580
166580
166581
166582
166584
166584
166582
166579
166577
166578
166579
166576
166574
166573
166574
166575
166575
166574
166575
166578
166581
166581
166581
166584
166588
166593
166595
166594
166597
166600
166601
166600
166600
166601
166603
166603
166600
166598
166597
166598
166597
166592
166587
166585
166585
166583
166580
166577
166577
166579
166581
166581
166580
166581
166584
166584
166581
166579
166578
166579
166579
166576
166574
166574
166573
166571
166568
166567
166567
166569
166572
166572
166571
166572
166574
166574
166571
166569
166568
166570
166570
166569
166567
166568
166569
166570
166568
166568
166571
166574
166575
166575
166573
166573
166575
166575
166573
166570
166570
166572
166574
166573
166572
166573
166577
166579
166578
166575
166575
166574
166573
166570
166567
166567
166569
166571
166570
166567
166568
166569
166569
166567
166565
166565
166566
166566
166564
166562
166563
166565
166565
166564
166562
166563
166565
166567
166566
166563
166563
166564
166563
166561
166561
166563
166567
166568
166566
166564
166564
166567
166567
166565
166563
166564
166567
166568
166566
166565
166566
166569
166569
166570
166570
166571
166572
166572
166571
166570
166569
166570
166570
166567
166564
166565
166567
166568
166568
166567
166569
166572
166574
166573
166570
166569
166570
166568
166566
166562
166562
166565
166567
166566
166566
166568
166571
166573
166573
166572
166573
166575
166575
166572
166569
166569
166569
166568
166565
166563
166567
166570
166573
166573
166571
166572
166574
166574
166572
166569
166570
166572
166573
166571
166569
166570
166572
166572
166569
166567
166570
166573
166573
166573
166572
166573
166575
166575
166572
166570
166570
166572
166572
166570
166569
166570
166572
166572
166570
166568
166568
166569
166569
166566
166563
166564
166566
166567
166565
166561
166562
166565
166566
166563
166561
166561
166562
166562
166560
166561
166564
166567
166569
166568
166566
166566
166567
166566
166564
166562
166563
166565
166567
166565
166563
166564
166566
166566
166563
166562
166564
166566
166566
166565
166563
166564
166567
166568
166566
166565
166566
166568
166568
166566
166565
166567
166570
166572
166570
166569
166570
166570
166570
166568
166566
166566
166568
166568
166566
166565
166566
166568
166567
166564
166561
166562
166563
166564
166562
166561
166562
166563
166562
166559
166558
166561
166564
166564
166562
166560
166562
166565
166566
166566
166565
166566
166569
166570
166569
166568
166568
166569
166568
166565
166562
166562
166563
166563
166562
166560
166562
166564
166566
166564
166562
166563
166564
166564
166562
166560
166561
166564
166565
166563
166563
166566
166569
166570
166568
166567
166567
166567
166565
166562
166560
166562
166564
166564
166561
166558
166560
166563
166563
166561
166559
166560
166561
166560
166558
166556
166558
166561
166562
166561
166560
166562
166564
166564
166561
166558
166559
166560
166560
166557
166556
166558
166559
166559
166558
166557
166560
166565
166567
166567
166564
166564
166567
166566
166564
166561
166562
166565
166566
166566
166565
166566
166567
166565
166562
166560
166562
166564
166565
166563
166560
166560
166560
166560
166558
166556
166557
166560
166560
166558
166558
166560
166560
166559
166557
166554
166557
166559
166560
166559
166558
166559
166559
166557
166556
166554
166556
166558
166557
166556
166554
166556
166559
166559
166558
166557
166560
166562
166560
166559
166558
166559
166560
166559
166557
166555
166556
166556
166553
166550
166548
166549
166550
166551
166551
166551
166552
166555
166557
166556
166554
166554
166555
166555
166553
166551
166553
166556
166556
166553
166552
166553
166556
166555
166553
166552
166552
166554
166552
166550
166548
166549
166552
166552
166551
166549
166549
166551
166549
166546
166546
166548
166551
166552
166551
166550
166549
166549
166548
166545
166543
166545
166547
166546
166545
166543
166544
166545
166544
166543
166542
166543
166546
166545
166541
166541
166544
166547
166548
166547
166545
166547
166550
166550
166547
166545
166547
166551
166551
166549
166548
166549
166550
166549
166546
166544
166546
166549
166548
166546
166545
166546
166548
166548
166547
166547
166549
166550
166547
166544
166543
166543
166543
166542
166540
166540
166543
166547
166549
166548
166546
166547
166548
166548
166548
166546
166546
166547
166547
166547
166547
166548
166549
166549
166548
166546
166547
166549
166548
166547
166546
166546
166547
166546
166544
166542
166544
166545
166543
166541
166540
166542
166545
166545
166543
166543
166543
166544
166544
166541
166540
166540
166541
166541
166539
166538
166540
166542
166542
166540
166538
166538
166538
166537
166535
166534
166536
166538
166538
166538
166540
166542
166545
166547
166547
166547
166548
166550
166548
166545
166543
166543
166544
166542
166539
166539
166541
166544
166544
166543
166543
166545
166546
166544
166541
166539
166539
166540
166539
166536
166534
166535
166536
166537
166535
166536
166539
166543
166544
166545
166545
166547
166548
166547
166545
166543
166542
166542
166541
166540
166540
166541
166544
166546
166545
166544
166546
166548
166548
166547
166547
166547
166548
166545
166541
166539
166541
166541
166539
166537
166537
166540
166542
166540
166538
166539
166541
166543
166543
166540
166538
166540
166541
166540
166538
166537
166539
166541
166540
166538
166536
166536
166537
166534
166531
166529
166531
166535
166534
166531
166529
166528
166528
166527
166524
166524
166525
166526
166526
166524
166524
166525
166525
166523
166520
166519
166521
166524
166526
166524
166522
166523
166523
166521
166518
166516
166517
166519
166520
166518
166517
166518
166519
166518
166515
166515
166518
166519
166517
166516
166517
166519
166520
166518
166516
166515
166515
166517
166517
166516
166517
166518
166519
166518
166515
166515
166517
166518
166517
166515
166515
166518
166520
166519
166516
166515
166515
166515
166513
166512
166512
166515
166518
166518
166517
166517
166519
166519
166517
166515
166516
166517
166517
166515
166512
166509
166510
166511
166510
166507
166506
166508
166510
166509
166507
166506
166507
166506
166505
166503
166502
166503
166505
166505
166503
166503
166505
166507
166506
166503
166504
166507
166509
166508
166507
166506
166507
166509
166506
166504
166502
166503
166504
166505
166505
166506
166510
166512
166510
166507
166505
166505
166506
166504
166501
166500
166503
166504
166501
166499
166499
166501
166502
166500
166498
166497
166499
166503
166504
166501
166501
166502
166504
166502
166500
166497
166496
166495
166493
166491
166491
166493
166494
166494
166493
166494
166497
166499
166498
166496
166496
166497
166498
166496
166494
166492
166492
166493
166491
166489
166490
166493
166494
166494
166491
166492
166494
166497
166498
166496
166496
166497
166497
166495
166494
166494
166496
166498
166496
166495
166496
166498
166499
166497
166494
166492
166494
166495
166494
166492
166493
166495
166495
166494
166493
166493
166493
166494
166492
166490
166490
166493
166495
166493
166488
166486
166488
166489
166488
166487
166487
166490
166493
166493
166490
166488
166491
166493
166492
166490
166489
166490
166493
166491
166491
166490
166490
166490
166487
166485
166483
166484
166486
166486
166486
166487
166489
166491
166489
166487
166487
166489
166490
166488
166484
166483
166484
166484
166482
166479
166478
166480
166483
166484
166485
166488
166492
166494
166492
166489
166488
166487
166486
166483
166481
166481
166482
166484
166483
166482
166483
166486
166488
166489
166488
166489
166490
166491
166489
166486
166486
166487
166487
166485
166482
166481
166482
166482
166481
166480
166482
166485
166488
166488
166486
166484
166485
166486
166483
166480
166481
166483
166483
166480
166477
166478
166481
166484
166485
166485
166487
166490
166490
166490
166488
166487
166489
166490
166489
166485
166484
166485
166484
166483
166481
166481
166483
166484
166484
166484
166487
166491
166494
166493
166490
166489
166490
166490
166487
166482
166481
166481
166480
166477
166475
166477
166482
166485
166485
166485
166486
166490
166492
166491
166489
166491
166491
166490
166488
166484
166483
166483
166482
166478
166475
166475
166477
166481
166482
166484
166489
166494
166498
166497
166494
166493
166495
166495
166493
166490
166489
166489
166488
166484
166481
166482
166485
166486
166485
166485
166487
166491
166492
166491
166489
166491
166495
166497
166495
166493
166491
166489
166489
166486
166483
166483
166484
166485
166484
166483
166485
166488
166490
166490
166491
166492
166495
166496
166495
166492
166491
166492
166492
166490
166487
166488
166489
166488
166485
166482
166482
166484
166484
166484
166484
166486
166489
166492
166491
166491
166492
166494
166494
166491
166488
166487
166488
166488
166487
166486
166486
166489
166491
166491
166491
166493
166495
166496
166495
166494
166493
166494
166496
166494
166492
166492
166494
166494
166493
166490
166488
166489
166489
166487
166485
166485
166488
166492
166494
166496
166498
166501
166502
166501
166498
166498
166500
166498
166494
166491
166492
166493
166492
166490
166489
166492
166496
166498
166497
166495
166497
166499
166500
166498
166496
166496
166495
166495
166491
166486
166484
166483
166482
166480
166479
166479
166480
166480
166480
166478
166479
166482
166484
166483
166481
166482
166484
166485
166483
166482
166483
166483
166483
166482
166481
166481
166480
166481
166479
166478
166479
166481
166483
166482
166480
166481
166483
166485
166484
166482
166482
166483
166482
166480
166478
166478
166479
166479
166479
166478
166479
166481
166482
166481
166479
166479
166479
166480
166480
166480
166483
166486
166486
166486
166483
166483
166484
166486
166485
166484
166485
166488
166490
166488
166484
166484
166488
166491
166490
166488
166488
166489
166487
166483
166480
166480
166484
166485
166482
166480
166480
166482
166482
166480
166480
166481
166482
166482
166478
166476
166478
166481
166483
166482
166481
166484
166489
166491
166490
166490
166491
166493
166492
166489
166486
