166483
166480
166483
166486
166487
166485
166482
166487
166488
166490
166490
166489
166490
166491
166492
166491
166489
166488
166488
166487
166489
166485
166483
166484
166484
166485
166485
166485
166487
166488
166485
166486
166489
166491
166493
166493
166494
166496
166500
166501
166499
166502
166503
166505
166507
166507
166505
166505
166507
166506
166502
166503
166502
166502
166502
166500
166496
166495
166497
166498
166494
166491
166496
166498
166500
166500
166497
166499
166503
166506
166507
166506
166505
166512
166516
166515
166515
166519
166522
166522
166521
166520
166518
166521
166524
166522
166520
166519
166523
166520
166516
166510
166505
166507
166504
166498
166493
166490
166490
166487
166481
166476
166473
166471
166467
166461
166459
166455
166454
166451
166447
166442
166440
166443
166444
166440
166438
166438
166439
166440
166437
166432
166430
166428
166430
166429
166428
166429
166429
166430
166428
166426
166423
166423
166427
166424
166421
166421
166422
166423
166420
166416
166412
166412
166409
166405
166404
166403
166403
166406
166407
166407
166409
166409
166412
166415
166413
166414
166416
166418
166417
166417
166417
166419
166425
166425
166425
166428
166433
166435
166434
166433
166433
166435
166436
166433
166436
166438
166439
166441
166441
166444
166449
166456
166460
166462
166463
166463
166465
166467
166467
166462
166463
166469
166471
166472
166473
166472
166478
166482
166481
166480
166481
166483
166486
166488
166489
166490
166493
166495
166492
166493
166493
166494
166497
166495
166493
166498
166501
166503
166503
166502
166502
166504
166506
166504
166500
166500
166500
166501
166500
166498
166499
166505
166507
166506
166504
166505
166506
166506
166502
166501
166506
166507
166507
166506
166504
166504
166505
166506
166503
166502
166503
166504
166504
166499
166500
166502
166502
166503
166501
166498
166498
166499
166499
166495
166496
166496
166495
166496
166494
166490
166490
166490
166490
166486
166482
166486
166487
166486
166485
166482
166483
166486
166489
166488
166487
166488
166491
166494
166493
166491
166490
166491
166495
166492
166490
166491
166492
166493
166490
166488
166489
166490
166491
166487
166482
166485
166487
166487
166486
166484
166485
166487
166486
166484
166480
166481
166487
166487
166485
166482
166483
166484
166486
166485
166483
166484
166487
166489
166487
166485
166484
166483
166487
166485
166483
166483
166485
166487
166487
166486
166487
166490
166490
166490
166489
166489
166490
166491
166487
166486
166490
166491
166493
166492
166490
166491
166494
166496
166495
166494
166494
166498
166499
166496
166492
166497
166498
166498
166496
166495
166497
166499
166500
166498
166500
166501
166501
166501
166500
166497
166498
166500
166503
166502
166501
166502
166503
166503
166501
166498
166497
166497
166496
166499
166498
166498
166501
166503
166500
166501
166504
166506
166505
166503
166505
166506
166509
166508
166507
166505
166505
166505
166506
166505
166504
166504
166506
166507
166507
166505
166505
166511
166511
166509
166507
166507
166508
166510
166509
166506
166507
166512
166515
166512
166507
166509
166514
166513
166511
166508
166507
166507
166507
166505
166503
166503
166505
166506
166505
166502
166504
166510
166510
166508
166507
166506
166507
166507
166506
166505
166505
166506
166506
166506
166506
166512
166514
166515
166515
166513
166512
166513
166514
166513
166511
166511
166513
166512
166507
166502
166505
166509
166509
166508
166507
166509
166513
166514
166512
166509
166508
166512
166517
166514
166512
166512
166515
166517
166514
166512
166510
166516
166519
166519
166518
166520
166521
166519
166517
166514
166515
166515
166514
166513
166512
166514
166516
166516
166518
166516
166517
166520
166523
166522
166522
166524
166526
166527
166524
166519
166522
166523
166524
166523
166520
166519
166520
166521
166519
166518
166517
166521
166524
166521
166522
166525
166527
166529
166528
166527
166527
166528
166528
166522
166521
166525
166526
166525
166524
166523
166522
166523
166527
166527
166525
166526
166527
166528
166528
166526
166527
166529
166529
166527
166523
166524
166524
166526
166526
166523
166523
166526
166528
166527
166525
166525
166526
166524
166520
166517
166517
166524
166525
166522
166522
166523
166525
166525
166523
166522
166523
166527
166526
166525
166525
166523
166521
166519
166516
166513
166513
166513
166516
166515
166512
166512
166514
166515
166513
166510
166510
166512
166513
166513
166512
166511
166516
166517
166516
166515
166515
166520
166521
166518
166516
166517
166520
166522
166520
166517
166517
166517
166518
166521
166519
166520
166522
166522
166520
166519
166519
166520
166520
166515
166515
166518
166519
166519
166518
166517
166518
166519
166520
166519
166516
166517
166520
166522
166522
166522
166522
166528
166530
166529
166528
166529
166530
166531
166530
166530
166532
166535
166534
166531
166529
166528
166528
166531
166530
166529
166529
166531
166532
166531
166532
166534
166535
166535
166532
166531
166533
166536
166538
166536
166538
166540
166540
166539
166538
166535
166535
166537
166539
166537
166535
166536
166536
166537
166534
166533
166536
166538
166538
166535
166534
166534
166536
166537
166534
166531
166536
166540
166542
166542
166540
166540
166541
166542
166541
166539
166540
166541
166542
166542
166541
166543
166545
166545
166544
166543
166545
166547
166548
166546
166544
166544
166545
166546
166546
166545
166548
166552
166554
166552
166550
166550
166548
166549
166550
166548
166548
166549
166549
166551
166552
166553
166553
166554
166553
166552
166555
166557
166560
166558
166556
166555
166559
166562
166559
166557
166557
166559
166561
166560
166557
166558
166561
166562
166562
166562
166564
166568
166570
166569
166568
166569
166570
166570
166565
166561
166564
166564
166563
166562
166561
166565
166572
166576
166573
166576
166579
166580
166580
166578
166575
166575
166576
166576
166576
166574
166572
166572
166571
166570
166570
166571
166579
166585
166586
166586
166589
166591
166592
166589
166586
166585
166583
166581
166576
166575
166576
166575
166575
166579
166579
166584
166589
166591
166590
166588
166589
166591
166590
166590
166590
166588
166587
166587
166584
166584
166586
166588
166589
166588
166589
166589
166590
166592
166590
166588
166589
166590
166591
166590
166590
166591
166591
166594
166595
166592
166593
166596
166597
166596
166595
166597
166598
166597
166594
166593
166594
166597
166598
166596
166594
166596
166597
166598
166598
166598
166596
166599
166602
166599
166596
166598
166601
166602
166602
166602
166605
166608
166607
166605
166601
166603
166608
166609
166608
166606
166608
166611
166611
166609
166605
166605
166607
166610
166610
166610
166612
166613
166618
166617
166614
166615
166617
166617
166615
166614
166616
166618
166619
166617
166613
166613
166614
166616
166617
166618
166620
166621
166620
166622
166619
166619
166619
166618
166614
166612
166617
166619
166618
166616
166617
166619
166622
166622
166620
166618
166616
166621
166623
166622
166622
166623
166625
166625
166623
166622
166621
166619
166622
166620
166615
166615
166618
166621
166619
166617
166616
166618
166615
166616
166615
166615
166616
166615
166611
166609
166609
166610
166609
166612
166613
166613
166614
166611
166611
166613
166611
166611
166611
166610
166609
166611
166616
166618
166616
166614
166619
166622
166623
166621
166620
166621
166623
166624
166622
166620
166617
166617
166619
166616
166612
166613
166617
166619
166618
166617
166618
166619
166619
166616
166610
166614
166617
166617
166616
166614
166613
166614
166615
166614
166613
166615
166616
166616
166614
166611
166617
166621
166621
166619
166617
166619
166620
166617
166617
166614
166613
166615
166616
166615
166614
166616
166619
166619
166617
166614
166614
166618
166618
166617
166616
166616
166617
166618
166616
166613
166613
166615
166613
166614
166613
166614
166614
166614
166611
166608
166610
166614
166614
166611
166609
166611
166613
166612
166610
166609
166609
166612
166616
166615
166612
166613
166615
166616
166614
166613
166613
166616
166617
166613
166613
166617
166617
166616
166614
166612
166610
166615
166617
166614
166610
166610
166613
166614
166614
166612
166614
166616
166613
166614
166614
166613
166616
166616
166613
166612
166614
166617
166617
166615
166613
166614
166616
166615
166616
166616
166619
166623
166624
166623
166622
166623
166623
166624
166626
166626
166626
166628
166628
166624
166620
166620
166621
166620
166619
166618
166617
166621
166626
166624
166623
166623
166624
166624
166620
166618
166619
166621
166622
166620
166619
166620
166621
166619
166621
166620
166622
166626
166627
166625
166623
166622
166623
166623
166622
166617
166618
166625
166624
166622
166620
166621
166623
166623
166620
166617
166618
166620
166621
166620
166617
166623
166625
166623
166621
166619
166622
166623
166621
166619
166618
166619
166620
166624
166624
166621
166621
166621
166620
166617
166615
166616
166619
166621
166621
166621
166623
166623
166627
166626
166624
166625
166626
166625
166622
166618
166618
166620
166622
166621
166619
166618
166616
166619
166617
166612
166612
166616
166618
166616
166616
166616
166620
166621
166621
166621
166621
166620
166623
166623
166621
166621
166623
166623
166621
166618
166618
166618
166619
166617
166617
166618
166620
166620
166619
166616
166614
166618
166619
166616
166614
166616
166617
166617
166615
166614
166617
166621
166622
166621
166618
166616
166621
166622
166620
166620
166622
166624
166624
166622
166620
166623
166628
166629
166625
166621
166626
166629
166628
166625
166624
166625
166626
166625
166622
166622
166625
166624
166625
166625
166621
166622
166623
166621
166619
166618
166621
166623
166624
166624
166627
166630
166632
166630
166627
166627
166631
166631
166633
166634
166632
166631
166631
166630
166628
166627
166630
166631
166630
166627
166630
166632
166634
166635
166633
166629
166630
166633
166634
166634
166632
166633
166635
166634
166628
166629
166632
166633
166633
166632
166631
166634
166635
166633
166629
166627
166628
166630
166628
166627
166626
166627
166629
166628
166626
166623
166622
166624
166624
166620
166622
166625
166627
166627
166625
166622
166624
166626
166626
166626
166623
166622
166622
166625
166625
166623
166623
166625
166624
166623
166622
166624
166626
166623
166621
166620
166618
166619
166619
166618
166616
166616
166617
166615
166610
166612
166615
166617
166617
166616
166615
166617
166619
166619
166616
166614
166615
166616
166617
166616
166613
166615
166615
166614
166613
166612
166613
166615
166615
166613
166608
166612
166613
166612
166612
166611
166612
166613
166612
166610
166609
166606
166608
166605
166600
166595
166593
166593
166594
166593
166590
166595
166599
166597
166595
166594
166594
166595
166595
166591
166588
166588
166590
166588
166585
166582
166589
166591
166591
166590
166588
166590
166592
166590
166587
166585
166586
166587
166586
166581
166583
166588
166591
166593
166592
166592
166594
166595
166594
166589
166587
166586
166585
166588
166590
166589
166590
166590
166590
166588
166587
166587
166589
166587
166587
166588
166588
166590
166590
166590
166589
166590
166591
166589
166584
166583
166587
166588
166588
166586
166585
166588
166589
166588
166587
166584
166584
166584
166583
166581
166579
166579
166585
166588
166586
166584
166585
166585
166583
166580
166577
166579
166581
166582
166579
166579
166584
166584
166582
166579
166577
166579
166581
166582
166581
166579
166581
166583
166580
166578
166580
166580
166579
166578
166575
166572
166573
166577
166579
166578
166577
166578
166578
166574
166575
166578
166578
166580
166580
166578
166579
166581
166583
166582
166577
166576
166582
166584
166584
166585
166585
166586
166586
166583
166582
166581
166581
166582
166579
166579
166581
166582
166582
166581
166579
166577
166578
166579
166580
166576
166575
166581
166583
166583
166581
166579
166578
166580
166579
166577
166575
166577
166580
166585
166584
166581
166581
166583
166582
166578
166577
166579
166581
166581
166581
166579
166580
166584
166582
166578
166575
166573
166576
166577
166576
166576
166577
166580
166584
166581
166580
166582
166584
166583
166580
166578
166580
166582
166582
166581
166581
166581
166586
166585
166583
166582
166583
166585
166584
166582
166581
166581
166583
166584
166581
166579
166577
166581
166583
166580
166578
166581
166583
166581
166579
166579
166581
166582
166579
166581
166582
166583
166585
166586
166585
166585
166586
166588
166586
166582
166581
166583
166584
166582
166583
166584
166584
166586
166585
166583
166584
166585
166586
166585
166583
166581
166582
166585
166584
166586
166589
166591
166593
166594
166591
166589
166592
166594
166591
166589
166589
166591
166594
166591
166587
166589
166589
166591
166592
166590
166591
166595
166597
166599
166598
166598
166600
166601
166599
166599
166598
166599
166600
166600
166599
166597
166598
166600
166599
166597
166594
166592
166596
166596
166592
166589
166590
166592
166593
166592
166591
166593
166596
166596
166594
166591
166592
166592
166593
166594
166593
166595
166596
166593
166590
166589
166590
166591
166589
166586
166584
166583
166587
166590
166588
166587
166588
166589
166590
166588
166586
166588
166589
166590
166589
166587
166589
166591
166587
166587
166589
166589
166588
166587
166584
166584
166587
166590
166587
166583
166580
166581
166584
166584
166582
166581
166581
166581
166583
166583
166581
166583
166585
166586
166585
166585
166586
166588
166592
166589
166588
166590
166591
166591
166588
166586
166583
166587
166589
166587
166587
166589
166590
166591
166588
166587
166589
166593
166592
166590
166589
166589
166590
166589
166591
166591
166592
166594
166592
166589
166588
166589
166589
166588
166588
166589
166590
166592
166592
166589
166586
166587
166592
166590
166588
166587
166589
166591
166590
166586
166584
166585
166587
166586
166583
166582
166584
166586
166586
166583
166585
166589
166590
166588
166585
166584
166585
166586
166584
166581
166581
166581
166583
166581
166580
166581
166583
166586
166584
166584
166587
166588
166589
166589
166588
166589
166592
166596
166597
166595
166595
166595
166596
166595
166594
166591
166590
166596
166596
166593
166591
166592
166595
166596
166596
166596
166596
166598
166598
166595
166593
166593
166595
166596
166596
166595
166594
166599
166599
166596
166594
166595
166598
166599
166598
166597
166598
166599
166600
166597
166595
166597
166599
166595
166590
166592
166592
166593
166594
166593
166593
166593
166595
166595
166594
166594
166595
166597
166597
166596
166595
166594
166598
166596
166593
166592
166593
166595
166593
166590
166589
166590
166591
166590
166587
166583
166587
166591
166591
166590
166589
166593
166596
166594
166593
166592
166592
166593
166590
166585
166587
166589
166589
166589
166587
166587
166588
166590
166589
166588
166588
166589
166589
166588
166588
166588
166592
166592
166591
166592
166591
166590
166590
166590
166588
166587
166589
166592
166592
166591
166591
166593
166596
166595
166593
166590
166591
166596
166594
166590
166589
166590
166592
166591
166589
166588
166590
166594
166595
166595
166594
166597
166604
166604
166604
166603
166605
166607
166605
166602
166600
166598
166596
166594
166595
166593
166594
166596
166594
166591
166592
166594
166597
166597
166594
166590
166595
166599
166600
166599
166599
166601
166602
166598
166595
166594
166595
166597
166596
166591
166593
166595
166595
166592
166588
166588
166588
166588
166590
166589
166588
166590
166589
166591
166591
166588
166589
166591
166591
166589
166588
166588
166591
166590
166587
166586
166588
166588
166584
166585
166584
166584
166585
166583
166583
166585
166587
166590
166588
166584
166581
166581
166586
166584
166581
166582
166585
166588
166588
166585
166584
166587
166590
166590
166589
166588
166587
166590
166589
166587
166584
166585
166587
166585
166583
166581
166582
166585
166583
166583
166586
166590
166593
166593
166592
166589
166589
166590
166588
166585
166586
166585
166589
166591
166588
166587
166586
166584
166581
166575
166576
166582
166584
166586
166586
166585
166586
166588
166587
166584
166582
166584
166584
166583
166586
166585
166586
166586
166584
166582
166582
166583
166583
166580
166577
166576
166575
166575
166579
166581
166580
166582
166584
166583
166580
166579
166582
166583
166583
166582
166582
166582
166581
166584
166581
166578
166579
166581
166581
166579
166578
166579
166582
166582
166585
166585
166587
166589
166590
166587
166586
166587
166586
166585
166583
166582
166583
166582
166584
166586
166585
166586
166587
166585
166583
166582
166582
166582
166578
166579
166581
166582
166584
166584
166583
166583
166586
166589
166588
166586
166584
166585
166587
166586
166583
166581
166586
166588
166587
166585
166585
166587
166588
166587
166585
166585
166586
166588
166586
166584
166584
166586
166589
166589
166588
166587
166589
166590
166586
166579
166575
166575
166576
166579
166587
166589
166590
166591
166589
166587
166587
166588
166589
166589
166588
166588
166595
166600
166601
166599
166597
166598
166598
166597
166595
166592
166597
166600
166597
166595
166593
166593
166596
166596
166593
166591
166593
166592
166591
166594
166593
166593
166595
166595
166592
166591
166594
166595
166593
166590
166590
166594
166596
166594
166593
166592
166592
166594
166593
166590
166587
166586
166586
166584
166580
166576
166580
166581
166581
166580
166580
166582
166582
166580
166577
166581
166582
166584
166584
166581
166579
166578
166580
166580
166578
166576
166578
166583
166582
166580
166579
166581
166585
166583
166584
166586
166586
166588
166588
166586
166584
166585
166588
166587
166586
166590
166594
166598
166599
166599
166599
166602
166604
166604
166602
166598
166593
166595
166593
166591
166590
166592
166594
166594
166592
166592
166595
166595
166596
166596
166594
166594
166595
166595
166595
166594
166596
166598
166594
166594
166593
166592
166594
166593
166591
166591
166590
166588
166589
166586
166582
166583
166584
166582
166577
166574
166576
166577
166574
166572
166571
166579
166585
166585
166585
166588
166595
166601
166602
166602
166604
166610
166616
166616
166617
166619
166624
166629
166630
166632
166635
166640
166645
166645
166644
166650
166653
166654
166653
166650
166647
166647
166648
166644
166646
166645
166647
166649
166648
166645
166644
166644
166642
166643
166643
166641
166642
166643
166642
166641
166641
166644
166645
166644
166641
166645
166648
166648
166646
166643
166641
166643
166646
166646
166645
166645
166647
166646
166644
166644
166643
166644
166646
166644
166642
166645
166647
166649
166650
166648
166647
166649
166651
166649
166647
166645
166645
166650
166649
166646
166644
166647
166649
166649
166648
166646
166644
166648
166649
166644
166639
166638
166638
166636
166633
166633
166633
166638
166641
166638
166637
166639
166638
166633
166626
166626
166625
166622
166617
166612
166607
166605
166601
166596
166596
166593
166592
166592
166589
166586
166583
166582
166580
166580
166580
166578
166577
166575
166570
166565
166561
166558
166554
166549
166549
166545
166545
166547
166546
166545
166544
166550
166556
166557
166558
166560
166564
166566
166567
166565
166562
166567
166568
166565
166558
166548
166544
166544
166547
166550
166555
166564
166572
166575
166579
166581
166585
166587
166586
166582
166578
166577
166575
166572
166570
166570
166573
166576
166577
166576
166584
166592
166595
166595
166592
166589
166590
166590
166585
166579
166576
166578
166578
166577
166576
166577
166580
166583
166584
166585
166589
166594
166598
166597
166595
166594
166595
166593
166590
166590
166588
166589
166591
166590
166588
166589
166592
166596
166601
166602
166604
166606
166609
166608
166603
166600
166600
166597
166590
166589
166589
166590
166591
166592
166594
166595
166597
166604
166607
166606
166606
166609
166611
166607
166601
166597
166597
166597
166594
166592
166594
166594
166598
166599
166599
166600
166605
166609
166614
166615
166613
166614
166614
166611
166608
166605
166607
166609
166606
166602
166603
166604
166607
166608
166608
166607
166612
166615
166613
166611
166611
166610
166609
166610
166607
166604
166603
166603
166603
166601
166599
166603
166606
166606
166606
166608
166611
166613
166610
166608
166612
166615
166617
166617
166616
166615
166616
166617
166616
166614
166613
166614
166613
166609
166610
166609
166611
166615
166615
166611
166612
166615
166616
166613
166610
166611
166615
166615
166615
166617
166615
166615
166615
166613
166611
166610
166610
166613
166615
166614
166614
166614
166615
166614
166610
166613
166617
166618
166615
166612
166610
166611
166612
166611
166610
166610
166618
166620
166621
166620
166620
166621
166621
166618
166615
166616
166618
166617
166620
166622
166621
166622
166623
166620
166616
166614
166617
166619
166619
166617
166616
166617
166619
166619
166615
166617
166622
166624
166621
166619
166619
166621
166624
166623
166621
166618
166624
166628
166627
166625
166625
166627
166628
166628
166627
166627
166629
166630
166627
166625
166628
166628
166629
166628
166628
166628
166629
166631
166630
166627
166630
166631
166631
166630
166628
166628
166629
166632
166630
166629
166628
166632
166638
166635
166633
166632
166632
166633
166631
166629
166628
166629
166630
166628
166627
166626
166627
166628
166629
166628
166628
166628
166631
166634
166631
166630
166632
166635
166634
166633
166632
166632
166633
166633
166632
166631
166632
166632
166628
166632
166632
166632
166632
166631
166629
166631
166634
166634
166634
166637
166636
166634
166633
166631
166628
166627
166630
166633
166632
166631
166629
166629
166629
166625
166626
166625
166628
166631
166630
166629
166628
166629
166630
166629
166625
166626
166629
166628
166626
166624
166623
166624
166628
166628
166628
166627
166629
166631
166626
166623
166626
166629
166632
166631
166629
166628
166630
166630
166628
166625
166627
166628
166629
166629
166629
166629
166632
166634
166633
166630
166632
166633
166633
166630
166628
166627
166631
166634
166632
166630
166633
166633
166635
166634
166631
166634
166633
166633
166631
166627
166626
166628
166631
166632
166632
166634
166637
166637
166634
166635
166632
166635
166637
166636
166634
166634
166636
166636
166632
166633
166633
166634
166635
166633
166631
166632
166633
166638
166640
166638
166637
166640
166640
166640
166639
166638
166638
166641
166644
166641
166640
166642
166643
166642
166640
166638
166637
166641
166642
166638
166637
166636
166637
166636
166634
166634
166635
166637
166635
166638
166640
166642
166645
166643
166642
166643
166647
166649
166648
166650
166649
166649
166649
166646
166643
166641
166643
166645
166644
166645
166644
166646
166646
166644
166641
166642
166645
166648
166648
166646
166645
166640
166633
166629
166629
166628
166632
166634
166632
166629
166631
166632
166635
166638
166637
166638
166641
166644
166644
166643
166644
166645
166645
166642
166635
166631
166633
166632
166627
166620
166618
166619
166618
166621
166621
166620
166625
166629
166631
166631
166631
166634
166637
166635
166635
166636
166637
166638
166635
166632
166630
166627
166627
166624
166617
166615
166616
166618
166618
166618
166620
166623
166625
166626
166629
166630
166634
166639
166641
166642
166642
166646
166648
166647
166644
166647
166652
166653
166651
166649
166647
166646
166646
166645
166644
166645
166649
166652
166650
166651
166652
166654
166655
166654
166654
166656
166658
166660
166666
166665
166665
166669
166673
166673
166672
166670
166672
166677
166678
166676
166674
166674
166676
166674
166671
166668
166669
166673
166671
166668
166666
166668
166674
166671
166666
166665
166666
166665
166661
166659
166659
166661
166662
166663
166662
166661
166662
166664
166662
166663
166664
166667
166667
166667
166670
166668
166668
166668
166665
166663
166662
166663
166661
166662
166660
166655
166655
166659
166657
166654
166653
166654
166654
166652
166647
166642
166642
166641
166637
166639
166639
166640
166642
166640
166636
166635
166635
166632
166631
166627
166624
166623
166625
166625
166625
166625
166628
166628
166631
166633
166633
166636
166638
166637
166632
166634
166632
166630
166627
166622
166618
166623
166626
166625
166623
166623
166626
166627
166625
166623
166622
166622
166623
166620
166620
166622
166623
166624
166622
166619
166617
166618
166618
166622
166622
166623
166626
166629
166630
166629
166625
166626
166630
166628
166624
166622
166622
166625
166626
166626
166627
166629
166631
166628
166631
166631
166632
166634
166634
166633
166634
166636
166637
166634
166631
166630
166628
166629
166630
166627
166627
166628
166631
166630
166628
166626
166626
166630
166628
166625
166624
166628
166630
166630
166627
166627
166631
166631
166630
166628
166626
166625
166629
166627
166623
166624
166628
166632
166633
166630
166632
166634
166635
166632
166628
166627
166626
166627
166623
166625
166624
166624
166624
166622
166619
166619
166620
166623
166623
166622
166622
166621
166624
166625
166622
166622
166623
166623
166625
166623
166624
166627
166630
166630
166629
166629
166630
166635
166634
166632
166632
166633
166634
166632
166629
166628
166628
166628
166623
166620
166624
166624
166626
166626
166623
166620
166622
166624
166623
166621
166620
166623
166625
166623
166620
166618
166619
166624
166623
166620
166619
166621
166624
166625
166623
166623
166625
166631
166631
166628
166628
166629
166630
166628
166625
166624
166626
166624
166626
166626
166625
166627
166629
166629
166629
166630
166633
166636
166635
166632
166631
166628
166631
166633
166631
166630
166632
166636
166636
166634
166633
166634
166635
166632
166628
166625
166630
166632
166630
166626
166624
166625
166629
166629
166629
166628
166629
166636
166635
166631
166629
166629
166628
166625
166621
166619
166619
166620
166619
166616
166620
166625
166628
166628
166627
166628
166630
166632
166630
166630
166630
166631
166633
166631
166629
166628
166629
166628
166630
166628
166628
166630
166631
166629
166627
166626
166629
166630
166627
166629
166629
166633
166636
166637
166636
166637
166636
166640
166639
166634
166631
166633
166634
166632
166628
166629
166632
166634
166631
166628
166629
166634
166633
166631
166629
166626
166626
166627
166625
166622
166621
166622
166623
166625
166622
166618
166618
166618
166617
166614
166612
166612
166615
166618
166615
166614
166616
166618
166616
166619
166619
166622
166623
166623
166620
166617
166618
166620
166619
166618
166616
166617
166617
166613
166611
166613
166615
166615
166611
166611
166613
166613
166615
166615
166613
166615
166618
166618
166617
166615
166614
166617
166618
166617
166613
166610
166613
166612
166613
166611
166609
166611
166613
166613
166613
166615
166618
166620
166619
166616
166613
166612
166616
166616
166612
166610
166612
166613
166612
166611
166609
166610
166612
166610
166607
166611
166614
166614
166610
166604
166603
166604
166604
166603
166602
166605
166608
166608
166606
166608
166610
166612
166613
166611
166608
166607
166608
166607
166607
166604
166602
166603
166605
166604
166602
166602
166603
166604
166605
166602
166602
166606
166607
166605
166600
166598
166599
166599
166597
166595
166594
166595
166598
166596
166591
166592
166597
166599
166598
166594
166592
166593
166593
166591
166587
166586
166588
166590
166593
166591
166592
166595
166597
166596
166594
166594
166595
166597
166596
166593
166589
166595
166597
166595
166594
166595
166597
166598
166596
166593
166591
166591
166593
166594
166592
166590
166590
166593
166591
166588
166588
166589
166589
166587
166587
166588
166592
166595
166591
166590
166592
166591
166592
166591
166590
166588
166588
166589
166589
166587
166586
166587
166590
166593
166591
166588
166588
166590
166589
166585
166585
166586
166587
166590
166589
166589
166591
166594
166594
166592
166592
166595
166597
166596
166591
166593
166597
166597
166595
166592
166590
166591
166593
166592
166588
166588
166587
166589
166591
166588
166587
166588
166591
166592
166588
166589
166593
166592
166589
166586
166583
166584
166585
166585
166585
166586
166588
166588
166589
166591
166591
166593
166595
166595
166594
166595
166595
166594
166593
166594
166593
166594
166595
166594
166591
166590
166592
166593
166591
166588
166583
166586
166587
166582
166580
166578
166580
166581
166579
166577
166581
166583
166584
166583
166580
166579
166580
166583
166582
166578
166579
166581
166581
166580
166583
166582
166583
166584
166582
166581
166581
166584
166586
166583
166582
166586
166588
166588
166586
166583
166583
166585
166584
166580
166581
166581
166581
166584
166583
166581
166580
166581
166583
166582
166580
166578
166579
166580
166584
166582
166580
166580
166582
166582
166579
166578
166581
166584
166581
166581
166581
166582
166584
166583
166582
166582
166583
166587
166586
166585
166583
166583
166584
166583
166581
166581
166583
166584
166584
166581
166580
166585
166588
166586
166584
166583
166584
166585
166583
166578
166578
166580
166580
166577
166575
166575
166576
166577
166577
166576
166574
166574
166580
166580
166577
166577
166578
166580
166579
166575
166573
166573
166574
166575
166572
166572
166578
166581
166583
166582
166582
166584
166584
166580
166578
166577
166577
166582
166580
166576
166574
166575
166576
166576
166572
166570
166570
166568
166568
166569
166567
166569
166571
166570
166569
166569
166569
166570
166568
166566
166569
166570
166570
166569
166566
166565
166566
166569
166568
166567
166571
166571
166572
166574
166570
166568
166568
166569
166568
166566
166565
166562
166566
166566
166562
166559
166559
166560
166559
166559
166560
166563
166566
166566
166565
166564
166568
166572
166569
166565
166563
166565
166566
166564
166561
166559
166561
166562
166557
166557
166561
166562
166561
166560
166559
166557
166559
166560
166559
166555
166555
166559
166558
166555
166550
166548
166550
166553
166553
166550
166546
166551
166552
166548
166547
166548
166549
166551
166551
166548
166547
166548
166548
166545
166545
166547
166547
166546
166544
166543
166544
166546
166546
166544
166543
166540
166540
166538
166535
166532
166530
166532
166535
166534
166531
166530
166531
166536
166535
166532
166531
166534
166537
166539
166538
166538
166540
166542
166539
166536
166534
166533
166534
166532
166528
166525
166531
166532
166531
166530
166528
166528
166528
166527
166529
166527
166529
166531
166529
166526
166525
166527
166529
166529
166528
166527
166533
166535
166533
166530
166528
166528
166529
166530
166530
166528
166528
166529
166526
166526
166528
166529
166528
166526
166523
166522
166526
166531
166530
166528
166528
166529
166530
166529
166526
166526
166528
166529
166528
166532
166531
166532
166533
166531
166529
166530
166532
166535
166536
166535
166534
166536
166537
166534
166534
166533
166534
166535
166534
166536
166536
166536
166539
166543
166540
166539
166541
166542
166541
166537
166540
166543
166544
166543
166540
166538
166540
166543
166543
166540
166537
166541
166541
166538
166536
166534
166534
166536
166536
166535
166535
166535
166538
166540
166538
166537
166539
166541
166539
166538
166536
166536
166542
166542
166540
166541
166545
166547
166546
166543
166541
166543
166544
166541
166540
166540
166539
166540
166539
166536
166536
166538
166540
166540
166536
166541
166543
166543
166541
166540
166541
166544
166544
166541
166541
166538
166539
166541
166538
166537
166537
166537
166538
166537
166533
166535
166540
166541
166538
166536
166534
166536
166536
166538
166537
166536
166536
166537
166536
166532
166530
166531
166534
166534
166533
166537
166539
166541
166541
166539
166538
166540
166542
166540
166537
166533
166535
166539
166539
166537
166536
166538
166540
166538
166539
166539
166542
166545
166546
166544
166545
166546
166548
166546
166547
166546
166544
166544
166544
166542
166540
166543
166545
166546
166546
166542
166547
166551
166550
166548
166550
166552
166555
166555
166553
166552
166549
166549
166551
166547
166545
166546
166547
166548
166547
166548
166549
166551
166549
166550
166549
166549
166551
166551
166549
166546
166547
166553
166553
166550
166548
166550
166551
166549
166547
166546
166548
166552
166550
166549
166551
166552
166554
166552
166550
166549
166552
166553
166551
166548
166549
166554
166555
166551
166547
166546
166547
166550
166548
166543
166542
166548
166550
166550
166548
166547
166547
166548
166546
166545
166546
166547
166547
166549
166550
166549
166550
166553
166554
166550
166548
166548
166545
166548
166545
166544
166547
166545
166538
166533
166532
166535
166539
166542
166545
166544
166547
166549
166548
166546
166549
166554
166555
166559
166558
166557
166558
166560
166560
166559
166559
166561
166564
166562
166557
166554
166560
166562
166557
166552
166548
166549
166550
166548
166545
166545
166548
166550
166548
166549
166550
166554
166556
166557
166557
166557
166557
166560
166563
166561
166560
166560
166562
166561
166559
166557
166558
166558
166560
166563
166561
166562
166562
166558
166555
166558
166563
166564
166563
166560
166557
166563
166565
166564
166563
166562
166564
166566
166565
166563
166557
166557
166560
166557
166552
166547
166548
166552
166550
166548
166548
166552
166556
166557
166557
166557
166561
166563
166561
166563
166562
166562
166564
166564
166558
166558
166559
166557
166554
166551
166552
166555
166558
166555
166557
166557
166559
166564
166566
166565
166563
166569
166572
166571
166568
166565
166566
166568
166567
166565
166563
166562
166567
166567
166565
166565
166568
166570
166569
166569
166568
166572
166574
166573
166571
166570
166572
166577
166576
166575
166574
166576
166579
166580
166577
166574
166575
166582
166585
166584
166584
166586
166588
166585
166583
166579
166576
166575
166577
166574
166572
166573
166576
166576
166574
166573
166575
166577
166577
166574
166577
166579
166578
166574
166574
166572
166574
166577
166577
166575
166574
166577
166577
166574
166578
166577
166579
166581
166580
166578
166575
166575
166581
166580
166579
166578
166579
166579
166578
166579
166580
166581
166582
166581
166578
166576
166575
166576
166576
166575
166572
166572
166579
166578
166576
166576
166577
166578
166578
166577
166573
166576
166579
166578
166576
166575
166578
166582
166583
166579
166580
166584
166585
166584
166581
166579
166581
166583
166583
166581
166578
166581
166585
166583
166580
166580
166583
166586
166587
166587
166584
166588
166590
166587
166585
166582
166581
166582
166580
166576
166579
166582
166583
166583
166580
166581
166584
166586
166584
166585
166586
166587
166587
166587
166584
166581
166582
166582
166578
166576
166581
166584
166585
166583
166581
166580
166581
166583
166583
166581
166584
166586
166586
166584
166582
166582
166585
166588
166588
166585
166581
166586
166590
166590
166590
166590
166591
166592
166591
166586
166583
166581
166581
166583
166582
166581
166584
166586
166585
166583
166581
166584
166586
166584
166584
166585
166587
166590
166590
166587
166586
166588
166591
166590
166587
166586
166587
166592
166597
166596
166594
166595
166597
166595
166590
166589
166596
166599
166597
166595
166593
166593
166593
166593
166592
166592
166591
166595
166595
166591
166589
166592
166595
166596
166595
166594
166593
166598
166599
166596
166594
166595
166596
166594
166590
166588
166589
166588
166590
166590
166589
166591
166595
166596
166595
166595
166596
166598
166600
166596
166594
166594
166594
166590
166585
166582
166583
166583
166582
166586
166586
166588
166590
166590
166591
166592
166593
166595
166593
166594
166595
166595
166597
166595
166594
166590
166587
166584
166584
166583
166581
166582
166583
166583
166581
166582
166587
166588
166590
166589
166588
166589
166588
166587
166585
166582
166582
166586
166591
166589
166588
166590
166594
166592
166591
166592
166593
166592
166595
166597
166597
166597
166600
166596
166590
166589
166593
166594
166595
166593
166591
166590
166591
166589
166588
166591
166593
166596
166595
166593
166595
166597
166599
166599
166597
166595
166593
166596
166595
166593
166591
166592
166593
166593
166590
166593
166597
166598
166596
166594
166591
166589
166592
166591
166586
166584
166583
166582
166579
166576
166575
166575
166577
166583
166582
166580
166581
166582
166580
166578
166574
166578
166582
166580
166579
166580
166583
166587
166587
166587
166585
166587
166594
166594
166595
166596
166597
166596
166594
166588
166587
166590
166588
166585
166581
166578
166577
166580
166578
166578
166581
166581
166582
166582
166583
166586
166589
166593
166599
166597
166596
166597
166597
166599
166597
166595
166596
166598
166598
166597
166597
166599
166599
166599
166602
166603
166605
166605
166605
166603
166603
166606
166609
166607
166606
166607
166607
166608
166605
166601
166603
166604
166604
166602
166599
166597
166599
166600
166599
166598
166597
166596
166600
166599
166596
166595
166598
166603
166604
166601
166598
166603
166604
166603
166599
166598
166599
166601
166598
166594
166596
166599
166601
166601
166599
166599
166600
166602
166600
166602
166601
166602
166604
166604
166601
166598
166598
166599
166595
166592
166596
166597
166599
166600
166599
166598
166598
166599
166603
166601
166598
166598
166599
166597
166595
166591
166592
166596
166595
166593
166593
166594
166598
166599
166598
166598
166601
166604
166603
166600
166601
166603
166607
166607
166605
166601
166606
166610
166609
166609
166607
166608
166610
166610
166607
166605
166612
166616
166614
166608
166600
166598
166600
166603
166604
166603
166610
166615
166616
166616
166616
166617
166619
166619
166617
166616
166618
166618
166621
166618
166616
166617
166619
166618
166613
166616
166620
166621
166620
166619
166620
166624
166627
166628
166626
166625
166624
166625
166628
166625
166623
166624
166625
166626
166624
166624
166626
166626
166627
166629
166627
166627
166629
166627
166626
166625
166626
166625
166628
166629
166627
166628
166631
166630
166626
166624
166626
166626
166627
166628
166626
166627
166628
166627
166624
166623
166624
166625
166625
166621
166622
166626
166626
166623
166622
166621
166622
166623
166620
166622
166621
166621
166621
166622
166623
166623
166625
166627
166626
166622
166625
166628
166630
166631
166629
166627
166629
166633
166634
166631
166631
166634
166636
166637
166635
166635
166636
166636
166636
166633
166629
166633
166635
166633
166630
166629
166632
166634
166634
166634
166636
166637
166638
166638
166636
166633
166634
166635
166635
166633
166631
166636
166640
166640
166639
166638
166639
166641
166641
166639
166638
166637
166638
166641
166638
166637
166637
166639
166639
166636
166634
166633
166632
166634
166632
166631
166631
166633
166635
166634
166633
166634
166635
166633
166634
166632
166631
166630
166629
166627
166627
166628
166629
166632
166633
166633
166633
166634
166634
166631
166628
166628
166628
166628
166626
166624
166625
166634
166635
166634
166633
166635
166637
166636
166634
166631
166634
166638
166636
166634
166633
166633
166636
166636
166633
166633
166633
166633
166635
166634
166630
166631
166634
166633
166630
166628
166630
166632
166632
166636
166636
166636
166638
166637
166634
166633
166634
166634
166631
166633
166634
166634
166636
166636
166635
166634
166635
166637
166638
166636
166634
166639
166641
166639
166636
166633
166634
166636
166636
166633
166632
166633
166634
166636
166633
166630
166630
166632
166633
166630
166630
166632
166633
166630
166627
166629
166630
166631
166631
166630
166629
166631
166634
166633
166630
166633
166634
166634
166633
166631
166629
166634
166638
166637
166634
166629
166622
166623
166621
166621
166624
166629
166633
166634
166633
166631
166632
166633
166634
166636
166636
166638
166641
166640
166638
166638
166640
166641
166638
166636
166640
166642
166645
166644
166642
166640
166642
166642
166640
166638
166635
166636
166642
166641
166639
166639
166640
166641
166640
166638
166639
166641
166643
166642
166641
166640
166640
166644
166649
166649
166648
166648
166648
166647
166645
166642
166644
166646
166643
166641
166644
166646
166647
166645
166642
166641
166642
166643
166640
166639
166640
166641
166642
166641
166639
166640
166643
166642
166640
166641
166639
166641
166644
166646
166646
166646
166649
166650
166648
166646
166646
166646
166648
166647
166645
166643
166643
166643
166647
166646
166644
166647
166649
166649
166647
166645
166646
166647
166643
166640
166641
166641
166641
166642
166639
166639
166643
166644
166641
166641
166638
166640
166643
166642
166641
166640
166642
166645
166643
166640
166642
166642
166642
166641
166638
166636
166637
166640
166641
166640
166638
166642
166646
166645
166646
166645
166645
166647
166647
166644
166640
166640
166644
166642
166637
166635
166636
166636
166634
166632
166633
166633
166637
166639
166637
166635
166636
166640
166641
166640
166638
166637
166637
166636
166630
166625
166621
166620
166616
166612
166612
166614
166616
166618
166619
166621
166624
166629
166630
166629
166627
166633
166635
166635
166633
166630
166631
166634
166633
166629
166625
166628
166634
166635
166634
166634
166636
166637
166636
166634
166633
166633
166635
166634
166633
166628
166631
166635
166633
166630
166630
166631
166634
166632
166627
166626
166631
166633
166632
166629
166626
166626
166626
166625
166622
166619
166618
166619
166616
166617
166618
166619
166622
166624
166622
166620
166619
166619
166616
166612
166608
166608
166612
166615
166612
166611
166614
166618
166619
166618
166618
166619
166619
166616
166611
166612
166613
166614
166612
166609
166607
166608
166609
166608
166607
166607
166609
166611
166616
166618
166618
166618
166619
166614
166608
166608
166608
166607
166605
166602
166599
166600
166603
166603
166598
166600
166604
166607
166608
166608
166608
166610
166612
166612
166608
166604
166604
166608
166608
166606
166603
166604
166606
166606
166604
166602
166602
166605
166611
166610
166609
166611
166613
166613
166611
166608
166606
166607
166605
166602
166605
166606
166607
166608
166608
166607
166609
166611
166613
166614
166615
166617
166619
166624
166620
166614
166613
166613
166610
166605
166603
166604
166604
166607
166608
166607
166610
166614
166616
166617
166618
166620
166621
166621
166622
166618
166617
166616
166613
166608
166605
166605
166606
166605
166601
166605
166609
166612
166613
166612
166612
166615
166619
166621
166618
166615
166620
166620
166617
166612
166607
166607
166609
166610
166610
166609
166612
166614
166613
166616
166618
166622
166625
166626
166623
166620
166620
166621
166618
166614
166610
166606
166609
166611
166609
166607
166610
166614
166616
166616
166615
166617
166619
166619
166615
166618
166620
166621
166619
166616
166614
166615
166618
166618
166617
166614
166615
166616
166620
166620
166619
166623
166627
166630
166630
166630
166629
166628
166629
166626
166622
166622
166622
166620
166618
166616
166618
166621
166622
166619
166617
166622
166628
166627
166626
166625
166626
166629
166628
166623
166625
166625
166624
166623
166621
166620
166622
166625
166626
166624
166622
166622
166620
166611
166606
166605
166605
166607
166607
166608
166610
166613
166617
166619
166617
166615
166621
166623
166620
166618
166617
166619
166621
166621
166619
166618
166617
166622
166624
166622
166620
166624
166628
166630
166630
166629
166631
166634
166634
166630
166627
166628
166627
166624
166625
166624
166625
166629
166632
166630
166628
166629
166629
166628
166630
166628
166628
166629
166629
166626
166623
166623
166627
166627
166623
166625
166628
166629
166627
166625
166622
166623
166624
166625
166624
166620
166621
166628
166628
166626
166624
166624
166627
166626
166623
166621
166624
166628
166628
166627
166624
166626
166629
166628
166624
166626
166629
166631
166631
166629
166626
166627
166629
166628
166625
166623
166624
166625
166625
166626
166624
166622
166621
166624
166623
166622
166624
166625
166624
166624
166624
166626
166628
166629
166624
166626
166630
166630
166628
166626
166624
166625
166628
166628
166626
166624
166625
166626
166625
166622
166623
166628
166630
166630
166629
166628
166629
166632
166632
166629
166626
166628
166628
166628
166624
166621
166628
166629
166627
166624
166622
166623
166626
166625
166625
166624
166626
166628
166625
166627
166629
166628
166627
166627
166625
166624
166627
166630
166633
166630
166629
166634
166634
166631
166628
166626
166628
166628
166630
166628
166626
166626
166626
166624
166620
166620
166624
166627
166626
166625
166622
166624
166627
166627
166627
166625
166624
166628
166626
166622
166620
166620
166623
166627
166627
166625
166626
166625
166626
166625
166622
166624
166626
166625
166624
166621
166622
166625
166624
166621
166618
166620
166623
166625
166624
166622
166623
166625
166625
166622
166616
166616
166620
166620
166620
166619
166620
166622
166624
166623
166620
166622
166623
166628
166626
166624
166624
166626
166626
166625
166624
166622
166627
166631
166627
166622
166621
166622
166622
166620
166616
166616
166617
166617
166619
166619
166620
166623
166623
166621
166617
166615
166619
166620
166618
166616
166618
166621
166622
166622
166620
166624
166626
166623
166623
166619
166611
166610
166609
166605
166602
166604
166609
166612
166609
166610
166615
166616
166617
166615
166614
166617
166620
166620
166618
166617
166621
166622
166620
166617
166618
166620
166623
166624
166622
166624
166624
166623
166621
166619
166617
166619
166622
166623
166621
166623
166623
166625
166624
166622
166621
166622
166625
166624
166621
166620
166621
166621
166623
166622
166619
166619
166621
166621
166619
166618
166620
166622
166619
166619
166618
166616
166615
166614
166613
166612
166613
166616
166619
166619
166618
166619
166625
166625
166621
166619
166620
166621
166623
166620
166617
166622
166624
166624
166624
166624
166624
166625
166624
166622
166618
166622
166625
166623
166619
166616
166616
166619
166619
166617
166615
166617
166618
166619
166621
166620
166621
166622
166623
166620
166618
166619
166619
166622
166622
166621
166622
166625
166625
166623
166622
166621
166620
166618
166614
166614
166619
166623
166627
166629
166627
166627
166628
166629
166628
166625
166624
166626
166631
166629
166627
166627
166627
166627
166627
166625
166627
166630
166630
166627
166623
166628
166631
166630
166627
166625
166622
166624
166624
166623
166622
166625
166625
166624
166621
166620
166620
166622
166622
166620
166616
166613
166616
166617
166613
166609
166610
166611
166610
166608
166607
166610
166613
166615
166611
166606
166610
166615
166615
166614
166612
166613
166615
166617
166616
166615
166616
166617
166616
166617
166615
166614
166615
166615
166614
166613
166614
166616
166615
166611
166612
166613
166613
166613
166610
166609
166610
166612
166614
166611
166607
166608
166612
166611
166609
166608
166611
166614
166615
166612
166607
166608
166611
166611
166614
166614
166616
166617
166615
166611
166609
166609
166610
166609
166607
166605
166611
166614
166613
166610
166608
166606
166607
166609
166607
166607
166609
166611
166612
166609
166607
166608
166611
166611
166606
166607
166611
166612
166612
166609
166608
166608
166611
166611
166608
166603
166598
166599
166599
166595
166596
166598
166602
166607
166607
166605
166602
166607
166610
166611
166611
166614
166616
166618
166621
166617
166618
166620
166619
166617
166615
166613
166617
166618
166616
166616
166618
166621
166622
166619
166616
166614
166616
166617
166615
166618
166621
166622
166621
166619
166617
166617
166617
166617
166619
166617
166617
166619
166620
166620
166618
166619
166620
166624
166623
166620
166621
166625
166627
166625
166623
166624
166625
166622
166622
166622
166624
166627
166627
166626
166624
166625
166628
166628
166624
166626
166627
166627
166626
166624
166622
166623
166624
166623
166622
166618
166622
166629
166628
166624
166622
166625
166627
166627
166626
166628
166630
166631
166631
166627
166625
166623
166624
166623
166618
166614
166618
166620
166623
166623
166621
166623
166624
166627
166629
166627
166629
166633
166633
166631
166630
166630
166632
166631
166634
166634
166634
166635
166635
166635
166632
166635
166643
166645
166644
166642
166640
166639
166637
166634
166632
166633
166634
166640
166637
166634
166634
166633
166631
166630
166628
166627
166627
166625
166626
166625
166625
166630
166632
166630
166628
166628
166628
166626
166625
166622
166626
166634
166635
166633
166630
166630
166631
166631
166631
166627
166627
166633
166632
166628
166626
166627
166630
166633
166633
166634
166636
166639
166636
166634
166632
166631
166634
166635
166636
166636
166638
166640
166642
166640
166636
166636
166643
166644
166642
166642
166646
166648
166650
166647
166646
166648
166648
166648
166646
166644
166644
166644
166644
166642
166640
166640
166646
166649
166648
166646
166647
166650
166650
166650
166647
166648
166648
166651
166654
166654
166654
166656
166657
166656
166654
166656
166660
166658
166659
166660
166659
166660
166661
166660
166658
166659
166660
166660
166655
166653
166654
166656
166656
166654
166653
166654
166655
166657
166656
166656
166656
166658
166659
166655
166655
166658
166659
166657
166653
166647
166648
166652
166651
166649
166649
166652
166655
166656
166655
166653
166651
166657
166660
166659
166657
166658
166657
166655
166651
166645
166642
166648
166650
166648
166648
166650
166654
166654
166654
166654
166655
166663
166665
166664
166662
166661
166662
166661
166654
166651
166654
166655
166654
166650
166647
166645
166646
166649
166646
166645
166648
166653
166656
166657
166656
166654
166659
166659
166657
166654
166654
166656
166655
166655
166651
166651
166654
166656
166656
166654
166655
166657
166659
166657
166654
166653
166657
166659
166657
166655
166656
166657
166655
166650
166648
166646
166646
166647
166646
166643
166650
166655
166657
166657
166657
166659
166662
166665
166663
166661
166663
166664
166665
166663
166658
166656
166657
166657
166652
166653
166655
166657
166659
166658
166656
166658
166660
166660
166657
166661
166663
166666
166667
166663
166659
166656
166654
166652
166650
166647
166648
166648
166648
166647
166645
166643
166648
166652
166651
166650
166650
166652
166655
166653
166651
166650
166652
166650
166647
166644
166642
166642
166646
166647
166645
166646
166648
166648
166646
166646
166649
166652
166655
166653
166649
166653
166655
166654
166650
166646
166646
166649
166650
166649
166648
166649
166651
166650
166648
166645
166645
166652
166656
166655
166653
166653
166654
166654
166652
166651
166652
166655
166656
166652
166654
166656
166657
166658
166657
166656
166656
166657
166661
166659
166656
166658
166661
166662
166660
166659
166661
166665
166667
166665
166663
166663
166664
166670
166668
166665
166666
166669
166672
166669
166665
166662
166662
166661
166656
166654
166660
166662
166663
166661
166660
166661
166663
166664
166664
166664
166664
166668
166670
166674
166673
166673
166675
166678
166677
166675
166677
166680
166680
166673
166671
166673
166673
166673
166671
166667
166666
166667
166665
166661
166658
166658
166664
166667
166668
166668
166671
166674
166677
166677
166677
166676
166681
166683
166682
166681
166681
166681
166680
166677
166672
166669
166667
166664
166660
166661
166662
166665
166667
166665
166665
166666
166668
166669
166668
166666
166665
166666
166669
166667
166666
166667
166668
166667
166664
166661
166661
166660
166658
166659
166659
166661
166663
166665
166665
166663
166663
166666
166667
166667
166664
166666
166670
166670
166668
166667
166666
166668
166670
166668
166665
166666
166668
166667
166664
166666
166668
166670
166672
166670
166668
166668
166668
166668
166665
166662
166659
166664
166664
166661
166658
166660
166663
166666
166665
166663
166666
166669
166669
166667
166665
166663
166667
166671
166670
166668
166668
166669
166670
166668
166665
166664
166666
166666
166661
166659
166664
166665
166663
166660
166658
166658
166660
166661
166660
166659
166659
166658
166655
166659
166659
166658
166658
166660
166660
166659
166659
166660
166660
166659
166658
166658
166658
166657
166660
166661
166661
166664
166667
166665
166663
166663
166664
166665
166664
166661
166664
166671
166671
166669
166666
166667
166668
166668
166665
166662
166663
166664
166663
166662
166663
166663
166663
166663
166662
166660
166659
166659
166658
166656
166653
166655
166661
166665
166663
166660
166661
166662
166663
166659
166657
166658
166656
166659
166659
166655
166655
166657
166660
166661
166662
166663
166666
166667
166664
166665
166667
166667
166666
166664
166660
166659
166659
166658
166656
166653
166653
166661
166664
166664
166662
166661
166663
166664
166662
166661
166662
166664
166663
166663
166663
166665
166669
166670
166668
166665
166664
166666
166666
166664
166667
166667
166670
166672
166670
166667
166666
166667
166670
166670
166668
166667
166673
166676
166673
166669
166668
166668
166668
166666
166665
166667
166669
166671
166670
166666
166669
166673
166672
166669
166667
166667
166669
166671
166669
166667
166667
166668
166671
166674
166672
166671
166672
166673
166671
166669
166671
166673
166674
166671
166671
166671
166671
166670
166667
166666
166666
166669
166671
166670
166668
166667
166670
166674
166671
166667
166666
166668
166668
166668
166667
166669
166669
166674
166676
166672
166672
166672
166671
166668
166667
166667
166669
166671
166669
166665
166664
166670
166673
166670
166668
166668
166671
166673
166674
166674
166675
166674
166679
166677
166673
166672
166673
166674
