166704
166702
166703
166706
166708
166705
166705
166709
166713
166714
166712
166712
166715
166717
166717
166716
166714
166716
166718
166718
166715
166711
166712
166716
166716
166715
166712
166713
166717
166718
166716
166714
166716
166720
166720
166717
166714
166715
166718
166719
166717
166715
166717
166718
166716
166714
166712
166713
166716
166716
166713
166710
166711
166715
166713
166712
166713
166717
166720
166719
166714
166710
166713
166717
166718
166718
166716
166719
166723
166724
166721
166716
166716
166719
166718
166716
166715
166715
166716
166717
166715
166714
166723
166720
166716
166714
166714
166717
166721
166718
166716
166713
166716
166719
166719
166716
166718
166719
166713
166713
166711
166710
166714
166717
166717
166715
166714
166719
166720
166716
166716
166713
166706
166707
166707
166704
166704
166709
166711
166711
166708
166707
166711
166714
166714
166709
166707
166709
166713
166713
166710
166709
166711
166713
166712
166710
166709
166712
166720
166721
166713
166711
166714
166716
166716
166715
166712
166712
166714
166712
166710
166709
166711
166713
166713
166710
166707
166707
166710
166710
166710
166707
166707
166706
166705
166705
166702
166701
166704
166705
166702
166701
166704
166707
166707
166705
166702
166702
166703
166703
166702
166700
166702
166704
166704
166702
166699
166699
166700
166702
166701
166701
166702
166705
166705
166702
166699
166701
166702
166702
166702
166701
166702
166706
166708
166705
166702
166704
166707
166707
166705
166704
166706
166710
166712
166709
166707
166708
166711
166711
166711
166708
166710
166711
166710
166707
166704
166706
166707
166706
166704
166702
166704
166708
166707
166706
166704
166706
166709
166710
166709
166707
166708
166711
166709
166704
166702
166704
166707
166710
166710
166707
166709
166712
166712
166709
166705
166705
166708
166709
166709
166707
166706
166705
166705
166703
166701
166702
166706
166706
166704
166705
166708
166711
166711
166711
166710
166710
166711
166712
166712
166711
166712
166716
166715
166713
166711
166712
166715
166714
166710
166709
166713
166714
166713
166710
166709
166710
166713
166714
166712
166710
166712
166715
166715
166713
166711
166713
166714
166711
166708
166705
166708
166711
166712
166710
166708
166710
166713
166715
166713
166711
166712
166715
166714
166712
166710
166710
166711
166711
166708
166707
166708
166709
166709
166707
166706
166708
166712
166712
166710
166708
166709
166712
166709
166706
166703
166704
166707
166706
166705
166706
166708
166712
166712
166711
166710
166713
166717
166715
166711
166708
166710
166714
166713
166710
166707
166707
166708
166707
166706
166704
166705
166710
166713
166711
166709
166711
166713
166713
166709
166707
166709
166712
166712
166711
166710
166710
166713
166715
166715
166712
166713
166716
166715
166711
166710
166711
166712
166714
166712
166709
166712
166715
166716
166715
166713
166715
166719
166721
166720
166719
166722
166723
166724
166722
166722
166724
166727
166726
166723
166720
166721
166721
166722
166721
166719
166721
166723
166721
166719
166718
166720
166722
166722
166721
166719
166720
166722
166723
166722
166719
166720
166722
166721
166719
166720
166722
166725
166725
166722
166720
166722
166724
166724
166721
166719
166721
166722
166722
166719
166717
166719
166722
166722
166721
166719
166721
166722
166723
166721
166716
166719
166723
166724
166722
166722
166723
166724
166725
166722
166721
166724
166727
166726
166723
166719
166720
166722
166722
166720
166718
166719
166724
166724
166722
166719
166719
166721
166722
166722
166722
166724
166726
166725
166721
166719
166722
166724
166723
166721
166719
166720
166722
166723
166721
166719
166719
166720
166719
166715
166712
166715
166718
166718
166716
166714
166717
166719
166719
166717
166717
166719
166722
166723
166719
166716
166718
166721
166720
166718
166718
166718
166721
166723
166721
166718
166720
166723
166723
166721
166719
166720
166723
166723
166721
166719
166721
166724
166722
166722
166721
166723
166726
166726
166725
166723
166724
166726
166724
166721
166720
166721
166722
166721
166718
166717
166721
166727
166730
166728
166726
166725
166726
166724
166719
166717
166720
166724
166725
166723
166721
166721
166723
166722
166719
166716
166719
166723
166724
166723
166721
166722
166723
166722
166716
166711
166715
166717
166719
166718
166717
166720
166723
166722
166719
166717
166718
166722
166723
166724
166724
166725
166725
166724
166722
166721
166723
166726
166726
166723
166721
166723
166726
166726
166723
166721
166724
166730
166730
166728
166725
166727
166728
166727
166725
166723
166722
166723
166722
166718
166715
166717
166720
166721
166719
166719
166722
166727
166729
166727
166724
166726
166730
166731
166729
166727
166728
166731
166732
166730
166729
166731
166735
166735
166734
166733
166734
166735
166735
166734
166732
166734
166736
166736
166734
166733
166736
166738
166737
166736
166737
166738
166740
166739
166735
166730
166732
166733
166734
166732
166731
166734
166737
166737
166737
166736
166740
166742
166742
166739
166737
166739
166742
166744
166742
166741
166744
166749
166749
166747
166744
166743
166742
166741
166739
166737
166739
166741
166744
166744
166743
166745
166747
166746
166742
166739
166739
166743
166743
166743
166743
166744
166746
166746
166743
166740
166741
166743
166742
166739
166735
166736
166741
166742
166740
166737
166739
166742
166744
166742
166740
166743
166746
166745
166743
166740
166741
166743
166744
166743
166743
166745
166747
166748
166743
166741
166744
166746
166746
166744
166742
166743
166744
166744
166742
166740
166743
166747
166749
166748
166745
166746
166747
166748
166746
166744
166746
166749
166749
166748
166746
166748
166751
166750
166747
166743
166743
166745
166743
166740
166741
166744
166748
166748
166746
166745
166745
166748
166749
166746
166744
166747
166749
166749
166749
166746
166747
166750
166751
166749
166746
166747
166748
166746
166745
166743
166744
166747
166747
166745
166742
166743
166747
166747
166744
166742
166746
166750
166748
166745
166743
166745
166748
166749
166747
166745
166746
166748
166747
166743
166740
166742
166747
166748
166748
166746
166747
166749
166747
166743
166738
166738
166741
166742
166742
166743
166745
166749
166749
166744
166741
166741
166742
166740
166739
166738
166741
166747
166749
166748
166747
166747
166747
166745
166741
166738
166739
166740
166740
166738
166737
166739
166742
166744
166742
166740
166744
166747
166747
166745
166742
166743
166744
166743
166742
166741
166743
166744
166743
166741
166738
166740
166742
166742
166740
166739
166741
166745
166746
166743
166740
166741
166744
166743
166741
166740
166744
166750
166751
166747
166744
166746
166747
166746
166741
166736
166736
166738
166737
166734
166732
166735
166740
166740
166737
166734
166736
166738
166738
166737
166737
166741
166743
166742
166741
166741
166743
166746
166745
166743
166742
166743
166745
166745
166742
166739
166741
166744
166744
166740
166738
166739
166742
166742
166740
166738
166741
166745
166746
166744
166743
166744
166745
166746
166746
166745
166748
166749
166748
166747
166745
166747
166748
166747
166747
166747
166750
166752
166751
166748
166744
166745
166748
166748
166748
166748
166752
166755
166754
166750
166747
166747
166749
166748
166744
166743
166747
166751
166752
166751
166749
166748
166749
166748
166745
166744
166746
166747
166745
166741
166739
166742
166745
166746
166745
166744
166746
166746
166743
166741
166740
166741
166743
166744
166742
166740
166743
166746
166747
166745
166742
166742
166746
166746
166744
166741
166741
166742
166741
166739
166738
166741
166745
166747
166747
166745
166745
166747
166745
166741
166741
166744
166748
166750
166747
166746
166749
166751
166749
166744
166741
166742
166745
166745
166745
166745
166748
166752
166750
166747
166747
166748
166750
166749
166746
166744
166746
166748
166748
166746
166746
166747
166749
166748
166746
166744
166746
166748
166748
166747
166746
166748
166750
166749
166747
166744
166746
166750
166752
166750
166748
166749
166750
166749
166746
166746
166749
166752
166753
166751
166749
166750
166752
166752
166750
166749
166750
166754
166753
166751
166750
166751
166754
166753
166751
166749
166750
166752
166751
166750
166749
166751
166754
166754
166750
166747
166749
166753
166754
166751
166750
166752
166756
166755
166751
166748
166747
166748
166748
166747
166747
166752
166755
166754
166751
166749
166750
166753
166752
166750
166748
166751
166753
166752
166750
166749
166749
166751
166750
166747
166745
166746
166749
166750
166750
166751
166753
166754
166752
166748
166746
166748
166752
166753
166751
166750
166752
166754
166753
166749
166749
166753
166756
166755
166752
166750
166752
166755
166754
166751
166748
166751
166753
166753
166751
166749
166751
166755
166755
166753
166750
166751
166753
166752
166751
166752
166755
166757
166757
166754
166752
166753
166756
166754
166750
166748
166751
166753
166754
166751
166748
166748
166750
166748
166744
166742
166744
166748
166750
166749
166749
166753
166756
166755
166753
166751
166753
166754
166754
166754
166754
166757
166761
166759
166757
166755
166757
166760
166758
166755
166754
166757
166761
166762
166761
166760
166762
166763
166763
166761
166759
166761
166763
166762
166759
166758
166761
166765
166765
166763
166761
166762
166764
166762
166760
166759
166761
166764
166762
166759
166758
166760
166763
166763
166761
166757
166758
166759
166758
166756
166753
166753
166756
166755
166754
166754
166755
166756
166754
166753
166754
166758
166762
166763
166760
166758
166759
166761
166758
166755
166752
166753
166755
166755
166754
166754
166757
166760
166760
166758
166756
166759
166764
166765
166765
166765
166767
166768
166768
166764
166761
166763
166765
166765
166764
166764
166768
166771
166770
166767
166764
166765
166767
166767
166765
166764
166767
166770
166768
166764
166760
166760
166762
166762
166761
166760
166764
166766
166766
166764
166765
166768
166772
166773
166770
166768
166771
166773
166773
166771
166771
166776
166780
166780
166777
166775
166777
166778
166778
166776
166774
166777
166777
166774
166773
166773
166775
166778
166777
166775
166774
166776
166778
166777
166774
166771
166773
166776
166777
166774
166773
166774
166776
166774
166770
166768
166769
166772
166772
166771
166770
166771
166774
166774
166771
166769
166771
166774
166773
166772
166774
166777
166780
166777
166775
166774
166775
166776
166773
166771
166773
166776
166780
166779
166776
166774
166776
166777
166777
166776
166774
166775
166777
166776
166772
166769
166771
166776
166776
166774
166773
166775
166776
166774
166772
166770
166770
166771
166769
166768
166767
166771
166775
166776
166774
166771
166772
166774
166773
166771
166770
166774
166779
166779
166776
166775
166777
166776
166774
166773
166772
166775
166779
166779
166777
166776
166779
166783
166783
166780
166777
166778
166780
166778
166775
166775
166778
166781
166781
166777
166775
166776
166779
166778
166776
166776
166778
166781
166779
166777
166777
166779
166783
166784
166783
166781
166784
166786
166784
166782
166780
166782
166784
166783
166779
166778
166781
166786
166785
166783
166781
166784
166785
166782
166778
166775
166776
166778
166776
166774
166773
166775
166779
166779
166777
166775
166777
166779
166778
166775
166775
166778
166782
166782
166780
166780
166785
166788
166786
166782
166781
166783
166783
166781
166777
166776
166779
166781
166780
166776
166773
166774
166775
166772
166768
166767
166769
166770
166771
166770
166770
166773
166776
166775
166772
166772
166775
166778
166779
166777
166775
166776
166776
166776
166775
166775
166778
166779
166776
166773
166773
166775
166776
166774
166772
166773
166778
166782
166782
166781
166779
166781
166784
166784
166782
166781
166783
166784
166783
166780
166779
166781
166783
166781
166779
166778
166781
166785
166783
166779
166777
166778
166781
166781
166780
166779
166780
166780
166778
166775
166774
166776
166779
166778
166778
166778
166779
166781
166780
166776
166776
166780
166784
166786
166785
166783
166784
166785
166781
166777
166776
166779
166782
166781
166779
166778
166780
166782
166781
166778
166776
166779
166783
166783
166782
166783
166787
166790
166788
166785
166786
166790
166793
166791
166788
166785
166785
166786
166784
166781
166780
166783
166787
166787
166785
166784
166786
166788
166788
166786
166787
166790
166791
166788
166782
166780
166781
166783
166782
166781
166783
166785
166787
166786
166783
166781
166783
166785
166783
166780
166779
166782
166784
166782
166779
166778
166780
166783
166783
166783
166784
166787
166789
166787
166784
166784
166785
166786
166785
166783
166783
166785
166787
166786
166782
166783
166787
166791
166790
166788
166788
166792
166794
166792
166789
166789
166791
166793
166791
166790
166790
166792
166795
166795
166794
166795
166799
166800
166797
166793
166791
166792
166795
166795
166794
166794
166798
166800
166799
166797
166797
166798
166798
166796
166793
166792
166794
166796
166795
166793
166792
166796
166798
166796
166794
166793
166794
166795
166793
166791
166791
166795
166799
166800
166798
166798
166798
166798
166795
166791
166790
166792
166793
166792
166791
166793
166795
166797
166797
166793
166792
166795
166796
166794
166790
166788
166791
166794
166793
166789
166788
166792
166794
166791
166787
166787
166788
166789
166786
166782
166783
166786
166789
166790
166788
166787
166789
166791
166789
166788
166790
166792
166793
166792
166791
166790
166793
166796
166796
166795
166795
166796
166798
166798
166796
166794
166795
166797
166795
166793
166792
166795
166800
166799
166796
166797
166799
166801
166800
166798
166799
166802
166804
166802
166800
166801
166804
166807
166807
166806
166808
166811
166812
166810
166806
166805
166806
166808
166805
166803
166802
166804
166807
166807
166807
166808
166810
166812
166810
166809
166808
166810
166812
166811
166809
166809
166809
166810
166809
166807
166808
166813
166818
166817
166813
166810
166811
166813
166810
166807
166806
166809
166814
166814
166810
166809
166810
166811
166807
166804
166804
166807
166809
166810
166810
166810
166814
166815
166812
166809
166809
166810
166811
166808
166806
166809
166813
166816
166813
166809
166810
166815
166817
166815
166812
166812
166816
166816
166815
166812
166809
166811
166814
166814
166814
166814
166816
166818
166815
166813
166815
166817
166819
166817
166815
166816
166818
166818
166814
166810
166809
166811
166812
166811
166810
166811
166813
166815
166814
166809
166806
166809
166810
166809
166806
166806
166808
166809
166808
166807
166807
166810
166811
166810
166808
166808
166810
166811
166808
166805
166805
166808
166811
166810
166807
166806
166809
166811
166809
166806
166805
166809
166811
166810
166810
166810
166811
166811
166809
166806
166807
166811
166813
166811
166808
166809
166811
166811
166809
166810
166812
166817
166819
166816
166813
166811
166813
166817
166816
166814
166814
166815
166817
166814
166809
166810
166813
166814
166811
166808
166806
166807
166809
166808
166805
166806
166811
166815
166814
166813
166813
166814
166813
166810
166808
166810
166813
166813
166810
166809
166810
166813
166815
166813
166810
166811
166812
166813
166812
166809
166808
166809
166811
166810
166808
166809
166812
166814
166813
166808
166807
166809
166810
166809
166808
166810
166815
166817
166815
166812
166811
166812
166812
166811
166809
166810
166814
166817
166815
166814
166813
166814
166816
166814
166811
166811
166813
166814
166812
166811
166810
166812
166814
166813
166811
166812
166815
166818
166817
166815
166815
166818
166820
166817
166814
166815
166816
166818
166817
166814
166815
166818
166819
166818
166816
166816
166817
166817
166815
166812
166814
166817
166820
166819
166817
166817
166818
166820
166818
166818
166819
166820
166820
166819
166818
166820
166821
166824
166822
166818
166819
166821
166822
166821
166819
166820
166823
166824
166822
166820
166821
166823
166823
166819
166816
166816
166818
166819
166818
166817
166820
166824
166824
166821
166820
166822
166824
166826
166823
166819
166819
166821
166824
166822
166822
166825
166827
166827
166824
166819
166820
166825
166826
166825
166824
166824
166826
166826
166823
166821
166821
166822
166822
166819
166818
166820
166824
166827
166825
166821
166820
166820
166819
166818
166816
166815
166817
166820
166820
166818
166818
166820
166822
166820
166817
166817
166820
166821
166822
166819
166819
166823
166825
166823
166819
166818
166818
166819
166818
166816
166818
166820
166821
166820
166818
166820
166822
166823
166821
166819
166824
166828
166830
166830
166830
166832
166835
166837
166835
166833
166833
166836
166838
166837
166834
166835
166837
166840
166838
166834
166836
166839
166840
166838
166836
166836
166838
166840
166840
166838
166841
166844
166845
166843
166840
166840
166843
166845
166842
166838
166839
166840
166839
166837
166836
166837
166839
166839
166837
166834
166837
166841
166842
166840
166839
166841
166844
166844
166842
166841
166843
166845
166847
166845
166844
166845
166847
166849
166845
166843
166845
166847
166848
166847
166845
166846
166847
166849
166848
166845
166845
166848
166848
166846
166842
166843
166844
166845
166845
166845
166847
166849
166852
166851
166850
166851
166854
166855
166853
166850
166851
166852
166852
166852
166850
166851
166852
166852
166848
166844
166844
166846
166850
166851
166850
166851
166854
166854
166850
166846
166847
166848
166847
166845
166844
166843
166844
166843
166840
166839
166840
166842
166841
166839
166836
166835
166838
166838
166836
166834
166834
166834
166834
166830
166827
166827
166828
166827
166826
166825
166827
166831
166833
166831
166829
166831
166833
166834
166830
166829
166830
166831
166831
166828
166826
166826
166828
166830
166828
166825
166827
166830
166831
166829
166826
166828
166831
166831
166827
166825
166827
166830
166833
166832
166830
166832
166834
166833
166829
166826
166826
166828
166830
166827
166825
166828
166831
166830
166828
166826
166827
166830
166831
166830
166828
166830
166833
166834
166831
166829
166832
166836
166836
166832
166830
166832
166834
166835
166832
166832
166833
166836
166836
166833
166831
166834
166837
166838
166834
166832
166834
166837
166836
166833
166831
166833
166835
166836
166836
166834
166835
166837
166837
166835
166833
166834
166836
166835
166830
166826
166827
166829
166831
166831
166832
166836
166840
166841
166840
166838
166839
166843
166844
166842
166840
166841
166843
166841
166838
166835
166840
166845
166846
166845
166844
166846
166849
166849
166846
166845
166847
166849
166850
166849
166846
166847
166848
166848
166845
166843
166845
166846
166846
166842
166840
166843
166848
166849
166845
166841
166842
166844
166845
166843
166840
166843
166846
166846
166846
166846
166849
166851
166849
166846
166845
166846
166847
166848
166846
166845
166847
166851
166850
166846
166846
166850
166852
166852
166850
166850
166854
166859
166858
166856
166854
166856
166859
166858
166854
166851
166852
166854
166854
166853
166853
166855
166857
166858
166854
166851
166852
166854
166854
166851
166849
166851
166853
166852
166848
166844
166844
166846
166847
166847
166846
166848
166853
166856
166855
166854
166856
166858
166858
166855
166853
166856
166859
166858
166855
166851
166851
166854
166855
166853
166852
166855
166859
166859
166856
166853
166854
166856
166856
166854
166853
166856
166858
166858
166856
166853
166854
166856
166856
166855
166856
166861
166865
166866
166864
166864
166866
166868
166866
166863
166861
166863
166865
166865
166862
166861
166863
166865
166863
166861
166862
166867
166871
166871
166868
166865
166865
166865
166865
166863
166861
166862
166864
166862
166858
166855
166856
166857
166856
166854
166854
166858
166862
166863
166862
166863
166867
166870
166868
166865
166864
166867
166869
166867
166863
166860
166860
166861
166859
166856
166856
166858
166861
166860
166857
166855
166858
166860
166857
166856
166858
166864
166869
166870
166869
166867
166868
166866
166862
166857
166853
166852
166852
166848
166844
166842
166844
166847
166844
166839
166836
166837
166836
166831
166825
166819
166816
166814
166810
166803
166798
166799
166801
166802
166802
166803
166807
166813
166813
166811
166812
166816
166819
166818
166818
166821
166826
166832
166835
166838
166841
166846
166850
166850
166848
166848
166850
166851
166849
166849
166851
166856
166861
166863
166864
166864
166869
166874
166875
166876
166878
166882
166885
166884
166880
166877
166878
166878
166876
166872
166870
166871
166873
166872
166871
166871
166874
166879
166880
166879
166881
166885
166890
166891
166892
166893
166896
166898
166898
166894
166890
166891
166892
166890
166885
166883
166884
166885
166884
166883
166881
166883
166887
166887
166885
166885
166886
166888
166885
166881
166880
166880
166880
166876
166873
166872
166875
166879
166879
166877
166875
166877
166879
166879
166875
166876
166878
166878
166875
166872
166871
166871
166870
166866
166861
166860
166861
166862
166861
166856
166854
166854
166854
166852
166849
166849
166852
166856
166856
166856
166858
166861
166863
166862
166860
166859
166859
166859
166856
166851
166848
166850
166851
166849
166845
166846
166849
166854
166855
166856
166859
166863
166865
166863
166861
166861
166861
166861
166859
166857
166858
166859
166862
166862
166861
166863
166867
166869
166868
166865
166864
166865
166867
166865
166861
166858
166857
166858
166855
166852
166851
166855
166859
166857
166856
166856
166857
166858
166855
166851
166849
166851
166853
166853
166852
166854
166857
166859
166859
166857
166858
166862
166865
166864
166863
166863
166866
166870
166870
166869
166871
166874
166876
166873
166871
166870
166870
166871
166870
166868
166867
166870
166871
166868
166864
166862
166863
166864
166862
166859
166860
166863
166865
166864
166860
166860
166864
166865
166862
166858
166856
166858
166859
166857
166855
166856
166858
166861
166860
166858
166858
166859
166860
166857
166851
166848
166849
166850
166848
166847
166848
166851
166854
166853
166852
166853
166855
166858
166858
166856
166855
166858
166858
166857
166853
166852
166855
166857
166855
166851
166852
166857
166860
166858
166856
166858
166862
166864
166862
166858
166857
166859
166859
166856
166851
166849
166850
166851
166849
166848
166849
166851
166853
166852
166850
166851
166854
166856
166854
166852
166851
166855
166858
166858
166857
166857
166858
166860
166858
166854
166853
166854
166856
166856
166853
166853
166855
166857
166857
166854
166853
166854
166854
166852
166848
166848
166850
166851
166850
166849
166849
166852
166852
166852
166850
166850
166851
166854
166853
166850
166850
166853
166856
166854
166850
166850
166853
166854
166853
166850
166849
166852
166855
166853
166850
166850
166852
166855
166852
166850
166851
166854
166855
166855
166852
166851
166852
166853
166850
166846
166845
166846
166846
166843
166842
166844
166848
166850
166849
166846
166845
166845
166845
166842
166839
166841
166843
166845
166844
166842
166843
166846
166849
166848
166847
166847
166849
166851
166850
166847
166848
166851
166851
166849
166847
166847
166848
166848
166847
166845
166845
166848
166849
166846
166845
166847
166850
166851
166848
166844
166843
166847
166848
166845
166842
166841
166843
166844
166843
166840
166841
166843
166844
166840
166837
166838
166840
166841
166837
166836
166836
166838
166838
166835
166831
166831
166833
166836
166835
166833
166835
166840
166844
166844
166842
166841
166840
166840
166837
166834
166833
166835
166837
166836
166834
166836
166839
166840
166837
166834
166834
166836
166836
166837
166837
166839
166841
166842
166839
166836
166838
166841
166842
166840
166838
166838
166840
166841
166838
166834
166836
166838
166840
166839
166836
166837
166839
166840
166836
166833
166834
166836
166837
166835
166832
166832
166835
166835
166833
166830
166832
166835
166836
166834
166832
166834
166836
166837
166835
166832
166832
166833
166835
166835
166834
166834
166835
166834
166832
166828
166828
166831
166832
166831
166829
166831
166836
166838
166836
166833
166833
166836
166834
166830
166826
166825
166827
166828
166827
166826
166827
166829
166830
166829
166828
166830
166833
166835
166832
166830
166831
166833
166835
166834
166830
166832
166835
166836
166834
166832
166833
166835
166836
166834
166833
166833
166835
166837
166833
166830
166830
166831
166833
166831
166827
166829
166832
166830
166826
166822
166821
166822
166822
166819
166817
166820
166824
166827
166826
166824
166826
166828
166829
166827
166826
166828
166831
166832
166829
166825
166825
166827
166827
166824
166821
166823
166826
166827
166824
166820
166821
166823
166822
166818
166814
166816
166819
166821
166819
166818
166819
166820
166821
166818
166816
166817
166821
166823
166822
166821
166822
166825
166826
166823
166822
166824
166828
166830
166827
166824
166825
166828
166830
166826
166823
166823
166825
166824
166820
166817
166818
166820
166821
166818
166815
166815
166817
166818
166816
166813
166814
166817
166818
166815
166813
166813
166815
166816
166813
166810
166811
166815
166817
166816
166815
166817
166818
166820
166818
166816
166817
166819
166819
166817
166815
166816
166818
166819
166817
166816
166818
166821
166822
166820
166818
166820
166823
166825
166823
166821
166821
166823
166822
166818
166815
166815
166818
166819
166817
166815
166818
166819
166818
166815
166812
166812
166813
166814
166812
166811
166814
166816
166817
166813
166811
166813
166815
166815
166812
166809
166810
166811
166810
166809
166807
166809
166812
166814
166813
166811
166811
166814
166815
166812
166810
166810
166812
166813
166810
166808
166810
166812
166811
166810
166811
166814
166816
166816
166817
166816
166818
166823
166824
166823
166820
166820
166820
166818
166815
166812
166811
166811
166809
166807
166805
166807
166810
166810
166807
166803
166805
166808
166808
166806
166803
166804
166807
166806
166804
166801
166802
166806
166808
166806
166805
166809
166813
166813
166811
166810
166811
166813
166814
166811
166809
166810
166813
166814
166811
166807
166808
166807
166804
166802
166801
166805
166809
166809
166807
166804
166804
166807
166808
166806
166804
166806
166810
166811
166809
166806
166808
166811
166812
166809
166807
166809
166811
166810
166808
166804
166807
166813
166815
166813
166811
166812
166814
166815
166813
166810
166810
166812
166810
166807
166804
166805
166807
166806
166803
166802
166804
166806
166806
166804
166802
166804
166805
166803
166800
166798
166801
166803
166803
166802
166803
166808
166811
166810
166807
166805
166807
166811
166813
166812
166810
166810
166810
166809
166807
166805
166808
166811
166810
166806
166804
166805
166807
166806
166804
166802
166804
166806
166806
166802
166799
166800
166802
166801
166798
166797
166799
166801
166800
166799
166798
166800
166801
166800
166797
166796
166798
166799
166798
166795
166792
166794
166798
166800
166799
166799
166802
166806
166805
166801
166798
166801
166805
166805
166802
166800
166802
166802
166798
166794
166792
166794
166796
166796
166793
166792
166793
166794
166794
166791
166788
166791
166795
166795
166791
166789
166792
166795
166795
166793
166791
166792
166794
166793
166790
166788
166791
166794
166795
166794
166794
166796
166798
166798
166795
166793
166797
166801
166800
166796
166793
166795
166797
166797
166795
166792
166794
166795
166794
166792
166791
166795
166797
166795
166793
166793
166796
166798
166798
166796
166795
166796
166797
166794
166790
166788
166790
166792
166792
166792
166789
166791
166795
166795
166793
166792
166793
166795
166795
166793
166792
166793
166794
166792
166790
166791
166794
166796
166795
166790
166787
166788
166791
166792
166790
166789
166792
166794
166793
166790
166788
166789
166790
166791
166791
166791
166793
166795
166795
166792
166791
166792
166794
166793
166790
166791
166793
166794
166792
166789
166786
166788
166791
166790
166787
166787
166789
166791
166793
166791
166788
166788
166790
166790
166788
166788
166791
166792
166790
166788
166787
166788
166790
166789
166787
166788
166789
166791
166790
166786
166785
166787
166789
166788
166785
166783
166786
166788
166786
166782
166778
166781
166784
166783
166782
166783
166785
166786
166784
166780
166779
166782
166786
166786
166784
166783
166787
166790
166788
166785
166783
166784
166787
166786
166783
166783
166785
166786
166786
166785
166783
166785
166786
166783
166780
166779
166783
166787
166786
166783
166782
166783
166787
166786
166782
166781
166782
166785
166784
166783
166782
166784
166785
166783
166781
166781
166784
166787
166787
166783
166782
166783
166785
166782
166778
166779
166782
166786
166786
166784
166783
166785
166787
166786
166783
166782
166784
166786
166784
166782
166781
166785
166787
166785
166782
166781
166783
166785
166783
166780
166779
166781
166783
166782
166781
166781
166784
166785
166783
166781
166780
166782
166784
166782
166780
166779
166780
166782
166781
166778
166777
166781
166783
166782
166778
166776
166779
166782
166781
166780
166781
166783
166784
166782
166780
166778
166780
166782
166780
166777
166776
166779
166780
166780
166777
166777
166780
166783
166783
166782
166782
166785
166787
166786
166783
166783
166786
166789
166787
166783
166781
166782
166782
166780
166777
166776
166780
166782
166780
166776
166775
166778
166781
166782
166781
166782
166785
166787
166786
166783
166781
166783
166782
166779
166775
166773
166777
166779
166777
166774
166773
166775
166777
166776
166775
166776
166779
166781
166780
166778
166778
166779
166779
166778
166775
166773
166776
166778
166775
166772
166771
166773
166775
166774
166773
166772
166774
166775
166775
166773
166775
166778
166779
166777
166774
166774
166775
166777
166776
166774
166774
166776
166778
166778
166777
166777
166777
166780
166780
166779
166780
166782
166783
166780
166776
166774
166776
166779
166780
166778
166780
166783
166785
166782
166779
166778
166780
166784
166783
166780
166778
166780
166782
166779
166775
166773
166775
166777
166776
166773
166774
166776
166778
166775
166773
166773
166775
166776
166774
166771
166770
166771
166774
166772
166769
166769
166772
166775
166774
166770
166772
166776
166779
166777
166773
166774
166778
166781
166779
166778
166778
166783
166785
166784
166779
166777
166777
166779
166778
166775
166774
166776
166779
166777
166775
166774
166776
166779
166776
166774
166773
166775
166776
166773
166771
166774
166776
166778
166775
166771
166771
166774
166777
166777
166775
166776
166779
166782
166782
166779
166779
166781
166782
166778
166776
166776
166779
166782
166782
166783
166784
166786
166786
166785
166782
166781
166782
166782
166780
166778
166779
166782
166783
166781
166779
166780
166784
166787
166785
166783
166783
166786
166788
166786
166784
166784
166787
166787
166785
166782
166783
166785
166785
166781
166778
166779
166782
166783
166782
166780
166781
166782
166784
166783
166783
166784
166788
166790
166789
166789
166790
166791
166793
166792
166790
166790
166791
166791
166787
166784
166784
166787
166790
166788
166786
166787
166789
166791
166789
166787
166786
166788
166790
166790
166789
166791
166795
166797
166796
166795
166797
166800
166801
166796
166794
166794
166796
166800
166800
166798
166797
166800
166802
166799
166797
166797
166798
166797
166795
166793
166793
166796
166797
166795
166793
166794
166796
166798
166796
166794
166795
166799
166800
166796
166792
166790
166791
166793
166792
166791
166792
166798
166802
166801
166800
166802
166805
166807
166803
166799
166799
166801
166801
166799
166796
166797
166799
166800
166799
166798
166800
166802
166803
166801
166798
166798
166799
166797
166794
166793
166794
166796
166797
166795
166792
166791
166792
166792
166787
166781
166780
166780
166779
166775
166771
166771
166774
166776
166774
166772
166774
166777
166780
166778
166774
166772
166774
166775
166771
166768
166768
166769
166770
166770
166767
166767
166768
166769
166766
166764
166765
166767
166767
166763
166757
166756
166758
166757
166754
166749
166748
166748
166747
166743
166739
166740
166743
166744
166745
166745
166746
166749
166750
166750
166748
166748
166753
166758
166758
166757
166759
166762
166763
166762
166760
166762
166763
166764
166763
166762
166763
166766
166768
166766
166764
166766
166771
166772
166771
166769
166770
166773
166775
166774
166773
166776
166780
166782
166783
166783
166788
166795
166798
166799
166800
166803
166807
166808
166806
166807
166809
166812
166815
166814
166813
166815
166818
166820
166820
166819
166821
166822
166821
166818
166815
166814
166814
166813
166808
166805
166806
166808
166809
166807
166806
166808
166811
166815
166814
166813
166815
166818
166820
166818
166816
166818
166821
166823
166819
166816
166816
166816
166814
166809
166804
166802
166802
166800
166797
166795
166796
166797
166796
166794
166791
166792
166795
166795
166792
166789
166790
166792
166791
166787
166786
166788
166792
166793
166791
166788
166790
166793
166794
166794
166796
166801
166806
166809
166808
166808
166809
166810
166810
166808
166806
166808
166810
166811
166811
166812
166815
166817
166818
166815
166812
166813
166813
166811
166806
166801
166800
166801
166802
166800
166798
166800
166804
166806
166804
166802
166805
166810
166810
166808
166806
166805
166807
166807
166802
166799
166798
166799
166800
166797
166794
166794
166796
166797
166796
166794
166795
166798
166798
166795
166793
166794
166796
166797
166794
166790
166790
166794
166795
166794
166793
166796
166799
166802
166801
166800
166801
166804
166806
166803
166800
166801
166803
166801
166797
166796
166797
166800
166801
166799
166797
166801
166804
166806
166806
166804
166804
166806
166805
166804
166802
166802
166806
166806
166804
166801
166803
166805
166807
166804
166802
166804
166807
166805
166802
166799
166800
166802
166801
166798
166795
166796
166799
166800
166798
166796
166800
166802
166803
166800
166799
166799
166800
166802
166800
166797
166798
166801
166802
166799
166797
166798
166802
166804
166801
166798
166801
166804
166803
166800
166798
166800
166803
166803
166800
166799
166800
166801
166801
166799
166797
166800
166804
166806
166804
166802
166803
166806
166807
166805
166802
166803
166804
166804
166801
166799
166800
166803
166802
166799
166799
166803
166806
166805
166802
166800
166800
166803
166803
166802
166801
166802
166804
166802
166799
166795
166796
166797
166795
166793
166792
166796
166799
166799
166797
166796
166797
166799
166799
166796
166795
166796
166798
166799
166798
166796
166798
166798
166798
166796
166794
166794
166797
166798
166796
166796
166798
166801
166800
166797
166795
166797
166801
166802
166799
166798
166802
166805
166803
166800
166796
166797
166798
166796
166794
166793
166795
166798
166797
166795
166792
166794
166797
166796
166793
166792
166794
166797
166799
166799
166798
166800
166801
166800
166795
166792
166795
166799
166800
166799
166799
166801
166804
166804
166802
166800
166802
166805
166805
166804
166802
166805
166808
166809
166807
166804
166805
166806
166804
166800
166797
166799
166801
166801
166798
166798
166799
166800
166799
166795
166793
166794
166796
166796
166794
166793
166795
166798
166798
166796
166794
166795
166799
166799
166797
166796
166798
166800
166798
166796
166794
166795
166798
166797
166795
166796
166799
166802
166801
166799
166799
166800
166802
166801
166798
166796
166797
166798
166798
166797
166797
166798
166801
166801
166800
166798
166800
166801
166800
166796
166795
166796
166797
166797
166796
166795
166796
166798
166798
166798
166797
166798
166802
166802
166799
166799
166801
166804
166803
166800
166800
166802
166805
166805
166804
166802
166805
166808
166808
166804
166800
166801
166802
166802
166800
166799
166801
166804
166803
166799
166798
166799
166801
166801
166799
166796
166798
166801
166801
166800
166798
166800
166803
166803
166801
166798
166798
166800
166801
166800
166798
166799
166800
166799
166795
166794
166796
166799
166798
166796
166796
166799
166802
166802
166800
166799
166802
166804
166803
166800
166798
166801
166803
166803
166801
166800
166804
166807
166806
166803
166801
166801
166801
166798
166797
166798
166801
166805
166805
166803
166802
166802
166803
166801
166797
166797
166800
166803
166802
166800
166801
166804
166806
166804
166800
166798
166800
166801
166800
166798
166797
166799
166802
166802
166798
166798
166800
166801
166798
166795
166794
166797
166801
166802
166801
166801
166803
166805
166803
166801
166800
166802
166806
166804
166800
166800
166803
166806
166805
166803
166801
166802
166804
166803
166799
166798
166800
166802
166799
166797
166797
166799
166799
166796
166792
166791
166795
166799
166800
166799
166799
166801
166803
166801
166797
166795
166797
166800
166800
166798
166797
166800
166802
166801
166798
166797
166799
166801
166798
166795
166794
166797
166801
166799
166795
166794
166796
166798
166796
166795
166795
166799
166802
166801
166799
166797
166798
166801
166799
166797
166798
166802
166805
166804
166802
166801
166803
166803
166802
166799
166799
166802
166803
166802
166799
166797
166797
166797
166795
166793
166794
166798
166802
166801
166797
166796
166799
166800
166798
166794
166791
166791
166793
166792
166790
166789
166791
166794
166795
166793
166791
166794
166797
166796
166794
166793
166795
166796
166795
166793
166793
166796
166798
166797
166794
166794
166796
166797
166796
166794
166792
166794
166796
166794
166793
166792
166795
166798
166796
166794
166794
166796
166799
166797
166794
166794
166795
166796
166793
166790
166789
166792
166796
166794
166791
166792
166795
166797
166797
166795
166793
166794
166795
166792
166790
166790
166793
166797
166796
166796
166797
166800
166802
166800
166796
166795
166797
166800
166799
166795
166793
166793
166796
166795
166792
166791
166793
166796
166796
166795
166795
166798
166801
166800
166797
166795
166796
166797
166794
166790
166787
166789
166790
166788
166787
166787
166792
166796
166795
166793
166791
166792
166794
166794
166793
166793
166795
166797
166796
166794
166794
166796
166797
166797
166794
166794
166795
166798
166796
166793
166794
166798
166801
166799
166796
166794
166794
166792
166788
166783
166783
166786
166788
166787
166785
166784
166788
166791
166789
166788
166788
166792
166794
166793
166790
166789
166791
166794
166793
166790
166790
166792
166793
166791
166788
166788
166790
166792
166790
166787
166786
166788
166791
166790
166787
166786
166789
166790
166787
166784
166785
166787
166790
166788
166784
166784
166786
166789
166788
166787
166789
166793
166796
166795
166793
166792
166794
166795
166793
166791
166789
166792
166795
166794
166791
166791
166794
166796
166795
166793
166794
166797
166799
166797
166794
166793
166794
166792
166788
166786
166787
166790
166794
166794
166792
166791
166792
166794
166792
166790
166791
166793
166796
166796
166795
166796
166799
166801
166799
166796
166796
166798
166799
166797
166794
166794
166798
166800
166799
166798
166800
166804
166806
166805
166802
166801
166802
166800
166796
166794
166794
166796
166796
166795
166792
166792
166795
166796
166796
166796
166798
166802
166804
166800
166795
166794
166796
166796
166793
166790
166791
166794
166797
166796
166794
166794
166796
166797
166793
166788
166789
166793
166795
166794
166791
166792
166795
166798
166797
166795
166797
166801
166802
166800
166797
166797
166799
166801
166800
166796
166796
166798
166798
166799
166799
166802
166806
166808
166807
166806
166808
166812
166812
166809
166804
166802
166803
166804
166802
166800
166802
166807
166811
166810
166810
166811
166813
166814
166813
166811
166811
166814
166816
166813
166809
166808
166808
166807
166806
166803
166802
166803
166804
166802
166799
166798
166800
166800
166797
166795
166798
166801
166800
166798
166797
166799
166803
166805
166804
166802
166802
166804
166803
166801
166800
166799
166801
166800
166798
166795
166795
166798
166800
166798
166795
166795
166797
166798
166795
166793
166793
166795
166794
166791
166786
166784
166785
166786
166783
166780
166780
166782
166783
166779
166776
166777
166778
166779
166776
166773
166774
166778
166779
166777
166775
166776
166777
166777
166775
166775
166777
166782
166786
166785
166782
166782
166782
166780
166778
166774
166773
166775
166776
166774
166773
166775
166778
166779
166777
166774
166775
166776
166775
166773
166770
166771
166772
166772
166770
166768
166769
166770
166771
166769
166766
166768
166772
166774
166773
166771
166771
166774
166776
166774
166772
166772
166776
166778
166775
166774
166775
166778
166779
166776
166773
166774
166776
166777
166776
166774
166775
166778
166780
166778
166775
166774
166777
166778
166775
166771
166772
166774
166774
166773
166771
166772
166775
166778
166777
166773
166773
166775
166775
166774
166772
166772
166775
166775
166773
166771
166772
166775
166777
166776
166774
166777
166780
166782
166778
166775
166776
166779
166781
166779
166779
166780
166781
166781
166778
166775
166777
166782
166783
166783
166782
166783
166786
166785
166783
166779
166780
166783
166784
166783
166781
166782
166784
166784
166782
166780
166781
166783
166784
166783
166780
166781
166783
166783
166782
166782
166784
166785
166784
166779
166776
166776
166777
166776
166773
166773
166777
166780
166782
166779
166776
166777
166780
166780
166778
166775
166777
166781
166782
166779
166778
166780
166784
166785
166784
166782
166784
166787
166788
166786
166784
166784
166786
166785
166781
166776
166776
166778
166778
166774
166771
166773
166776
166779
166779
166777
166778
166780
166781
166779
166778
166780
166782
166783
166781
166779
166780
166781
166779
166775
166772
166772
166773
166774
166773
166773
166776
166780
166783
166782
166779
166781
166784
166785
166781
166780
166782
166786
166787
166784
166778
166778
166779
166777
166773
166771
166773
166776
166778
166778
166778
166782
166787
166788
166787
166786
166786
166787
166786
166782
166780
166780
166782
166783
166781
166780
166782
166784
166785
166783
166781
166782
166784
166782
166779
166776
166779
166782
166782
166779
166777
166777
166778
166777
166774
166771
166773
166776
166776
166774
166772
166774
166777
166778
166778
166778
166781
166785
166785
166783
166781
166781
166782
166782
166779
166777
166777
166780
166780
166778
166776
166778
166780
166780
166778
166775
166777
166779
166779
166778
166777
166779
166781
166782
166780
166776
166776
166778
166777
166774
166772
166774
166778
166780
166779
166777
166780
166783
166782
166780
166780
166781
166783
166784
166781
166779
166780
166783
166781
166778
166775
166776
166778
166778
166776
166775
166779
166785
166787
166784
166780
166780
166782
166780
166777
166776
166777
166779
166778
166776
166775
166778
166780
166780
166779
166778
166780
166782
166782
166781
166781
166783
166786
166785
166782
166779
166780
166781
166781
166778
166777
166777
166780
166781
166778
166776
166779
166783
166784
166782
166781
166783
166784
166782
166779
166779
166780
166782
166781
166777
166774
166776
166780
166779
166779
166779
166781
166784
166785
166782
166779
166780
166782
166781
166778
166775
166775
166777
166777
166773
166772
166773
166773
166771
166769
166768
166771
166775
166775
166775
166775
166777
166779
166776
166769
166764
166766
166769
166770
166769
166768
166770
166773
166773
166770
166769
166771
166774
166775
166773
166771
166773
166774
166772
166770
166769
166771
166774
166774
166771
166770
166771
166774
166776
166775
166774
166777
166781
166782
166781
166781
166784
166786
166785
166781
166780
166782
166785
166786
166785
166784
166787
166790
166788
166785
166781
166781
166782
166782
166781
166780
166784
166788
166788
166788
166787
166790
166791
166788
166784
166782
166784
166787
166788
166787
166787
166790
166793
166794
166792
166789
166791
166795
166794
166793
166792
166796
166799
166799
166799
166799
166801
166805
166805
166804
166804
166807
166810
166811
166811
166810
166813
166815
166813
166809
166806
166807
166808
166806
166800
166797
166798
166799
166798
166796
166794
166797
166799
166798
166794
166792
166794
166794
166793
166791
166790
166793
166796
166795
166793
166793
166797
166803
166806
166804
166803
166804
166806
166804
166799
166795
166797
166797
166795
166791
166790
166792
166795
166794
166792
166791
166792
166791
166788
166785
166781
166782
166782
166781
166777
166774
166774
166773
166769
166764
166762
166762
166763
166762
166759
166758
166761
166763
166763
166761
166761
166763
166767
166767
166767
166767
166768
166770
166770
166767
166766
166768
166768
166765
166760
166758
166758
166759
166759
166756
166754
166755
166755
166752
166750
166750
166753
166756
166757
166756
166756
166757
166758
166756
166751
166747
166746
166744
166743
166741
166742
166747
166751
166751
166751
166751
166753
166754
166752
166749
166747
166748
166750
166749
166747
166747
166750
166752
166753
166754
166755
166761
166769
166772
166772
166774
166781
166788
166792
166794
166796
166800
166802
166801
166799
166798
166799
166800
166797
166794
166792
166794
166797
166795
166792
166794
166799
166806
166809
166812
166815
166819
166821
166820
166814
166810
166811
166812
166811
166807
166806
166808
166810
166809
166805
166804
166807
166809
166808
166806
166804
166807
166811
166810
166807
166805
166805
166805
166803
166799
166797
166799
166802
166803
166801
166803
166807
166811
166812
166810
166809
166809
166809
166805
166799
166795
166795
166795
166791
166786
166782
166782
166781
166778
166774
166772
166773
166775
166773
166770
166770
166774
166781
166785
166787
166790
166796
166800
166801
166796
166794
166795
166794
166790
166787
166786
166786
166787
166786
166783
166782
166784
166786
166786
166786
166788
166793
166798
166799
166799
166801
166802
166803
166801
166798
166796
166796
166797
166795
166790
166790
166791
166791
166788
166784
166782
166781
166781
166777
166772
166770
166774
166776
166776
166776
166779
166785
166790
166792
166791
166792
166795
166795
166796
166796
166793
166794
166796
166792
166789
166788
166789
166791
166791
166789
166790
166789
166793
166792
166787
166785
166784
166784
166780
166774
166768
166770
166772
166769
166766
166765
166767
166769
166767
166764
166767
166772
166775
166778
166779
166781
166786
166790
166791
166792
166794
166795
166795
166794
166791
166790
166791
166790
166787
166784
166781
166783
166785
166782
166780
166781
166783
166784
166785
166782
166785
166789
166792
166790
166787
166786
166789
166792
166791
166788
166788
166791
166795
166794
166795
166797
166802
166806
166803
166798
166801
166801
166800
166796
166790
166787
166786
166788
166787
166784
166783
166787
166791
166788
166784
166783
166788
166791
166789
166787
166788
166790
166786
166779
166775
166775
166775
166778
166777
166781
166784
166788
166793
166792
166790
166790
166791
166791
166788
166789
166790
166791
166793
166791
166787
166785
166786
166787
166788
166785
166784
166786
166788
166788
166788
166789
166791
166793
166789
166784
166786
166789
166791
166788
166784
166784
166787
166788
166787
166787
166787
166789
166792
166791
166788
166785
166787
166793
166789
166786
166786
166787
166788
166786
166782
166785
166786
166787
166786
166784
166783
166785
166787
166786
166780
166780
166782
166785
166785
166784
166786
166788
166790
166788
166784
166783
166784
166786
166785
166781
166779
166778
166780
166782
166779
166781
166783
166782
166777
166772
166775
166778
166780
166782
166781
166783
166788
166792
166790
166789
166788
166789
166789
166785
166781
166783
166784
166787
166787
166785
166787
166791
166794
166793
166793
166792
166792
166794
166793
166789
166789
166790
166791
166790
166788
166789
166790
166793
166793
166791
166790
166790
166790
166787
166785
166786
166789
166790
166789
166787
166785
166786
166791
166793
166791
166792
166794
166796
166796
166797
166798
166799
166799
166796
166794
166794
166795
166796
166794
166791
166795
166798
166797
166794
166792
166798
166801
166802
166802
166801
166802
166804
166803
166800
166796
166798
166800
166799
166796
166792
166793
166793
166794
166791
166788
166789
166793
166796
166795
166793
166793
166795
166797
166794
166790
166794
166797
166797
166794
166791
166791
166792
166791
166788
166789
166790
166794
166798
166800
166801
166804
166809
166810
166810
166809
166807
166806
166804
166799
166795
166792
166794
166797
166795
166791
166792
166797
166801
166800
166799
166801
166805
166810
166808
166804
166804
166807
166811
166809
166805
166804
166807
166807
166803
166800
166803
166807
166810
166808
166806
166809
166811
166811
166806
166805
166808
166810
166811
166811
166809
166810
166814
166814
166815
166812
166812
166816
166818
166815
166811
166810
166811
166808
166807
166808
166810
166813
166815
166814
166811
166812
166815
166816
166813
166809
166809
166813
166812
166810
166808
166810
166813
166815
166813
166809
166812
166816
166817
166814
166812
166814
166815
166816
166813
166809
166809
166812
166812
166809
166808
166808
166810
166812
166814
166812
166815
166818
166819
166816
166813
166813
166814
166816
166815
166815
166818
166820
166820
166818
166816
166817
166818
166819
166819
166816
166819
166823
166825
166824
166822
166823
166823
166823
166821
166819
166820
166820
166824
166824
166822
166824
166827
166828
166827
166825
166825
166828
166830
166829
166826
166827
166829
166829
166826
166823
166822
166824
166827
166824
166822
166824
166827
166830
166829
166828
166828
166832
166834
166831
166827
166827
166828
166827
166825
166823
166825
166830
166833
166830
166826
166826
166828
166827
166828
166826
166826
166829
166831
166830
166828
166829
166832
166832
166831
166829
166831
166834
166836
166835
166833
166834
166838
166838
166835
166835
166837
166838
166838
166836
166833
166834
166838
166839
166838
166836
166836
166838
166840
166837
166834
166836
166838
166838
166835
166833
166835
166837
166838
166835
166834
166834
166835
166835
166833
166830
166833
166837
166840
166839
166837
166838
166838
166838
166836
166835
166836
166839
166840
166836
166835
166840
166843
166844
166841
166837
166838
166839
166838
166839
166838
166838
166840
166840
166837
166836
166838
166840
166841
166838
166833
166832
166836
166837
166834
166833
166837
166841
166842
166841
166841
166843
166845
166847
166846
166842
166842
166843
166842
166841
166840
166842
166844
166845
166844
166840
166839
166842
166844
166842
166840
166842
166845
166846
166842
166841
166844
166849
166850
166847
166845
166847
166848
166845
166841
166839
166840
166841
166840
166838
166836
166839
166841
166841
166838
166835
166837
166840
166840
166838
166838
166840
166842
166842
166842
166842
166843
166845
166844
166842
166840
166842
166845
166845
166843
166841
166842
166845
166845
166842
166838
166839
166842
166842
166840
166838
166841
166845
166846
166846
166845
166846
166848
166849
166846
166842
166843
166845
166846
166844
166841
166842
166845
166844
166841
166839
166841
166842
166842
166839
166839
166842
166844
166844
166842
166841
166841
166843
166845
166845
166843
166844
166846
166845
166843
166842
166844
166846
166846
166845
166843
166843
166842
166840
166838
166836
166839
166843
166842
166840
166838
166838
166838
166838
166837
166835
166836
166838
166839
166838
166839
166842
166846
166848
166845
166843
166843
166845
166846
166841
166838
166841
166843
166842
166838
166836
166838
166841
166840
166838
166838
166841
166842
166841
166837
166834
166835
166835
166834
166830
166828
166831
166836
166838
166838
166837
166840
166843
166842
166840
166838
166840
166843
166841
166838
166837
166839
166841
166842
166841
166839
166839
166841
166842
166839
166836
166835
166837
166838
166835
166831
166832
166835
166834
166831
166830
166832
166836
166835
166832
166831
166833
166836
166835
166833
166831
166833
166836
166838
166835
166833
166835
166836
166835
166834
166834
166835
166837
166836
166833
166830
166830
166830
166830
166827
166825
166826
166827
166827
166825
166822
166825
166828
166829
166830
166829
166830
166833
166832
166828
166825
166827
166830
166830
166828
166826
166826
166828
166829
166827
166825
166825
166827
166827
166823
166822
166824
166826
166828
166828
166825
166826
166828
166825
166821
166820
166820
166822
166824
166823
166822
166825
166829
166829
166825
166823
166822
166823
166823
166820
166819
166820
166823
166822
166819
166816
166818
166822
166822
166819
166818
166819
166822
166822
166818
166814
166814
166815
166813
166810
166811
166815
166816
166816
166814
166811
166813
166816
166816
166815
166814
166814
166817
166817
166814
166813
166814
166816
166819
166817
166816
166819
166822
166821
166821
166820
166821
166821
166819
166816
166815
166818
166819
166817
166814
166815
166818
166822
166822
166820
166818
166821
166827
166827
166825
166823
166824
166826
166826
166822
166818
166818
166820
166820
166819
166818
166818
166819
166818
166815
166815
166816
166818
166816
166814
166813
166814
166816
166816
166812
166810
166812
166815
166814
166811
166809
166813
166817
166817
166814
166812
166812
166813
166815
166814
166813
166816
166819
166816
166813
166811
166815
166819
166818
166814
166812
166813
166813
166810
166808
166810
166812
166814
166813
166812
166811
166813
166816
166816
166814
166811
166811
166812
166809
166806
166807
166811
166814
166816
166814
166812
166814
166816
166817
166814
166814
166817
166822
166822
166817
166816
166819
166820
166817
