166710
166707
166705
166706
166709
166709
166706
166706
166708
166709
166708
166706
166708
166713
166716
166714
166710
166708
166709
166710
166710
166708
166707
166708
166709
166707
166704
166703
166706
166709
166708
166707
166707
166711
166713
166712
166709
166707
166709
166711
166710
166708
166708
166710
166712
166710
166707
166706
166707
166710
166708
166704
166701
166701
166710
166713
166709
166709
166714
166715
166712
166709
166708
166709
166711
166711
166707
166707
166711
166712
166711
166709
166708
166711
166712
166710
166706
166704
166704
166705
166703
166701
166702
166706
166710
166709
166706
166703
166703
166706
166704
166702
166701
166703
166705
166703
166700
166696
166698
166701
166703
166701
166701
166704
166707
166705
166703
166701
166704
166706
166706
166704
166703
166705
166706
166702
166696
166694
166696
166701
166701
166699
166699
166702
166702
166699
166695
166693
166698
166700
166698
166699
166701
166705
166709
166709
166708
166708
166708
166709
166705
166700
166699
166702
166707
166707
166705
166706
166709
166713
166712
166709
166708
166709
166710
166708
166706
166705
166707
166709
166706
166705
166705
166706
166709
166707
166704
166703
166706
166709
166708
166707
166708
166711
166715
166715
166714
166712
166714
166717
166716
166712
166711
166714
166717
166716
166714
166712
166712
166713
166710
166706
166703
166703
166705
166704
166702
166702
166704
166706
166704
166703
166703
166705
166706
166704
166700
166700
166703
166706
166705
166702
166702
166705
166707
166706
166704
166703
166707
166710
166709
166706
166704
166705
166707
166706
166703
166702
166704
166708
166709
166707
166707
166710
166712
166711
166707
166706
166708
166711
166709
166709
166709
166712
166714
166712
166709
166707
166709
166711
166709
166707
166705
166709
166713
166713
166711
166711
166714
166717
166716
166712
166711
166713
166715
166713
166710
166709
166711
166714
166713
166712
166710
166712
166713
166712
166709
166709
166712
166716
166717
166715
166713
166716
166717
166714
166709
166707
166709
166711
166708
166706
166707
166710
166712
166714
166714
166713
166718
166719
166717
166714
166713
166714
166716
166716
166716
166717
166719
166721
166721
166718
166717
166718
166719
166718
166715
166716
166718
166721
166720
166716
166715
166717
166722
166722
166718
166718
166721
166724
166723
166721
166721
166721
166722
166721
166719
166719
166723
166727
166728
166725
166725
166724
166725
166723
166720
166720
166722
166726
166725
166723
166724
166728
166728
166726
166722
166721
166722
166724
166721
166718
166719
166723
166727
166728
166728
166728
166730
166731
166729
166725
166724
166726
166727
166727
166725
166724
166725
166725
166723
166721
166720
166722
166724
166722
166722
166723
166727
166728
166727
166727
166727
166731
166733
166732
166731
166731
166734
166737
166736
166732
166729
166731
166734
166732
166729
166728
166730
166732
166730
166726
166726
166730
166733
166732
166730
166729
166732
166734
166733
166729
166728
166730
166732
166731
166729
166728
166731
166734
166734
166732
166731
166731
166731
166729
166726
166726
166725
166726
166725
166723
166725
166727
166731
166730
166728
166726
166727
166728
166729
166728
166728
166729
166732
166731
166728
166726
166728
166730
166728
166726
166726
166729
166733
166731
166729
166729
166732
166733
166729
166726
166726
166727
166730
166728
166725
166724
166726
166729
166729
166728
166728
166729
166730
166728
166724
166722
166722
166724
166724
166724
166725
166728
166730
166729
166726
166724
166726
166727
166723
166717
166715
166718
166722
166722
166721
166721
166723
166726
166727
166725
166723
166724
166726
166723
166720
166720
166721
166723
166722
166722
166723
166726
166729
166729
166726
166723
166724
166724
166722
166720
166722
166725
166728
166727
166723
166720
166720
166721
166718
166714
166714
166716
166718
166716
166714
166715
166717
166720
166720
166720
166721
166723
166725
166725
166721
166719
166719
166721
166720
166718
166720
166725
166727
166724
166720
166720
166722
166724
166722
166720
166720
166723
166725
166723
166721
166720
166722
166726
166726
166723
166723
166723
166724
166723
166720
166720
166722
166723
166722
166720
166720
166722
166723
166720
166718
166718
166718
166720
166721
166719
166719
166722
166724
166722
166719
166718
166718
166718
166718
166716
166714
166716
166720
166719
166717
166717
166719
166721
166720
166717
166716
166719
166722
166721
166718
166719
166722
166725
166723
166719
166717
166716
166716
166714
166712
166713
166717
166719
166716
166713
166711
166714
166718
166718
166714
166714
166717
166719
166717
166713
166713
166716
166718
166715
166711
166709
166712
166714
166713
166710
166711
166714
166717
166715
166710
166709
166712
166713
166710
166709
166712
166717
166720
166719
166716
166715
166716
166718
166717
166714
166713
166716
166719
166717
166715
166716
166717
166717
166713
166710
166708
166709
166711
166711
166710
166710
166714
166716
166714
166712
166713
166715
166717
166716
166714
166715
166719
166721
166719
166716
166715
166716
166717
166715
166712
166711
166714
166716
166716
166715
166715
166716
166717
166714
166710
166709
166712
166714
166714
166713
166714
166717
166719
166718
166716
166718
166721
166722
166719
166716
166714
166716
166718
166716
166714
166716
166721
166725
166723
166719
166719
166720
166722
166720
166718
166718
166720
166722
166720
166717
166717
166718
166719
166719
166716
166714
166721
166725
166721
166719
166720
166720
166722
166718
166716
166718
166722
166727
166727
166725
166726
166728
166728
166724
166720
166719
166720
166724
166723
166720
166721
166724
166726
166723
166719
166719
166721
166722
166718
166716
166717
166719
166722
166721
166720
166721
166724
166726
166723
166719
166719
166723
166726
166725
166723
166721
166722
166723
166721
166720
166720
166722
166723
166720
166715
166713
166716
166718
166717
166715
166715
166718
166720
166718
166715
166715
166716
166715
166714
166711
166712
166715
166717
166716
166714
166715
166720
166721
166720
166718
166719
166723
166725
166726
166725
166726
166729
166733
166731
166728
166727
166729
166730
166726
166722
166722
166724
166726
166725
166724
166724
166726
166728
166727
166724
166723
166724
166726
166725
166723
166723
166726
166729
166728
166726
166726
166730
166733
166731
166730
166730
166731
166733
166732
166729
166729
166732
166732
166730
166727
166727
166730
166732
166729
166725
166726
166731
166734
166731
166726
166725
166730
166733
166731
166731
166730
166729
166730
166729
166726
166725
166726
166731
166730
166729
166730
166734
166735
166734
166732
166733
166735
166736
166736
166735
166737
166742
166744
166744
166741
166741
166744
166746
166741
166737
166736
166738
166739
166736
166733
166733
166735
166738
166737
166736
166735
166736
166736
166735
166733
166732
166735
166738
166738
166734
166735
166739
166743
166741
166739
166740
166743
166744
166743
166742
166741
166742
166745
166743
166738
166741
166745
166746
166744
166742
166741
166741
166741
166737
166733
166735
166739
166744
166742
166739
166738
166739
166740
166737
166735
166736
166740
166744
166745
166746
166747
166750
166752
166749
166747
166748
166749
166751
166747
166744
166746
166749
166751
166750
166748
166747
166746
166748
166747
166743
166742
166744
166745
166742
166741
166740
166742
166745
166742
166742
166743
166745
166745
166744
166743
166742
166742
166743
166742
166739
166739
166743
166745
166741
166738
166738
166741
166740
166737
166732
166732
166735
166737
166737
166738
166737
166737
166738
166736
166732
166732
166734
166736
166735
166734
166735
166737
166738
166737
166735
166736
166739
166740
166740
166739
166740
166741
166742
166741
166739
166740
166743
166746
166743
166742
166743
166745
166748
166746
166742
166742
166743
166744
166742
166738
166740
166741
166742
166740
166737
166736
166739
166740
166740
166739
166739
166743
166745
166744
166739
166739
166743
166745
166743
166739
166739
166742
166745
166744
166742
166742
166742
166743
166741
166739
166740
166743
166743
166743
166740
166741
166746
166746
166746
166743
166742
166744
166744
166742
166738
166738
166741
166744
166744
166741
166741
166742
166742
166739
166737
166738
166740
166743
166740
166737
166738
166740
166740
166737
166736
166740
166744
166746
166747
166745
166744
166746
166746
166745
166742
166742
166744
166744
166742
166738
166738
166740
166742
166740
166739
166742
166747
166747
166744
166739
166740
166743
166747
166745
166742
166742
166744
166745
166745
166747
166746
166748
166749
166744
166744
166747
166748
166749
166746
166743
166744
166748
166750
166747
166745
166745
166747
166749
166748
166743
166745
166748
166752
166751
166748
166747
166747
166750
166747
166744
166744
166746
166748
166746
166743
166745
166749
166751
166749
166747
166747
166750
166754
166754
166751
166751
166753
166754
166751
166745
166747
166749
166752
166752
166752
166756
166758
166761
166757
166754
166751
166754
166757
166756
166753
166754
166756
166756
166754
166751
166752
166754
166756
166753
166753
166754
166757
166758
166754
166751
166754
166755
166756
166755
166751
166749
166751
166750
166750
166747
166748
166752
166754
166754
166750
166750
166753
166755
166754
166753
166753
166755
166755
166754
166751
166751
166754
166755
166754
166753
166754
166756
166759
166757
166754
166752
166756
166760
166756
166756
166757
166759
166761
166758
166754
166752
166751
166752
166750
166748
166751
166753
166753
166752
166751
166753
166753
166755
166755
166756
166758
166759
166757
166754
166748
166749
166755
166755
166753
166750
166751
166755
166756
166754
166752
166752
166751
166752
166749
166748
166749
166752
166754
166750
166749
166749
166752
166754
166753
166753
166755
166758
166760
166758
166754
166755
166758
166757
166753
166751
166752
166754
166754
166752
166750
166751
166753
166755
166752
166750
166750
166751
166753
166751
166749
166751
166753
166753
166750
166747
166747
166748
166749
166747
166744
166746
166749
166753
166751
166749
166750
166751
166750
166747
166745
166747
166750
166752
166749
166746
166748
166751
166753
166754
166753
166753
166753
166756
166758
166758
166759
166754
166748
166746
166750
166751
166754
166752
166751
166748
166748
166748
166744
166739
166739
166741
166742
166740
166734
166732
166730
166731
166734
166732
166728
166729
166736
166735
166732
166729
166728
166729
166730
166726
166723
166725
166727
166724
166719
166716
166717
166721
166722
166717
166714
166715
166719
166721
166719
166718
166716
166717
166716
166712
166708
166710
166714
166714
166712
166710
166709
166710
166711
166708
166705
166706
166707
166708
166705
166701
166702
166706
166710
166708
166705
166706
166709
166709
166705
166702
166702
166704
166705
166704
166702
166703
166705
166706
166704
166702
166703
166703
166702
166700
166698
166699
166703
166704
166704
166702
166703
166706
166706
166703
166701
166701
166701
166703
166703
166701
166702
166703
166702
166700
166697
166698
166700
166701
166699
166698
166698
166700
166701
166698
166695
166696
166698
166698
166697
166693
166692
166696
166697
166696
166694
166696
166698
166700
166698
166694
166693
166695
166695
166693
166689
166688
166691
166691
166686
166682
166681
166683
166684
166683
166684
166689
166695
166697
166695
166693
166694
166696
166697
166694
166689
166687
166688
166688
166685
166682
166683
166687
166689
166688
166687
166689
166691
166692
166690
166686
166685
166685
166685
166683
166681
166684
166688
166690
166688
166686
166687
166688
166689
166686
166682
166682
166684
166683
166678
166675
166675
166676
166677
166676
166674
166676
166680
166681
166679
166675
166674
166676
166675
166671
166667
166669
166672
166669
166658
166658
166667
166671
166672
166674
166670
166669
166672
166675
166672
166669
166670
166674
166675
166674
166673
166676
166678
166678
166677
166675
166676
166678
166679
166675
166673
166675
166677
166678
166676
166674
166675
166675
166673
166669
166664
166664
166666
166668
166666
166665
166668
166672
166672
166670
166669
166670
166672
166674
166674
166671
166673
166676
166675
166671
166667
166668
166671
166673
166673
166671
166672
166674
166674
166669
166664
166662
166663
166661
166658
166656
166658
166661
166662
166661
166658
166658
166659
166659
166656
166653
166653
166656
166657
166653
166650
166652
166653
166653
166653
166653
166654
166656
166657
166656
166653
166656
166659
166661
166659
166655
166653
166653
166654
166652
166651
166653
166656
166657
166653
166649
166648
166650
166652
166651
166649
166651
166653
166653
166649
166645
166646
166648
166649
166647
166645
166645
166646
166646
166641
166637
166636
166638
166638
166636
166635
166637
166638
166638
166635
166632
166633
166635
166636
166635
166634
166638
166642
166643
166640
166638
166640
166640
166640
166638
166638
166640
166643
166643
166640
166637
166638
166640
166639
166637
166635
166635
166636
166636
166632
166629
166630
166633
166633
166631
166628
166629
166633
166635
166634
166634
166636
166639
166640
166636
166633
166635
166638
166640
166638
166636
166639
166642
166642
166640
166636
166636
166637
166638
166636
166634
166634
166635
166635
166634
166634
166637
166640
166641
166639
166636
166636
166637
166636
166632
166629
166628
166630
166631
166629
166627
166631
166633
166633
166632
166631
166631
166633
166634
166630
166626
166627
166629
166631
166629
166627
166627
166630
166630
166626
166623
166625
166628
166629
166626
166624
166627
166630
166632
166629
166625
166626
166626
166623
166619
166617
166619
166621
166621
166619
166620
166627
166630
166627
166622
166620
166622
166624
166625
166624
166620
166620
166623
166625
166622
166620
166620
166622
166623
166620
166616
166617
166618
166619
166617
166614
166614
166616
166616
166614
166613
166615
166617
166618
166616
166615
166618
166622
166624
166624
166623
166625
166626
166625
166622
166619
166618
166620
166621
166619
166616
166618
166622
166623
166620
166619
166622
166624
166622
166620
166617
166618
166619
166616
166611
166607
166606
166608
166609
166608
166607
166609
166612
166612
166609
166606
166608
166611
166611
166609
166609
166610
166612
166613
166611
166607
166608
166611
166611
166610
166609
166610
166612
166613
166608
166604
166605
166608
166607
166606
166605
166609
166611
166611
166609
166606
166605
166605
166606
166604
166603
166605
166609
166611
166609
166608
166609
166611
166610
166606
166601
166600
166601
166603
166602
166602
166604
166607
166609
166607
166606
166608
166610
166611
166608
166606
166608
166611
166611
166609
166606
166607
166608
166605
166601
166598
166599
166602
166604
166603
166603
166606
166609
166607
166604
166602
166604
166607
166607
166606
166604
166605
166607
166605
166603
166600
166600
166601
166602
166600
166598
166598
166597
166596
166599
166600
166603
166610
166612
166607
166603
166605
166610
166612
166611
166612
166617
166621
166620
166617
166615
166618
166619
166618
166615
166616
166619
166622
166624
166621
166618
166619
166622
166622
166619
166616
166616
166620
166621
166618
166615
166615
166617
166618
166617
166615
166617
166620
166621
166618
166615
166617
166621
166623
166620
166619
166622
166623
166623
166622
166618
166619
166621
166622
166620
166620
166621
166625
166626
166624
166621
166624
166628
166627
166624
166622
166620
166621
166623
166622
166620
166620
166623
166623
166619
166617
166619
166620
166620
166619
166618
166620
166622
166622
166620
166619
166622
166625
166625
166624
166622
166623
166626
166626
166622
166620
166620
166623
166622
166620
166618
166618
166621
166622
166618
166615
166618
166620
166619
166617
166616
166617
166618
166621
166621
166621
166623
166627
166627
166624
166621
166624
166627
166627
166624
166625
166629
166631
166630
166629
166626
166625
166626
166626
166624
166622
166624
166626
166626
166623
166619
166619
166620
166619
166616
166613
166615
166619
166621
166619
166616
166619
166621
166620
166617
166617
166618
166621
166623
166621
166618
166618
166620
166619
166615
166613
166615
166619
166621
166618
166617
166619
166621
166622
166620
166620
166622
166624
166623
166621
166619
166620
166621
166621
166619
166618
166621
166623
166623
166621
166620
166622
166624
166624
166622
166622
166623
166624
166623
166620
166618
166620
166623
166624
166621
166618
166619
166621
166623
166621
166621
166622
166624
166626
166625
166623
166625
166628
166629
166627
166625
166627
166625
166623
166621
166621
166624
166627
166628
166628
166625
166626
166630
166632
166631
166629
166631
166634
166634
166631
166629
166629
166630
166629
166627
166625
166626
166628
166627
166623
166620
166622
166624
166625
166624
166623
166625
166628
166630
166626
166621
166621
166623
166624
166623
166622
166626
166632
166634
166632
166627
166625
166624
166623
166625
166627
166626
166626
166633
166636
166629
166630
166634
166632
166629
166627
166627
166629
166630
166628
166627
166633
166636
166637
166635
166634
166637
166640
166640
166638
166639
166640
166641
166643
166645
166646
166649
166653
166654
166652
166651
166650
166648
166648
166646
166645
166648
166651
166653
166655
166653
166652
166657
166659
166657
166656
166658
166659
166659
166657
166655
166656
166657
166658
166657
166655
166656
166660
166662
166660
166659
166663
166666
166667
166665
166662
166664
166666
166666
166665
166665
166667
166669
166669
166665
166662
166663
166665
166665
166663
166661
166662
166663
166663
166660
166660
166661
166663
166664
166664
166663
166665
166666
166666
166663
166660
166661
166662
166662
166660
166660
166662
166663
166662
166662
166661
166665
166667
166666
166664
166663
166666
166668
166668
166667
166664
166665
166667
166668
166667
166666
166667
166672
166672
166670
166668
166669
166672
166671
166670
166669
166670
166673
166674
166672
166671
166673
166676
166677
166675
166674
166676
166678
166677
166674
166672
166674
166677
166677
166675
166674
166675
166676
166677
166675
166673
166675
166678
166679
166677
166677
166680
166682
166682
166681
166680
166681
166683
166683
166682
166681
166682
166684
166685
166682
166679
166681
166682
166682
166680
166680
166681
166684
166685
166682
166679
166680
166682
166682
166681
166680
166681
166683
166684
166682
166683
166685
166687
166687
166684
166682
166684
166685
166684
166683
166682
166684
166685
166684
166680
166677
166681
166685
166685
166683
166681
166682
166685
166685
166683
166682
166684
166686
166685
166683
166682
166685
166687
166686
166684
166682
166684
166686
166685
166682
166680
166682
166685
166684
166682
166680
166681
166684
166684
166682
166683
166686
166687
166687
166685
166682
166682
166684
166683
166680
166678
166680
166684
166685
166686
166686
166687
166690
166688
166684
166680
166681
166683
166683
166680
166679
166682
166685
166685
166682
166681
166684
166686
166685
166683
166682
166685
166687
166687
166684
166683
166686
166689
166689
166686
166685
166686
166686
166683
166678
166676
166678
166682
166683
166682
166682
166684
166687
166688
166686
166684
166686
166689
166686
166684
166684
166687
166690
166690
166686
166684
166686
166687
166685
166682
166682
166687
166692
166693
166692
166689
166688
166688
166686
166681
166680
166683
166688
166689
166690
166693
166695
166696
166695
166691
166688
166688
166690
166690
166687
166685
166687
166690
166691
166688
166686
166688
166690
166691
166690
166689
166690
166694
166697
166695
166693
166694
166696
166695
166691
166689
166690
166692
166693
166691
166691
166693
166695
166694
166693
166692
166696
166700
166700
166695
166692
166694
166695
166693
166691
166690
166691
166693
166693
166690
166688
166688
166690
166691
166689
166689
166692
166695
166694
166691
166690
166694
166698
166697
166696
166695
166697
166699
166698
166694
166689
166690
166693
166694
166694
166692
166693
166696
166695
166692
166691
166693
166697
166697
166694
166692
166694
166697
166697
166695
166693
166695
166697
166696
166694
166691
166692
166696
166697
166694
166694
166695
166695
166691
166688
166684
166686
166689
166691
166689
166689
166693
166696
166695
166692
166691
166693
166695
166695
166693
166691
166694
166697
166698
166697
166696
166698
166698
166697
166695
166696
166699
166703
166703
166700
166697
166697
166697
166697
166695
166692
166694
166697
166697
166695
166696
166700
166697
166688
166689
166691
166694
166696
166693
166691
166691
166694
166697
166694
166691
166690
166692
166695
166697
166695
166693
166696
166698
166697
166694
166690
166689
166690
166689
166686
166686
166688
166692
166693
166691
166689
166691
166692
166692
166690
166689
166692
166695
166695
166692
166691
166692
166694
166694
166692
166688
166690
166691
166689
166687
166686
166690
166693
166693
166691
166690
166693
166695
166693
166690
166688
166689
166690
166690
166689
166689
166692
166695
166696
166694
166693
166694
166696
166692
166687
166684
166687
166689
166689
166687
166685
166686
166688
166688
166684
166681
166682
166686
166688
166686
166685
166690
166695
166693
166688
166686
166690
166694
166694
166690
166688
166689
166688
166685
166682
166682
166686
166690
166690
166688
166687
166690
166693
166692
166690
166689
166690
166692
166691
166690
166689
166690
166693
166692
166689
166687
166689
166690
166692
166692
166691
166692
166693
166690
166688
166687
166689
166691
166691
166689
166689
166692
166695
166695
166695
166694
166695
166695
166693
166690
166688
166688
166690
166690
166688
166688
166693
166698
166699
166697
166696
166697
166697
166695
166692
166690
166691
166693
166691
166688
166686
166687
166689
166689
166687
166685
166685
166687
166687
166685
166685
166689
166692
166692
166690
166690
166691
166693
166693
166690
166688
166690
166692
166692
166690
166688
166690
166691
166688
166685
166683
166686
166688
166689
166689
166690
166693
166695
166694
166690
166688
166688
166690
166689
166688
166688
166690
166695
166695
166692
166691
166693
166694
166693
166689
166687
166688
166691
166692
166690
166688
166691
166694
166694
166693
166694
166697
166699
166700
166700
166699
166701
166704
166703
166702
166703
166705
166708
166707
166707
166706
166708
166709
166707
166705
166704
166706
166709
166710
166708
166706
166708
166709
166707
166703
166702
166704
166706
166706
166703
166701
166703
166703
166701
166699
166696
166698
166700
166698
166695
166695
166696
166696
166693
166689
166688
166689
166692
166692
166691
166692
166694
166696
166697
166697
166697
166700
166704
166705
166703
166703
166706
166708
166706
166704
166701
166701
166703
166702
166699
166697
166698
166700
166700
166697
166696
166697
166696
166694
166692
166692
166694
166697
166696
166693
166691
166692
166694
166693
166690
166688
166692
166696
166697
166698
166699
166700
166701
166700
166698
166698
166700
166702
166701
166699
166697
166696
166696
166693
166688
166687
166689
166693
166690
166684
166682
166684
166686
166685
166681
166680
166682
166684
166683
166680
166678
166680
166681
166680
166678
166678
166681
166684
166684
166683
166682
166684
166686
166685
166684
166684
166687
166687
166685
166684
166683
166685
166688
166686
166682
166681
166680
166682
166682
166679
166679
166682
166685
166683
166679
166679
166682
166685
166685
166684
166683
166684
166687
166687
166685
166684
166687
166689
166688
166686
166687
166690
166694
166693
166692
166691
166694
166695
166693
166689
166687
166688
166692
166692
166690
166688
166690
166691
166688
166685
166683
166685
166687
166686
166684
166682
166683
166686
166687
166686
166687
166690
166694
166694
166691
166689
166691
166692
166690
166687
166687
166690
166694
166694
166692
166692
166694
166696
166695
166692
166691
166693
166695
166692
166689
166690
166692
166696
166696
166693
166691
166692
166693
166691
166689
166689
166690
166691
166690
166687
166687
166689
166690
166688
166685
166683
166685
166686
166686
166684
166685
166687
166690
166689
166686
166687
166691
166693
166691
166687
166686
166688
166689
166686
166682
166681
166684
166686
166685
166685
166685
166687
166688
166684
166678
166676
166678
166680
166679
166678
166679
166683
166686
166684
166681
166679
166680
166685
166684
166681
166680
166682
166684
166681
166679
166679
166683
166687
166685
166682
166679
166680
166682
166681
166678
166677
166680
166683
166681
166678
166678
166680
166683
166684
166682
166680
166683
166687
166686
166683
166680
166683
166686
166684
166682
166683
166686
166687
166684
166682
166683
166685
166686
166685
166681
166682
166685
166686
166683
166679
166679
166684
166687
166687
166685
166684
166687
166690
166688
166685
166683
166684
166685
166686
166686
166685
166688
166690
166688
166683
166680
166680
166681
166680
166679
166682
166686
166688
166687
166685
166685
166685
166686
166683
166680
166678
166682
166685
166683
166683
166684
166684
166685
166683
166680
166678
166679
166681
166680
166677
166677
166680
166683
166683
166680
166679
166680
166680
166677
166676
166677
166682
166688
166688
166685
166684
166684
166686
166683
166679
166678
166682
166685
166684
166682
166682
166684
166686
166682
166678
166678
166679
166680
166679
166676
166676
166680
166683
166683
166682
166682
166683
166685
166684
166682
166683
166686
166686
166684
166683
166683
166684
166685
166682
166679
166679
166681
166685
166683
166680
166679
166679
166680
166680
166677
166676
166679
166682
166680
166679
166680
166684
166686
166683
166680
166680
166678
166676
166678
166674
166672
166674
166674
166671
166667
166668
166671
166670
166666
166664
166664
166666
166669
166669
166666
166667
166669
166670
166667
166665
166665
166668
166670
166669
166667
166667
166669
166671
166667
166663
166661
166662
166663
166663
166661
166659
166660
166663
166662
166660
166659
166661
166664
166661
166656
166656
166659
166660
166660
166659
166658
166661
166664
166660
166655
166654
166656
166658
166656
166653
166654
166656
166657
166655
166650
166650
166651
166653
166651
166648
166648
166653
166655
166653
166649
166648
166650
166651
166650
166647
166647
166650
166653
166653
166652
166652
166655
166659
166658
166657
166658
166659
166659
166654
166652
166652
166653
166654
166651
166648
166643
166644
166653
166658
166653
166655
166657
166657
166655
166651
166648
166651
166652
166650
166648
166649
166653
166656
166656
166653
166652
166653
166655
166654
166651
166650
166651
166652
166650
166647
166646
166647
166648
166644
166640
166640
166642
166645
166644
166640
166640
166643
166646
166645
166641
166638
166638
166640
166637
166633
166634
166636
166637
166636
166635
166638
166642
166645
166641
166637
166637
166639
166638
166634
166635
166640
166641
166639
166636
166635
166634
166636
166640
166638
166634
166635
166638
166639
166638
166635
166635
166638
166639
166637
166635
166634
166635
166638
166636
166632
166631
166632
166635
166633
166631
166633
166634
166636
166635
166631
166628
166627
166626
166623
166619
166618
166620
166623
166622
166619
166621
166625
166628
166628
166627
166628
166630
166630
166627
166625
166624
166625
166627
166625
166621
166618
166618
166621
166619
166615
166614
166616
166620
166620
166619
166620
166623
166625
166625
166623
166623
166624
166622
166621
166619
166618
166617
166618
166616
166615
166617
166620
166623
166622
166620
166621
166625
166629
166629
166629
166628
166632
166636
166635
166632
166633
166634
166634
166630
166624
166622
166624
166626
166624
166620
166620
166622
166624
166624
166625
166627
166629
166630
166626
166622
166623
166624
166626
166624
166622
166620
166622
166626
166625
166626
166628
166633
166636
166638
166639
166641
166647
166649
166647
166644
166643
166646
166646
166642
166640
166640
166642
166644
166642
166640
166642
166644
166645
166642
166641
166643
166648
166651
166651
166648
166646
166645
166644
166641
166637
166638
166642
166644
166643
166640
166640
166641
166642
166640
166639
166639
166641
166644
166642
166640
166641
166646
166648
166648
166644
166644
166648
166648
166646
166644
166643
166643
166645
166642
166636
166636
166638
166639
166639
166635
166636
166641
166644
166644
166642
166642
166644
166645
166643
166640
166640
166644
166647
166644
166640
166639
166639
166638
166637
166635
166635
166639
166640
166638
166635
166638
166642
166644
166645
166642
166641
166641
166641
166639
166636
166637
166643
166644
166644
166644
166647
166650
166649
166647
166643
166642
166646
166648
166649
166646
166648
166650
166650
166648
166644
166644
166647
166648
166646
166643
166644
166647
166648
166645
166641
166640
166643
166645
166644
166642
166643
166644
166644
166644
166644
166645
166647
166646
166644
166640
166640
166646
166651
166648
166648
166649
166653
166654
166650
166649
166650
166653
166655
166651
166653
166655
166658
166663
166659
166659
166665
166668
166671
166673
166672
166675
166678
166676
166675
166673
166673
166677
166679
166675
166672
166672
166674
166675
166673
166672
166673
166676
166677
166674
166672
166672
166672
166672
166669
166666
166667
166671
166673
166672
166669
166669
166671
166670
166668
166668
166672
166673
166672
166671
166670
166666
166664
166663
166659
166660
166664
166667
166668
166667
166665
166666
166668
166670
166667
166664
166664
166667
166667
166665
166662
166663
166667
166670
166669
166667
166667
166669
166671
166670
166668
166669
166671
166671
166670
166668
166666
166664
166666
166667
166665
166668
166669
166668
166666
166662
166661
166663
166663
166659
166656
166657
166659
166659
166656
166651
166653
166656
166657
166654
166649
166649
166651
166652
166649
166647
166648
166650
166652
166651
166649
166650
166650
166650
166648
166645
166646
166649
166651
166649
166647
166648
166648
166650
166648
166644
166644
166646
166647
166644
166642
166644
166647
166649
166648
166647
166650
166651
166652
166650
166646
166647
166651
166652
166650
166647
166647
166648
166648
166646
166642
166641
166643
166638
166636
166644
166650
166652
166650
166650
166652
166657
166663
166665
166666
166666
166667
166672
166674
166673
166674
166675
166679
166682
166679
166676
166677
166681
166682
166680
166677
166679
166683
166686
166685
166682
166683
166688
166689
166685
166683
166682
166684
166685
166685
166683
166684
166686
166687
166686
166685
166687
166689
166692
166691
166690
166690
166692
166693
166691
166688
166687
166690
166691
166689
166687
166686
166687
166689
166690
166691
166690
166691
166692
166689
166683
166682
166684
166685
166682
166680
166683
166687
166687
166685
166682
166682
166685
166686
166685
166684
166685
166690
166693
166692
166689
166692
166695
166696
166694
166692
166692
166694
166693
166689
166686
166687
166691
166693
166691
166687
166688
166689
166689
166686
166684
166687
166691
166692
166688
166684
166684
166685
166686
166684
166684
166686
166689
166690
166689
166688
166690
166692
166692
166688
166684
166685
166688
166688
166686
166685
166686
166690
166691
166688
166685
166683
166685
166684
166681
166678
166680
166684
166686
166684
166681
166683
166685
166684
166682
166681
166682
166682
166682
166681
166680
166681
166685
166686
166684
166684
166685
166689
166693
166690
166682
166685
166694
166695
166687
166685
166688
166688
166690
166689
166686
166685
166683
166681
166679
166674
166671
166674
166675
166670
166668
166666
166665
166667
166661
166658
166660
166663
166665
166662
166658
166660
166663
166662
166659
166659
166662
166667
166669
166667
166664
166663
166662
166661
166659
166657
166659
166662
166661
166657
166654
166654
166655
166656
166653
166653
166654
166655
166655
166653
166654
166658
166662
166664
166662
166660
166661
166663
166663
166657
166653
166657
166659
166658
166656
166653
166652
166654
166653
166648
166646
166646
166649
166650
166649
166648
166649
166652
166651
166650
166648
166649
166651
166651
166648
166646
166650
166655
166658
166656
166654
166654
166656
166655
166650
166648
166651
166655
166656
166654
166654
166657
166659
166659
166656
166651
166650
166652
166652
166649
166648
166651
166654
166654
166651
166647
166648
166652
166653
166651
166649
166651
166655
166654
166652
166652
166654
166656
166657
166656
166654
166655
166658
166658
166654
166653
166656
166661
166660
166657
166653
166652
166653
166650
166645
166643
166646
166649
166650
166648
166645
166646
166649
166649
166644
166643
166647
166649
166648
166646
166645
166647
166650
166652
166652
166653
166656
166659
166659
166658
166656
166656
166657
166657
166655
166653
166654
166655
166654
166650
166648
166649
166651
166649
166647
166644
166645
166648
166648
166646
166645
166647
166650
166651
166650
166651
166653
166654
166654
166651
166649
166653
166655
166656
166654
166652
166656
166660
166661
166660
166658
166657
166657
166655
166652
166648
166647
166650
166650
166648
166646
166646
166648
166648
166645
166642
166643
166644
166644
166642
166637
166638
166641
166643
166641
166640
166642
166644
166644
166641
166638
166640
166643
166645
166644
166643
166645
166649
166649
166647
166646
166646
166649
166648
166646
166645
166647
166649
166646
166642
166638
166638
166639
166640
166640
166640
166641
166643
166641
166638
166636
166639
166641
166643
166643
166641
166643
166646
166646
166644
166642
166645
166648
166647
166645
166645
166647
166650
166652
166650
166646
166647
166649
166648
166646
166643
166645
166646
166645
166642
166640
166640
166641
166639
166637
166636
166640
166645
166645
166643
166641
166642
166644
166643
166641
166640
166643
166645
166645
166644
166643
166645
166648
166648
166642
166634
166639
166655
166658
166655
166654
166659
166662
166662
166661
166659
166657
166659
166660
166657
166654
166656
166660
166659
166656
166655
166657
166660
166661
166660
166660
166663
166666
166666
166663
166661
166663
166666
166666
166664
166661
166662
166663
166662
166659
166657
166658
166660
166661
166659
166657
166660
166663
166663
166661
166660
166663
166666
166668
166668
166666
166666
166666
166662
166659
166659
166662
166665
166664
166662
166662
166665
166667
166666
166663
166661
166662
166663
166662
166659
166657
166660
166664
166665
166663
166662
166663
166664
166664
166662
166659
166660
166662
166661
166658
166656
166659
166663
166663
166660
166657
166660
166663
166661
166658
166656
166659
166661
166660
166659
166658
166658
166660
166661
166660
166658
166660
166665
166666
166664
166662
166663
166664
166664
166662
166662
166664
166666
166666
166664
166662
166662
166663
166663
166662
166662
166665
166668
166666
166662
166660
166661
166661
166660
166659
166658
166660
166663
166664
166662
166661
166664
166665
166664
166661
166659
166659
166662
166662
166658
166657
166658
166662
166662
166661
166660
166662
166664
166662
166660
166659
166661
166665
166665
166663
166662
166665
166667
166666
166664
166663
166664
166665
166664
166661
166659
166662
166664
166663
166660
166656
166657
166661
166662
166661
166659
166661
166664
166662
166660
166659
166661
166662
166660
166657
166656
166659
166664
166663
166661
166660
166661
166663
166660
166657
166658
166662
166666
166667
166665
166661
166663
166665
166664
166660
166657
166657
166658
166657
166656
166656
166659
166662
166663
166659
166657
166657
166659
166656
166653
166652
166655
166659
166660
166657
166657
166659
166662
166661
166659
166660
166664
166667
166665
166662
166661
166664
166668
166665
166662
166662
166664
166668
166669
166666
166665
166667
166671
166670
166668
166667
166669
166672
166671
166670
166669
166670
166670
166668
166664
166663
166666
166668
166667
166665
166664
166667
166670
166670
166669
166669
166674
166678
166679
166679
166678
166680
166682
166680
166677
166674
166675
166678
166679
166677
166675
166678
166681
166680
166678
166677
166680
166682
166682
166679
166677
166677
166678
166675
166673
166671
166673
166674
166674
166671
166669
166672
166675
166675
166674
166675
166679
166683
166682
166679
166677
166678
166681
166681
166678
166679
166680
166680
166680
166677
166675
166677
166681
166679
166676
166673
166673
166675
166673
166671
166671
166674
166679
166680
166679
166678
166681
166684
166681
166678
166676
166677
166679
166679
166678
166678
166679
166680
166679
166679
166679
166680
166680
166678
166675
166674
166677
166680
166679
166676
166676
166677
166678
166678
166676
166675
166678
166682
166682
166681
166681
166684
166685
166684
166682
166681
166682
166684
166683
166681
166680
166684
166685
166683
166679
166678
166680
166682
166681
166680
166679
166681
166684
166681
166677
166677
166680
166682
166679
166677
166677
166680
166681
166679
166676
166675
166675
166678
166679
166679
166681
166684
166685
166682
166678
166678
166682
166683
166680
166678
166678
166679
166681
166680
166680
166679
166682
166686
166685
166682
166682
166685
166687
166685
166682
166679
166681
166682
166681
166680
166681
166683
166685
166683
166680
166678
166679
166679
166678
166675
166676
166679
166680
166679
166681
166682
166684
166686
166685
166683
166686
166690
166694
166694
166693
166693
166696
166699
166698
166695
166694
166696
166699
166698
166696
166696
166700
166703
166701
166699
166698
166700
166702
166700
166695
166693
166692
166692
166692
166692
166691
166694
166698
166698
166694
166694
166699
166701
166698
166695
166695
166697
166699
166698
166696
166697
166701
166703
166701
166699
166698
166701
166703
166704
166702
166701
166704
166706
166704
166700
166698
166701
166705
166704
166701
166702
166706
166710
166709
166706
166705
166706
166707
166705
166703
166703
166707
166710
166709
166708
166709
166709
166709
166708
166706
166707
166709
166712
166710
166707
166706
166708
166709
166707
166703
166702
166705
166708
166706
166704
166705
166707
166709
166707
166706
166707
166710
166711
166707
166704
166706
166702
166703
166704
166698
166697
166701
166702
166698
166693
166692
166691
166691
166690
166688
166688
166689
166689
166686
166684
166684
166686
166686
166682
166679
166679
166680
166680
166678
166675
166674
166674
166675
166672
166670
166668
166669
166671
166670
166669
166670
166671
166673
166672
166670
166672
166675
166677
166677
166676
166677
166678
166679
166677
166674
166674
166676
166679
166677
166675
166678
166680
166681
166680
166677
166674
166676
166678
166677
166675
166674
166674
166674
166671
166670
166670
166674
166676
166676
166674
166674
166676
166678
166673
166669
166675
166679
166680
166678
166677
166680
166681
166684
166688
166689
166688
166689
166691
166691
166693
166693
166695
166697
166698
166696
166695
166699
166700
166697
166698
166699
166705
166712
166710
166707
166708
166713
166716
166713
166710
166711
166716
166720
166719
166718
166720
166722
166725
166723
166719
166720
166721
166721
166718
166717
166720
166723
166725
166725
166724
166726
166728
166729
166727
166723
166721
166723
166723
166720
166717
166718
166721
166724
166725
166724
166726
166729
166733
166733
166733
166735
166737
166737
166734
166730
166729
166731
166731
166729
166727
166728
166731
166732
166731
166730
166731
166732
166731
166726
166723
166723
166724
166725
166723
166720
166722
166727
166729
166731
166731
166734
166739
166742
166740
166735
166735
166737
166735
166731
166729
166729
166730
166734
166733
166731
166733
166737
166739
166736
166733
166732
166732
166732
166727
166723
166723
166725
166726
166724
166719
166717
166718
166719
166718
166718
166721
166724
166726
166724
166724
166728
166732
166733
166732
166732
166731
166732
166732
166730
166728
166729
166731
166733
166732
166730
166732
166737
166740
166737
166731
166728
166727
166725
166721
166719
166718
166717
166716
166714
166711
166709
166712
166712
166708
166704
166702
166703
166706
166705
166703
166703
166706
166709
166707
166702
166702
166707
166709
166705
166702
166702
166702
166702
166699
166698
166698
166698
166700
166700
166697
166697
166699
166699
166698
166697
166698
166699
166700
166698
166696
166696
166699
166699
166695
166693
166692
166691
166691
166688
166685
166687
166690
166694
166693
166690
166690
166691
166691
166688
166685
166687
166690
166694
166693
166691
166691
166694
166696
166695
166694
166695
166695
166697
166696
166692
166692
166696
166699
166699
166696
166696
166699
166701
166700
166699
166701
166703
166704
166703
166701
166701
166703
166701
166697
166694
166693
166693
166693
166690
166690
166691
166692
166695
166694
166691
166693
166694
166694
166691
166689
166690
166693
166695
166694
166692
166693
166697
166699
166698
166697
166699
166703
166703
166701
166697
166698
166702
166699
166694
166691
166692
166695
166695
166692
166690
166691
166693
166695
166693
166691
166690
166692
166694
166692
166691
166692
166695
166698
166696
166694
166694
166697
166700
166699
166697
166698
166700
166700
166696
166692
166692
166693
166693
166691
166688
166687
166688
166688
166687
166684
166686
166690
166692
166690
166687
166690
166694
166695
166692
166690
166693
166696
166696
166694
166690
166689
166689
166688
166684
166681
166683
166689
166692
166692
166691
166691
166691
166690
166686
166680
166679
166680
166681
166679
166678
166680
166683
166684
166682
166679
166681
166684
166687
166686
166683
166686
166690
166690
166687
166684
166684
166686
166686
166684
166681
166681
166683
166686
166684
166684
166687
166692
166693
166691
166689
166690
166691
166691
166689
166686
166687
166689
166691
166690
166687
166687
166689
166690
166688
166684
166682
166685
166685
166682
166681
166684
166688
166689
166685
166682
166682
166685
166686
166684
166682
166683
166684
166684
166681
166680
166682
166688
166690
166690
166690
166693
166695
166697
166696
166693
166693
166693
166692
166689
166688
166689
166692
166691
166686
166679
166677
166677
166676
166674
166670
166675
166678
166678
166680
166681
166682
166686
166688
166687
166685
166687
166689
166691
166686
166682
166686
166687
166690
166692
166690
166692
166698
166702
166701
166701
166702
166702
166701
166699
166698
166697
166697
166696
166693
166691
166692
166695
166695
166694
166693
166694
166695
166694
166691
166687
166686
166689
166689
166687
166687
166691
166694
166694
166692
166693
166697
166701
166700
166698
166696
166697
166701
166702
166701
166702
166705
166707
166706
166703
166699
166696
166698
166696
166691
166687
166686
166686
166685
166684
166683
166685
166690
166693
166694
166692
166693
166696
166696
166695
166693
166695
166699
166701
166700
166699
166702
166705
166704
166702
166699
166698
166700
166699
166695
166690
166689
166689
166687
166684
166682
166683
166686
166685
166684
166684
166687
166690
166691
166688
166683
166683
166686
166687
166687
166687
166689
166691
166692
166689
166688
166691
166692
166690
166688
166688
166690
166693
166695
166694
166694
166697
166698
166695
166691
166688
166689
166691
166690
166687
166684
166685
166685
166684
166682
166681
166685
166689
166690
166687
166683
166686
166689
166688
166687
166684
166685
166688
166689
166686
166683
166685
166689
166690
166687
166684
166685
166687
166687
166683
166679
166679
166679
166677
166674
166672
166675
166677
166677
166675
166672
166672
166675
166676
166673
166669
166671
166674
166674
166672
166670
166673
166676
166677
166675
166673
166675
166678
166678
166676
166675
166677
166680
166678
166677
166675
166676
166678
166678
166675
166671
166669
166670
166671
166669
166668
166671
166675
166678
166678
166676
166678
166679
166677
166672
166669
166671
166673
166672
166671
166669
166671
166674
166675
166674
166673
166676
166677
166677
166675
166671
166671
166672
166670
166666
166664
166666
166668
166668
166667
166665
166666
166669
166668
166664
166662
166663
166664
166664
166661
166659
166661
166664
166664
166664
166662
166664
166667
166668
166666
166666
166668
166670
166670
166668
166666
166668
166671
166672
166670
166670
166672
166675
166673
166670
166668
166669
166673
166673
166670
166669
166670
166673
166672
166669
166668
166669
166673
166675
166673
166672
166675
166677
166677
166673
166671
166673
166675
166674
166670
166668
166670
166673
166670
166667
166664
166664
166665
166665
166662
166660
166662
166664
166665
166662
166660
166660
166661
166660
166656
166655
166655
166657
166657
166655
166653
166653
166655
166655
166653
166653
166655
166657
166656
166652
166650
166653
166657
166656
166652
166650
166651
166651
166649
166643
166639
166639
166641
166641
166639
166639
166641
166645
166645
166643
166642
166645
166648
166647
166647
166649
166652
166654
166653
166650
166648
166650
166650
166648
166643
166638
166640
166643
166643
166639
166638
166641
166645
166645
166642
166640
166641
166643
166643
166641
166640
166643
166650
166652
166650
166647
166648
166650
166648
166644
166644
166649
166654
166655
166655
166656
166660
166663
166660
166656
166653
166655
166657
166658
166657
166657
166658
166658
166657
166654
166653
166655
166657
166657
166655
166654
166655
166658
166658
166656
166655
166658
166660
166658
166657
166657
166661
166664
166663
166661
166659
166660
166661
166659
166657
166656
166659
166662
166659
166656
166656
166658
166662
166660
166657
166655
166657
166660
166660
166658
166658
166659
166662
166662
166660
166659
166661
166661
166657
166654
166654
166655
166657
166654
166650
166649
166652
166656
166657
166655
166654
166656
166659
166659
166657
166655
166657
166658
166655
166653
166652
166655
166658
166657
166655
166654
166656
166659
166658
166657
166658
166661
166662
166659
166654
166653
166655
166658
166657
166655
166655
166657
166660
166660
166657
166655
166658
166662
166661
166657
166656
166658
166660
166658
166652
166650
166651
166655
166655
166654
166653
166656
166659
166657
166653
166652
166655
166657
166657
166656
166655
166657
166660
166661
166660
166661
166663
166665
166664
166663
166662
166662
166664
166663
166659
166657
166657
166659
166659
166655
166651
166653
166655
166653
166650
166647
166648
166650
166648
166646
166646
166650
166653
166653
166652
166652
166654
166654
166652
166650
166649
166653
166656
166656
166653
166652
166654
166656
166654
166650
166649
166652
166654
166652
166649
166646
166646
166647
166645
166643
166643
166645
166650
166651
166649
166649
166651
166653
166650
166646
166643
166642
166644
166643
166641
166640
166642
166643
166641
166638
166637
166639
166641
166641
166638
166637
166639
166642
166641
166638
166637
166640
166642
166640
166637
166636
166637
166639
166638
166637
166636
166635
166636
166636
166634
166634
166636
166639
166639
166637
166635
166635
166637
166636
166634
166634
166638
166642
166641
166640
166639
166639
166640
166639
166635
166634
166637
166642
166640
166639
166637
166640
166640
166637
166633
166632
166634
166634
166633
166632
166633
166637
166640
166638
166636
166636
166639
166642
166641
166640
166641
166643
166645
166644
166644
166645
166646
166647
166643
166637
166635
166636
166636
166634
166631
166633
166637
166639
166637
166634
166633
166634
166635
166635
166633
166632
166637
166641
166641
166638
166639
166642
166643
166642
166639
166639
166640
166641
166640
166641
166642
166644
166647
166646
166644
166644
166647
166650
166649
166645
166642
166642
166642
166639
166635
166633
166634
166636
166636
166633
166632
166636
166638
166638
166636
166636
166638
166641
166640
166639
166641
166647
166650
166648
166644
166642
166642
166646
166644
166640
166636
166637
166640
166639
166637
166636
166637
166639
166636
166632
166631
166631
166633
166633
166630
166631
166636
166639
166637
166634
166634
166636
166638
166636
166633
166634
166639
166642
166641
166639
166639
166640
166641
166638
166635
166633
166635
166638
166637
166635
166635
166638
166639
166638
166637
166639
166642
166645
166645
166642
166641
166643
166643
166641
166638
166639
166642
166644
166642
166640
166641
166644
166646
166646
166642
166639
166639
166642
166639
166635
166634
166637
166638
166636
166634
166634
166639
166642
166643
166640
166639
166640
166641
166638
166634
166634
166636
166638
166636
166634
166634
166637
166639
166637
166633
166632
166633
166636
166635
166633
166632
166634
166638
166637
166635
166635
166637
166639
166637
166636
166637
166639
166639
166636
166636
166636
166637
166639
166639
166638
166639
166641
166643
166642
166638
166637
166637
166636
166631
166627
166625
166627
166628
166626
166623
166623
166627
166629
166628
166625
166625
166627
166628
166626
166623
166622
166626
166630
166629
166627
166628
166631
166633
166632
166630
166632
166634
166636
166636
166635
166635
166637
166639
166638
166638
166638
166642
166646
166647
166646
166645
166649
166650
166648
166646
166647
166649
166650
166650
166648
166649
166652
166655
166654
166653
166652
166653
166654
166652
166651
166651
166651
166652
166650
166649
166649
166650
166650
166648
166645
166643
166644
166646
166643
166641
166642
166645
166646
166643
166641
166643
166645
166645
166641
166637
166637
166638
166637
166632
166630
166629
166633
166636
166635
166633
166634
166636
166638
166635
166632
166632
166635
166636
166635
166634
166634
166638
166640
166639
166638
166638
166639
166639
166635
166631
166630
166632
166634
166632
166628
166628
166631
166633
166632
166628
166626
166626
166627
166625
166623
166623
166624
166625
166624
166622
166623
166627
166630
166630
166628
166628
166630
166630
166627
166624
166625
166628
166630
166628
166626
166626
166628
166630
166629
166627
166627
166628
166629
166627
166624
166625
166627
166629
166629
166627
166629
166633
166634
166631
166627
166627
166628
166629
166628
166625
166626
166630
166633
166631
166629
166630
166632
166634
166632
166631
166633
166637
166639
166638
166636
166635
166636
166637
166634
166631
166631
166633
166634
166632
166630
166633
166636
166638
166636
166631
166631
166634
166636
166635
166634
166635
166637
166638
166636
166634
166636
166640
166639
166636
166632
166632
166633
166634
166631
166628
166629
166632
166634
166632
166630
166630
166633
166634
166633
166634
166637
166642
166646
166644
166640
166641
166643
166644
166643
166639
166639
166641
166642
166638
166634
166635
166637
166638
166636
166634
166634
166634
166635
166632
166628
166629
166633
166637
166636
166633
166635
166639
166641
166639
166636
166638
166640
166641
166639
166635
166635
166637
166637
166635
166631
166631
166635
166637
166635
166633
166632
166633
166633
166632
166630
166631
166634
166636
166635
166633
166637
166641
166642
166639
166636
166636
166638
166639
166635
166633
166634
166637
166639
166639
166637
166636
166637
166635
166630
166627
166628
166633
166637
166637
166636
166637
166639
166640
166638
166636
166637
166639
166639
166637
166633
166634
166638
166639
166637
166636
166636
166638
166637
166635
166632
166633
166635
166635
166634
166633
166635
166637
166636
166634
166631
166633
166635
166638
166638
166637
166638
166640
166641
166640
166637
166636
166637
166636
166633
166629
166629
166631
166632
166630
166628
166630
166632
166633
166631
166630
166633
166637
166640
166640
166639
166639
166640
166640
166638
166635
166635
166637
166637
166635
166634
166635
166636
166637
166634
166630
166631
166633
166634
166632
166631
166632
166633
166634
166634
166632
166634
166638
166640
166638
166635
166635
166636
166636
166632
166630
166632
166637
166639
166638
166636
166635
166635
166634
166630
166626
166626
166628
166630
166630
166630
166632
166637
166640
166638
166636
166638
166639
166640
166637
166633
166634
166636
166637
166636
166636
166638
166641
166642
166640
166638
166639
166642
166642
166641
166640
166642
166644
166643
166640
166636
166636
166637
166634
166629
166626
166628
166631
166632
166631
166628
166629
166631
166632
166631
166628
166629
166633
166635
166632
166631
166634
166637
166640
166638
166636
166638
166639
166637
166634
166630
166630
166631
166630
166626
166623
166624
166626
166627
166626
166627
166630
166633
166633
166630
166627
166629
166631
166632
166629
166626
166628
166630
166629
166626
166626
166626
166627
166627
166623
166620
166622
166625
166625
166623
166622
166624
166628
166628
166625
166623
166625
166627
166627
166624
166621
166621
166622
166621
166618
166616
166618
166622
166625
166625
166623
166624
166626
166624
166620
166618
166620
166624
166624
166622
166621
166624
166626
166628
166627
166625
166626
166630
166632
166629
166627
166628
166630
166628
166625
166623
166624
166627
166627
166626
166624
166626
166627
166628
166625
166622
166625
166627
166627
166624
166623
166625
166627
166626
166623
166622
166624
166628
166629
166627
166625
166627
166629
166630
166627
166624
166625
166628
166629
166628
166626
166628
166631
166632
166629
166626
166628
166629
166627
166625
166625
166629
166632
166632
166630
166627
166625
166626
166627
166626
166625
166628
166631
166631
166630
166628
166628
166629
166628
166625
166624
166626
166630
166631
166627
166625
166626
166628
166628
166626
166625
166627
166630
166630
166628
166627
166627
166630
166631
166629
166627
166628
166631
166632
166631
166630
166632
166635
166634
166630
166628
166630
166631
166631
166629
166626
166628
166631
166631
166628
166626
166628
166630
166631
166631
166629
166633
166636
166636
166634
166631
166632
166633
166632
166628
166625
166626
166629
166629
166628
166628
166632
166636
166636
166632
166629
166630
166631
166630
166627
166625
166626
166629
166629
166628
166628
166630
166633
166633
166629
166624
166625
166627
166626
166624
166622
166624
166627
166629
166628
166628
166631
166634
166635
166634
166632
166631
166632
166632
166629
166627
166629
