167104
167104
167103
167103
167105
167107
167104
167099
167098
167101
167106
167106
167105
167104
167105
167106
167105
167103
167104
167107
167110
167110
167108
167108
167109
167111
167109
167104
167103
167106
167108
167107
167106
167107
167112
167114
167112
167109
167111
167115
167119
167119
167117
167116
167117
167119
167118
167115
167113
167114
167115
167112
167109
167108
167112
167113
167110
167108
167108
167110
167112
167109
167105
167106
167109
167113
167111
167108
167108
167111
167113
167111
167110
167110
167112
167115
167114
167111
167112
167115
167116
167114
167111
167110
167112
167112
167113
167113
167114
167117
167117
167115
167113
167114
167118
167119
167117
167112
167114
167117
167120
167118
167115
167113
167114
167119
167117
167115
167114
167115
167115
167115
167114
167116
167120
167123
167122
167119
167117
167119
167121
167119
167118
167119
167122
167123
167120
167118
167119
167122
167123
167119
167116
167115
167115
167115
167114
167115
167116
167118
167122
167121
167120
167120
167122
167125
167123
167120
167120
167123
167126
167124
167122
167123
167125
167127
167126
167125
167127
167129
167132
167132
167129
167128
167128
167127
167123
167118
167117
167119
167120
167118
167116
167118
167121
167124
167123
167122
167123
167127
167130
167130
167130
167132
167135
167136
167133
167130
167130
167129
167128
167124
167120
167122
167126
167129
167128
167124
167124
167127
167128
167125
167121
167122
167124
167125
167123
167120
167121
167124
167127
167125
167124
167127
167133
167138
167137
167135
167137
167139
167140
167137
167135
167136
167137
167138
167138
167138
167141
167144
167144
167140
167136
167134
167134
167133
167129
167126
167126
167130
167132
167130
167129
167130
167133
167135
167134
167131
167131
167131
167130
167128
167127
167128
167131
167133
167131
167129
167132
167135
167136
167135
167131
167130
167133
167134
167132
167130
167131
167134
167136
167133
167131
167132
167135
167136
167133
167130
167130
167130
167129
167127
167124
167124
167129
167131
167129
167127
167130
167132
167131
167126
167120
167120
167122
167124
167123
167121
167122
167124
167124
167121
167119
167120
167123
167125
167124
167122
167123
167126
167126
167124
167121
167120
167122
167124
167123
167121
167124
167127
167128
167126
167124
167124
167125
167127
167125
167122
167122
167125
167127
167125
167124
167126
167129
167129
167125
167121
167121
167122
167123
167121
167119
167121
167124
167125
167123
167122
167123
167125
167125
167122
167119
167119
167122
167124
167122
167120
167122
167127
167130
167129
167126
167126
167128
167127
167124
167122
167124
167128
167130
167128
167126
167129
167132
167133
167129
167125
167127
167131
167134
167131
167129
167130
167131
167130
167127
167126
167128
167132
167133
167132
167129
167130
167132
167133
167130
167125
167127
167129
167129
167126
167123
167124
167127
167129
167127
167125
167128
167131
167132
167130
167126
167126
167128
167127
167124
167122
167124
167127
167127
167123
167120
167121
167124
167125
167124
167122
167124
167128
167129
167126
167125
167126
167128
167130
167128
167126
167129
167131
167132
167130
167127
167128
167128
167125
167122
167121
167122
167126
167128
167126
167125
167125
167128
167128
167125
167121
167120
167123
167123
167122
167121
167123
167123
167122
167119
167114
167114
167118
167120
167119
167117
167117
167119
167120
167117
167113
167113
167116
167118
167118
167116
167118
167120
167120
167116
167112
167113
167114
167113
167110
167108
167109
167113
167113
167111
167109
167110
167112
167111
167110
167108
167110
167112
167111
167108
167106
167108
167110
167109
167106
167105
167106
167109
167110
167108
167107
167110
167115
167117
167115
167111
167110
167109
167107
167103
167100
167101
167104
167107
167108
167108
167110
167112
167112
167108
167103
167104
167107
167108
167108
167107
167111
167116
167116
167114
167111
167113
167115
167115
167113
167110
167110
167115
167117
167114
167111
167114
167117
167116
167113
167111
167112
167116
167116
167114
167111
167112
167115
167115
167111
167109
167112
167114
167113
167111
167109
167111
167115
167117
167116
167115
167115
167115
167113
167110
167106
167106
167107
167108
167106
167105
167109
167113
167114
167112
167111
167115
167118
167118
167115
167113
167114
167116
167116
167114
167113
167116
167119
167120
167117
167114
167115
167116
167115
167113
167110
167113
167115
167113
167109
167107
167110
167113
167113
167111
167110
167112
167114
167113
167111
167108
167109
167111
167113
167112
167111
167112
167113
167111
167108
167107
167110
167112
167111
167108
167107
167108
167111
167109
167105
167101
167104
167107
167107
167104
167102
167104
167106
167107
167104
167100
167101
167103
167103
167102
167102
167105
167107
167106
167103
167101
167103
167106
167107
167106
167104
167105
167106
167106
167105
167105
167106
167107
167106
167102
167099
167100
167101
167102
167100
167098
167101
167104
167105
167103
167100
167101
167104
167104
167100
167099
167103
167106
167106
167104
167103
167105
167106
167104
167100
167097
167099
167103
167104
167101
167101
167103
167104
167102
167099
167097
167099
167102
167102
167099
167099
167102
167104
167103
167102
167102
167104
167107
167107
167105
167103
167104
167105
167105
167103
167102
167105
167107
167106
167104
167103
167106
167109
167109
167105
167104
167107
167110
167110
167107
167105
167108
167111
167110
167107
167106
167106
167108
167106
167103
167101
167104
167108
167107
167104
167102
167104
167107
167107
167106
167105
167107
167109
167107
167104
167103
167106
167108
167108
167107
167107
167108
167110
167109
167106
167106
167109
167111
167109
167106
167106
167109
167112
167110
167107
167105
167107
167109
167108
167106
167105
167109
167112
167112
167112
167112
167113
167114
167112
167109
167107
167109
167111
167110
167109
167111
167117
167121
167121
167119
167118
167117
167117
167114
167111
167109
167111
167115
167115
167113
167112
167115
167117
167117
167115
167113
167115
167116
167114
167111
167110
167114
167117
167115
167110
167109
167111
167115
167116
167115
167114
167117
167119
167118
167114
167112
167113
167114
167111
167108
167107
167110
167113
167112
167111
167109
167110
167112
167112
167110
167110
167114
167116
167114
167112
167112
167115
167118
167116
167112
167109
167110
167112
167108
167105
167104
167106
167108
167107
167105
167104
167107
167109
167106
167101
167099
167100
167102
167101
167100
167099
167102
167106
167106
167104
167103
167105
167108
167105
167101
167099
167101
167103
167103
167101
167102
167106
167109
167109
167107
167107
167109
167112
167111
167108
167106
167107
167108
167106
167104
167104
167107
167111
167110
167108
167107
167107
167109
167109
167107
167108
167113
167116
167114
167110
167106
167107
167110
167109
167105
167105
167109
167111
167109
167106
167105
167108
167109
167107
167106
167106
167108
167109
167106
167104
167104
167105
167106
167104
167102
167103
167106
167109
167109
167108
167108
167110
167111
167109
167106
167104
167106
167109
167109
167108
167109
167112
167114
167113
167110
167110
167112
167113
167112
167110
167111
167116
167119
167117
167114
167113
167115
167117
167115
167110
167110
167114
167118
167117
167116
167116
167118
167119
167116
167112
167113
167116
167121
167121
167120
167120
167123
167124
167121
167116
167115
167118
167121
167120
167119
167119
167122
167125
167122
167119
167117
167118
167117
167114
167112
167113
167115
167119
167119
167116
167116
167119
167123
167121
167120
167121
167122
167123
167120
167117
167117
167119
167122
167121
167121
167122
167125
167127
167125
167120
167120
167121
167123
167120
167117
167118
167122
167125
167124
167122
167122
167124
167125
167123
167119
167120
167123
167125
167123
167120
167120
167123
167124
167122
167120
167120
167123
167125
167122
167117
167114
167115
167115
167113
167111
167113
167117
167120
167119
167117
167116
167117
167117
167113
167109
167110
167113
167116
167115
167112
167112
167113
167115
167111
167108
167109
167113
167114
167113
167111
167111
167114
167115
167112
167107
167106
167107
167107
167106
167106
167107
167110
167111
167108
167105
167107
167110
167113
167112
167108
167107
167110
167112
167109
167106
167106
167110
167112
167110
167106
167104
167105
167107
167106
167103
167104
167108
167110
167105
167102
167101
167104
167104
167101
167098
167099
167101
167105
167104
167102
167103
167106
167107
167104
167102
167105
167110
167113
167111
167109
167110
167113
167115
167113
167109
167108
167111
167113
167111
167108
167109
167111
167113
167111
167110
167110
167111
167112
167110
167106
167105
167108
167111
167109
167108
167110
167112
167114
167111
167107
167108
167110
167112
167112
167110
167111
167112
167114
167114
167112
167113
167116
167117
167116
167113
167114
167116
167119
167118
167115
167116
167118
167119
167116
167113
167114
167116
167117
167114
167110
167110
167113
167114
167111
167108
167109
167112
167113
167112
167109
167108
167110
167111
167109
167106
167106
167110
167112
167110
167108
167108
167110
167111
167111
167109
167110
167112
167113
167110
167108
167108
167110
167111
167108
167105
167107
167110
167112
167110
167107
167108
167109
167109
167106
167103
167103
167108
167111
167111
167109
167110
167111
167111
167108
167106
167105
167105
167106
167104
167104
167108
167114
167118
167117
167117
167119
167121
167120
167118
167114
167115
167118
167120
167119
167118
167118
167120
167120
167115
167111
167111
167114
167115
167112
167111
167112
167116
167117
167115
167113
167114
167116
167117
167115
167114
167117
167121
167123
167121
167119
167120
167122
167123
167120
167116
167116
167118
167118
167116
167115
167117
167122
167124
167122
167119
167120
167123
167124
167123
167121
167122
167126
167127
167125
167123
167123
167126
167127
167125
167122
167123
167127
167127
167124
167121
167122
167124
167124
167122
167118
167119
167121
167120
167118
167114
167114
167116
167118
167116
167114
167115
167118
167119
167118
167118
167122
167126
167127
167124
167121
167121
167122
167123
167122
167120
167123
167129
167131
167128
167127
167128
167130
167130
167126
167124
167124
167126
167126
167123
167120
167123
167126
167127
167124
167123
167125
167128
167130
167129
167127
167127
167128
167127
167121
167116
167117
167119
167122
167122
167122
167125
167132
167133
167132
167132
167132
167134
167134
167130
167126
167126
167127
167128
167126
167123
167124
167127
167127
167123
167120
167121
167122
167122
167119
167118
167120
167123
167125
167126
167125
167127
167130
167131
167129
167126
167127
167128
167128
167125
167125
167129
167132
167133
167132
167131
167133
167136
167137
167136
167134
167135
167138
167138
167135
167133
167135
167138
167140
167137
167134
167136
167138
167139
167138
167137
167139
167141
167140
167136
167131
167131
167133
167134
167131
167130
167133
167137
167139
167138
167136
167136
167137
167137
167135
167133
167134
167137
167138
167136
167135
167138
167142
167142
167141
167140
167143
167147
167147
167144
167140
167139
167139
167137
167133
167129
167130
167132
167132
167132
167132
167136
167140
167139
167136
167133
167134
167136
167134
167131
167130
167132
167135
167137
167135
167133
167133
167132
167130
167127
167127
167130
167133
167132
167130
167128
167132
167135
167135
167132
167131
167132
167134
167133
167129
167127
167128
167132
167132
167131
167129
167130
167132
167132
167130
167127
167129
167133
167133
167130
167127
167129
167132
167131
167129
167128
167131
167133
167135
167135
167136
167138
167138
167137
167134
167133
167136
167139
167139
167136
167134
167137
167140
167138
167135
167132
167133
167135
167135
167135
167134
167137
167140
167139
167136
167135
167139
167143
167143
167139
167136
167137
167138
167137
167134
167132
167135
167139
167140
167138
167136
167139
167142
167141
167137
167133
167133
167136
167136
167135
167134
167136
167140
167141
167139
167137
167138
167139
167138
167135
167134
167136
167141
167143
167143
167144
167148
167152
167151
167147
167143
167143
167145
167144
167141
167138
167140
167142
167143
167142
167140
167142
167144
167145
167143
167141
167143
167146
167146
167142
167140
167142
167142
167140
167138
167138
167141
167145
167147
167146
167144
167143
167144
167141
167138
167136
167139
167143
167145
167144
167143
167147
167151
167150
167148
167147
167150
167153
167154
167152
167151
167154
167156
167154
167151
167147
167147
167150
167150
167150
167150
167152
167152
167149
167145
167143
167145
167149
167151
167149
167149
167152
167154
167152
167150
167150
167153
167156
167157
167156
167155
167158
167161
167159
167155
167153
167155
167159
167159
167155
167153
167154
167156
167155
167153
167151
167153
167156
167157
167154
167154
167157
167160
167160
167157
167156
167159
167162
167161
167159
167157
167159
167162
167162
167159
167158
167160
167162
167161
167157
167155
167157
167158
167157
167154
167153
167157
167161
167161
167161
167161
167165
167166
167165
167163
167162
167164
167170
167173
167171
167170
167171
167172
167171
167169
167168
167172
167176
167174
167171
167170
167172
167175
167173
167170
167170
167172
167176
167175
167170
167167
167170
167173
167172
167170
167170
167173
167177
167176
167173
167173
167178
167183
167182
167179
167178
167178
167179
167178
167175
167173
167176
167179
167178
167176
167176
167178
167180
167179
167177
167177
167180
167184
167182
167178
167176
167179
167180
167178
167177
167176
167178
167180
167179
167178
167178
167180
167181
167181
167179
167178
167180
167184
167183
167182
167183
167187
167191
167191
167190
167189
167191
167192
167191
167188
167187
167190
167194
167193
167191
167188
167189
167189
167186
167183
167182
167186
167192
167193
167192
167191
167192
167192
167188
167184
167183
167186
167190
167189
167188
167189
167193
167195
167193
167190
167188
167189
167191
167189
167186
167185
167188
167190
167190
167188
167188
167191
167194
167192
167188
167186
167188
167191
167190
167189
167189
167193
167198
167199
167198
167197
167199
167202
167201
167200
167200
167202
167206
167207
167204
167202
167205
167207
167204
167200
167200
167203
167205
167204
167202
167202
167205
167207
167205
167201
167199
167199
167200
167199
167197
167196
167197
167199
167199
167197
167198
167201
167204
167204
167202
167201
167202
167203
167200
167197
167197
167199
167202
167202
167200
167200
167204
167207
167206
167203
167201
167203
167204
167202
167199
167199
167203
167205
167203
167201
167199
167200
167202
167198
167194
167192
167195
167199
167198
167198
167198
167201
167205
167206
167204
167204
167205
167206
167203
167200
167199
167202
167205
167205
167204
167203
167205
167207
167206
167203
167202
167204
167205
167204
167203
167205
167210
167214
167212
167210
167208
167208
167209
167206
167202
167200
167202
167205
167203
167201
167200
167203
167206
167203
167199
167200
167203
167206
167204
167202
167204
167207
167208
167206
167203
167202
167203
167205
167202
167199
167199
167203
167206
167205
167203
167202
167203
167203
167200
167196
167196
167199
167202
167201
167198
167198
167200
167203
167201
167199
167201
167206
167209
167207
167205
167206
167208
167209
167207
167203
167202
167203
167204
167202
167201
167201
167203
167204
167203
167199
167197
167200
167203
167203
167203
167205
167208
167211
167209
167205
167205
167208
167209
167207
167206
167208
167210
167212
167210
167207
167206
167207
167208
167205
167204
167205
167210
167212
167211
167209
167209
167210
167210
167206
167203
167204
167207
167211
167209
167209
167210
167213
167214
167212
167210
167211
167214
167217
167218
167217
167216
167217
167217
167212
167206
167204
167205
167207
167207
167207
167209
167214
167216
167214
167211
167211
167212
167211
167208
167205
167205
167207
167210
167209
167209
167213
167216
167218
167216
167214
167212
167213
167215
167213
167212
167214
167218
167221
167218
167215
167214
167216
167217
167214
167212
167215
167219
167223
167222
167221
167222
167224
167223
167219
167215
167215
167218
167221
167219
167218
167220
167223
167225
167223
167220
167219
167221
167222
167219
167215
167215
167216
167216
167213
167212
167214
167216
167217
167214
167210
167210
167213
167215
167214
167212
167215
167218
167221
167218
167216
167216
167218
167220
167219
167216
167217
167219
167220
167219
167215
167215
167215
167215
167212
167210
167211
167215
167217
167215
167213
167215
167218
167218
167213
167208
167207
167209
167211
167210
167208
167209
167212
167215
167212
167208
167208
167208
167209
167208
167207
167210
167215
167218
167216
167213
167212
167212
167211
167208
167205
167207
167210
167212
167211
167209
167209
167212
167213
167211
167210
167210
167211
167214
167212
167210
167211
167212
167212
167209
167206
167207
167208
167210
167208
167206
167207
167210
167212
167210
167207
167209
167212
167215
167213
167209
167208
167210
167210
167207
167206
167209
167213
167214
167211
167207
167206
167208
167209
167208
167208
167210
167213
167215
167213
167209
167207
167208
167208
167205
167204
167206
167210
167212
167212
167210
167212
167214
167213
167209
167206
167207
167210
167211
167209
167207
167206
167207
167208
167206
167204
167204
167206
167206
167205
167204
167207
167210
167211
167207
167203
167203
167206
167209
167208
167207
167208
167210
167209
167205
167200
167202
167204
167205
167203
167201
167201
167202
167202
167200
167197
167199
167202
167204
167202
167200
167202
167205
167207
167207
167205
167207
167209
167211
167210
167206
167208
167211
167212
167208
167205
167206
167209
167211
167210
167208
167210
167212
167211
167208
167204
167205
167207
167209
167209
167209
167210
167212
167212
167208
167205
167207
167211
167212
167209
167208
167210
167212
167212
167208
167204
167205
167208
167210
167208
167205
167206
167208
167210
167208
167205
167205
167206
167206
167203
167202
167203
167205
167207
167205
167204
167206
167208
167208
167205
167202
167205
167209
167211
167210
167209
167210
167213
167213
167210
167207
167208
167210
167212
167210
167208
167209
167210
167208
167205
167204
167206
167207
167206
167203
167201
167203
167207
167207
167205
167202
167206
167208
167207
167203
167201
167203
167206
167207
167206
167205
167207
167209
167208
167206
167205
167207
167211
167212
167210
167208
167209
167211
167212
167209
167205
167207
167210
167212
167210
167207
167207
167208
167209
167207
167205
167205
167207
167206
167205
167203
167204
167207
167208
167205
167204
167205
167209
167210
167208
167208
167210
167212
167212
167209
167206
167206
167209
167209
167208
167205
167206
167210
167212
167210
167207
167209
167212
167211
167208
167204
167205
167208
167209
167208
167206
167206
167207
167206
167202
167199
167202
167206
167208
167207
167206
167207
167209
167210
167207
167203
167203
167206
167207
167206
167205
167207
167209
167209
167207
167204
167204
167204
167203
167201
167199
167202
167205
167206
167205
167205
167208
167210
167208
167206
167204
167206
167210
167211
167208
167207
167210
167213
167212
167208
167203
167201
167203
167203
167201
167200
167204
167209
167212
167212
167210
167211
167214
167213
167209
167205
167205
167207
167208
167206
167205
167209
167211
167211
167209
167206
167206
167208
167208
167207
167205
167206
167208
167209
167206
167205
167208
167210
167211
167208
167204
167206
167209
167210
167208
167207
167211
167215
167215
167211
167207
167209
167212
167212
167210
167209
167212
167216
167215
167212
167210
167211
167211
167210
167209
167208
167210
167213
167213
167211
167209
167212
167215
167214
167211
167207
167210
167214
167215
167214
167211
167212
167213
167211
167208
167206
167207
167208
167207
167205
167204
167205
167208
167209
167207
167205
167207
167210
167210
167209
167207
167209
167211
167210
167207
167203
167204
167205
167204
167202
167200
167204
167208
167209
167206
167203
167205
167208
167207
167206
167205
167206
167207
167206
167202
167198
167200
167203
167203
167202
167200
167202
167205
167206
167205
167203
167205
167206
167205
167201
167200
167203
167204
167201
167196
167195
167197
167199
167198
167196
167193
167194
167197
167197
167195
167194
167196
167199
167199
167197
167196
167198
167200
167199
167197
167195
167196
167200
167200
167197
167196
167199
167201
167200
167198
167199
167202
167205
167205
167203
167200
167200
167202
167198
167193
167190
167191
167192
167191
167189
167189
167192
167196
167196
167193
167191
167193
167196
167196
167194
167193
167196
167199
167199
167195
167194
167196
167198
167197
167195
167193
167196
167200
167201
167199
167197
167199
167200
167198
167195
167194
167197
167199
167199
167197
167195
167196
167198
167198
167195
167192
167194
167197
167196
167194
167193
167195
167198
167198
167196
167195
167198
167202
167203
167200
167198
167200
167204
167203
167201
167199
167200
167201
167201
167199
167197
167198
167201
167200
167197
167195
167197
167200
167201
167198
167197
167201
167201
167199
167195
167192
167193
167195
167194
167192
167191
167193
167195
167193
167191
167191
167193
167195
167192
167189
167187
167188
167189
167189
167187
167188
167191
167194
167193
167191
167191
167193
167196
167195
167193
167192
167194
167196
167194
167190
167189
167191
167193
167193
167191
167189
167189
167189
167187
167183
167182
167186
167189
167187
167184
167182
167184
167185
167182
167178
167177
167180
167183
167182
167180
167181
167183
167185
167183
167180
167180
167184
167186
167187
167185
167184
167186
167185
167181
167177
167176
167178
167181
167181
167178
167179
167182
167183
167183
167180
167178
167180
167181
167180
167178
167178
167181
167184
167186
167184
167183
167186
167188
167185
167183
167182
167185
167188
167188
167185
167182
167184
167186
167183
167180
167179
167179
167180
167178
167175
167176
167179
167182
167180
167178
167177
167180
167180
167177
167175
167176
167180
167183
167183
167181
167181
167183
167186
167185
167182
167180
167181
167185
167184
167183
167182
167185
167188
167186
167183
167182
167182
167182
167181
167178
167178
167182
167184
167182
167178
167179
167181
167183
167181
167179
167180
167185
167187
167185
167181
167180
167181
167183
167181
167179
167180
167183
167186
167183
167181
167180
167181
167183
167180
167176
167175
167178
167181
167180
167178
167178
167182
167185
167183
167181
167180
167181
167184
167184
167182
167182
167185
167187
167185
167181
167179
167181
167182
167181
167179
167179
167183
167186
167184
167180
167177
167178
167180
167178
167174
167173
167173
167174
167173
167170
167169
167172
167174
167173
167171
167173
167177
167180
167179
167175
167173
167173
167174
167174
167171
167172
167177
167181
167180
167177
167176
167178
167181
167179
167176
167176
167179
167182
167180
167179
167179
167180
167182
167181
167178
167178
167183
167186
167184
167181
167180
167185
167192
167193
167190
167190
167191
167189
167184
167179
167177
167178
167181
167181
167181
167184
167188
167191
167189
167183
167180
167180
167180
167178
167176
167177
167180
167181
167179
167178
167178
167179
167182
167180
167177
167177
167178
167180
167178
167177
167177
167180
167183
167183
167182
167182
167186
167188
167184
167180
167178
167179
167181
167182
167181
167181
167183
167185
167185
167181
167181
167185
167187
167186
167184
167184
167187
167188
167185
167182
167182
167184
167185
167185
167183
167185
167190
167192
167190
167187
167185
167187
167188
167185
167182
167183
167186
167188
167188
167184
167184
167190
167193
167192
167191
167191
167193
167194
167191
167186
167185
167189
167193
167192
167190
167190
167192
167193
167190
167187
167188
167189
167190
167188
167185
167184
167187
167189
167188
167186
167186
167186
167188
167186
167184
167183
167187
167191
167191
167191
167192
167195
167197
167194
167191
167190
167192
167192
167189
167187
167188
167191
167195
167196
167194
167193
167196
167195
167194
167191
167188
167191
167194
167193
167192
167194
167197
167199
167199
167196
167195
167197
167200
167198
167197
167197
167199
167201
167199
167198
167197
167198
167201
167201
167198
167196
167197
167200
167198
167194
167194
167199
167201
167200
167199
167199
167202
167204
167201
167198
167199
167201
167203
167201
167198
167198
167201
167202
167199
167197
167199
167203
167205
167203
167200
167201
167204
167205
167203
167200
167200
167203
167203
167201
167199
167201
167204
167207
167206
167204
167205
167208
167209
167207
167204
167206
167210
167212
167213
167211
167210
167211
167212
167209
167207
167208
167211
167213
167210
167208
167208
167208
167208
167205
167201
167201
167205
167210
167210
167208
167210
167214
167214
167208
167202
167200
167201
167203
167204
167205
167209
167213
167215
167215
167212
167213
167215
167217
167213
167209
167209
167211
167212
167211
167208
167207
167210
167211
167210
167209
167210
167212
167214
167212
167209
167210
167212
167213
167210
167208
167210
167212
167213
167211
167209
167210
167214
167215
167212
167208
167207
167209
167210
167210
167208
167210
167213
167213
167210
167206
167206
167207
167208
167206
167204
167205
167207
167209
167208
167207
167207
167211
167214
167211
167209
167211
167214
167216
167214
167211
167212
167214
167215
167211
167207
167207
167209
167210
167209
167207
167208
167211
167212
167210
167208
167210
167213
167216
167215
167213
167214
167216
167215
167212
167209
167208
167211
167214
167213
167212
167213
167215
167216
167213
167210
167212
167215
167217
167215
167212
167211
167212
167212
167210
167208
167209
167213
167213
167212
167210
167213
167217
167218
167215
167212
167210
167210
167208
167204
167202
167205
167209
167213
167213
167210
167211
167214
167215
167211
167207
167208
167210
167211
167208
167207
167210
167213
167214
167212
167210
167211
167214
167216
167213
167209
167209
167213
167216
167213
167211
167213
167217
167220
167219
167217
167219
167221
167223
167222
167219
167219
167221
167221
167219
167216
167218
167220
167220
167218
167215
167216
167220
167220
167218
167216
167218
167220
167222
167221
167220
167222
167226
167227
167225
167224
167225
167228
167227
167226
167224
167224
167225
167224
167220
167214
167215
167219
167221
167220
167219
167219
167221
167223
167221
167218
167219
167220
167221
167220
167217
167219
167222
167224
167221
167217
167217
167220
167223
167223
167221
167222
167224
167224
167221
167218
167221
167224
167227
167226
167224
167225
167229
167228
167225
167223
167224
167226
167227
167227
167226
167227
167229
167227
167222
167218
167219
167222
167223
167221
167219
167221
167224
167226
167227
167228
167229
167231
167230
167226
167224
167225
167228
167229
167225
167222
167223
167227
167229
167228
167227
167229
167231
167231
167230
167227
167227
167227
167226
167225
167224
167227
167232
167233
167231
167229
167231
167233
167233
167231
167229
167231
167234
167235
167233
167232
167235
167237
167236
167234
167233
167235
167239
167241
167240
167238
167238
167241
167240
167237
167235
167236
167239
167240
167238
167236
167237
167240
167241
167239
167237
167238
167240
167241
167241
167240
167242
167242
167242
167241
167239
167242
167246
167248
167247
167245
167248
167250
167250
167246
167244
167246
167249
167249
167246
167242
167242
167242
167240
167238
167237
167241
167244
167245
167242
167239
167241
167243
167243
167241
167239
167240
167243
167244
167242
167240
167240
167242
167242
167240
167238
167239
167241
167243
167240
167238
167239
167241
167242
167240
167240
167244
167247
167246
167243
167239
167240
167244
167245
167244
167245
167247
167251
167253
167253
167252
167252
167254
167252
167248
167245
167248
167251
167253
167252
167251
167253
167255
167253
167248
167244
167245
167248
167249
167248
167247
167249
167251
167251
167248
167247
167250
167252
167252
167248
167244
167246
167249
167250
167250
167249
167252
167257
167257
167254
167252
167253
167254
167252
167248
167246
167249
167253
167255
167255
167253
167254
167255
167255
167253
167250
167253
167256
167256
167254
167252
167251
167252
167252
167250
167248
167248
167250
167250
167249
167249
167252
167255
167257
167254
167250
167251
167252
167252
167250
167249
167252
167256
167256
167256
167254
167256
167257
167256
167254
167254
167257
167260
167260
167259
167257
167258
167259
167260
167258
167256
167258
167260
167260
167258
167255
167257
167258
167257
167256
167254
167257
167261
167261
167258
167257
167260
167263
167263
167261
167258
167260
167263
167263
167262
167261
167261
167262
167260
167256
167257
167260
167263
167263
167261
167259
167261
167265
167265
167262
167259
167260
167262
167262
167258
167256
167259
167262
167262
167259
167256
167258
167259
167259
167257
167257
167260
167263
167262
167258
167256
167259
167262
167262
167260
167260
167262
167263
167261
167257
167255
167256
167259
167259
167258
167257
167259
167261
167261
167260
167259
167259
167260
167260
167257
167255
167256
167259
167259
167257
167255
167257
167260
167260
167258
167257
167260
167262
167261
167259
167257
167259
167261
167262
167260
167257
167260
167263
167264
167262
167261
167262
167263
167261
167256
167253
167256
167259
167259
167258
167257
167260
167262
167262
167258
167255
167257
167260
167260
167259
167259
167262
167264
167264
167260
167257
167259
167260
167259
167256
167255
167258
167263
167264
167262
167260
167263
167266
167267
167263
167261
167263
167263
167260
167256
167254
167256
167259
167258
167256
167255
167256
167258
167256
167253
167252
167255
167258
167257
167254
167255
167259
167263
167262
167259
167257
167259
167264
167264
167261
167259
167260
167261
167260
167257
167255
167256
167259
167259
167258
167256
167258
167260
167257
167252
167248
167248
167250
167251
167249
167250
167254
167259
167259
167256
167255
167256
167258
167257
167254
167252
167254
167256
167254
167251
167250
167252
167254
167253
167251
167250
167254
167256
167254
167251
167250
167252
167255
167253
167250
167249
167251
167253
167252
167251
167249
167251
167254
167253
167251
167249
167251
167253
167252
167248
167247
167250
167253
167254
167251
167250
167252
167254
167252
167248
167247
167250
167254
167254
167251
167252
167254
167255
167253
167250
167249
167251
167252
167251
167249
167249
167253
167256
167256
167253
167251
167252
167254
167255
167255
167255
167257
167259
167258
167255
167253
167254
167255
167251
167247
167247
167251
167254
167254
167253
167252
167255
167258
167256
167254
167254
167256
167257
167254
167250
167248
167251
167253
167252
167249
167248
167251
167254
167253
167250
167249
167252
167254
167254
167252
167252
167254
167257
167255
167252
167251
167252
167253
167251
167247
167246
167249
167252
167253
167251
167251
167253
167256
167254
167250
167248
167249
167250
167249
167247
167248
167253
167257
167257
167255
167253
167255
167255
167251
167248
167248
167251
167253
167251
167248
167248
167250
167253
167252
167249
167249
167251
167254
167253
167251
167251
167253
167255
167253
167249
167246
167248
167250
167250
167247
167246
167248
167250
167247
167244
167244
167247
167251
167251
167250
167251
167253
167255
167253
167248
167246
167247
167250
167248
167245
167245
167247
167251
167253
167252
167250
167252
167252
167249
167244
167241
167242
167243
167242
167240
167242
167246
167250
167250
167248
167246
167248
167250
167247
167244
167245
167248
167250
167250
167247
167247
167249
167250
167249
167245
167243
167243
167244
167241
167239
167239
167244
167248
167247
167244
167242
167245
167249
167249
167248
167249
167252
167254
167253
167252
167252
167254
167255
167254
167252
167250
167252
167254
167254
167252
167252
167254
167255
167252
167249
167248
167249
167250
167248
167246
167246
167248
167249
167248
167246
167247
167250
167252
167251
167248
167247
167250
167252
167250
167246
167245
167246
167248
167247
167244
167244
167247
167250
167248
167246
167246
167249
167252
167252
167250
167251
167253
167255
167253
167250
167250
167252
167253
167251
167249
167250
167251
167252
167249
167244
167243
167246
167247
167245
167243
167243
167245
167247
167246
167245
167245
167248
167250
167249
167247
167247
167250
167253
167251
167249
167247
167249
167250
167248
167244
167244
167246
167248
167246
167243
167242
167244
167247
167245
167242
167243
167245
167248
167245
167240
167237
167238
167241
167239
167237
167236
167238
167241
167239
167237
167238
167241
167244
167245
167245
167245
167247
167249
167248
167245
167244
167246
167248
167247
167244
167243
167242
167243
167243
167242
167242
167242
167243
167239
167236
167235
167238
167240
167239
167237
167238
167240
167242
167241
167237
167236
167239
167242
167238
167234
167235
167236
167239
167240
167240
167243
167246
167248
167245
167240
167239
167240
167242
167240
167237
167236
167237
167239
167237
167235
167235
167238
167240
167238
167235
167234
167235
167237
167236
167234
167233
167235
167237
167234
167233
167235
167238
167240
167239
167237
167239
167242
167245
167243
167240
167239
167240
167242
167238
167235
167235
167238
167240
167239
167237
167237
167238
167239
167236
167233
167231
167234
167236
167235
167232
167232
167234
167235
167233
167230
167231
167232
167233
167230
167227
167226
167229
167231
167228
167227
167227
167229
167230
167228
167225
167224
167226
167227
167224
167222
167222
167225
167228
167225
167222
167220
167221
167220
167218
167217
167219
167223
167226
167226
167223
167224
167226
167229
167227
167225
167226
167229
167230
167226
167220
167218
167220
167220
167216
167213
167214
167216
167219
167218
167215
167216
167217
167219
167217
167216
167218
167222
167225
167223
167220
167220
167221
167222
167220
167217
167217
167218
167219
167216
167214
167215
167217
167218
167216
167214
167215
167218
167221
167220
167216
167214
167213
167211
167206
167200
167199
167202
167205
167203
167201
167205
167208
167210
167211
167210
167212
167214
167215
167214
167210
167210
167214
167217
167216
167215
167217
167219
167220
167217
167212
167211
167214
167215
167213
167210
167211
167212
167214
167213
167212
167214
167216
167216
167213
167209
167209
167212
167214
167212
167210
167210
167212
167213
167210
167207
167207
167208
167209
167208
167206
167206
167208
167209
167205
167202
167203
167207
167209
167208
167205
167205
167208
167209
167206
167203
167202
167204
167203
167200
167197
167198
167200
167201
167199
167197
167198
167202
167203
167200
167197
167197
167199
167199
167195
167193
167195
167198
167199
167195
167193
167195
167198
167200
167198
167196
167197
167201
167203
167200
167197
167197
167198
167199
167196
167193
167195
167199
167201
167200
167198
167198
167198
167198
167194
167190
167189
167189
167191
167189
167187
167190
167193
167195
167193
167189
167189
167191
167192
167190
167187
167186
167188
167189
167188
167188
167189
167191
167193
167191
167188
167189
167190
167190
167187
167183
167181
167184
167187
167186
167184
167184
167187
167188
167185
167180
167178
167179
167179
167177
167174
167176
167179
167181
167180
167177
167177
167179
167179
167175
167170
167170
167172
167174
167171
167169
167171
167174
167175
167171
167168
167170
167173
167174
167172
167168
167168
167173
167174
167172
167170
167170
167172
167174
167173
167172
167172
167174
167174
167170
167166
167166
167168
167168
167166
167163
167165
167170
167172
167169
167165
167165
167167
167167
167165
167163
167164
167167
167168
167167
167164
167164
167166
167165
167162
167159
167160
167161
167162
167158
167155
167156
167158
167160
167157
167154
167156
167160
167162
167160
167157
167157
167159
167160
167158
167157
167158
167160
167162
167162
167160
167160
167160
167160
167159
167157
167158
167160
167161
167157
167154
167156
167158
167159
167156
167153
167156
167158
167159
167159
167156
167156
167157
167155
167151
167148
167150
167152
167153
167151
167150
167150
167153
167154
167152
167150
167152
167154
167154
167151
167148
167149
167151
167151
167148
167145
167146
167147
167148
167146
167144
167146
167150
167151
167148
167144
167144
167146
167147
167145
167142
167144
167147
167148
167147
167145
167146
167147
167146
167143
167140
167143
167147
167148
167145
167143
167144
167146
167147
167144
167140
167141
167144
167144
167141
167138
167139
167141
167142
167142
167140
167143
167146
167147
167145
167142
167144
167147
167148
167143
167139
167141
167144
167145
167144
167141
167143
167145
167146
167143
167140
167142
167145
167146
167143
167139
167138
167138
167137
167136
167134
167137
167140
167140
167138
167136
167137
167140
167140
167137
167134
167136
167139
167140
167139
167137
167137
167138
167137
167134
167131
167130
167133
167133
167130
167127
167127
167129
167129
167125
167123
167124
167128
167129
167127
167125
167127
167131
167129
167125
167123
167127
167131
167131
167130
167126
167126
167127
167125
167122
167118
167118
167120
167121
167121
167121
167124
167127
167128
167124
167122
167123
167125
167124
167121
167119
167121
167126
167128
167126
167126
167128
167129
167128
167126
167123
167122
167124
167124
167122
167120
167120
167123
167123
167120
167119
167122
167124
167123
167121
167120
167123
167126
167126
167125
167123
167125
167128
167129
167125
167121
167122
167124
167123
167120
167117
167118
167119
167118
167114
167111
167113
167116
167116
167114
167112
167113
167115
167116
167116
167115
167117
167120
167121
167119
167118
167121
167124
167123
167119
167116
167118
167120
167119
167116
167115
167118
167120
167120
167116
167113
167113
167115
167112
167108
167105
167109
167113
167116
167115
167112
167114
167116
167113
167108
167104
167105
167110
167111
167108
167106
167108
167111
167112
167110
167109
167111
167113
167113
167110
167108
167108
167110
167110
167107
167105
167108
167113
167112
167109
167108
167111
167114
167114
167113
167110
167109
167109
167106
167101
167100
167102
167106
167107
167103
167101
167103
167105
167104
167100
167099
167101
167103
167103
167102
167102
167104
167106
167107
167106
167104
167107
167108
167106
167103
167100
167102
167107
167107
167106
167105
167108
167111
167109
167104
167100
167101
167102
167101
167100
167100
167105
167109
167111
167110
167107
167106
167107
167106
167104
167101
167103
167107
167107
167105
167101
167102
167103
167100
167095
167093
167097
167100
167100
167100
167100
167102
167103
167100
167095
167091
167094
167098
167099
167098
167097
167099
167101
167100
167097
167095
167098
167099
167099
167096
167095
167099
167102
167102
167099
167098
167098
167100
167101
167100
167102
167106
167108
167107
167103
167100
167101
167102
167101
167098
167095
167098
167101
167100
167097
167096
167098
167101
167101
167099
167096
167097
167098
167097
167094
167092
167093
167096
167095
167092
167091
167094
167096
167095
167095
167095
167097
167098
167097
167093
167090
167092
167093
167093
167091
167090
167094
167099
167100
167098
167097
167100
167102
167100
167095
167091
167094
167097
167097
167095
167093
167095
167098
167097
167094
167090
167091
167094
167093
167089
167087
167089
167093
167093
167090
167089
167090
167091
167089
167088
167087
167091
167094
167094
167093
167094
167096
167098
167097
167094
167092
167095
167095
167094
167090
167088
167092
167095
167095
167093
167090
167090
167093
167092
167090
167087
167089
167093
167093
167089
167086
167087
167090
167090
167091
167090
167093
167095
167094
167093
167093
167095
167099
167100
167098
167094
167094
167096
167094
167089
167088
167091
167094
167093
167091
167089
167091
167093
167092
167092
167093
167094
167097
167095
167090
167089
167090
167091
167090
167087
167086
167087
167089
167088
167085
167083
167085
167088
167088
167085
167084
167088
167091
167092
167089
167085
167086
167089
167087
167085
167084
167087
167091
167091
167088
167085
167086
167087
167087
167084
167083
167087
167090
167089
167086
167084
167087
167090
167089
167088
167089
167090
167091
167088
167085
167083
167085
167086
167084
167082
167081
167083
167087
167087
167085
167085
167087
167088
167087
167086
167084
167086
167088
167087
167084
167082
167083
167086
167085
167082
167083
167088
167092
167092
167088
167088
167088
167089
167087
167084
167084
167088
167092
167093
167092
167093
167095
167097
167096
167091
167090
167092
167092
167088
167083
167080
167082
167084
167082
167081
167082
167088
167092
167092
167090
167089
167090
167092
167090
167087
167088
167092
167095
167093
167092
167092
167093
167094
167091
167089
167089
167092
167096
167098
167097
167096
167099
167101
167099
167096
167093
167093
167095
167095
167092
167091
167094
167098
167097
167095
167095
167097
167098
167096
167094
167092
167092
167093
167092
167091
167090
167092
167093
167091
167089
167089
167091
167093
167092
167090
167087
167089
167092
167091
167089
167089
167093
167095
167095
167094
167091
167091
167093
167093
167091
167091
167095
167097
167095
167091
167090
167092
167093
167093
167091
167091
167092
167095
167093
167091
167092
167094
167095
167093
167090
167089
167092
167096
167097
167094
167093
167096
167098
167096
167090
167088
167089
167091
167091
167089
167088
167091
167095
167095
167092
167091
167094
167097
167095
167092
167092
167095
167100
167099
167095
167095
167098
167102
167102
167098
167097
167098
167100
167100
167097
167095
167098
167101
167099
167097
167095
167096
167098
167097
167095
167093
167095
167097
167095
167094
167096
167099
167102
167101
167099
167099
167103
167104
167102
167099
167098
167100
167102
167102
167102
167104
167107
167110
167109
167104
167102
167105
167108
167107
167106
167106
167108
167111
167110
167108
167107
167109
167112
167109
167105
167103
167104
167107
167107
167105
167105
167109
167113
167113
167112
167111
167113
167114
167110
167105
167103
167104
167105
167102
167100
167100
167101
167103
167102
167100
167101
167105
167108
167106
167104
167104
167106
167108
167108
167107
167108
167112
167114
167111
167107
167106
167108
167108
167106
167103
167105
167109
167111
167109
167107
167108
167109
167108
167105
167103
167104
167109
167113
167113
167112
167113
167117
167118
167115
167112
167112
167112
167112
167109
167106
167106
167110
167113
167112
167109
167109
167112
167113
167109
167104
167102
167104
167107
167106
167105
167107
167111
167114
167115
167112
167110
167112
167115
167114
167112
167111
167113
167114
167113
167111
167110
167112
167114
167112
167110
167112
167116
167118
167115
167110
167109
167111
167112
167111
167110
167112
167116
167119
167118
167117
167115
167117
167118
167117
167115
167115
167116
167119
167117
167117
167118
167121
167125
167124
167121
167121
167122
167126
167126
167126
167127
167129
167133
167133
167133
167134
167138
167143
167144
167144
167146
167148
167149
167145
167141
167141
167143
167146
167146
167144
167144
167148
167150
167149
167148
167151
167156
167161
167163
167163
167165
167167
167167
167164
167159
167159
167160
167163
167163
167164
167170
167175
167177
167177
167177
167179
167182
167185
167185
167183
167186
167192
167194
167194
167194
167195
167198
167202
167201
167200
167201
167206
167211
167213
167213
167215
167219
167222
167219
167216
167216
167219
167221
167219
167217
167218
167221
167223
167221
167219
167221
167224
167227
167227
167227
167230
167234
167237
167237
167235
167237
167241
167245
167242
167240
167240
167242
167244
167241
167239
167241
167244
167245
167244
167242
167243
167245
167246
167246
167243
167242
167245
167248
167248
167249
167251
167255
167258
167257
167255
167256
167260
167260
167258
167256
167256
167259
167262
167260
167258
167257
167259
167260
167257
167253
167254
167260
167264
167263
167263
167263
167264
167266
167263
167261
167263
167267
167270
167270
167270
167272
167274
167275
167272
167269
167271
167274
167276
167274
167270
167269
167271
167273
167271
167270
167271
167272
167273
167271
167269
167271
167275
167278
167279
167277
167277
167278
167280
167279
167277
167277
167279
167280
167279
167276
167278
167282
167285
167283
167280
167280
167284
167287
167285
167282
167283
167286
167287
167284
167280
167281
167284
167288
167288
167287
167286
167287
167287
167285
167283
167283
167286
167289
167289
167288
167289
167293
167295
167292
167288
167288
167291
167292
167292
167290
167290
167293
167295
167294
167292
167294
167296
167295
167293
167290
167291
167294
167297
167296
167292
167291
167293
167295
167293
167291
167291
167293
167294
167292
167291
167295
167297
167298
167295
167293
167296
167299
167300
167299
167297
167298
167301
167301
167299
167297
167298
167299
167300
167297
167294
167295
167297
167301
167302
167304
167305
167308
167307
167303
167299
167299
167303
167305
167305
167304
167306
167308
167312
167309
167307
167310
167313
167314
167312
167308
167308
167311
167311
167308
167305
167305
167307
167308
167307
167306
167309
167312
167314
167312
167309
167310
167313
167312
167308
167305
167305
167308
167311
167311
167312
167313
167317
167318
167317
167313
167314
167315
167315
167314
167311
167313
167316
167317
167314
167312
167315
167320
167321
167318
167315
167316
167317
167318
167315
167311
167313
167316
167317
167315
167315
167317
167321
167321
167319
167317
167319
167321
167321
167317
167314
167316
167320
167322
167321
167319
167321
167323
167324
167323
167321
167321
167323
167324
167322
167320
167322
167326
167327
167326
167324
167325
167326
167326
167324
167321
167320
167322
167322
167320
167316
167319
167323
167325
167323
167320
167322
167325
167326
167324
167322
167322
167324
167323
167322
167321
167323
167326
167326
167322
167319
167321
167322
167324
167324
167324
167326
167327
167327
167324
167319
167319
167323
167325
167324
167324
167326
167329
167328
167324
167322
167322
167324
167325
167324
167322
167325
167328
167329
167327
167324
167326
167328
167329
167327
167323
167324
167327
167327
167326
167324
167327
167329
167330
167328
167327
167328
167331
167331
167329
167326
167327
167329
167331
167329
167327
167328
167330
167330
167327
167324
167324
167327
167328
167326
167324
167326
167325
167324
167321
167318
167319
167322
167324
167323
167322
167325
167328
167327
167324
167321
167323
167325
167326
167325
167324
167326
167329
167330
167328
167325
167325
167329
167330
167327
167325
167327
167331
167331
167328
167325
167326
167328
167328
167324
167318
167317
167317
167316
167316
167315
167318
167322
167323
167321
167318
167318
167321
167323
167321
167318
167320
167324
167324
167321
167318
167320
167323
167325
167324
167322
167323
167326
167328
167325
167323
167325
167327
167327
167325
167321
167320
167321
167320
167318
167318
167321
167324
167326
167323
167321
167321
167321
167319
167315
167314
167316
167320
167321
167320
167318
167321
167325
167325
167322
167318
167319
167321
167322
167320
167319
167321
167323
167322
167318
167314
167316
167319
167319
167316
167313
167313
167314
167312
167308
167306
167307
167311
167313
167312
167311
167315
167319
167318
167313
167310
167311
167313
167313
167313
167313
167316
167319
167320
167317
167314
167316
167319
167318
167315
167314
167315
167316
167314
167311
167310
167313
167318
167320
167318
167316
167317
167319
167317
167314
167313
167315
167318
167318
167315
167313
167313
167315
167313
167310
167308
167310
167312
167311
167308
167307
167308
167313
167315
167314
167314
167318
167322
167322
167317
167315
167316
167318
167318
167315
167312
167312
167312
167311
167308
167307
167311
167315
167315
167312
167310
167311
167313
167311
167309
167309
167312
167316
167317
167314
167313
167317
167323
167326
167327
167327
167328
167330
167327
167323
167319
167319
167320
167318
167316
167316
167319
167322
167323
167320
167317
167318
167319
167318
167316
167314
167315
167317
167317
167315
167313
167314
167316
167317
167316
167316
167321
167325
167329
167329
167330
167332
167335
167335
167333
167330
167332
167334
167333
167331
167330
167334
167337
167337
167336
167335
167337
167340
167339
167335
167333
167335
167339
167340
167337
167333
167333
167333
167329
167324
167322
167324
167326
167326
167326
167325
167329
167334
167336
167336
167334
167333
167334
167330
167326
167326
167330
167334
167334
167332
167332
167334
167336
167335
167333
167332
167334
167334
167332
167329
167329
167330
167332
167329
167325
167323
167325
167329
167328
167325
167323
167325
167327
167326
167322
167322
167326
167331
167331
167328
167327
167329
167332
167334
167332
167329
167328
167329
167330
167329
167328
167329
167330
167328
167325
167323
167324
167325
167325
167323
167321
167322
167324
167322
167319
167318
167320
167322
167320
167316
167312
167315
167320
167321
167319
167318
167320
167322
167321
167319
167317
167318
167321
167322
167322
167322
167325
167327
167324
167321
167320
167322
167324
167324
167320
167317
167319
167323
167323
167320
167317
167318
167320
167320
167317
167316
167320
167323
167323
167320
167318
167320
167323
167322
167320
167319
167322
167326
167325
167321
167318
167319
167321
167321
167318
167316
167318
167322
167324
167322
167320
167321
167322
167320
167317
167315
167318
167321
167321
167319
167319
167322
167323
167320
167316
167315
167318
167321
167322
167320
167317
167318
167320
167320
167318
167316
167318
167320
167319
167316
167316
167319
167322
167320
167317
167316
167318
167319
167319
167318
167318
167320
167321
167320
167318
167316
167318
167320
167321
167319
167319
167321
167324
167323
167319
167317
167319
167320
167317
167313
167313
167317
167320
167319
167315
167312
167313
167314
167313
167311
167310
167313
167315
167314
167312
167312
167316
167319
167318
167314
167311
167312
167312
167310
167308
167308
167309
167311
167309
167306
167303
167305
167308
167308
167306
167305
167306
167309
167307
167305
167305
167308
167311
167310
167308
167307
167310
167312
167310
167307
167307
167312
167316
167316
167314
167312
167314
167316
167313
167310
167308
167310
167313
167312
167310
167309
167311
167313
167313
167311
167309
167311
167312
167310
167307
167306
167310
167314
167313
167310
167309
167311
167312
167312
167310
167309
167311
167314
167314
167312
167311
167313
167315
167314
167311
167310
167310
167310
167309
167306
167307
167308
167310
167310
167310
167309
167311
167314
167314
167311
167309
167310
167313
167312
167311
167311
167313
167314
167314
167311
167310
167312
167315
167314
167313
167311
167311
167313
167312
167309
167307
167310
167314
167313
167310
167308
167310
167312
167311
167309
167307
167309
167311
167309
167306
167304
167306
167308
167308
167308
167308
167310
167313
167312
167308
167306
167308
167311
167312
167311
167311
167313
167315
167313
167311
167309
167311
167313
167311
167309
167307
167309
167311
167310
167308
167306
167307
167308
167307
167305
167304
167305
167307
167305
167302
167301
167304
167307
167307
167304
167302
167303
167304
167303
167302
167301
167304
167306
167305
167302
167301
167305
167307
167305
167305
167306
167308
167309
167309
167307
167307
167309
167312
167311
167309
167308
167310
167311
167309
167307
167307
167312
167316
167316
167314
167311
167311
167313
167312
167309
167309
167310
167313
167312
167308
167307
167309
167311
167310
167308
167308
167310
167312
167312
167310
167310
167314
167317
167316
167314
167314
167315
167315
167314
167312
167313
167316
167319
167318
167315
167313
167312
167312
167311
167308
167308
167311
167315
167316
167315
167314
167316
167318
167317
167314
167314
167316
167316
167314
167312
167313
167316
167318
167315
167310
167307
167307
167309
167308
167306
167306
167308
167311
167310
167309
167310
167312
167315
167313
167310
167308
167310
167313
167311
167309
167308
167310
167311
167310
167308
167309
167312
167313
167311
167308
167306
167308
167310
167309
167307
167307
167311
167314
167311
167307
167306
167308
167311
167308
167305
167305
167308
167311
167309
167305
167305
167308
167310
167309
167306
167305
167305
167307
167306
167304
167304
167307
167310
167310
167308
167307
167310
167314
167313
167311
167310
167313
167316
167316
167314
167313
167315
167317
167314
167313
167312
167313
167314
167311
167308
167308
167310
167313
167312
167310
167309
167312
167314
167312
167309
167309
167311
167312
167309
167306
167305
167309
167313
167313
167311
167311
167314
167316
167313
167310
167308
167312
167314
167311
167306
167306
167309
167312
167311
167307
167306
167309
167312
167311
167308
167308
167311
167313
167312
167308
167308
167310
167311
167309
167305
167304
167307
167312
167312
167311
167311
167313
167314
167311
167306
167305
167306
167307
167307
167306
167307
167311
167316
167316
167313
167311
167313
167314
167311
167308
167307
167309
167313
167313
167312
167314
167317
167320
167321
167320
167318
167320
167321
167319
167318
167318
167322
167325
167323
167321
167320
167322
167322
167318
167314
167311
167313
167313
167310
167307
167308
167311
167316
167315
167313
167311
167311
167312
167310
167308
167308
167311
167316
167316
167314
167314
167316
167317
167315
167313
167313
167316
167320
167317
167316
167315
167317
167320
167317
167312
167312
167315
167316
167314
167312
167310
167313
167315
167312
167308
167308
167309
167311
167309
167306
167306
167308
167309
167306
167303
167304
167307
167312
167313
167311
167311
167314
167316
167314
167310
167309
167310
167311
167307
167302
167300
167301
167302
167299
167296
167296
167298
167300
167298
167296
167296
167300
167303
167302
167299
167298
167299
167299
167295
167290
167289
167290
167292
167291
167290
167291
167294
167297
167298
167297
167299
167301
167303
