167673
167675
167677
167674
167669
167667
167668
167668
167665
167663
167664
167667
167667
167664
167662
167665
167667
167669
167668
167667
167670
167672
167673
167671
167669
167669
167670
167672
167671
167669
167669
167670
167671
167670
167667
167667
167667
167666
167664
167662
167662
167665
167666
167665
167664
167667
167672
167674
167670
167668
167669
167671
167671
167668
167665
167667
167671
167674
167673
167671
167674
167678
167678
167675
167673
167673
167674
167674
167670
167666
167667
167671
167674
167668
167665
167670
167672
167672
167673
167672
167673
167675
167676
167674
167669
167668
167670
167670
167667
167664
167665
167668
167670
167668
167666
167669
167673
167675
167672
167668
167669
167673
167675
167674
167672
167673
167674
167674
167670
167670
167671
167673
167675
167675
167672
167671
167672
167671
167667
167663
167663
167664
167662
167660
167658
167659
167661
167662
167660
167659
167661
167663
167663
167659
167654
167654
167657
167656
167652
167651
167654
167655
167657
167654
167651
167651
167655
167657
167656
167655
167655
167657
167657
167653
167649
167650
167651
167653
167651
167648
167649
167650
167649
167644
167641
167642
167645
167646
167642
167637
167636
167638
167640
167638
167636
167639
167643
167644
167640
167636
167637
167639
167640
167639
167638
167640
167643
167645
167643
167642
167644
167646
167645
167642
167640
167642
167645
167646
167642
167638
167637
167635
167634
167630
167626
167627
167629
167629
167628
167628
167631
167637
167639
167635
167633
167633
167634
167636
167633
167629
167632
167637
167637
167636
167636
167638
167643
167644
167644
167643
167644
167648
167648
167644
167641
167641
167643
167644
167643
167640
167641
167642
167642
167639
167636
167637
167640
167642
167641
167640
167641
167643
167644
167641
167639
167640
167642
167640
167635
167632
167634
167637
167638
167637
167636
167638
167641
167642
167640
167639
167640
167642
167643
167640
167636
167639
167642
167640
167639
167637
167638
167640
167641
167639
167637
167638
167639
167640
167637
167634
167636
167639
167639
167635
167632
167634
167637
167637
167636
167632
167631
167637
167643
167644
167643
167645
167647
167645
167642
167641
167643
167646
167649
167648
167647
167648
167648
167647
167645
167641
167641
167643
167645
167644
167644
167647
167651
167652
167650
167649
167651
167653
167654
167652
167649
167649
167650
167651
167650
167649
167651
167652
167653
167650
167646
167647
167650
167649
167647
167645
167648
167651
167648
167647
167648
167650
167651
167650
167648
167644
167645
167646
167644
167640
167638
167639
167644
167643
167639
167638
167640
167642
167641
167638
167636
167636
167639
167640
167639
167635
167636
167641
167641
167637
167634
167633
167633
167631
167631
167630
167632
167636
167636
167633
167631
167633
167635
167635
167631
167628
167630
167632
167633
167631
167629
167631
167634
167635
167633
167630
167630
167632
167632
167631
167628
167630
167635
167636
167634
167632
167634
167637
167636
167632
167628
167628
167631
167632
167629
167629
167632
167634
167632
167628
167624
167625
167628
167628
167628
167626
167629
167632
167633
167631
167628
167628
167629
167629
167626
167623
167626
167629
167628
167625
167624
167628
167630
167630
167626
167623
167624
167625
167626
167625
167623
167626
167629
167629
167627
167625
167625
167627
167626
167622
167620
167624
167627
167627
167626
167625
167627
167629
167629
167626
167623
167625
167628
167628
167624
167623
167626
167629
167629
167627
167626
167626
167627
167626
167623
167622
167624
167626
167626
167622
167619
167620
167623
167623
167621
167620
167622
167627
167628
167627
167625
167625
167624
167623
167619
167618
167620
167623
167624
167620
167617
167620
167624
167625
167622
167621
167624
167625
167625
167622
167620
167622
167625
167625
167622
167620
167622
167625
167625
167622
167619
167619
167621
167620
167617
167616
167617
167621
167621
167618
167614
167615
167616
167614
167611
167609
167612
167617
167619
167615
167614
167616
167619
167620
167616
167611
167614
167619
167618
167615
167612
167614
167618
167617
167615
167613
167614
167617
167619
167617
167615
167617
167617
167615
167611
167609
167609
167612
167612
167608
167607
167610
167614
167616
167614
167612
167614
167615
167614
167612
167611
167613
167616
167616
167615
167615
167618
167621
167621
167619
167618
167622
167625
167623
167620
167619
167620
167622
167621
167616
167614
167616
167620
167620
167617
167619
167622
167624
167625
167624
167623
167625
167628
167626
167624
167623
167626
167629
167629
167626
167627
167630
167633
167633
167630
167628
167629
167631
167629
167626
167625
167627
167631
167630
167626
167622
167622
167625
167625
167622
167619
167620
167622
167620
167617
167615
167617
167621
167622
167620
167620
167622
167623
167621
167617
167615
167618
167621
167619
167616
167617
167621
167626
167627
167626
167624
167625
167628
167628
167627
167626
167628
167630
167628
167623
167620
167621
167622
167623
167623
167623
167625
167628
167628
167625
167622
167622
167625
167624
167622
167622
167624
167627
167625
167622
167620
167622
167626
167627
167624
167622
167624
167628
167628
167625
167624
167627
167631
167630
167628
167626
167630
167633
167632
167629
167625
167628
167629
167626
167623
167621
167623
167627
167627
167625
167625
167626
167627
167628
167625
167623
167625
167627
167627
167625
167624
167626
167628
167628
167626
167623
167624
167627
167626
167624
167623
167626
167630
167631
167627
167622
167622
167624
167624
167621
167618
167620
167624
167625
167625
167626
167629
167633
167634
167632
167624
167624
167629
167628
167627
167626
167628
167631
167632
167630
167628
167630
167631
167631
167630
167631
167634
167635
167635
167634
167632
167634
167639
167640
167638
167636
167639
167642
167641
167640
167639
167641
167645
167646
167645
167643
167646
167647
167645
167645
167643
167644
167646
167646
167645
167645
167648
167652
167652
167649
167647
167649
167652
167652
167648
167646
167648
167650
167650
167647
167646
167647
167649
167646
167641
167637
167640
167645
167642
167638
167636
167638
167642
167638
167633
167630
167632
167636
167637
167636
167634
167636
167641
167643
167638
167635
167638
167641
167640
167638
167636
167638
167640
167640
167637
167636
167638
167641
167641
167637
167634
167636
167639
167638
167636
167637
167639
167641
167640
167636
167636
167640
167644
167645
167641
167640
167644
167648
167648
167646
167645
167648
167650
167651
167650
167648
167650
167654
167654
167653
167653
167654
167656
167656
167652
167649
167651
167653
167652
167650
167649
167650
167651
167649
167646
167645
167647
167649
167647
167644
167643
167646
167648
167645
167642
167641
167643
167645
167642
167639
167639
167642
167646
167646
167642
167641
167643
167646
167648
167645
167643
167644
167644
167642
167639
167639
167642
167645
167642
167639
167638
167638
167640
167638
167637
167638
167639
167641
167640
167638
167635
167638
167642
167641
167638
167637
167640
167644
167643
167639
167636
167639
167642
167640
167636
167634
167637
167641
167641
167638
167636
167638
167639
167636
167633
167632
167635
167639
167639
167638
167638
167641
167642
167639
167638
167637
167637
167639
167639
167636
167637
167641
167644
167644
167642
167641
167642
167642
167640
167637
167635
167638
167643
167642
167640
167641
167641
167640
167636
167633
167632
167636
167642
167642
167640
167639
167640
167643
167641
167638
167638
167640
167643
167641
167637
167635
167637
167640
167640
167637
167637
167639
167641
167639
167636
167635
167637
167639
167638
167637
167638
167640
167643
167645
167643
167641
167641
167641
167638
167636
167636
167641
167644
167644
167642
167642
167645
167646
167643
167639
167636
167638
167639
167637
167634
167634
167638
167641
167641
167637
167636
167638
167640
167639
167637
167637
167639
167643
167643
167640
167640
167642
167644
167642
167638
167637
167641
167647
167647
167642
167638
167639
167640
167638
167636
167634
167636
167639
167639
167636
167634
167635
167638
167636
167631
167629
167632
167636
167637
167636
167636
167638
167640
167640
167637
167637
167639
167641
167640
167639
167641
167645
167647
167642
167638
167639
167641
167644
167642
167638
167638
167641
167644
167643
167640
167639
167640
167641
167638
167634
167635
167638
167641
167641
167639
167638
167641
167645
167644
167640
167640
167643
167645
167641
167638
167638
167641
167645
167645
167644
167644
167646
167647
167643
167639
167637
167639
167642
167643
167641
167640
167643
167644
167641
167637
167637
167640
167644
167643
167641
167639
167641
167643
167643
167643
167644
167649
167651
167649
167645
167643
167644
167645
167644
167643
167643
167644
167647
167644
167642
167644
167647
167648
167647
167646
167646
167647
167650
167649
167646
167645
167645
167646
167643
167640
167639
167641
167644
167644
167640
167641
167645
167646
167644
167642
167639
167640
167642
167641
167638
167640
167644
167649
167650
167648
167649
167650
167653
167652
167650
167651
167654
167656
167654
167651
167652
167654
167656
167654
167651
167651
167653
167655
167653
167651
167651
167655
167658
167657
167654
167653
167656
167657
167655
167652
167651
167653
167655
167653
167650
167651
167654
167656
167653
167651
167651
167653
167655
167654
167652
167652
167655
167656
167655
167653
167652
167655
167659
167658
167653
167649
167650
167652
167650
167647
167646
167648
167649
167646
167646
167648
167650
167654
167656
167652
167653
167655
167657
167656
167655
167654
167656
167657
167658
167657
167658
167664
167670
167670
167668
167666
167669
167675
167674
167670
167671
167674
167679
167679
167676
167678
167682
167683
167679
167678
167678
167681
167684
167680
167678
167680
167685
167688
167687
167687
167689
167691
167692
167691
167690
167690
167693
167696
167695
167691
167691
167694
167697
167696
167694
167694
167694
167693
167692
167690
167689
167693
167696
167696
167697
167699
167700
167701
167699
167697
167698
167701
167703
167703
167700
167701
167705
167706
167704
167700
167698
167697
167698
167697
167695
167695
167698
167699
167697
167694
167696
167699
167701
167698
167696
167697
167701
167703
167701
167699
167700
167701
167702
167700
167697
167697
167700
167703
167702
167699
167700
167704
167707
167706
167703
167703
167706
167709
167707
167704
167705
167709
167713
167713
167708
167699
167704
167709
167705
167700
167699
167700
167701
167699
167697
167700
167703
167704
167702
167700
167699
167701
167703
167703
167704
167705
167697
167701
167699
167697
167696
167698
167699
167696
167695
167696
167699
167702
167700
167697
167695
167696
167699
167700
167700
167699
167698
167698
167696
167693
167695
167697
167700
167699
167694
167694
167697
167697
167699
167698
167697
167699
167703
167702
167698
167696
167697
167698
167695
167692
167690
167692
167694
167693
167689
167689
167693
167697
167694
167691
167691
167693
167696
167694
167689
167689
167694
167698
167698
167697
167697
167699
167699
167695
167691
167691
167694
167695
167693
167691
167693
167697
167699
167696
167694
167693
167694
167693
167688
167685
167690
167698
167702
167700
167698
167697
167697
167698
167698
167696
167697
167701
167701
167699
167695
167696
167700
167700
167696
167693
167692
167693
167695
167694
167693
167695
167699
167702
167700
167696
167696
167700
167702
167700
167697
167696
167698
167699
167696
167693
167695
167698
167700
167699
167697
167698
167701
167704
167700
167695
167695
167701
167706
167703
167701
167705
167706
167706
167706
167705
167704
167710
167712
167706
167702
167701
167705
167711
167710
167705
167706
167709
167710
167706
167704
167708
167711
167713
167713
167710
167712
167714
167715
167715
167713
167711
167712
167712
167709
167706
167708
167712
167713
167709
167707
167708
167712
167715
167714
167711
167713
167717
167719
167715
167709
167709
167712
167714
167714
167709
167714
167717
167721
167719
167716
167716
167719
167720
167717
167715
167716
167718
167717
167713
167711
167713
167717
167720
167719
167714
167714
167717
167719
167716
167716
167724
167728
167729
167727
167726
167725
167725
167727
167724
167723
167725
167729
167731
167729
167727
167727
167731
167734
167730
167727
167727
167728
167727
167724
167723
167728
167730
167731
167728
167726
167727
167727
167729
167730
167729
167731
167734
167736
167735
167734
167736
167739
167741
167740
167737
167739
167743
167743
167742
167740
167740
167743
167745
167742
167739
167741
167745
167749
167747
167743
167742
167744
167745
167743
167741
167743
167745
167746
167743
167742
167743
167745
167746
167745
167743
167745
167748
167749
167746
167743
167744
167752
167758
167759
167756
167760
167764
167765
167760
167757
167760
167763
167766
167764
167762
167761
167762
167759
167755
167753
167754
167754
167754
167751
167748
167749
167753
167755
167752
167749
167749
167751
167753
167749
167746
167748
167753
167755
167752
167749
167749
167752
167753
167750
167749
167751
167753
167754
167752
167749
167750
167753
167753
167752
167752
167754
167758
167759
167757
167754
167753
167754
167754
167751
167748
167748
167749
167748
167746
167743
167745
167749
167750
167747
167745
167749
167751
167751
167748
167745
167748
167751
167752
167752
167753
167759
167762
167757
167746
167745
167746
167743
167740
167739
167740
167741
167740
167737
167736
167733
167735
167740
167742
167739
167734
167734
167734
167732
167728
167726
167726
167728
167729
167729
167725
167724
167727
167728
167725
167719
167719
167723
167726
167723
167720
167723
167725
167726
167721
167717
167718
167721
167721
167722
167721
167721
167723
167722
167719
167716
167719
167723
167723
167718
167714
167715
167717
167719
167717
167714
167716
167719
167721
167719
167717
167718
167720
167718
167716
167713
167715
167719
167721
167719
167717
167717
167719
167719
167716
167710
167710
167712
167713
167714
167712
167712
167713
167712
167707
167702
167703
167706
167708
167706
167703
167705
167708
167711
167709
167708
167710
167714
167713
167709
167707
167708
167710
167710
167708
167705
167707
167710
167710
167708
167707
167708
167710
167710
167707
167705
167706
167709
167710
167708
167706
167708
167710
167711
167709
167707
167707
167706
167702
167701
167698
167702
167708
167708
167702
167700
167704
167705
167704
167698
167694
167695
167700
167703
167700
167700
167699
167698
167700
167697
167693
167695
167700
167697
167689
167688
167692
167690
167692
167693
167691
167692
167696
167696
167689
167684
167684
167684
167684
167680
167676
167677
167682
167684
167683
167680
167681
167688
167687
167683
167680
167678
167680
167681
167674
167672
167676
167676
167675
167677
167672
167671
167672
167674
167673
167672
167675
167677
167677
167673
167670
167670
167673
167673
167671
167669
167671
167673
167671
167667
167663
167664
167666
167666
167662
167659
167659
167660
167659
167654
167652
167653
167654
167654
167653
167651
167652
167654
167653
167651
167649
167650
167652
167655
167654
167654
167657
167660
167662
167661
167657
167658
167660
167659
167658
167658
167662
167665
167665
167662
167660
167660
167661
167660
167656
167654
167657
167662
167664
167663
167661
167664
167668
167670
167671
167673
167678
167685
167688
167687
167687
167690
167692
167692
167688
167685
167687
167690
167689
167686
167681
167682
167684
167684
167681
167678
167679
167680
167679
167674
167672
167672
167673
167673
167669
167665
167665
167667
167667
167664
167660
167660
167661
167660
167656
167653
167655
167659
167659
167656
167653
167655
167656
167655
167651
167647
167648
167651
167650
167649
167649
167651
167654
167655
167652
167650
167653
167656
167655
167651
167648
167649
167652
167652
167649
167648
167650
167652
167652
167650
167649
167650
167652
167651
167649
167648
167652
167654
167652
167648
167647
167648
167650
167651
167650
167650
167653
167655
167654
167652
167650
167653
167656
167656
167652
167650
167652
167657
167659
167659
167657
167659
167660
167659
167656
167653
167653
167656
167655
167652
167650
167653
167656
167655
167652
167650
167651
167655
167656
167654
167652
167655
167657
167655
167652
167649
167650
167653
167655
167654
167652
167654
167657
167657
167654
167651
167652
167655
167656
167653
167652
167655
167658
167658
167656
167655
167657
167659
167658
167655
167652
167654
167657
167656
167651
167650
167652
167654
167655
167653
167653
167656
167658
167656
167652
167650
167653
167655
167656
167654
167654
167656
167659
167659
167657
167657
167659
167662
167662
167659
167655
167654
167655
167654
167651
167649
167651
167653
167652
167650
167649
167651
167653
167651
167645
167641
167643
167647
167647
167646
167646
167648
167651
167653
167651
167651
167653
167656
167655
167654
167655
167659
167663
167665
167664
167661
167662
167662
167661
167660
167660
167662
167664
167664
167662
167659
167660
167663
167661
167657
167655
167656
167658
167657
167654
167653
167657
167662
167663
167660
167659
167661
167664
167663
167661
167660
167663
167666
167665
167662
167661
167663
167667
167665
167662
167661
167662
167663
167663
167660
167659
167663
167665
167663
167659
167658
167660
167662
167660
167658
167657
167660
167663
167662
167656
167653
167654
167657
167657
167655
167654
167657
167661
167662
167659
167657
167657
167659
167659
167657
167659
167661
167662
167662
167660
167659
167661
167664
167666
167664
167664
167668
167670
167667
167662
167657
167657
167658
167656
167652
167649
167651
167654
167652
167649
167649
167653
167656
167656
167654
167654
167658
167662
167660
167656
167654
167655
167656
167653
167650
167650
167654
167656
167656
167654
167653
167656
167659
167656
167654
167653
167654
167655
167654
167653
167653
167657
167661
167660
167658
167654
167654
167655
167653
167651
167650
167653
167655
167655
167653
167653
167655
167657
167657
167655
167653
167654
167655
167652
167649
167648
167651
167655
167655
167653
167653
167655
167657
167655
167652
167650
167652
167653
167651
167648
167647
167649
167651
167650
167648
167649
167652
167654
167653
167650
167648
167650
167652
167651
167649
167648
167651
167654
167653
167650
167651
167653
167654
167653
167651
167650
167651
167654
167653
167649
167647
167647
167649
167648
167646
167646
167648
167651
167648
167645
167644
167645
167649
167649
167648
167650
167654
167656
167653
167649
167649
167652
167655
167653
167651
167650
167651
167653
167652
167649
167648
167650
167652
167650
167645
167643
167646
167647
167644
167643
167643
167645
167649
167647
167643
167640
167642
167644
167643
167641
167640
167644
167648
167647
167644
167642
167644
167646
167644
167642
167643
167646
167647
167646
167643
167643
167647
167650
167648
167644
167643
167646
167647
167645
167641
167640
167643
167646
167646
167644
167644
167647
167649
167647
167644
167642
167644
167647
167645
167643
167643
167647
167650
167648
167645
167645
167646
167648
167647
167645
167644
167647
167650
167649
167647
167646
167648
167650
167648
167646
167646
167650
167653
167651
167647
167645
167647
167649
167646
167643
167640
167640
167645
167645
167642
167641
167644
167647
167645
167641
167638
167638
167640
167639
167637
167637
167641
167645
167644
167639
167637
167639
167640
167639
167636
167637
167641
167644
167642
167641
167641
167644
167646
167643
167639
167638
167640
167642
167641
167640
167641
167643
167645
167643
167640
167639
167640
167641
167640
167636
167635
167637
167638
167635
167634
167634
167636
167638
167635
167630
167628
167632
167636
167637
167634
167634
167638
167640
167640
167638
167636
167637
167638
167635
167631
167630
167630
167637
167632
167624
167639
167642
167642
167643
167638
167637
167639
167641
167639
167636
167638
167641
167642
167639
167636
167636
167639
167641
167639
167637
167639
167641
167643
167640
167636
167634
167636
167639
167636
167631
167631
167632
167633
167631
167628
167629
167632
167634
167633
167632
167634
167638
167637
167634
167629
167628
167629
167631
167630
167628
167627
167629
167631
167629
167626
167626
167626
167628
167626
167623
167623
167625
167627
167626
167623
167624
167626
167628
167625
167621
167618
167619
167620
167620
167619
167621
167624
167626
167625
167624
167625
167628
167629
167625
167620
167620
167623
167623
167621
167620
167620
167622
167623
167619
167614
167613
167617
167620
167618
167617
167618
167621
167622
167619
167617
167616
167618
167619
167615
167611
167611
167613
167615
167614
167612
167613
167616
167618
167616
167612
167610
167609
167610
167608
167606
167608
167612
167614
167614
167612
167612
167614
167615
167612
167608
167609
167613
167614
167612
167608
167607
167610
167611
167609
167606
167607
167610
167610
167606
167603
167602
167604
167607
167606
167603
167602
167605
167608
167605
167601
167601
167603
167606
167604
167602
167602
167604
167605
167603
167601
167601
167604
167608
167607
167604
167604
167607
167608
167605
167600
167598
167600
167602
167603
167602
167602
167602
167604
167602
167598
167598
167602
167605
167603
167601
167601
167601
167601
167597
167593
167594
167596
167599
167598
167596
167595
167596
167596
167594
167592
167592
167594
167597
167596
167594
167593
167595
167597
167596
167594
167596
167600
167602
167598
167594
167593
167594
167594
167592
167590
167592
167596
167597
167594
167592
167592
167595
167596
167594
167590
167589
167592
167594
167594
167593
167594
167597
167598
167596
167593
167592
167594
167594
167590
167587
167588
167589
167590
167589
167587
167589
167593
167596
167595
167594
167593
167595
167595
167593
167593
167594
167597
167599
167596
167592
167593
167597
167599
167597
167594
167594
167597
167598
167595
167592
167593
167595
167597
167595
167593
167592
167593
167592
167590
167589
167591
167594
167596
167593
167588
167587
167591
167595
167593
167591
167592
167596
167597
167592
167588
167588
167590
167591
167587
167586
167586
167588
167590
167587
167585
167586
167590
167593
167592
167591
167593
167596
167596
167593
167590
167592
167595
167596
167593
167591
167592
167595
167597
167596
167593
167592
167593
167595
167594
167593
167594
167596
167597
167592
167589
167588
167589
167591
167591
167591
167594
167599
167601
167597
167593
167592
167593
167593
167591
167590
167592
167594
167594
167591
167589
167590
167593
167593
167591
167590
167592
167594
167595
167592
167589
167591
167592
167592
167592
167591
167593
167598
167599
167596
167593
167592
167593
167594
167593
167592
167594
167597
167598
167597
167595
167596
167598
167597
167592
167589
167589
167592
167596
167597
167594
167594
167595
167595
167591
167589
167590
167592
167594
167595
167594
167596
167598
167599
167597
167593
167594
167598
167599
167595
167590
167591
167594
167594
167591
167589
167590
167593
167595
167595
167594
167595
167595
167595
167590
167586
167588
167590
167591
167590
167590
167592
167596
167597
167593
167589
167588
167589
167591
167590
167591
167592
167595
167596
167594
167590
167591
167594
167596
167592
167589
167590
167593
167595
167593
167591
167594
167597
167596
167592
167588
167588
167589
167587
167584
167581
167581
167585
167587
167587
167587
167589
167590
167590
167587
167584
167585
167588
167589
167588
167585
167587
167590
167592
167590
167587
167587
167589
167588
167584
167582
167584
167588
167590
167588
167585
167585
167587
167587
167585
167583
167586
167590
167593
167590
167587
167587
167589
167588
167587
167586
167590
167592
167593
167591
167589
167588
167589
167589
167585
167582
167584
167587
167587
167585
167582
167585
167587
167588
167585
167583
167584
167587
167588
167586
167586
167589
167591
167590
167587
167586
167588
167590
167591
167589
167587
167589
167592
167592
167589
167587
167587
167590
167590
167587
167585
167588
167590
167590
167587
167585
167586
167588
167589
167588
167586
167590
167594
167596
167596
167593
167594
167596
167595
167591
167589
167590
167592
167593
167592
167590
167591
167594
167597
167593
167589
167590
167592
167593
167589
167586
167586
167587
167588
167586
167586
167589
167594
167596
167594
167592
167593
167594
167594
167592
167591
167594
167597
167597
167595
167592
167592
167594
167594
167592
167589
167589
167593
167593
167590
167589
167592
167596
167598
167598
167596
167597
167597
167595
167592
167590
167590
167593
167594
167593
167592
167594
167596
167595
167592
167590
167592
167595
167595
167592
167589
167591
167592
167593
167591
167589
167590
167593
167594
167593
167591
167593
167597
167597
167595
167594
167596
167600
167602
167598
167595
167597
167601
167602
167600
167599
167602
167604
167606
167605
167601
167602
167603
167602
167597
167593
167593
167594
167593
167590
167588
167590
167591
167591
167587
167585
167587
167590
167593
167594
167594
167598
167603
167604
167602
167601
167605
167609
167610
167608
167605
167607
167610
167610
167606
167602
167602
167602
167599
167594
167590
167590
167591
167592
167589
167588
167590
167593
167592
167588
167586
167587
167590
167590
167589
167588
167592
167597
167599
167598
167597
167600
167604
167605
167604
167603
167606
167611
167612
167610
167608
167611
167614
167616
167614
167612
167613
167616
167616
167614
167611
167611
167612
167612
167608
167605
167607
167608
167607
167603
167602
167603
167604
167605
167604
167602
167603
167606
167608
167608
167608
167612
167616
167616
167611
167608
167609
167613
167614
167612
167611
167613
167614
167612
167609
167608
167609
167610
167610
167608
167606
167609
167612
167613
167611
167607
167608
167610
167610
167607
167605
167607
167610
167612
167610
167609
167611
167614
167614
167611
167610
167613
167617
167618
167616
167615
167618
167621
167620
167616
167614
167616
167619
167618
167616
167613
167615
167617
167617
167615
167613
167614
167616
167617
167614
167613
167615
167620
167621
167620
167618
167619
167623
167622
167620
167618
167618
167621
167623
167622
167622
167624
167629
167629
167625
167622
167624
167628
167628
167626
167624
167626
167628
167627
167624
167623
167625
167627
167625
167620
167616
167616
167618
167617
167613
167609
167609
167610
167610
167607
167606
167609
167614
167615
167615
167615
167618
167620
167620
167618
167617
167620
167624
167625
167623
167622
167623
167626
167625
167620
167618
167621
167624
167623
167619
167616
167619
167621
167621
167618
167617
167619
167622
167623
167622
167622
167627
167631
167631
167629
167627
167629
167632
167632
167629
167627
167629
167631
167631
167629
167629
167630
167633
167633
167630
167627
167629
167631
167630
167628
167626
167629
167632
167631
167629
167627
167629
167631
167630
167627
167625
167629
167632
167632
167630
167629
167631
167632
167632
167630
167628
167630
167632
167631
167627
167624
167626
167630
167631
167629
167628
167631
167633
167632
167628
167627
167628
167630
167628
167627
167628
167631
167634
167632
167629
167628
167630
167632
167631
167627
167626
167628
167631
167630
167628
167628
167631
167634
167635
167632
167630
167632
167633
167632
167629
167628
167630
167632
167631
167630
167629
167630
167632
167632
167629
167628
167629
167632
167632
167629
167628
167630
167633
167633
167631
167630
167631
167635
167635
167634
167633
167636
167638
167637
167634
167632
167633
167634
167634
167632
167631
167632
167634
167632
167629
167629
167631
167633
167633
167632
167632
167635
167639
167641
167641
167640
167641
167642
167640
167637
167636
167638
167641
167640
167638
167636
167637
167640
167639
167638
167636
167637
167640
167639
167637
167636
167639
167641
167640
167637
167638
167642
167645
167645
167643
167643
167646
167648
167646
167643
167643
167645
167647
167645
167640
167636
167637
167639
167638
167635
167633
167636
167639
167640
167639
167639
167644
167647
167647
167646
167644
167646
167649
167647
167643
167641
167644
167648
167647
167646
167647
167650
167654
167654
167652
167651
167653
167655
167654
167650
167648
167649
167651
167651
167647
167647
167650
167652
167653
167651
167652
167655
167657
167656
167655
167655
167657
167658
167656
167653
167652
167653
167654
167652
167650
167651
167653
167655
167654
167651
167651
167653
167656
167656
167653
167654
167657
167660
167660
167658
167657
167661
167662
167662
167660
167659
167660
167661
167660
167658
167656
167655
167658
167656
167654
167656
167661
167665
167666
167666
167665
167668
167672
167672
167669
167667
167670
167673
167673
167672
167671
167674
167677
167677
167674
167673
167675
167677
167674
167671
167669
167672
167675
167674
167672
167672
167674
167675
167674
167671
167670
167671
167671
167669
167664
167663
167665
167668
167667
167665
167666
167670
167674
167674
167673
167675
167680
167685
167684
167681
167679
167680
167681
167679
167675
167675
167678
167681
167680
167678
167678
167680
167682
167679
167674
167673
167676
167677
167674
167670
167670
167673
167675
167674
167671
167670
167672
167676
167675
167674
167675
167678
167682
167680
167678
167678
167681
167685
167684
167681
167679
167680
167682
167681
167679
167678
167678
167680
167679
167675
167675
167677
167680
167679
167679
167679
167682
167686
167684
167682
167681
167683
167685
167683
167681
167682
167687
167691
167690
167688
167688
167690
167692
167691
167690
167689
167690
167691
167689
167685
167683
167685
167689
167688
167686
167685
167688
167692
167690
167686
167687
167689
167692
167690
167687
167686
167689
167694
167694
167692
167692
167694
167695
167693
167690
167689
167690
167693
167693
167690
167690
167694
167696
167692
167687
167686
167687
167689
167688
167689
167689
167691
167693
167690
167686
167684
167686
167689
167688
167687
167687
167691
167693
167692
167690
167690
167692
167694
167689
167684
167684
167686
167689
167688
167686
167686
167691
167692
167690
167687
167687
167690
167692
167691
167689
167688
167691
167695
167694
167689
167686
167691
167694
167692
167687
167685
167687
167689
167687
167684
167687
167689
167687
167686
167687
167686
167685
167687
167686
167680
167681
167687
167686
167682
167680
167678
167677
167682
167680
167676
167676
167679
167680
167678
167674
167671
167674
167674
167672
167672
167672
167674
167676
167674
167671
167673
167674
167674
167673
167669
167666
167668
167668
167667
167667
167666
167668
167670
167669
167667
167668
167669
167673
167668
167661
167660
167662
167663
167664
167666
167666
167668
167674
167673
167670
167669
167672
167673
167668
167665
167664
167665
167667
167666
167663
167664
167668
167671
167669
167666
167670
167672
167673
167672
167667
167663
167664
167663
167659
167655
167656
167660
167663
167660
167658
167660
167662
167662
167657
167653
167654
167657
167659
167659
167658
167660
167665
167670
167667
167664
167665
167667
167668
167666
167663
167664
167665
167664
167660
167656
167654
167657
167659
167659
167658
167661
167665
167667
167664
167660
167657
167658
167659
167657
167655
167658
167662
167664
167661
167658
167659
167663
167664
167662
167661
167661
167663
167664
167663
167660
167660
167663
167663
167659
167657
167659
167662
167665
167663
167657
167657
167661
167664
167663
167661
167662
167666
167666
167662
167660
167660
167662
167663
167660
167658
167658
167660
167660
167657
167653
167653
167655
167656
167653
167651
167651
167654
167657
167657
167655
167656
167658
167660
167658
167652
167649
167649
167651
167648
167645
167647
167649
167651
167650
167647
167648
167651
167652
167648
167645
167643
167644
167642
167638
167636
167637
167639
167640
167637
167634
167637
167641
167642
167639
167637
167639
167642
167645
167644
167641
167640
167642
167644
167642
167639
167638
167639
167638
167635
167631
167630
167632
167634
167633
167629
167632
167636
167641
167640
167636
167636
167637
167637
167635
167632
167632
167634
167635
167632
167629
167630
167633
167635
167633
167631
167632
167637
167639
167637
167635
167638
167643
167646
167644
167641
167640
167643
167645
167644
167643
167643
167646
167648
167647
167644
167644
167645
167645
167642
167638
167639
167643
167645
167644
167641
167642
167643
167644
167642
167640
167641
167644
167647
167646
167643
167645
167647
167649
167646
167644
167645
167648
167650
167648
167646
167648
167652
167653
167651
167649
167649
167652
167654
167652
167650
167651
167655
167657
167655
167652
167653
167657
167660
167659
167658
167659
167661
167662
167660
167657
167656
167657
167658
167656
167653
167655
167660
167662
167662
167660
167661
167664
167666
167666
167665
167666
167669
167670
167666
167664
167667
167670
167671
167668
167666
167667
167669
167671
167668
167664
167665
167667
167669
167667
167664
167667
167672
167674
167674
167671
167671
167673
167673
167670
167667
167668
167670
167671
167670
167667
167667
167669
167669
167667
167665
167666
167670
167673
167672
167670
167671
167674
167676
167674
167672
167672
167675
167677
167676
167674
167675
167678
167678
167676
167673
167674
167675
167675
167672
167669
167670
167673
167675
167675
167673
167675
167677
167676
167672
167668
167669
167670
167669
167668
167667
167669
167673
167675
167672
167670
167672
167674
167674
167671
167667
167668
167672
167674
167673
167670
167671
167673
167673
167669
167666
167667
167670
167672
167672
167671
167673
167675
167674
167670
167668
167669
167672
167673
167672
167670
167671
167675
167677
167676
167673
167675
167677
167679
167678
167675
167675
167677
167677
167673
167670
167671
167674
167676
167675
167674
167675
167678
167679
167679
167676
167677
167678
167678
167675
167672
167673
167677
167679
167676
167674
167674
167676
167676
167674
167672
167673
167676
167675
167673
167670
167671
167673
167672
167670
167668
167670
167674
167676
167675
167674
167676
167678
167679
167675
167672
167674
167678
167680
167679
167678
167680
167683
167683
167682
167680
167681
167684
167684
167681
167678
167679
167683
167685
167684
167682
167682
167685
167685
167682
167678
167678
167681
167681
167678
167677
167680
167683
167683
167682
167679
167681
167685
167685
167684
167684
167686
167688
167689
167686
167684
167686
167688
167690
167688
167684
167685
167688
167688
167686
167684
167686
167687
167684
167680
167677
167679
167682
167682
167678
167675
167676
167679
167681
167679
167677
167678
167679
167680
167679
167678
167682
167685
167685
167682
167680
167681
167683
167683
167680
167677
167681
167684
167684
167681
167679
167680
167681
167681
167679
167679
167683
167688
167689
167689
167687
167688
167690
167689
167686
167684
167687
167689
167689
167686
167684
167687
167691
167692
167689
167686
167688
167689
167688
167684
167682
167683
167684
167682
167678
167676
167678
167681
167682
167680
167678
167679
167681
167681
167679
167677
167677
167678
167679
167677
167677
167679
167682
167684
167682
167681
167682
167686
167686
167685
167684
167684
167686
167685
167683
167680
167682
167685
167684
167679
167676
167678
167682
167682
167679
167676
167677
167679
167680
167678
167677
167679
167683
167684
167683
167681
167683
167684
167683
167679
167677
167679
167683
167685
167683
167681
167681
167682
167681
167679
167678
167682
167687
167689
167688
167684
167687
167689
167690
167689
167687
167689
167692
167693
167691
167690
167692
167696
167697
167694
167691
167692
167694
167695
167693
167691
167692
167693
167692
167688
167683
167683
167687
167687
167684
167681
167684
167688
167689
167687
167685
167688
167693
167695
167692
167691
167693
167696
167696
167694
167694
167697
167700
167701
167698
167697
167697
167697
167695
167692
167688
167689
167691
167690
167688
167686
167688
167689
167688
167686
167685
167686
167690
167690
167687
167686
167689
167692
167691
167687
167685
167685
167688
167689
167688
167687
167689
167693
167694
167693
167692
167694
167697
167698
167695
167693
167694
167696
167695
167693
167690
167691
167693
167693
167691
167689
167691
167692
167691
167688
167684
167686
167689
167689
167687
167687
167689
167692
167691
167687
167683
167683
167684
167684
167682
167681
167684
167688
167688
167684
167681
167682
167686
167686
167684
167682
167684
167686
167686
167684
167683
167685
167688
167688
167686
167684
167686
167688
167689
167688
167685
167687
167689
167687
167683
167680
167682
167685
167684
167682
167683
167686
167689
167692
167690
167688
167691
167694
167693
167690
167688
167690
167695
167698
167693
167685
167683
167688
167689
167688
167687
167691
167694
167695
167692
167690
167692
167695
167694
167691
167690
167692
167695
167695
167693
167692
167693
167695
167694
167692
167689
167692
167693
167692
167689
167689
167691
167694
167694
167691
167691
167694
167697
167696
167692
167690
167690
167691
167689
167686
167686
167690
167694
167694
167690
167687
167687
167687
167685
167683
167681
167684
167688
167688
167687
167687
167690
167694
167694
167692
167691
167693
167696
167694
167689
167685
167687
167690
167690
167688
167688
167690
167693
167694
167692
167690
167691
167693
167692
167688
167686
167688
167691
167690
167690
167689
167693
167697
167696
167695
167692
167691
167692
167691
167688
167687
167691
167694
167693
167688
167687
167689
167690
167691
167688
167686
167687
167691
167690
167687
167686
167689
167692
167689
167687
167685
167686
167688
167688
167685
167684
167688
167692
167691
167689
167687
167688
167689
167689
167688
167687
167690
167693
167691
167688
167685
167686
167688
167688
167688
167689
167691
167692
167687
167681
167678
167678
167681
167682
167681
167680
167681
167684
167684
167681
167680
167682
167683
167682
167680
167678
167681
167682
167682
167681
167681
167684
167686
167684
167679
167678
167679
167681
167682
167681
167682
167684
167684
167681
167677
167676
167679
167682
167680
167678
167678
167679
167681
167679
167675
167673
167675
167677
167675
167669
167667
167676
167679
167679
167679
167680
167682
167686
167688
167686
167686
167688
167688
167687
167686
167687
167689
167693
167693
167691
167690
167692
167692
167688
167682
167680
167681
167684
167683
167681
167681
167685
167689
167689
167686
167685
167687
167689
167689
167686
167686
167688
167689
167687
167685
167685
167688
167691
167691
167690
167688
167691
167694
167693
167690
167689
167689
167690
167689
167688
167690
167696
167700
167701
167699
167699
167701
167703
167700
167698
167698
167700
167701
167699
167696
167695
167697
167699
167699
167698
167699
167702
167704
167703
167700
167697
167696
167698
167696
167693
167691
167692
167695
167695
167694
167694
167696
167698
167697
167694
167693
167696
167700
167700
167697
167696
167698
167700
167698
167696
167695
167698
167702
167701
167699
167697
167699
167701
167698
167695
167694
167696
167699
167698
167695
167692
167693
167698
167697
167694
167692
167693
167695
167695
167692
167692
167695
167695
167693
167690
167689
167691
167694
167694
167692
167690
167693
167695
167694
167692
167690
167692
167694
167694
167693
167692
167693
167695
167694
167691
167690
167693
167697
167697
167696
167696
167699
167701
167698
167694
167693
167697
167698
167696
167692
167691
167694
167696
167695
167691
167690
167693
167695
167693
167691
167691
167695
167698
167697
167698
167699
167700
167702
167700
167697
167697
167699
167701
167700
167699
167699
167702
167703
167700
167695
167694
167697
167697
167695
167693
167695
167697
167699
167696
167694
167693
167694
167697
167696
167695
167698
167704
167708
167707
167705
167703
167703
167704
167702
167701
167703
167705
167706
167705
167703
167703
167705
167706
167703
167699
167699
167701
167702
167701
167698
167699
167703
167705
167705
167704
167703
167706
167708
167706
167702
167701
167702
167703
167702
167700
167700
167702
167704
167702
167698
167699
167701
167701
167699
167697
167696
167699
167702
167699
167695
167694
167697
167698
167698
167696
167697
167701
167705
167705
167704
167704
167707
167709
167706
167702
167699
167699
167701
167700
167698
167699
167704
167708
167705
167702
167701
167702
167703
167701
167699
167697
167700
167704
167705
167704
167704
167707
167707
167705
167702
167699
167700
167703
167703
167701
167703
167706
167709
167709
167709
167711
167712
167712
167708
167702
167700
167704
167707
167707
167706
167707
167709
167711
167708
167704
167703
167706
167708
167705
167702
167702
167704
167707
167707
167705
167706
167708
167711
167711
167711
167713
167716
167715
167713
167709
167708
167711
167715
167715
167713
167712
167714
167715
167711
167706
167704
167705
167706
167704
167702
167703
167707
167707
167704
167701
167700
167703
167703
167699
167695
167698
167702
167705
167706
167704
167705
167707
167708
167706
167701
167700
167703
167706
167706
167706
167708
167712
167714
167712
167708
167708
167709
167712
167711
167705
167704
167706
167707
167706
167703
167701
167703
167703
167701
167700
167702
167705
167706
167703
167698
167698
167700
167703
167703
167701
167702
167705
167706
167705
167702
167702
167706
167709
167707
167704
167704
167707
167710
167707
167703
167703
167707
167709
167707
167705
167708
167709
167708
167703
167697
167696
167697
167700
167703
167710
167714
167712
167705
167704
167703
167699
167697
167696
167695
167692
167690
167694
167698
167695
167690
167693
167694
167689
167683
167680
167679
167676
167677
167675
167670
167671
167674
167674
167670
167669
167670
167670
167672
167670
167667
167666
167670
167672
167671
167668
167668
167668
167667
167664
167661
167663
167667
167669
167665
167663
167663
167667
167671
167671
167670
167672
167674
167674
167671
167668
167669
167672
167674
167672
167670
167671
167672
167672
167670
167668
167670
167673
167674
167672
167670
167670
167674
167677
167676
167674
167676
167678
167679
167676
167672
167674
167678
167680
167678
167675
167674
167676
167675
167670
167666
167669
167673
167676
167674
167672
167673
167674
167676
167674
167671
167670
167672
167671
167669
167666
167667
167670
167670
167667
167664
167664
167667
167669
167667
167664
167664
167667
167669
167667
167664
167664
167665
167665
167663
167659
167660
167663
167663
167660
167658
167661
167665
167666
167662
167661
167664
167667
167670
167667
167664
167663
167666
167668
167667
167667
167669
167672
167670
167666
167663
167663
167667
167668
167665
167663
167663
167666
167666
167662
167659
167658
167660
167662
167661
167659
167658
167660
167662
167659
167657
167658
167659
167659
167656
167652
167654
167658
167660
167657
167653
167654
167657
167659
167659
167659
167662
167666
167667
167665
167661
167660
167661
167663
167660
167657
167656
167659
167660
167658
167656
167654
167655
167656
167654
167651
167653
167656
167656
167653
167650
167651
167653
167655
167653
167649
167650
167652
167653
167650
167648
167650
167656
167659
167659
167658
167659
167661
167662
167659
167654
167653
167656
167657
167653
167649
167651
167655
167656
167653
167648
167649
167652
167653
167651
167649
167653
167655
167655
167652
167649
167651
167653
167653
167650
167648
167649
167653
167655
167652
167649
167651
167654
167657
167659
167652
167646
167648
167655
167654
167652
167654
167655
167654
167653
167654
167657
167657
167657
167661
167663
167659
167661
167665
167665
167662
167667
167670
167671
167668
167665
167666
167668
167669
167671
167670
167672
167674
167675
167675
167675
167675
167679
167679
167675
167669
167670
167677
167681
167676
167674
167677
167680
167681
167677
167674
167677
167682
167682
167679
167678
167679
167680
167680
167679
167678
167682
167686
167687
167685
167684
167685
167688
167688
167685
167682
167683
167684
167686
167685
167686
167689
167693
167693
167686
167686
167691
167692
167691
167692
167690
167690
167694
167694
167693
167691
167692
167695
167698
167696
167694
167694
167696
167696
167692
167689
167691
167695
167696
167697
167697
167699
167702
167703
167702
167700
167700
167701
167701
167701
167700
167703
167706
167706
167704
167702
167705
167708
167710
167708
167704
167702
167701
167699
167696
167692
167696
167700
167702
167701
167698
167700
167703
167704
167701
167698
167701
167704
167704
167704
167703
167706
167710
167716
167717
167717
167721
167725
167727
167723
167720
167721
167723
167724
167723
167722
167723
167726
167727
167724
167721
167721
167722
167720
167718
167716
167716
167718
167717
167715
167714
167717
167720
167720
167718
167716
167719
167722
167723
167722
167722
167726
167731
167734
167733
167731
167732
167733
167733
167730
167727
167727
167728
167727
167727
167727
167730
167734
167736
167736
167734
167735
167739
167739
167736
167735
167738
167742
167742
167740
167739
167741
167746
167746
167742
167739
167738
167740
167741
167738
167736
167738
167742
167744
167742
167740
167744
167745
167745
167744
167743
167745
167746
167748
167746
167744
167746
167749
167748
167744
167742
167744
167746
167747
167745
167744
167746
167749
167748
167744
167740
167740
167742
167742
167738
167735
167736
167739
167740
167738
167737
167740
167744
167744
167741
167738
167739
167741
167741
167738
167737
167740
167742
167741
167737
167735
167738
167742
167740
167737
167737
167740
167742
167743
167741
167737
167738
167740
167739
167738
167737
167739
167742
167742
167738
167735
167738
167741
167742
167739
167738
167741
167747
167747
167744
167743
167744
167747
167746
167742
167738
167738
167739
167740
167740
167739
167742
167747
167747
167746
167744
167747
167749
167750
167747
167743
167745
167747
167746
167744
167742
167745
167750
167752
167750
167749
167752
167754
167753
167750
167747
167749
167751
167750
167746
167743
167746
167749
167750
167749
167748
167750
167754
167753
167749
167747
167748
167750
167751
167751
167752
167755
167757
167757
167754
167752
167753
167755
167754
167751
167749
167750
167752
167752
167749
167748
167750
167751
167750
167748
167749
167752
167756
167758
167756
167755
167758
167760
167758
167756
167753
167754
167756
167754
167752
167750
167753
167756
167757
167754
167753
167756
167759
167760
167759
167759
167762
167765
167765
167763
167761
167762
167764
167764
167760
167757
167760
167763
167762
167759
167757
167759
167761
167761
167760
167759
167762
167763
167763
167760
167758
167760
167760
167758
167755
167754
167758
167762
167764
167762
167761
167764
167766
167765
167762
167759
167761
167765
167767
167763
167760
167763
167766
167767
167768
167768
167770
167773
167773
167771
167769
167771
167775
167776
167774
167774
167775
167775
167773
167770
167769
167772
167775
167775
167772
167771
167772
167775
167776
167775
167776
167780
167783
167782
167779
167777
167779
167782
167782
167779
167776
167777
167778
167776
167773
167773
167774
167775
167774
167771
167769
167773
167775
167774
167771
167770
167773
167774
167774
167772
167771
167773
167778
167778
167777
167775
167776
167780
167780
167777
167775
167778
167780
167780
167778
167775
167775
167776
167774
167770
167769
167771
167775
167775
167772
167771
167774
167778
167778
167776
167777
167779
167782
167781
167777
167775
167777
167779
167779
167777
167776
167777
167781
167782
167779
167776
167777
167780
167781
167780
167781
167784
167786
167785
167782
167780
167783
167785
167783
167780
167779
167780
167783
167782
167777
167776
167779
167779
167777
167774
167773
167777
167781
167780
167778
167777
167778
167780
167778
167775
167774
167776
167779
167779
167778
167777
167780
167783
167782
167780
167778
167777
167778
167775
167774
167773
167775
167778
167778
167776
167775
167778
167780
167779
167776
167775
167778
167782
167782
167780
167778
167780
167780
167778
167776
167775
167776
167776
167773
167768
167767
167769
167771
167773
167772
167773
167779
167784
167785
167783
167781
167782
167784
167782
167778
167778
167780
167783
167783
167782
167781
167784
167785
167783
167780
167781
167784
167786
167784
167782
167781
167783
167785
167786
167786
167786
167789
167792
167790
167786
167784
167786
167788
167785
167782
167782
167784
167786
167785
167784
167785
167789
167792
167789
167786
167785
167787
167788
167786
167784
167783
167786
167789
167786
167782
167780
167782
167784
167783
167780
167778
167781
167784
167784
167783
167784
167788
167789
167788
167787
167786
167792
167795
167792
167790
167789
167790
167792
167790
167787
167787
167789
167791
167789
167787
167786
167788
167790
167791
167790
167790
167792
167793
167790
167788
167786
167788
167793
167792
167790
167790
167793
167795
167793
167790
167790
167793
167795
167795
167793
167790
167792
167795
167795
167793
167793
167796
167801
167800
167796
167792
167793
167795
167793
167792
167792
167794
167797
167795
167790
167788
167790
167794
167794
167794
167797
167801
167805
167803
167801
167799
167800
167803
167800
167797
167796
167799
167802
167800
167799
167801
167803
167805
167803
167801
167801
167804
167806
167805
167801
167798
167800
167801
167798
167795
167795
167797
167800
167798
167795
167796
167796
167797
167795
167790
167788
167790
167792
167788
167785
167784
167788
167791
167790
167788
167787
167789
167790
167788
167786
167786
167789
167792
167790
167789
167791
167795
167797
167793
167788
167787
167788
167790
167789
167786
167786
167789
167791
167790
167787
167787
167789
167792
167790
167788
167788
167790
167793
167792
167788
167788
167789
167792
167791
167788
167787
167788
167787
167781
167777
167780
167784
167784
167784
167783
167783
167785
167787
167787
167785
167784
167786
167787
167784
167782
167782
167784
167787
167786
167784
167784
167783
167785
167784
167784
167784
167786
167789
167788
167785
167785
167789
167791
167789
167786
167786
167790
167794
167793
167790
167791
167794
167797
167795
167791
167789
167791
167792
167789
167786
167786
167789
167792
167789
167786
167785
167787
167788
167785
167779
167776
167780
167784
167782
167779
167778
167782
167784
167780
167775
167774
167776
167778
167778
167778
167779
167781
167784
167783
167781
167783
167788
167790
167788
167786
167787
167789
167791
167792
167790
167790
167791
167789
167784
167782
167782
167782
167785
167783
167778
167777
167780
167782
167779
167776
167777
167782
167783
167781
167778
167777
167779
167782
167780
167777
167775
167776
167778
167778
167776
167776
167777
167778
167776
167773
167772
167775
167778
167777
167776
167777
167780
167783
167780
167778
167778
167781
167783
167782
167778
167777
167780
167781
167778
167776
167777
167779
167781
167781
167780
167781
167785
167788
167786
167782
167781
167784
167786
167783
167780
167781
167785
167788
167788
167785
167783
167783
167784
167781
167776
167777
167779
167780
167778
167776
167776
167778
167779
167778
167778
167780
167782
167783
167781
167777
167777
167780
167782
167780
167778
167778
167780
167780
167777
167774
167774
167778
167781
167779
167776
167775
167776
167777
167775
167773
167773
167774
167775
167774
167772
167773
167774
167776
167774
167771
167772
167773
167774
167770
167769
167770
167772
167774
167772
167770
167771
167774
167776
167776
167774
167775
167778
167778
167774
167769
167768
167769
167771
167770
167768
167770
167774
167776
167774
167771
167770
167771
167771
167769
167766
167766
167769
167771
167771
167770
167771
167775
167775
167771
167769
167770
167772
167772
167770
167767
167767
167771
167773
167772
167768
167765
167766
167767
167765
167762
167763
167767
167769
167767
167765
167766
167769
167770
167770
167770
167771
167774
167776
167773
167771
167772
167775
167776
167773
167771
167771
167772
167774
167771
167767
167768
167770
167771
167770
167766
167765
167765
167767
167765
167761
167762
167766
167769
167769
167767
167768
167771
167770
167767
167764
167765
167767
167770
167768
167765
167767
167770
167770
167767
167765
167764
167764
167765
167762
167758
167759
167761
167762
167759
167756
167756
167760
167763
167761
167758
167759
167762
167764
167763
167761
167761
167763
167765
167762
167759
167758
167760
167760
167758
167756
167758
167763
167765
167764
167762
167762
167763
167764
167762
167759
167758
167760
167761
167759
167758
167760
167762
167762
167759
167756
167756
167759
167760
167759
167758
167760
167763
167764
167762
167761
167763
167766
167767
167766
167763
167765
167770
167771
167769
167768
167769
167771
167773
167770
167768
167769
167772
167773
167771
167770
167770
167772
167773
167769
167765
167765
167766
167767
167763
167760
167763
167768
167770
167768
167764
167763
167766
167768
167765
167764
167765
167768
167769
167766
167761
167760
167762
167763
167761
167757
167759
167763
167763
167759
167756
167757
167757
167757
167753
167751
167754
167756
167755
167752
167751
167753
167754
167755
167754
167752
167755
167761
167763
167761
167758
167758
167760
167761
167759
167757
167758
167762
167764
167762
167758
167757
167758
167758
167755
167752
167752
167755
167757
167755
167752
167753
167755
167754
167752
167751
167754
167757
167759
167758
167755
167755
167760
167761
167758
167756
167756
167757
167757
167752
167749
167752
167756
167757
167754
167752
167754
167757
167759
167757
167755
167757
167759
167760
167759
167756
167757
167759
167760
167756
167752
167752
167756
167759
167758
167757
167757
167759
167759
167755
167753
167753
167753
167753
167750
167747
167748
167751
167755
167756
167755
167757
167758
167758
167755
167751
167752
167753
167754
167750
167747
167750
167753
167754
167752
167751
167751
167752
167752
167750
167748
167751
167755
167757
167757
167755
167756
167757
167757
167753
167750
167751
167752
167751
167748
167746
167747
167750
167753
167751
167753
167755
167756
167750
167745
167746
167750
167749
167745
167743
167741
167740
167744
167746
167744
167742
167743
167746
167750
167747
167743
167743
167746
167746
167743
167738
