167739
167741
167742
167740
167739
167739
167742
167742
167740
167738
167738
167740
167740
167738
167735
167735
167738
167739
167737
167734
167734
167736
167737
167736
167735
167737
167741
167742
167738
167735
167734
167735
167736
167735
167734
167738
167742
167743
167742
167739
167740
167741
167742
167739
167736
167738
167741
167742
167740
167739
167741
167744
167743
167740
167737
167737
167736
167734
167730
167727
167728
167731
167733
167731
167731
167733
167735
167735
167731
167728
167729
167733
167734
167730
167726
167728
167731
167731
167727
167724
167726
167728
167729
167725
167718
167718
167722
167723
167722
167720
167721
167723
167724
167724
167722
167724
167728
167728
167722
167719
167721
167725
167726
167723
167719
167720
167723
167723
167720
167717
167718
167721
167722
167719
167717
167720
167724
167724
167723
167720
167720
167722
167721
167717
167715
167715
167717
167718
167716
167712
167713
167717
167717
167711
167710
167718
167723
167722
167719
167715
167716
167717
167716
167712
167710
167713
167717
167719
167716
167714
167716
167719
167719
167717
167715
167717
167721
167720
167716
167713
167712
167712
167711
167706
167703
167705
167708
167709
167707
167704
167704
167706
167708
167708
167707
167708
167710
167712
167710
167708
167708
167709
167709
167705
167702
167704
167707
167709
167707
167700
167702
167706
167705
167702
167699
167700
167701
167703
167704
167703
167707
167709
167707
167703
167701
167701
167700
167699
167696
167695
167698
167701
167700
167697
167695
167697
167700
167699
167695
167693
167695
167699
167701
167697
167695
167696
167697
167695
167690
167687
167688
167693
167695
167693
167692
167693
167693
167691
167686
167679
167679
167683
167684
167683
167684
167688
167694
167696
167694
167692
167695
167699
167698
167694
167690
167690
167691
167691
167692
167692
167696
167700
167700
167699
167698
167698
167698
167695
167690
167687
167689
167692
167693
167692
167691
167692
167693
167692
167688
167685
167688
167692
167692
167691
167692
167697
167701
167703
167701
167700
167702
167703
167702
167698
167695
167699
167705
167707
167705
167703
167705
167707
167706
167702
167700
167702
167706
167706
167703
167700
167702
167705
167704
167702
167700
167702
167705
167703
167700
167698
167700
167702
167703
167701
167699
167702
167704
167704
167701
167698
167698
167699
167698
167694
167692
167695
167699
167698
167694
167691
167690
167691
167688
167685
167685
167689
167692
167691
167688
167684
167685
167687
167688
167689
167691
167694
167697
167697
167693
167692
167693
167693
167692
167691
167689
167691
167695
167695
167693
167692
167695
167698
167697
167695
167694
167694
167696
167694
167690
167686
167687
167692
167693
167689
167688
167690
167692
167690
167686
167686
167691
167693
167692
167689
167685
167685
167687
167687
167686
167686
167689
167691
167690
167686
167683
167684
167686
167684
167681
167678
167679
167683
167682
167680
167678
167680
167682
167682
167679
167677
167679
167683
167683
167680
167677
167680
167684
167684
167681
167680
167681
167681
167680
167676
167675
167675
167676
167676
167670
167670
167674
167674
167672
167667
167663
167664
167664
167663
167662
167662
167664
167668
167669
167666
167663
167665
167667
167666
167662
167660
167661
167664
167665
167664
167664
167668
167671
167672
167668
167665
167667
167668
167667
167665
167664
167667
167670
167671
167672
167671
167672
167672
167669
167665
167663
167666
167671
167669
167664
167663
167665
167668
167669
167666
167665
167667
167670
167669
167666
167665
167667
167668
167668
167665
167662
167665
167666
167664
167660
167658
167661
167663
167662
167661
167662
167665
167669
167668
167665
167663
167664
167666
167665
167661
167657
167659
167664
167665
167665
167665
167668
167669
167667
167662
167657
167657
167657
167655
167654
167654
167656
167660
167659
167659
167658
167657
167658
167661
167666
167665
167666
167670
167670
167666
167664
167667
167667
167664
167661
167658
167659
167662
167663
167662
167662
167665
167669
167669
167667
167665
167668
167671
167671
167667
167665
167668
167673
167674
167673
167672
167675
167678
167677
167675
167672
167672
167674
167672
167668
167665
167666
167669
167670
167668
167667
167669
167671
167668
167664
167662
167662
167663
167661
167658
167655
167657
167662
167662
167661
167660
167664
167667
167668
167668
167667
167668
167672
167673
167670
167668
167670
167672
167671
167666
167664
167666
167669
167664
167659
167657
167660
167662
167663
167664
167663
167667
167671
167668
167660
167661
167673
167676
167678
167679
167677
167678
167680
167678
167674
167673
167676
167680
167678
167676
167676
167678
167680
167678
167676
167676
167679
167682
167680
167676
167671
167672
167673
167670
167665
167664
167668
167672
167672
167671
167670
167674
167677
167676
167673
167671
167674
167675
167674
167671
167670
167672
167674
167672
167670
167672
167674
167675
167673
167671
167668
167671
167673
167673
167671
167670
167672
167674
167674
167671
167669
167672
167674
167672
167668
167669
167672
167674
167673
167669
167668
167670
167672
167673
167672
167670
167672
167674
167672
167668
167667
167671
167673
167671
167667
167666
167669
167670
167666
167661
167659
167662
167666
167665
167664
167665
167669
167672
167671
167668
167666
167668
167673
167673
167671
167669
167671
167673
167672
167668
167667
167670
167672
167671
167669
167669
167672
167676
167673
167671
167670
167673
167675
167674
167671
167668
167668
167671
167670
167670
167670
167670
167671
167670
167667
167665
167667
167669
167669
167667
167665
167666
167668
167666
167664
167663
167665
167669
167667
167664
167663
167665
167669
167668
167665
167666
167668
167669
167664
167660
167660
167662
167663
167661
167659
167656
167659
167663
167662
167658
167657
167661
167666
167667
167663
167662
167665
167668
167667
167665
167665
167668
167669
167668
167665
167663
167664
167666
167665
167664
167664
167666
167667
167663
167660
167660
167664
167665
167662
167660
167659
167662
167666
167666
167664
167663
167665
167667
167664
167662
167663
167665
167668
167666
167663
167663
167665
167666
167665
167662
167662
167665
167667
167665
167664
167664
167665
167664
167662
167659
167659
167661
167662
167660
167657
167658
167662
167662
167660
167659
167659
167660
167661
167661
167658
167658
167662
167665
167664
167661
167662
167664
167665
167662
167657
167655
167657
167659
167656
167654
167655
167659
167664
167663
167659
167657
167659
167661
167659
167657
167659
167662
167666
167663
167659
167658
167661
167661
167658
167655
167655
167657
167660
167658
167655
167655
167659
167662
167660
167656
167655
167657
167660
167659
167657
167658
167660
167660
167658
167656
167655
167658
167660
167660
167658
167656
167657
167660
167660
167660
167659
167661
167664
167661
167658
167656
167657
167659
167657
167655
167656
167658
167662
167664
167663
167664
167666
167667
167662
167658
167657
167660
167664
167662
167658
167658
167661
167664
167662
167659
167660
167663
167665
167664
167662
167663
167667
167666
167662
167656
167656
167658
167660
167661
167661
167660
167662
167662
167660
167658
167657
167659
167662
167661
167658
167659
167663
167666
167665
167663
167662
167664
167665
167663
167659
167659
167660
167660
167659
167659
167660
167662
167665
167664
167660
167660
167661
167661
167657
167655
167653
167654
167656
167655
167651
167649
167651
167654
167652
167650
167653
167657
167659
167657
167653
167653
167655
167657
167655
167652
167650
167652
167657
167659
167659
167658
167659
167662
167661
167657
167656
167659
167661
167660
167659
167660
167663
167666
167666
167663
167662
167662
167662
167658
167653
167650
167651
167653
167652
167650
167651
167654
167656
167653
167651
167652
167656
167659
167657
167654
167653
167655
167658
167656
167654
167653
167653
167650
167645
167644
167652
167656
167658
167658
167655
167656
167660
167664
167664
167660
167660
167667
167669
167667
167666
167668
167671
167674
167671
167668
167669
167673
167675
167674
167672
167673
167675
167677
167674
167670
167670
167672
167673
167672
167670
167670
167673
167675
167673
167670
167670
167673
167674
167672
167671
167671
167672
167670
167664
167662
167665
167670
167674
167673
167670
167670
167674
167673
167670
167667
167666
167668
167670
167668
167665
167666
167667
167669
167669
167666
167667
167669
167669
167666
167663
167666
167668
167668
167666
167663
167664
167665
167666
167665
167662
167662
167666
167667
167663
167660
167661
167662
167662
167660
167658
167658
167661
167663
167661
167660
167662
167665
167666
167666
167664
167664
167666
167667
167664
167662
167663
167665
167669
167669
167666
167668
167669
167670
167669
167666
167665
167665
167665
167663
167660
167660
167662
167662
167661
167659
167659
167662
167665
167664
167661
167659
167661
167669
167670
167665
167666
167669
167672
167668
167664
167670
167672
167673
167673
167671
167674
167676
167678
167676
167671
167673
167678
167682
167681
167679
167679
167685
167687
167685
167682
167681
167686
167691
167690
167690
167693
167695
167697
167696
167692
167691
167694
167694
167690
167686
167686
167687
167688
167686
167683
167683
167685
167688
167687
167682
167682
167684
167686
167684
167681
167680
167683
167684
167679
167678
167680
167682
167683
167681
167678
167680
167684
167686
167682
167678
167680
167685
167688
167687
167684
167685
167687
167689
167687
167683
167684
167685
167686
167683
167680
167681
167684
167684
167683
167682
167685
167691
167696
167697
167698
167699
167702
167705
167703
167701
167700
167700
167701
167697
167695
167694
167694
167693
167691
167691
167692
167692
167692
167688
167684
167683
167686
167688
167687
167686
167689
167694
167695
167692
167688
167686
167684
167684
167683
167683
167683
167684
167682
167678
167677
167677
167677
167676
167674
167671
167670
167675
167676
167672
167672
167674
167674
167676
167673
167665
167665
167669
167670
167666
167661
167661
167662
167664
167661
167657
167656
167660
167664
167662
167661
167664
167668
167672
167673
167673
167674
167676
167678
167677
167673
167673
167675
167674
167671
167669
167671
167675
167679
167679
167677
167678
167679
167677
167674
167674
167678
167682
167684
167681
167679
167678
167680
167682
167677
167672
167671
167678
167679
167677
167680
167680
167681
167684
167684
167681
167683
167687
167686
167686
167685
167686
167688
167688
167686
167684
167684
167686
167690
167689
167688
167689
167691
167694
167693
167691
167691
167695
167696
167694
167690
167688
167688
167689
167687
167686
167685
167687
167688
167686
167683
167684
167688
167690
167687
167686
167687
167690
167690
167687
167685
167686
167691
167693
167691
167688
167687
167690
167691
167689
167687
167688
167691
167693
167692
167690
167690
167693
167695
167691
167686
167684
167685
167685
167683
167681
167682
167685
167686
167685
167685
167687
167690
167693
167691
167688
167689
167693
167695
167694
167693
167692
167694
167693
167690
167689
167692
167693
167694
167695
167691
167694
167697
167701
167702
167701
167703
167708
167709
167705
167702
167704
167704
167702
167699
167694
167695
167701
167702
167702
167702
167705
167708
167708
167706
167703
167705
167707
167706
167703
167701
167703
167706
167708
167706
167706
167706
167708
167709
167707
167706
167709
167714
167715
167713
167708
167708
167713
167714
167711
167709
167710
167712
167714
167712
167709
167713
167718
167720
167719
167715
167715
167720
167725
167721
167719
167721
167724
167725
167720
167715
167717
167720
167721
167722
167720
167721
167725
167728
167726
167723
167725
167727
167726
167721
167717
167718
167721
167723
167722
167720
167723
167729
167731
167728
167726
167728
167730
167731
167728
167723
167720
167721
167721
167718
167717
167717
167722
167728
167726
167725
167726
167728
167728
167725
167721
167720
167722
167722
167720
167717
167719
167722
167723
167720
167717
167717
167718
167720
167719
167716
167717
167722
167722
167719
167717
167717
167719
167719
167717
167715
167717
167719
167720
167721
167720
167721
167722
167722
167718
167715
167716
167720
167720
167720
167717
167719
167721
167722
167719
167717
167719
167722
167722
167718
167715
167715
167719
167721
167718
167713
167714
167715
167714
167711
167712
167714
167713
167714
167713
167711
167711
167714
167715
167712
167709
167710
167713
167713
167710
167707
167708
167711
167710
167706
167705
167708
167711
167712
167711
167709
167708
167711
167712
167712
167712
167713
167717
167717
167711
167705
167704
167706
167705
167703
167701
167703
167708
167710
167708
167706
167707
167709
167709
167706
167703
167706
167711
167713
167711
167709
167712
167715
167714
167710
167707
167708
167711
167714
167713
167714
167718
167722
167723
167721
167718
167720
167723
167723
167718
167716
167719
167721
167717
167714
167711
167709
167708
167712
167708
167706
167708
167709
167710
167706
167703
167703
167706
167706
167703
167700
167702
167707
167708
167705
167697
167695
167698
167700
167698
167697
167699
167701
167701
167698
167698
167698
167701
167703
167700
167695
167699
167698
167694
167692
167690
167689
167692
167695
167693
167691
167692
167694
167690
167686
167683
167684
167688
167691
167690
167688
167689
167693
167692
167686
167682
167681
167682
167682
167681
167678
167680
167684
167689
167688
167685
167684
167687
167688
167681
167675
167676
167680
167682
167680
167680
167684
167686
167688
167685
167683
167684
167684
167687
167683
167678
167680
167680
167680
167682
167677
167678
167683
167684
167680
167678
167679
167680
167680
167677
167672
167673
167676
167678
167678
167677
167681
167685
167683
167680
167677
167679
167680
167677
167675
167671
167671
167671
167669
167667
167661
167665
167665
167667
167669
167664
167667
167669
167669
167667
167662
167660
167664
167665
167663
167659
167659
167662
167662
167660
167657
167657
167659
167658
167653
167650
167652
167655
167656
167654
167650
167650
167652
167653
167650
167647
167647
167649
167649
167648
167646
167650
167654
167655
167652
167652
167656
167660
167661
167660
167659
167660
167664
167664
167662
167658
167658
167657
167655
167651
167647
167649
167654
167654
167651
167648
167647
167646
167645
167642
167638
167639
167641
167642
167640
167639
167642
167647
167650
167650
167648
167650
167651
167649
167645
167641
167642
167644
167646
167644
167642
167644
167647
167647
167643
167639
167640
167641
167642
167642
167641
167642
167645
167643
167639
167636
167638
167640
167641
167638
167637
167641
167645
167646
167644
167642
167641
167642
167639
167635
167632
167633
167635
167635
167633
167632
167635
167638
167641
167639
167637
167639
167640
167639
167637
167635
167637
167641
167643
167639
167637
167640
167643
167644
167642
167639
167640
167643
167642
167639
167638
167639
167641
167640
167638
167638
167640
167642
167643
167639
167637
167638
167642
167643
167641
167640
167641
167642
167641
167640
167637
167637
167639
167640
167640
167638
167641
167644
167645
167645
167643
167643
167647
167647
167642
167639
167640
167643
167643
167639
167638
167640
167641
167639
167637
167637
167640
167643
167642
167639
167637
167638
167640
167639
167637
167636
167637
167639
167639
167635
167630
167629
167630
167630
167628
167626
167629
167631
167632
167633
167632
167633
167637
167639
167636
167635
167639
167645
167646
167644
167641
167642
167644
167644
167641
167640
167642
167646
167648
167645
167644
167646
167650
167649
167644
167641
167644
167647
167649
167646
167643
167643
167645
167645
167644
167644
167647
167649
167647
167644
167643
167648
167653
167654
167650
167647
167649
167651
167651
167650
167648
167649
167653
167655
167654
167654
167658
167660
167659
167656
167653
167655
167658
167659
167656
167654
167656
167660
167662
167660
167657
167658
167659
167660
167659
167657
167658
167660
167660
167660
167659
167660
167663
167664
167662
167659
167661
167664
167664
167663
167663
167667
167672
167672
167669
167665
167667
167670
167671
167669
167668
167671
167674
167675
167672
167669
167670
167673
167674
167672
167673
167676
167679
167679
167674
167671
167675
167679
167677
167673
167670
167672
167676
167676
167672
167671
167672
167675
167676
167675
167675
167676
167679
167679
167675
167673
167676
167679
167679
167676
167674
167676
167680
167682
167682
167681
167683
167685
167684
167680
167677
167678
167681
167681
167679
167678
167682
167683
167682
167679
167674
167675
167676
167675
167671
167670
167673
167676
167677
167676
167675
167678
167681
167681
167679
167677
167680
167684
167682
167679
167676
167678
167682
167684
167682
167678
167678
167679
167679
167677
167676
167678
167681
167681
167680
167678
167680
167684
167685
167681
167680
167683
167684
167682
167679
167678
167681
167683
167684
167683
167682
167685
167689
167690
167686
167682
167682
167685
167685
167681
167678
167679
167683
167684
167682
167680
167683
167685
167683
167680
167676
167678
167679
167678
167677
167676
167677
167680
167682
167679
167674
167674
167677
167677
167675
167672
167672
167676
167676
167674
167673
167676
167678
167677
167675
167674
167677
167680
167680
167677
167677
167681
167683
167682
167677
167674
167675
167675
167673
167671
167671
167676
167679
167680
167677
167674
167674
167674
167674
167670
167666
167668
167671
167670
167667
167666
167669
167670
167672
167677
167676
167678
167682
167685
167683
167680
167681
167684
167687
167684
167682
167683
167684
167681
167679
167677
167680
167683
167682
167679
167679
167681
167684
167685
167685
167686
167690
167694
167693
167691
167690
167692
167694
167693
167692
167691
167693
167696
167696
167695
167693
167695
167697
167698
167696
167696
167698
167701
167700
167696
167693
167693
167694
167694
167692
167690
167694
167698
167698
167696
167696
167699
167703
167702
167699
167697
167699
167701
167702
167700
167699
167701
167706
167707
167706
167706
167709
167713
167714
167711
167709
167710
167714
167715
167714
167713
167714
167717
167716
167713
167711
167713
167714
167714
167711
167709
167709
167711
167709
167705
167701
167701
167703
167704
167703
167704
167709
167714
167715
167714
167714
167716
167719
167719
167717
167715
167716
167719
167720
167717
167715
167718
167721
167720
167717
167716
167718
167721
167721
167719
167718
167719
167720
167719
167714
167711
167711
167713
167714
167712
167710
167713
167716
167716
167711
167707
167707
167709
167708
167704
167701
167704
167708
167705
167703
167701
167704
167707
167709
167709
167709
167712
167714
167712
167710
167708
167707
167707
167705
167702
167700
167703
167706
167707
167704
167702
167702
167704
167703
167699
167697
167698
167700
167701
167698
167694
167695
167698
167696
167694
167695
167697
167699
167700
167697
167695
167695
167696
167695
167691
167689
167691
167694
167695
167693
167691
167694
167698
167697
167696
167696
167699
167701
167702
167701
167698
167699
167701
167699
167695
167692
167695
167699
167700
167699
167697
167698
167699
167698
167695
167694
167697
167702
167702
167699
167696
167698
167702
167703
167700
167698
167701
167703
167702
167701
167701
167703
167707
167707
167704
167701
167701
167704
167704
167702
167702
167705
167706
167706
167704
167702
167703
167707
167708
167706
167704
167704
167708
167707
167704
167702
167705
167707
167707
167706
167705
167709
167712
167710
167708
167706
167707
167709
167707
167703
167700
167700
167702
167704
167703
167702
167703
167705
167704
167701
167700
167704
167710
167710
167710
167709
167710
167711
167710
167706
167703
167704
167707
167706
167706
167707
167709
167711
167710
167707
167704
167706
167707
167706
167701
167699
167700
167701
167700
167697
167695
167696
167699
167698
167697
167697
167699
167702
167703
167701
167699
167702
167706
167706
167703
167700
167702
167706
167706
167704
167701
167701
167703
167704
167700
167697
167698
167701
167703
167701
167698
167698
167700
167700
167695
167691
167693
167696
167694
167691
167690
167694
167699
167700
167697
167697
167700
167703
167701
167698
167696
167699
167703
167704
167704
167704
167706
167706
167702
167698
167697
167699
167701
167702
167699
167695
167696
167698
167697
167694
167692
167695
167697
167698
167698
167697
167698
167701
167701
167699
167698
167699
167702
167702
167700
167699
167701
167702
167698
167696
167693
167695
167698
167700
167700
167698
167700
167702
167701
167698
167696
167698
167703
167704
167703
167702
167704
167706
167705
167701
167698
167700
167703
167704
167700
167697
167697
167698
167696
167694
167691
167692
167696
167697
167695
167694
167694
167696
167695
167692
167690
167690
167692
167692
167688
167686
167689
167693
167694
167691
167690
167692
167695
167695
167695
167692
167691
167690
167692
167693
167691
167692
167696
167696
167692
167689
167689
167691
167692
167689
167687
167688
167690
167689
167686
167683
167684
167685
167685
167682
167681
167684
167687
167688
167687
167685
167687
167688
167688
167687
167686
167688
167690
167690
167687
167684
167684
167687
167687
167684
167681
167684
167688
167688
167685
167682
167686
167689
167688
167685
167682
167682
167684
167683
167681
167681
167686
167689
167688
167685
167683
167684
167686
167685
167683
167683
167687
167691
167691
167688
167686
167689
167691
167689
167684
167681
167682
167686
167685
167681
167680
167682
167687
167689
167688
167686
167690
167695
167697
167694
167692
167694
167696
167694
167690
167688
167689
167689
167687
167685
167683
167684
167686
167686
167683
167682
167685
167689
167687
167683
167682
167686
167689
167687
167685
167684
167685
167687
167688
167685
167683
167684
167687
167688
167686
167686
167688
167690
167689
167687
167683
167683
167682
167680
167676
167675
167677
167679
167678
167678
167679
167681
167680
167677
167674
167672
167672
167677
167680
167679
167679
167681
167683
167683
167678
167676
167678
167682
167682
167680
167678
167680
167682
167684
167684
167682
167683
167684
167684
167681
167679
167679
167680
167680
167678
167676
167678
167681
167682
167681
167680
167683
167686
167684
167679
167676
167679
167683
167682
167680
167679
167684
167687
167685
167681
167680
167682
167683
167682
167680
167679
167681
167684
167682
167679
167677
167677
167676
167676
167677
167675
167675
167679
167681
167678
167676
167677
167680
167681
167678
167675
167677
167678
167676
167673
167671
167674
167678
167681
167681
167680
167680
167682
167682
167679
167678
167680
167682
167682
167680
167677
167679
167683
167684
167680
167676
167675
167675
167670
167665
167664
167665
167668
167669
167665
167662
167664
167669
167669
167668
167667
167670
167673
167674
167673
167675
167680
167686
167685
167682
167680
167683
167686
167687
167684
167683
167686
167689
167688
167685
167684
167686
167688
167686
167682
167678
167679
167682
167683
167682
167679
167680
167682
167679
167674
167671
167671
167671
167669
167669
167668
167669
167674
167677
167675
167672
167675
167677
167679
167679
167678
167679
167681
167685
167687
167688
167688
167690
167691
167688
167687
167691
167696
167696
167693
167691
167694
167695
167698
167696
167689
167691
167697
167695
167691
167691
167694
167697
167696
167693
167690
167692
167695
167695
167691
167688
167688
167689
167690
167686
167685
167689
167694
167693
167691
167689
167690
167694
167694
167691
167692
167697
167699
167701
167702
167701
167702
167706
167704
167699
167696
167697
167700
167701
167698
167696
167698
167701
167701
167697
167695
167696
167700
167700
167698
167695
167697
167702
167703
167699
167699
167701
167704
167706
167703
167700
167702
167707
167708
167706
167703
167704
167706
167705
167702
167699
167702
167705
167705
167703
167700
167700
167703
167703
167700
167697
167699
167702
167703
167699
167697
167699
167701
167702
167698
167697
167696
167696
167699
167699
167702
167702
167702
167703
167701
167700
167703
167707
167708
167703
167699
167702
167706
167706
167706
167706
167707
167711
167712
167707
167705
167707
167712
167713
167710
167707
167709
167711
167710
167708
167707
167708
167710
167710
167706
167702
167702
167704
167704
167701
167698
167699
167703
167703
167701
167700
167703
167706
167706
167704
167702
167704
167707
167706
167702
167699
167703
167707
167710
167710
167712
167714
167714
167715
167713
167711
167712
167713
167714
167712
167710
167711
167714
167714
167710
167709
167710
167712
167711
167709
167707
167709
167713
167713
167711
167707
167706
167708
167707
167705
167701
167704
167707
167708
167704
167702
167704
167707
167708
167707
167704
167707
167710
167709
167705
167706
167707
167711
167713
167710
167708
167709
167709
167709
167707
167705
167707
167710
167712
167709
167708
167710
167712
167713
167710
167709
167710
167712
167711
167707
167706
167708
167710
167711
167710
167707
167709
167710
167709
167706
167703
167704
167706
167708
167706
167704
167706
167711
167712
167711
167707
167708
167706
167706
167701
167698
167700
167699
167695
167691
167690
167689
167691
167693
167696
167696
167698
167697
167693
167688
167688
167689
167691
167689
167690
167690
167692
167692
167690
167689
167688
167688
167688
167689
167686
167684
167687
167685
167681
167678
167676
167678
167682
167682
167679
167676
167675
167677
167679
167678
167676
167676
167678
167676
167672
167669
167673
167678
167680
167679
167680
167681
167680
167676
167674
167672
167671
167674
167676
167672
167671
167676
167680
167681
167678
167675
167675
167678
167677
167674
167673
167675
167675
167673
167670
167668
167668
167670
167669
167665
167662
167664
167666
167666
167663
167660
167661
167663
167662
167657
167656
167660
167664
167665
167665
167666
167671
167671
167665
167656
167658
167661
167664
167667
167663
167658
167661
167662
167658
167658
167654
167653
167657
167658
167652
167650
167652
167654
167654
167654
167651
167653
167657
167654
167650
167650
167650
167651
167652
167648
167644
167644
167642
167643
167640
167635
167636
167640
167636
167634
167633
167634
167636
167636
167633
167630
167629
167630
167630
167628
167625
167626
167627
167626
167624
167624
167627
167631
167633
167631
167628
167630
167634
167634
167633
167632
167634
167636
167636
167635
167633
167635
167638
167639
167636
167634
167635
167637
167636
167630
167626
167626
167628
167628
167625
167624
167626
167629
167629
167626
167624
167625
167627
167627
167626
167624
167625
167628
167631
167629
167628
167629
167630
167627
167623
167620
167622
167625
167625
167623
167620
167621
167624
167624
167623
167620
167621
167623
167624
167624
167623
167626
167629
167628
167624
167619
167619
167621
167621
167618
167616
167617
167620
167620
167619
167618
167621
167623
167623
167618
167615
167618
167620
167621
167620
167617
167618
167621
167624
167622
167615
167615
167619
167618
167614
167610
167610
167612
167610
167609
167606
167606
167607
167608
167606
167603
167604
167609
167610
167609
167606
167606
167608
167608
167603
167598
167599
167602
167602
167601
167599
167601
167604
167606
167607
167605
167606
167609
167609
167607
167604
167605
167606
167605
167602
167600
167603
167606
167606
167604
167601
167602
167605
167605
167602
167599
167600
167603
167603
167600
167597
167600
167605
167606
167603
167600
167602
167605
167605
167601
167599
167602
167606
167607
167605
167602
167603
167604
167604
167598
167591
167595
167604
167601
167600
167603
167603
167608
167609
167603
167602
167602
167602
167607
167606
167602
167602
167602
167604
167603
167600
167600
167601
167601
167601
167599
167602
167608
167608
167604
167600
167600
167600
167598
167593
167591
167594
167595
167595
167592
167591
167595
167599
167599
167597
167596
167596
167598
167600
167599
167598
167599
167602
167603
167600
167597
167596
167597
167595
167591
167588
167590
167593
167595
167592
167589
167589
167592
167594
167594
167593
167595
167596
167595
167593
167589
167589
167590
167590
167589
167587
167588
167591
167592
167591
167589
167590
167589
167589
167586
167583
167584
167587
167589
167587
167585
167587
167589
167588
167585
167580
167582
167586
167588
167587
167583
167578
167581
167591
167589
167587
167589
167592
167590
167588
167589
167593
167596
167597
167594
167589
167590
167593
167592
167589
167587
167590
167593
167593
167591
167588
167589
167589
167588
167586
167583
167583
167587
167588
167583
167580
167582
167587
167589
167586
167584
167586
167585
167583
167582
167581
167584
167587
167590
167587
167583
167582
167585
167584
167579
167575
167575
167575
167577
167575
167573
167573
167576
167576
167574
167571
167571
167573
167573
167572
167568
167567
167570
167573
167570
167566
167568
167575
167577
167578
167579
167583
167588
167589
167587
167586
167586
167585
167583
167580
167575
167574
167574
167575
167571
167567
167570
167575
167578
167577
167575
167577
167580
167581
167579
167578
167580
167583
167585
167581
167578
167577
167579
167580
167577
167575
167577
167580
167579
167573
167571
167577
167582
167585
167582
167578
167580
167583
167584
167581
167579
167579
167581
167582
167581
167579
167580
167583
167585
167585
167583
167584
167585
167585
167582
167579
167580
167584
167585
167582
167580
167583
167586
167589
167587
167585
167589
167593
167595
167592
167588
167585
167587
167587
167582
167578
167578
167580
167583
167582
167579
167581
167584
167587
167586
167585
167587
167591
167593
167591
167590
167589
167589
167591
167587
167583
167583
167585
167586
167583
167582
167586
167586
167579
167580
167581
167581
167584
167588
167587
167583
167584
167586
167588
167586
167583
167582
167583
167584
167582
167579
167581
167585
167588
167586
167583
167582
167583
167584
167582
167578
167579
167582
167579
167573
167572
167571
167575
167577
167574
167570
167571
167573
167574
167572
167569
167568
167570
167572
167570
167569
167573
167576
167578
167578
167576
167577
167579
167580
167577
167573
167573
167578
167581
167579
167575
167576
167581
167581
167579
167581
167583
167586
167588
167586
167583
167583
167587
167589
167588
167588
167586
167590
167594
167592
167591
167594
167598
167602
167600
167598
167598
167599
167600
167598
167596
167596
167601
167604
167603
167602
167603
167606
167609
167608
167604
167605
167607
167607
167606
167605
167605
167607
167611
167610
167607
167607
167610
167608
167605
167601
167602
167606
167607
167604
167600
167600
167602
167600
167600
167606
167606
167605
167606
167604
167603
167605
167606
167609
167611
167607
167606
167607
167609
167608
167606
167608
167613
167617
167617
167615
167615
167617
167617
167615
167614
167614
167616
167617
167615
167612
167612
167614
167614
167611
167608
167608
167610
167613
167612
167611
167611
167611
167612
167618
167619
167616
167619
167624
167623
167620
167622
167625
167627
167624
167621
167624
167627
167627
167622
167618
167618
167620
167621
167618
167617
167622
167625
167627
167626
167624
167624
167626
167627
167625
167623
167622
167623
167624
167622
167620
167622
167627
167629
167628
167625
167626
167630
167632
167629
167625
167625
167627
167628
167625
167623
167623
167624
167624
167621
167617
167616
167619
167620
167617
167615
167616
167617
167619
167617
167615
167617
167620
167622
167620
167618
167617
167619
167622
167623
167623
167624
167626
167628
167626
167624
167623
167623
167625
167624
167621
167622
167623
167627
167625
167623
167625
167628
167630
167628
167626
167626
167629
167631
167630
167627
167627
167630
167632
167628
167625
167626
167630
167631
167629
167627
167626
167629
167630
167628
167627
167627
167630
167631
167629
167625
167625
167627
167629
167628
167626
167627
167629
167629
167627
167624
167624
167626
167630
167628
167627
167631
167637
167636
167631
167629
167632
167635
167635
167631
167628
167626
167628
167629
167628
167626
167625
167629
167632
167631
167630
167631
167634
167636
167635
167633
167633
167633
167634
167633
167630
167630
167632
167635
167634
167633
167635
167639
167639
167635
167632
167630
167632
167634
167631
167627
167627
167631
167635
167633
167628
167627
167629
167630
167625
167621
167622
167625
167626
167625
167624
167625
167628
167630
167629
167627
167628
167632
167635
167634
167631
167631
167634
167636
167633
167630
167630
167633
167635
167632
167629
167629
167631
167633
167632
167629
167629
167632
167636
167635
167632
167630
167633
167636
167634
167630
167630
167632
167633
167631
167630
167630
167633
167636
167635
167631
167631
167633
167634
167632
167629
167629
167633
167636
167634
167631
167630
167631
167633
167630
167628
167627
167630
167633
167632
167630
167629
167631
167632
167630
167627
167626
167629
167631
167628
167625
167626
167628
167628
167627
167625
167626
167627
167629
167627
167623
167624
167626
167626
167624
167620
167618
167619
167620
167619
167618
167619
167623
167626
167626
167622
167621
167623
167624
167622
167620
167620
167623
167627
167628
167627
167626
167627
167630
167627
167623
167621
167622
167622
167620
167617
167616
167618
167622
167622
167621
167622
167626
167629
167627
167622
167619
167621
167623
167620
167617
167618
167621
167624
167625
167624
167626
167630
167634
167633
167629
167629
167631
167633
167633
167633
167632
167633
167635
167633
167631
167632
167635
167637
167635
167631
167629
167630
167630
167627
167624
167624
167626
167628
167628
167627
167627
167631
167634
167633
167632
167634
167638
167640
167638
167632
167630
167631
167633
167632
167628
167626
167630
167635
167636
167631
167630
167632
167635
167634
167630
167629
167630
167631
167628
167624
167623
167625
167625
167623
167620
167620
167622
167625
167624
167622
167622
167623
167624
167624
167624
167626
167631
167637
167637
167634
167632
167634
167636
167633
167629
167628
167630
167633
167632
167631
167630
167632
167635
167634
167632
167630
167630
167631
167628
167625
167624
167628
167631
167630
167628
167627
167629
167633
167631
167629
167630
167633
167636
167636
167633
167634
167637
167641
167641
167639
167638
167642
167646
167644
167640
167639
167639
167640
167637
167632
167631
167635
167640
167640
167638
167638
167639
167640
167639
167638
167635
167637
167641
167642
167640
167639
167642
167646
167645
167642
167641
167645
167650
167649
167640
167630
167636
167638
167634
167632
167629
167629
167632
167626
167623
167622
167621
167625
167622
167621
167621
167624
167625
167623
167622
167621
167623
167627
167628
167625
167622
167623
167625
167623
167619
167618
167621
167622
167622
167620
167617
167619
167622
167622
167619
167617
167620
167623
167621
167618
167619
167622
167625
167624
167622
167621
167621
167623
167621
167618
167616
167618
167621
167620
167619
167617
167619
167622
167622
167619
167616
167617
167620
167619
167615
167614
167616
167619
167617
167615
167615
167614
167613
167613
167612
167613
167616
167618
167615
167613
167613
167614
167614
167611
167607
167605
167608
167610
167610
167608
167606
167608
167609
167607
167604
167602
167606
167607
167605
167600
167599
167601
167604
167603
167601
167600
167604
167608
167607
167603
167601
167604
167609
167611
167612
167609
167607
167608
167606
167603
167604
167606
167610
167610
167607
167605
167607
167610
167610
167608
167605
167606
167609
167609
167606
167605
167605
167607
167607
167603
167603
167608
167609
167608
167607
167607
167609
167612
167610
167607
167604
167607
167610
167607
167603
167602
167603
167606
167605
167602
167601
167603
167605
167604
167603
167602
167605
167607
167606
167606
167605
167605
167607
167605
167602
167601
167604
167607
167608
167606
167605
167608
167610
167608
167604
167600
167602
167606
167605
167602
167603
167607
167608
167605
167601
167599
167599
167602
167604
167600
167599
167601
167604
167604
167602
167602
167605
167608
167607
167606
167603
167605
167609
167611
167607
167602
167604
167608
167607
167603
167598
167597
167602
167612
167610
167610
167614
167616
167614
167612
167611
167613
167616
167615
167614
167616
167620
167626
167626
167624
167622
167626
167630
167631
167630
167627
167629
167631
167629
167626
167625
167628
167632
167632
167630
167629
167631
167632
167629
167625
167620
167623
167631
167632
167633
167629
167630
167639
167642
167638
167635
167640
167644
167643
167639
167637
167639
167640
167642
167642
167643
167646
167648
167648
167646
167645
167647
167648
167647
167646
167644
167644
167648
167650
167647
167644
167645
167646
167647
167644
167640
167642
167644
167642
167638
167638
167640
167642
167641
167639
167637
167638
167641
167641
167638
167636
167640
167645
167646
167643
167640
167641
167644
167644
167643
167641
167638
167642
167646
167642
167642
167646
167647
167644
167645
167643
167645
167650
167647
167645
167646
167649
167652
167653
167652
167649
167652
167657
167658
167658
167656
167657
167661
167661
167659
167656
167657
167659
167659
167657
167654
167655
167658
167658
167656
167655
167658
167662
167661
167657
167655
167655
167657
167658
167655
167654
167656
167657
167658
167658
167657
167660
167664
167665
167661
167660
167662
167667
167668
167666
167663
167663
167667
167666
167662
167659
167661
167664
167665
167662
167661
167663
167665
167665
167662
167661
167663
167666
167665
167663
167662
167664
167665
167662
167659
167657
167660
167662
167661
167658
167658
167662
167666
167668
167667
167664
167664
167664
167663
167662
167661
167663
167665
167667
167666
167664
167666
167667
167666
167663
167660
167661
167663
167664
167661
167661
167664
167665
167666
167665
167664
167667
167668
167661
167656
167655
167656
167657
167656
167653
167652
167652
167652
167651
167649
167648
167652
167656
167655
167651
167647
167648
167652
167653
167651
167648
167651
167655
167656
167654
167651
167653
167657
167657
167655
167654
167657
167661
167660
167657
167653
167655
167657
167656
167654
167653
167654
167655
167655
167652
167650
167652
167654
167654
167653
167653
167654
167655
167656
167655
167654
167655
167658
167657
167655
167655
167656
167657
167658
167656
167653
167656
167661
167661
167659
167658
167661
167663
167662
167660
167657
167657
167659
167659
167659
167658
167661
167663
167662
167660
167658
167660
167663
167663
167660
167658
167658
167661
167660
167657
167656
167660
167664
167665
167663
167661
167662
167666
167667
167664
167663
167663
167666
167666
167663
167660
167661
167662
167662
167658
167655
167659
167667
167670
167665
167657
167656
167659
167658
167656
167649
167648
167653
167651
167646
167645
167644
167641
167641
167639
167637
167640
167644
167644
167642
167640
167642
167644
167645
167641
167639
167642
167645
167646
167642
167641
167648
167651
167647
167644
167642
167641
167643
167639
167633
167631
167631
167633
167632
167628
167624
167622
167624
167624
167619
167616
167618
167623
167625
167626
167625
167626
167629
167630
167627
167624
167625
167628
167627
167626
167623
167624
167626
167626
167622
167620
167623
167627
167628
167627
167625
167626
167627
167624
167620
167617
167619
167622
167622
167620
167618
167620
167625
167626
167624
167623
167625
167628
167630
167627
167622
167622
167627
167630
167628
167623
167623
167627
167629
167627
167625
167627
167631
167633
167630
167628
167628
167631
167632
167629
167626
167628
167629
167628
167624
167622
167624
167626
167628
167627
167626
167628
167631
167630
167626
167621
167621
167622
167622
167619
167618
167620
167623
167623
167622
167620
167620
167624
167624
167621
167621
167623
167627
167632
167629
167629
167631
167633
167637
167636
167635
167638
167642
167642
167642
167642
167645
167649
167651
167649
167646
167646
167646
167646
167642
167639
167639
167641
167641
167639
167637
167640
167643
167645
167643
167642
167643
167646
167648
167646
167642
167642
167645
167645
167643
167642
167645
167648
167649
167647
167645
167647
167649
167650
167649
167648
167650
167654
167656
167653
167650
167650
167652
167653
167650
167646
167646
167650
167651
167649
167644
167644
167645
167646
167644
167641
167643
167647
167650
167649
167645
167645
167647
167647
167644
167641
167642
167646
167649
167649
167648
167650
167653
167655
167654
167651
167652
167652
167651
167649
167645
167645
167648
167650
167651
167650
167650
167652
167653
167651
167650
167650
167651
167651
167649
167647
167647
167650
167651
167649
167647
167647
167648
167649
167647
167644
167645
167647
167648
167646
167643
167644
167646
167647
167645
167642
167645
167649
167652
167650
167647
167648
167651
167654
167652
167650
167651
167653
167655
167652
167650
167651
167654
167656
167656
167655
167656
167657
167656
167652
167648
167648
167649
167650
167647
167643
167642
167645
167647
167645
167645
167648
167651
167653
167650
167646
167648
167652
167653
167650
167646
167646
167648
167650
167649
167647
167647
167649
167651
167648
167647
167650
167653
167652
167649
167646
167648
167650
167651
167649
167647
167648
167649
167649
167645
167643
167643
167644
167645
167642
167640
167641
167646
167649
167647
167645
167646
167649
167649
167646
167643
167644
167648
167651
167649
167647
167649
167652
167655
167653
167650
167649
167650
167652
167651
167651
167653
167656
167659
167658
167655
167652
167654
167656
167654
167650
167651
167653
167655
167653
167652
167653
167655
167657
167656
167654
167654
167656
167658
167656
167652
167653
167655
167658
167656
167653
167654
167657
167658
167656
167654
167655
167658
167659
167654
167651
167651
167656
167657
167655
167655
167655
167655
167657
167656
167654
167655
167658
167661
167661
167659
167659
167660
167660
167658
167656
167656
167660
167663
167662
167658
167657
167659
167661
167660
167657
167659
167662
167663
167659
167658
167659
167662
167665
167665
167664
167665
167667
167668
167666
167664
167665
167668
167670
167667
167665
167667
167669
167670
167667
167663
167661
167662
167663
167661
167658
167656
167659
167660
167657
167653
167656
167662
167666
167666
167664
167666
167667
167668
167665
167661
167659
167661
167665
167666
167666
167666
167668
167670
167668
167664
167664
167668
167670
167668
167665
167664
167666
167667
167665
167663
167662
167665
167666
167663
167659
167659
167661
167660
167658
167654
167651
167650
167652
167653
167651
167649
167649
167651
167651
167650
167651
167652
167653
167650
167646
167645
167647
167649
167648
167645
167646
167647
167649
167646
167645
167644
167645
167645
167642
167640
167642
167644
167645
167644
167645
167644
167644
167645
167643
167638
167636
167639
167642
167641
167640
167640
167640
167638
167635
167631
167628
167628
167629
167624
167619
167621
167625
167627
167627
167626
167625
167628
167629
167626
167621
167621
167622
167625
167626
167625
167625
167628
167631
167628
167627
167627
167629
167630
167628
167625
167623
167625
167627
167625
167621
167621
167623
167626
167626
167623
167623
167624
167624
167622
167619
167618
167619
167621
167620
167617
167617
167621
167623
167621
167618
167618
167620
167623
167621
167617
167616
167619
167621
167618
167616
167616
167619
167619
167616
167614
167614
167617
167620
167619
167616
167614
167615
167616
167614
167611
167613
167616
167619
167617
167613
167613
167615
167616
167615
167613
167615
167616
167617
167616
167613
167612
167615
167618
167617
167614
167613
167616
167619
167617
167615
167616
167618
167619
167615
167612
167612
167616
167620
167619
167617
167617
167618
167619
167616
167609
167607
167610
167611
167609
167606
167606
167610
167611
167608
167605
167604
167604
167604
167603
167602
167605
167609
167613
167610
167606
167604
167605
167606
167604
167601
167601
167602
167606
167607
167605
167604
167604
167604
167601
167598
167598
167602
167606
167606
167604
167604
167605
167607
167605
167603
167604
167607
167611
167609
167605
167603
167605
167606
167602
167600
167600
167602
167606
167605
167601
167601
167605
167607
167605
167602
167601
167604
167606
167602
167598
167598
167599
167601
167600
167598
167597
167598
167601
167601
167598
167598
167600
167604
167604
167601
167599
167602
167604
167602
167599
167600
167601
167603
167600
167597
167596
167598
167601
167601
167598
167596
167598
167601
167599
167595
167594
167597
167600
167598
167594
167594
167596
167597
167597
167595
167594
167594
167594
167592
167588
167587
167588
167589
167587
167584
167583
167586
167587
167583
167579
167579
167582
167585
167584
167582
167583
167586
167587
167585
167581
167579
167573
167556
167548
167548
167550
167554
167561
167563
167563
167565
167568
167571
167570
167568
167569
167571
167574
167574
167573
167572
167576
167579
167579
167578
167578
167580
167583
167582
167581
167582
167587
167592
167592
167590
167589
167590
167591
167590
167588
167588
167591
167593
167591
167589
167590
167593
167595
167593
167589
167587
167590
167593
167592
167591
167592
167595
167596
167593
167588
167588
167592
167596
167596
167596
167595
167599
167602
167600
167596
167596
167600
167602
167601
167600
167600
167603
167604
167603
167600
167600
167603
167607
167607
167604
167602
167602
167602
167599
167597
167597
167600
167604
167604
167603
167602
167602
167604
167602
167599
167599
167602
167606
167606
167605
167606
167608
167609
167607
167604
167603
167606
167610
167610
167608
167608
167609
167610
167606
167604
167603
167605
167608
167606
167603
167604
167608
167610
167608
167605
167603
167604
167605
167603
167600
167600
167604
167607
167607
167604
167603
167605
167607
167606
167605
167604
167608
167612
167612
167610
167609
167610
167611
167610
167606
167605
167608
167610
167608
167604
167601
167603
167604
167602
167601
167600
167604
167606
167605
167602
167601
167602
167604
167605
167603
167602
167604
167608
167607
167603
167602
167604
167605
167605
167604
167605
167606
167609
167607
167602
167601
167603
167605
167606
167605
167604
167606
167610
167609
167606
167603
167605
167607
167606
167605
167604
167606
167608
167607
167605
167603
167606
167610
167609
167605
167603
167605
167607
167604
167600
167601
167604
167607
167607
167606
167605
167608
167610
167607
167605
167602
167603
167607
167608
167605
167604
167606
167608
167608
167607
167606
167607
167608
167608
167604
167601
167602
167604
167602
167597
167596
167599
167600
167600
167598
167596
167599
167601
167600
167598
167596
167598
167600
167600
167597
167597
167598
167600
167599
167597
167596
167596
167597
167597
167594
167591
167591
167592
167591
167590
167590
167592
167594
167592
167589
167587
167588
167589
167587
167585
167585
167589
167592
167592
167589
167587
167590
167591
167590
167587
167586
167588
167589
167588
167586
167584
167584
167589
167589
167587
167588
167591
167594
167593
167590
167588
167589
167590
167589
167587
167587
167589
167592
167593
167591
167587
167588
167591
167590
167587
167585
167589
167594
167596
167595
167593
167596
167599
167597
167592
167591
167594
167598
167599
167596
167594
167596
167595
167594
167591
167589
167594
167601
167602
167597
167593
167593
167598
167600
167596
167593
167595
167597
167598
167597
167595
167596
167597
167596
167593
167589
167591
167596
167596
167595
167594
167597
167600
167600
167598
167596
167598
167601
167600
167598
167596
167596
167600
167600
167598
167597
167600
167603
167603
167600
167598
167599
167602
167601
167597
167595
167596
167599
167598
167597
167596
167599
167601
167601
167599
167596
167597
167600
167600
167600
167599
167600
167603
167603
167600
167599
167601
167603
167602
167598
167595
167595
167597
167596
167593
167592
167596
167600
167600
167597
167596
167599
167602
167601
167597
167594
167594
167594
167592
167590
167589
167591
167594
167597
167597
167595
167598
167600
167600
167597
167594
167595
167598
167599
167599
167597
167599
167602
167603
167599
167596
167596
167598
167597
167595
167593
167598
167602
167606
167600
167590
167593
167598
167602
167602
167601
167605
167609
167610
167607
167606
167606
167608
167606
167603
167600
167604
167604
167603
167602
167600
167602
167606
167606
167604
167604
167605
167608
167610
167609
167605
167609
167612
167609
167606
167602
167602
167606
167606
167602
167600
167602
167605
167605
167601
167598
167598
167600
167601
167601
167601
167602
167604
167604
167603
167600
167600
167602
167601
167600
167599
167599
167600
167598
167596
167594
167595
167599
167600
167598
167596
167598
167601
167602
167600
167597
167599
167601
167600
167597
167593
167594
167597
167596
167594
167592
167595
167596
167596
167593
167588
167589
167589
167589
167588
167587
167589
167593
167594
167592
167592
167594
167596
167594
167591
167590
167592
167595
167596
167592
167588
167589
167592
167591
167587
167584
167586
167589
167589
167588
167586
167587
167591
167592
167591
167590
167591
167595
167597
167594
167592
167592
167594
167596
167595
167595
167598
167603
167603
167600
167599
167601
167605
167603
167598
167591
167592
167593
167594
167593
167592
167595
167598
167596
167594
167591
167593
167598
167598
167597
167596
167598
167601
167602
167601
167599
167601
167604
167603
167601
167597
167597
167598
167599
167597
167593
167594
167598
167600
167595
167590
167593
167596
167593
167589
167584
167585
167585
167583
167581
167580
167582
167584
167585
167584
167580
167579
167581
167582
167581
167579
167581
167585
167585
167581
167577
167577
167581
167581
167579
167578
167579
167582
167583
167580
167579
167580
167583
167585
167583
167580
167582
167587
167590
167589
167586
167587
167589
167589
167586
167583
167584
167586
167587
167585
167583
167583
167584
167584
167581
167578
167578
167582
167586
167586
167585
167587
167588
167587
167583
167581
167582
167585
167586
167586
167583
167585
167590
167590
167587
167584
167585
167586
167586
167586
167586
167588
167591
167592
167588
167585
167586
167588
167588
167585
167583
167585
167587
167588
167586
167584
167585
167587
167588
167586
167586
167589
167594
167595
167591
167587
167587
167589
167591
167589
167587
167589
167593
167593
167590
167586
167588
167591
167592
167591
167589
167589
167589
167588
167584
167579
167579
167582
167584
167582
167580
167581
167584
167584
167582
167580
167581
167583
167584
167582
167582
167584
167586
167586
167582
167579
167582
167585
167586
167584
167581
167580
167581
167581
167577
167574
167575
167578
167580
167578
167576
167577
167580
167581
167577
167573
167574
167577
167580
167579
167578
167579
167582
167582
167578
167572
167573
167574
167576
167575
167571
167572
167575
167576
167573
167570
167570
167573
167576
167575
167574
167575
167576
167577
167575
167573
167576
167579
167579
167578
167576
167578
167577
167579
167579
167576
167576
167577
167580
167577
167575
167576
167578
167579
167579
167577
167578
167578
167577
167573
167571
167571
167573
167574
167573
167569
167569
167573
167574
167571
167570
167572
167576
167579
167578
167575
167575
167577
167573
167562
167557
167565
167578
167581
167573
167570
167578
167584
167583
167581
167580
167581
167584
167585
167584
167580
167581
167583
167583
167581
167577
167576
167578
167580
167580
167580
167581
167583
167585
167582
167581
167583
167587
167588
167585
167581
167580
167581
167582
167581
167579
167581
167584
167585
167583
167580
167580
167583
167585
167582
167579
167579
167583
167584
167583
167580
167581
167583
167584
167581
167578
167580
167583
167583
167580
167578
167579
167582
167585
167584
167583
167585
167586
167586
167581
167575
167574
167575
167576
167574
167572
167574
167577
167579
167579
167576
167575
167577
167578
167575
167571
167573
167577
167579
167577
167574
167574
167576
167577
167576
167573
167573
167577
167580
167579
167576
167576
167578
167579
167579
167578
167579
167580
167583
167583
167582
167583
167584
167584
167580
167578
167577
167579
167580
167577
167576
167577
167579
167580
167577
167572
167572
167576
167577
167576
167574
167574
167577
167580
167578
167575
167575
167577
167578
167576
167575
167575
167576
167579
167578
167575
167576
167578
167579
167576
167571
167570
167571
167575
167575
167572
167573
167575
167577
167574
167572
167572
167574
167576
167573
167569
167571
167576
167576
167574
167573
167573
167575
167579
167578
167576
167576
167576
167578
167578
167575
167575
167579
167581
167581
167579
167579
167581
167581
167578
167575
167577
167579
167581
167580
167575
167576
167579
167582
167582
167579
167579
167582
167583
167581
167578
167577
167578
167579
167576
167575
167576
167578
167580
167578
167575
167574
167577
167578
167576
167574
167576
167580
167584
167583
167579
167577
167578
167579
167576
167573
167573
167575
167577
167575
167572
167573
167575
167578
167578
167575
167575
167578
167578
167574
167567
167565
167566
167569
167569
167565
167564
167565
167567
167565
167562
167563
167565
167568
167567
167565
167565
167567
167566
167564
167560
167559
167564
167567
167566
167564
167564
167567
167569
167569
167566
167566
167569
167571
167569
167567
167566
167568
167571
167570
167569
167569
167571
167572
167570
167566
167566
167568
167569
167567
167567
167567
167570
167573
167570
167565
167565
167569
167572
167569
167567
167568
167570
167571
167568
167564
167565
167567
167570
167569
167567
167565
167567
167567
167564
167562
167563
167566
167569
167568
167567
167567
167568
167571
167569
167567
167568
167570
167570
167567
167565
167565
167567
167569
167570
167567
167568
167570
167571
167568
167565
167563
167565
167568
167566
167563
167563
167564
167565
167562
167558
167560
167565
167570
167569
167566
167567
167568
167568
167566
167565
167564
167565
167567
167566
167564
167563
167566
167568
167566
167564
167564
167566
167568
167565
167561
167560
167563
167566
167565
