167777
167778
167776
167774
167777
167780
167783
167778
167774
167775
167777
167778
167773
167768
167769
167774
167775
167772
167768
167769
167772
167774
167770
167767
167770
167775
167778
167777
167774
167773
167775
167775
167771
167767
167769
167773
167776
167774
167771
167771
167774
167774
167770
167766
167767
167771
167774
167770
167765
167766
167771
167773
167769
167766
167765
167767
167769
167766
167764
167766
167765
167760
167757
167752
167751
167753
167759
167758
167755
167757
167759
167760
167756
167753
167753
167755
167759
167758
167756
167758
167761
167762
167760
167757
167758
167760
167761
167758
167754
167755
167758
167759
167755
167752
167753
167755
167757
167755
167752
167753
167757
167759
167754
167750
167751
167755
167756
167754
167751
167752
167754
167757
167757
167754
167756
167760
167761
167757
167754
167756
167760
167760
167756
167752
167755
167758
167762
167760
167758
167760
167761
167761
167756
167752
167753
167756
167758
167757
167755
167758
167760
167762
167759
167756
167758
167763
167765
167760
167755
167755
167760
167763
167762
167759
167760
167763
167765
167762
167758
167759
167762
167763
167761
167756
167759
167764
167767
167766
167762
167761
167762
167764
167761
167757
167759
167762
167763
167759
167756
167756
167755
167754
167755
167765
167771
167769
167770
167771
167767
167767
167774
167778
167776
167778
167783
167788
167790
167788
167787
167793
167796
167795
167795
167794
167795
167798
167798
167794
167791
167793
167797
167800
167798
167797
167799
167801
167801
167799
167795
167795
167796
167797
167797
167794
167794
167797
167800
167798
167795
167795
167798
167801
167800
167798
167800
167803
167802
167797
167792
167793
167798
167799
167797
167796
167798
167800
167799
167794
167793
167797
167801
167803
167801
167799
167800
167803
167805
167802
167800
167802
167806
167808
167805
167802
167802
167804
167805
167802
167799
167803
167807
167806
167802
167799
167803
167807
167806
167803
167800
167801
167803
167803
167801
167799
167801
167804
167806
167805
167803
167804
167806
167806
167802
167799
167801
167804
167806
167804
167800
167799
167801
167802
167801
167800
167803
167807
167809
167806
167805
167806
167808
167809
167805
167801
167803
167806
167808
167804
167800
167801
167803
167804
167801
167797
167798
167802
167806
167803
167800
167803
167805
167805
167802
167798
167801
167805
167806
167803
167801
167802
167805
167806
167803
167804
167808
167810
167812
167809
167802
167800
167802
167798
167790
167788
167790
167796
167798
167795
167792
167794
167795
167798
167794
167787
167787
167791
167790
167786
167782
167781
167785
167784
167780
167782
167785
167784
167782
167780
167779
167780
167782
167782
167780
167777
167778
167784
167783
167777
167773
167775
167779
167781
167777
167772
167773
167776
167777
167774
167770
167771
167773
167775
167772
167770
167772
167775
167777
167774
167768
167771
167773
167770
167767
167766
167771
167773
167772
167767
167765
167766
167766
167766
167764
167764
167766
167771
167770
167766
167764
167766
167766
167769
167766
167761
167759
167763
167762
167760
167753
167754
167757
167755
167748
167745
167748
167749
167751
167746
167741
167745
167748
167748
167745
167742
167746
167748
167746
167742
167738
167739
167742
167742
167738
167738
167741
167744
167743
167737
167733
167734
167736
167736
167733
167731
167737
167741
167742
167737
167733
167735
167738
167738
167733
167732
167734
167738
167738
167733
167729
167731
167734
167734
167732
167729
167731
167736
167734
167731
167733
167736
167738
167737
167731
167726
167726
167729
167728
167727
167727
167731
167735
167733
167728
167724
167727
167731
167732
167728
167725
167728
167731
167731
167728
167727
167730
167731
167731
167728
167727
167728
167732
167731
167725
167722
167724
167726
167724
167720
167718
167723
167728
167728
167724
167720
167723
167726
167726
167723
167721
167723
167724
167723
167719
167717
167721
167722
167724
167720
167712
167712
167716
167714
167711
167705
167707
167708
167708
167705
167702
167705
167710
167711
167708
167705
167706
167713
167712
167707
167703
167707
167710
167708
167706
167704
167707
167710
167709
167705
167700
167704
167707
167708
167707
167707
167708
167708
167706
167703
167702
167706
167711
167709
167706
167704
167707
167709
167708
167705
167705
167708
167715
167713
167709
167704
167704
167707
167707
167703
167703
167708
167712
167712
167707
167706
167709
167713
167714
167711
167707
167710
167713
167710
167705
167700
167702
167704
167702
167698
167694
167699
167702
167702
167698
167694
167697
167700
167699
167695
167693
167696
167700
167700
167698
167696
167699
167702
167701
167695
167693
167696
167699
167697
167694
167695
167699
167700
167699
167695
167693
167693
167696
167696
167693
167693
167697
167699
167698
167696
167693
167696
167697
167695
167691
167691
167695
167698
167698
167694
167692
167697
167703
167703
167701
167702
167706
167708
167708
167703
167700
167701
167704
167703
167699
167699
167703
167706
167704
167700
167699
167702
167706
167705
167701
167699
167702
167707
167705
167702
167698
167697
167703
167709
167709
167701
167704
167711
167710
167708
167707
167709
167711
167710
167707
167706
167708
167711
167708
167704
167703
167706
167711
167711
167709
167709
167711
167715
167713
167708
167704
167706
167710
167709
167706
167707
167713
167718
167718
167714
167712
167714
167718
167716
167712
167709
167713
167716
167716
167713
167710
167713
167717
167714
167710
167709
167711
167715
167715
167712
167709
167714
167720
167719
167716
167716
167718
167721
167720
167716
167714
167718
167721
167718
167713
167711
167712
167713
167711
167706
167704
167708
167712
167710
167706
167703
167705
167709
167708
167705
167704
167706
167709
167713
167709
167706
167710
167711
167714
167716
167717
167718
167721
167726
167722
167716
167722
167727
167722
167720
167721
167725
167727
167727
167725
167726
167728
167729
167727
167725
167725
167729
167733
167732
167727
167726
167732
167737
167736
167733
167732
167736
167738
167733
167728
167724
167727
167730
167732
167730
167729
167735
167738
167736
167733
167733
167738
167743
167739
167736
167736
167740
167743
167742
167739
167738
167739
167741
167737
167732
167729
167734
167740
167738
167735
167734
167737
167739
167735
167733
167733
167738
167741
167740
167736
167733
167737
167741
167741
167737
167732
167737
167742
167736
167736
167735
167741
167748
167748
167745
167741
167747
167748
167747
167741
167737
167741
167745
167745
167743
167743
167746
167748
167744
167740
167739
167743
167746
167744
167743
167743
167748
167753
167750
167745
167743
167744
167749
167749
167745
167743
167747
167750
167746
167742
167742
167745
167747
167746
167744
167744
167745
167747
167745
167741
167739
167744
167748
167746
167742
167740
167741
167744
167741
167738
167736
167740
167745
167745
167743
167744
167749
167754
167752
167747
167746
167749
167750
167748
167745
167744
167747
167751
167748
167742
167740
167741
167743
167741
167738
167736
167739
167741
167739
167739
167739
167743
167746
167742
167739
167738
167739
167741
167739
167736
167735
167740
167744
167742
167741
167742
167742
167742
167737
167732
167731
167735
167737
167736
167733
167732
167733
167738
167737
167733
167733
167739
167742
167740
167735
167736
167741
167742
167739
167736
167737
167742
167743
167740
167735
167735
167739
167744
167743
167736
167736
167742
167747
167746
167743
167745
167748
167751
167747
167745
167746
167749
167749
167742
167738
167740
167746
167750
167748
167744
167743
167748
167755
167756
167750
167746
167749
167757
167757
167751
167749
167752
167756
167754
167750
167750
167756
167763
167759
167755
167757
167756
167757
167757
167754
167750
167754
167759
167759
167757
167760
167762
167765
167762
167757
167756
167760
167764
167762
167759
167761
167768
167770
167770
167767
167767
167771
167776
167774
167771
167772
167777
167781
167781
167779
167784
167788
167793
167789
167786
167787
167791
167792
167792
167789
167789
167791
167792
167786
167779
167777
167780
167785
167783
167779
167780
167785
167789
167784
167778
167780
167786
167790
167788
167786
167786
167789
167793
167791
167788
167789
167793
167797
167795
167792
167794
167797
167799
167797
167794
167795
167798
167801
167799
167794
167794
167798
167802
167799
167794
167793
167797
167798
167794
167792
167793
167795
167798
167799
167798
167801
167807
167812
167808
167805
167804
167805
167804
167800
167795
167795
167799
167801
167797
167792
167789
167786
167794
167803
167803
167806
167810
167817
167816
167808
167806
167812
167815
167814
167812
167812
167816
167820
167818
167816
167816
167820
167821
167818
167816
167815
167818
167822
167819
167815
167818
167824
167826
167824
167821
167822
167825
167828
167824
167819
167818
167821
167824
167821
167818
167819
167824
167828
167827
167821
167820
167824
167827
167825
167823
167824
167827
167829
167827
167826
167825
167828
167830
167828
167826
167827
167833
167837
167833
167829
167829
167832
167835
167832
167829
167830
167834
167837
167834
167830
167831
167835
167836
167832
167827
167827
167828
167831
167829
167825
167826
167831
167833
167830
167827
167830
167834
167837
167836
167834
167834
167837
167839
167833
167829
167830
167834
167837
167835
167832
167835
167840
167842
167841
167839
167841
167845
167846
167842
167838
167838
167840
167840
167837
167833
167832
167835
167835
167831
167829
167832
167836
167839
167838
167836
167837
167840
167843
167842
167838
167839
167842
167843
167841
167838
167840
167840
167839
167845
167850
167847
167853
167856
167852
167850
167850
167856
167860
167858
167854
167853
167855
167856
167853
167851
167852
167854
167857
167854
167849
167849
167852
167854
167852
167851
167853
167856
167858
167857
167855
167857
167861
167863
167860
167855
167855
167858
167858
167853
167849
167850
167854
167857
167857
167856
167857
167860
167860
167854
167850
167850
167854
167858
167856
167854
167855
167857
167859
167857
167852
167853
167857
167857
167853
167850
167851
167856
167859
167856
167853
167856
167861
167863
167858
167851
167852
167857
167861
167858
167855
167857
167859
167858
167853
167849
167852
167857
167860
167858
167854
167855
167858
167858
167852
167847
167847
167852
167854
167853
167852
167856
167860
167862
167859
167853
167853
167858
167860
167858
167855
167856
167858
167858
167855
167850
167850
167853
167855
167853
167851
167853
167857
167857
167854
167851
167854
167860
167863
167859
167856
167859
167862
167863
167859
167852
167852
167854
167854
167850
167848
167851
167856
167857
167852
167849
167850
167850
167850
167846
167843
167846
167850
167853
167852
167851
167853
167857
167856
167850
167847
167849
167855
167859
167859
167857
167860
167864
167866
167863
167858
167859
167861
167862
167860
167857
167859
167862
167863
167862
167859
167861
167865
167865
167861
167858
167861
167865
167867
167863
167858
167859
167862
167863
167860
167857
167859
167862
167863
167861
167860
167863
167866
167868
167869
167867
167864
167857
167859
167861
167858
167859
167861
167861
167854
167850
167851
167851
167850
167848
167845
167847
167852
167853
167848
167847
167849
167852
167854
167851
167847
167848
167849
167849
167846
167843
167845
167850
167852
167849
167846
167849
167852
167850
167846
167842
167845
167848
167848
167846
167843
167843
167845
167845
167840
167837
167840
167843
167845
167840
167836
167837
167841
167843
167842
167838
167840
167845
167847
167842
167837
167839
167844
167846
167843
167842
167845
167849
167848
167842
167838
167841
167845
167846
167845
167842
167845
167850
167851
167846
167840
167846
167857
167859
167855
167853
167856
167860
167859
167853
167849
167852
167856
167856
167850
167846
167849
167853
167854
167853
167851
167854
167859
167860
167856
167854
167856
167859
167859
167854
167851
167851
167851
167850
167847
167844
167845
167848
167849
167846
167843
167845
167849
167850
167847
167843
167844
167846
167845
167841
167839
167842
167846
167847
167845
167842
167845
167850
167852
167849
167845
167846
167850
167850
167845
167840
167844
167849
167850
167846
167840
167846
167856
167856
167853
167851
167855
167860
167859
167855
167851
167854
167859
167860
167857
167854
167856
167859
167859
167854
167850
167853
167858
167858
167854
167851
167852
167855
167855
167851
167847
167852
167857
167856
167854
167853
167855
167858
167858
167857
167856
167858
167860
167859
167856
167853
167856
167859
167859
167857
167853
167855
167858
167858
167856
167852
167853
167857
167858
167854
167852
167853
167857
167858
167853
167851
167855
167858
167858
167855
167852
167852
167854
167855
167852
167850
167853
167857
167857
167853
167851
167853
167855
167853
167851
167849
167852
167857
167857
167854
167850
167851
167853
167850
167846
167844
167846
167850
167852
167851
167848
167851
167853
167851
167846
167845
167850
167851
167844
167843
167844
167846
167850
167852
167848
167847
167848
167850
167849
167847
167845
167848
167852
167852
167848
167844
167846
167851
167850
167846
167841
167843
167846
167847
167845
167844
167846
167850
167852
167850
167848
167850
167853
167853
167850
167850
167854
167858
167859
167857
167856
167859
167861
167860
167853
167847
167852
167858
167858
167854
167851
167855
167859
167857
167850
167849
167852
167852
167848
167844
167844
167848
167852
167852
167849
167848
167853
167857
167855
167852
167850
167853
167856
167856
167853
167852
167855
167857
167857
167854
167850
167852
167854
167855
167851
167849
167853
167857
167855
167850
167847
167848
167850
167849
167846
167844
167849
167857
167859
167855
167850
167849
167851
167850
167845
167841
167845
167849
167849
167847
167845
167849
167852
167852
167850
167849
167852
167854
167854
167851
167846
167848
167852
167852
167851
167849
167854
167857
167856
167852
167850
167853
167858
167858
167854
167853
167857
167860
167859
167855
167853
167854
167857
167855
167852
167851
167853
167856
167855
167852
167852
167857
167859
167856
167852
167851
167854
167857
167858
167857
167856
167857
167857
167857
167854
167852
167853
167857
167856
167853
167850
167852
167854
167853
167849
167847
167849
167851
167849
167847
167844
167846
167850
167851
167846
167843
167846
167852
167853
167849
167848
167850
167853
167851
167849
167848
167849
167850
167849
167847
167847
167852
167857
167859
167856
167854
167856
167859
167858
167855
167853
167856
167858
167856
167854
167853
167856
167859
167859
167856
167854
167855
167859
167859
167856
167855
167858
167862
167861
167857
167855
167859
167861
167857
167850
167848
167851
167854
167854
167852
167852
167857
167862
167860
167854
167850
167854
167859
167857
167853
167853
167858
167863
167862
167857
167854
167856
167858
167858
167854
167852
167858
167864
167863
167860
167857
167860
167861
167858
167854
167852
167854
167858
167858
167854
167853
167857
167861
167861
167858
167857
167861
167864
167862
167859
167858
167863
167866
167864
167861
167859
167862
167862
167860
167857
167857
167861
167864
167863
167861
167860
167862
167862
167858
167852
167850
167853
167855
167854
167851
167851
167855
167858
167854
167850
167848
167850
167853
167851
167849
167848
167851
167856
167857
167854
167851
167852
167854
167853
167849
167847
167850
167853
167851
167848
167848
167853
167857
167856
167852
167851
167857
167861
167860
167858
167856
167855
167857
167856
167854
167853
167857
167860
167860
167855
167852
167855
167857
167853
167849
167847
167851
167856
167856
167853
167850
167853
167857
167855
167851
167848
167853
167857
167856
167853
167851
167854
167855
167853
167849
167846
167850
167856
167856
167853
167852
167855
167859
167857
167852
167847
167850
167853
167852
167850
167850
167852
167855
167855
167851
167848
167850
167853
167850
167845
167844
167847
167852
167854
167852
167850
167851
167854
167853
167847
167845
167848
167852
167853
167851
167850
167853
167854
167848
167837
167839
167855
167858
167856
167855
167854
167856
167858
167856
167851
167849
167853
167857
167856
167855
167854
167859
167863
167861
167857
167856
167861
167862
167859
167856
167857
167861
167864
167862
167858
167854
167857
167860
167860
167857
167857
167861
167863
167863
167861
167860
167864
167866
167863
167858
167857
167858
167861
167860
167858
167856
167859
167861
167858
167855
167854
167856
167858
167857
167852
167849
167851
167855
167854
167852
167851
167855
167858
167858
167854
167852
167856
167860
167859
167858
167858
167861
167865
167864
167863
167864
167867
167866
167858
167856
167858
167862
167864
167860
167856
167855
167857
167858
167854
167849
167850
167854
167858
167856
167855
167856
167859
167860
167859
167855
167853
167855
167857
167855
167850
167849
167852
167856
167855
167852
167852
167857
167863
167862
167859
167858
167861
167862
167861
167858
167859
167862
167865
167864
167861
167860
167862
167864
167861
167858
167858
167861
167864
167866
167865
167860
167853
167856
167854
167854
167852
167852
167856
167852
167850
167850
167853
167856
167851
167847
167846
167848
167851
167849
167845
167845
167850
167854
167851
167847
167845
167847
167850
167847
167843
167843
167849
167853
167849
167844
167845
167850
167848
167837
167834
167832
167834
167835
167833
167832
167831
167835
167836
167832
167828
167825
167826
167829
167826
167822
167822
167825
167827
167825
167821
167820
167823
167827
167827
167824
167825
167827
167828
167826
167822
167822
167826
167827
167825
167823
167821
167823
167826
167821
167817
167816
167819
167823
167821
167815
167815
167819
167824
167824
167820
167818
167821
167824
167823
167820
167821
167824
167824
167821
167816
167816
167820
167824
167822
167818
167817
167819
167819
167815
167810
167811
167818
167820
167817
167813
167813
167816
167817
167815
167812
167813
167816
167819
167816
167813
167812
167815
167818
167815
167809
167807
167810
167813
167809
167807
167807
167812
167815
167810
167804
167804
167808
167810
167808
167805
167804
167808
167812
167810
167806
167807
167811
167813
167810
167804
167801
167803
167805
167802
167799
167800
167803
167806
167803
167799
167796
167797
167801
167801
167799
167798
167800
167804
167802
167798
167800
167804
167808
167806
167801
167800
167802
167803
167801
167798
167798
167801
167805
167804
167800
167798
167799
167801
167799
167796
167796
167801
167804
167801
167797
167798
167801
167804
167802
167799
167798
167800
167800
167797
167794
167796
167800
167803
167800
167798
167797
167800
167803
167798
167794
167794
167798
167800
167796
167792
167792
167795
167799
167797
167792
167791
167796
167799
167796
167794
167795
167797
167798
167796
167790
167788
167791
167794
167793
167790
167790
167795
167800
167799
167795
167793
167796
167798
167795
167791
167791
167796
167800
167798
167795
167795
167797
167797
167793
167789
167788
167792
167796
167793
167790
167791
167794
167794
167790
167789
167790
167796
167801
167800
167796
167794
167795
167797
167793
167789
167791
167796
167800
167798
167795
167797
167799
167800
167797
167790
167789
167791
167792
167787
167783
167787
167793
167795
167793
167789
167790
167795
167796
167792
167788
167787
167791
167793
167791
167788
167789
167794
167798
167795
167792
167792
167794
167796
167792
167788
167789
167793
167795
167794
167791
167792
167795
167797
167793
167788
167790
167795
167798
167795
167789
167792
167796
167798
167797
167794
167794
167798
167800
167798
167794
167792
167793
167792
167781
167776
167785
167800
167803
167799
167799
167801
167803
167805
167802
167799
167802
167809
167816
167816
167815
167817
167820
167820
167817
167815
167815
167818
167820
167819
167817
167820
167824
167826
167822
167817
167816
167820
167822
167819
167816
167816
167818
167819
167816
167814
167816
167820
167824
167824
167821
167821
167824
167825
167821
167818
167820
167824
167828
167826
167821
167820
167824
167833
167833
167827
167827
167831
167835
167833
167830
167830
167834
167837
167834
167831
167833
167837
167838
167834
167831
167832
167834
167837
167835
167832
167832
167837
167841
167837
167834
167836
167839
167841
167839
167838
167840
167844
167848
167847
167843
167844
167848
167850
167847
167844
167844
167847
167848
167846
167844
167845
167848
167849
167846
167842
167842
167845
167846
167843
167838
167837
167839
167841
167837
167833
167835
167840
167843
167842
167841
167844
167849
167853
167852
167851
167851
167853
167854
167853
167853
167856
167859
167861
167858
167853
167853
167853
167852
167845
167840
167840
167843
167844
167841
167840
167842
167846
167850
167849
167847
167848
167851
167852
167848
167844
167845
167847
167848
167845
167843
167843
167847
167850
167846
167841
167841
167843
167844
167841
167838
167838
167841
167843
167841
167840
167843
167846
167846
167841
167834
167833
167834
167836
167832
167829
167831
167835
167838
167836
167833
167833
167837
167837
167835
167833
167835
167839
167842
167839
167834
167833
167836
167837
167834
167830
167832
167838
167842
167839
167837
167838
167840
167840
167834
167829
167829
167832
167835
167832
167830
167832
167835
167837
167835
167832
167834
167838
167841
167839
167836
167835
167837
167839
167835
167831
167833
167838
167839
167838
167836
167836
167838
167840
167838
167833
167833
167837
167840
167838
167836
167839
167843
167846
167844
167840
167840
167843
167845
167841
167837
167839
167841
167842
167837
167833
167835
167838
167838
167833
167828
167830
167833
167835
167832
167830
167831
167833
167834
167830
167824
167826
167832
167835
167835
167834
167837
167843
167845
167842
167839
167840
167843
167845
167841
167836
167836
167838
167838
167834
167831
167834
167838
167840
167837
167833
167833
167836
167838
167835
167831
167833
167838
167840
167838
167835
167836
167839
167841
167840
167837
167839
167843
167844
167841
167838
167839
167843
167846
167843
167838
167839
167842
167844
167842
167838
167840
167845
167848
167845
167842
167842
167847
167851
167849
167845
167845
167846
167847
167843
167840
167841
167844
167845
167841
167837
167839
167841
167842
167837
167834
167837
167843
167846
167846
167845
167848
167853
167854
167851
167849
167851
167855
167856
167853
167851
167852
167856
167860
167859
167856
167860
167864
167866
167864
167861
167860
167861
167861
167855
167849
167849
167853
167856
167852
167847
167851
167858
167860
167860
167861
167865
167869
167871
167869
167865
167865
167868
167870
167867
167865
167866
167870
167871
167867
167861
167862
167863
167864
167861
167859
167861
167864
167865
167863
167862
167866
167870
167871
167867
167864
167866
167867
167867
167864
167861
167863
167868
167870
167868
167866
167868
167871
167872
167868
167866
167868
167873
167873
167869
167865
167865
167866
167866
167860
167857
167860
167862
167862
167858
167856
167860
167865
167868
167864
167860
167862
167866
167867
167862
167859
167862
167866
167867
167864
167861
167862
167866
167867
167865
167864
167866
167869
167870
167866
167862
167862
167865
167867
167864
167860
167862
167867
167869
167864
167860
167863
167866
167867
167863
167858
167859
167863
167865
167864
167861
167862
167866
167867
167863
167860
167861
167863
167863
167858
167853
167858
167867
167871
167870
167867
167868
167869
167867
167863
167859
167861
167865
167866
167863
167859
167862
167868
167870
167867
167863
167864
167867
167868
167865
167862
167864
167869
167871
167867
167864
167863
167866
167866
167863
167858
167861
167866
167869
167864
167861
167863
167867
167870
167870
167867
167870
167874
167874
167869
167865
167866
167868
167869
167865
167862
167865
167868
167872
167870
167867
167870
167874
167875
167873
167870
167870
167873
167875
167872
167868
167871
167875
167876
167873
167871
167872
167874
167875
167870
167864
167864
167867
167868
167866
167863
167865
167872
167874
167871
167866
167866
167869
167872
167870
167868
167873
167878
167881
167878
167874
167875
167877
167876
167871
167865
167868
167876
167877
167873
167869
167871
167873
167873
167871
167867
167868
167872
167872
167867
167865
167870
167875
167876
167873
167872
167874
167878
167877
167873
167868
167871
167875
167877
167876
167876
167879
167883
167884
167880
167875
167877
167882
167880
167875
167874
167876
167880
167882
167879
167876
167877
167880
167879
167874
167871
167875
167880
167881
167879
167878
167881
167885
167885
167883
167881
167883
167885
167886
167881
167876
167877
167881
167882
167878
167877
167879
167882
167881
167877
167874
167875
167879
167879
167875
167871
167874
167878
167880
167877
167874
167876
167878
167878
167874
167871
167873
167877
167880
167878
167874
167877
167880
167881
167881
167881
167884
167888
167889
167886
167881
167883
167886
167889
167886
167882
167882
167884
167885
167882
167878
167878
167882
167881
167878
167874
167875
167879
167881
167878
167877
167881
167885
167887
167885
167883
167886
167891
167891
167888
167884
167886
167890
167892
167888
167886
167889
167891
167891
167888
167885
167887
167889
167888
167885
167882
167885
167889
167891
167891
167889
167893
167897
167896
167890
167886
167888
167893
167893
167889
167887
167889
167894
167895
167894
167892
167895
167899
167900
167897
167893
167892
167895
167896
167894
167892
167895
167900
167901
167897
167895
167898
167901
167902
167899
167896
167896
167898
167898
167895
167891
167893
167896
167897
167893
167892
167896
167900
167901
167897
167893
167895
167899
167900
167897
167892
167894
167899
167902
167901
167898
167900
167902
167903
167900
167898
167901
167904
167905
167904
167901
167902
167903
167905
167903
167900
167900
167901
167900
167894
167891
167894
167898
167898
167895
167891
167894
167898
167899
167897
167896
167900
167904
167902
167897
167893
167897
167900
167901
167898
167896
167901
167907
167908
167904
167899
167901
167905
167905
167900
167898
167902
167908
167909
167906
167903
167906
167911
167909
167904
167901
167903
167908
167908
167905
167903
167907
167912
167914
167911
167908
167908
167911
167910
167905
167902
167904
167909
167912
167910
167907
167906
167910
167910
167906
167903
167906
167910
167911
167906
167901
167903
167906
167907
167904
167902
167905
167910
167911
167909
167907
167909
167912
167912
167908
167905
167907
167912
167911
167909
167907
167909
167913
167913
167909
167905
167906
167910
167910
167907
167905
167907
167911
167912
167907
167903
167905
167908
167908
167904
167901
167903
167907
167908
167905
167901
167904
167907
167906
167902
167898
167901
167905
167906
167904
167903
167903
167905
167903
167901
167903
167908
167913
167913
167909
167904
167907
167910
167911
167909
167906
167908
167912
167910
167906
167903
167906
167911
167912
167910
167906
167909
167914
167915
167911
167907
167908
167911
167909
167904
167902
167905
167909
167909
167907
167906
167908
167912
167912
167908
167907
167911
167913
167911
167904
167901
167905
167908
167908
167904
167900
167903
167907
167907
167904
167901
167904
167909
167910
167907
167904
167905
167907
167907
167904
167901
167904
167908
167909
167907
167906
167910
167912
167911
167906
167901
167903
167907
167906
167902
167901
167904
167910
167909
167906
167903
167905
167909
167909
167904
167902
167905
167908
167908
167905
167902
167903
167906
167905
167900
167896
167899
167906
167908
167907
167906
167910
167914
167913
167909
167906
167908
167911
167910
167906
167902
167904
167909
167910
167905
167901
167904
167907
167907
167903
167901
167902
167903
167901
167898
167896
167900
167906
167905
167900
167897
167901
167904
167903
167900
167898
167900
167904
167904
167900
167897
167900
167904
167903
167899
167895
167898
167902
167902
167898
167896
167898
167901
167900
167895
167893
167896
167901
167903
167902
167901
167906
167909
167909
167905
167902
167904
167906
167905
167900
167899
167903
167907
167909
167906
167905
167908
167909
167906
167900
167894
167895
167897
167898
167896
167896
167901
167907
167908
167905
167901
167900
167901
167898
167895
167893
167896
167901
167903
167901
167899
167901
167905
167906
167903
167899
167901
167904
167904
167901
167900
167904
167911
167911
167907
167905
167909
167913
167911
167905
167901
167903
167906
167905
167902
167901
167904
167907
167907
167906
167904
167905
167908
167906
167902
167902
167907
167911
167913
167911
167909
167911
167912
167910
167906
167902
167904
167909
167909
167905
167903
167907
167911
167907
167901
167896
167898
167902
167903
167900
167898
167902
167906
167906
167901
167897
167899
167901
167901
167898
167897
167903
167909
167910
167906
167902
167905
167907
167906
167902
167899
167901
167906
167905
167901
167900
167902
167903
167902
167898
167895
167897
167901
167900
167896
167894
167901
167909
167910
167904
167900
167901
167903
167901
167897
167894
167898
167903
167903
167901
167900
167903
167907
167906
167901
167898
167900
167904
167904
167901
167899
167901
167903
167901
167897
167894
167897
167901
167901
167899
167897
167899
167901
167899
167894
167891
167893
167896
167896
167894
167891
167893
167897
167896
167892
167889
167892
167897
167898
167894
167890
167892
167896
167897
167894
167890
167891
167893
167893
167890
167888
167890
167893
167894
167892
167889
167893
167897
167897
167894
167891
167893
167897
167896
167892
167889
167891
167895
167894
167890
167886
167888
167891
167891
167889
167888
167892
167896
167895
167892
167891
167894
167897
167895
167892
167891
167895
167897
167896
167894
167892
167893
167895
167894
167892
167888
167890
167894
167892
167886
167884
167888
167893
167892
167890
167889
167892
167894
167892
167887
167884
167887
167892
167894
167892
167891
167894
167896
167894
167891
167888
167889
167892
167892
167890
167889
167893
167899
167899
167894
167890
167891
167893
167893
167889
167887
167891
167897
167897
167896
167894
167895
167897
167895
167892
167890
167893
167897
167897
167894
167892
167895
167898
167896
167892
167890
167892
167895
167895
167892
167889
167890
167892
167890
167886
167885
167889
167894
167894
167891
167890
167893
167896
167895
167891
167889
167892
167896
167895
167890
167888
167893
167897
167895
167890
167886
167888
167890
167889
167886
167884
167888
167897
167898
167895
167893
167896
167899
167899
167894
167890
167893
167894
167891
167886
167883
167887
167891
167891
167888
167887
167891
167895
167893
167888
167887
167890
167893
167891
167887
167885
167888
167892
167891
167888
167887
167890
167894
167894
167891
167889
167891
167893
167892
167890
167888
167891
167894
167893
167890
167887
167890
167892
167890
167887
167885
167890
167895
167895
167893
167891
167892
167894
167893
167890
167888
167891
167896
167896
167895
167893
167894
167896
167895
167891
167887
167889
167892
167891
167888
167886
167886
167888
167888
167887
167886
167889
167895
167895
167890
167886
167888
167890
167889
167886
167883
167888
167895
167896
167893
167892
167894
167896
167898
167896
167893
167896
167899
167898
167894
167892
167895
167898
167897
167894
167890
167893
167898
167899
167897
167895
167898
167902
167900
167896
167893
167894
167897
167895
167893
167892
167895
167900
167900
167896
167893
167896
167900
167899
167895
167894
167898
167902
167901
167897
167893
167896
167899
167899
167897
167895
167898
167901
167901
167899
167896
167898
167901
167900
167896
167894
167896
167901
167901
167899
167898
167900
167902
167901
167897
167895
167897
167901
167899
167895
167893
167895
167898
167897
167894
167892
167895
167899
167896
167891
167890
167894
167899
167902
167900
167899
167902
167906
167905
167901
167898
167901
167903
167900
167896
167894
167899
167906
167903
167898
167893
167897
167902
167902
167898
167894
167897
167899
167897
167894
167892
167893
167894
167895
167894
167892
167892
167894
167892
167887
167885
167888
167892
167891
167889
167887
167889
167891
167891
167888
167886
167889
167891
167889
167883
167880
167884
167889
167888
167885
167884
167888
167891
167888
167881
167879
167883
167886
167885
167883
167883
167886
167890
167890
167888
167887
167889
167893
167893
167891
167890
167893
167896
167892
167886
167883
167887
167890
167887
167882
167878
167880
167883
167883
167881
167879
167882
167886
167886
167884
167882
167885
167887
167886
167882
167883
167886
167887
167884
167880
167875
167878
167881
167880
167877
167876
167880
167884
167883
167879
167876
167880
167883
167882
167880
167879
167882
167885
167884
167880
167878
167882
167885
167883
167879
167877
167881
167886
167886
167883
167879
167879
167880
167877
167874
167873
167878
167882
167882
167878
167876
167879
167881
167879
167876
167872
167875
167877
167875
167870
167869
167873
167877
167877
167873
167873
167876
167879
167879
167876
167876
167880
167883
167882
167877
167873
167876
167879
167877
167873
167871
167875
167879
167879
167874
167872
167875
167878
167877
167874
167871
167875
167879
167879
167876
167874
167877
167880
167879
167875
167871
167872
167874
167872
167869
167869
167873
167877
167879
167878
167878
167880
167879
167876
167873
167871
167876
167880
167879
167875
167873
167876
167879
167876
167870
167867
167871
167874
167874
167870
167870
167874
167877
167875
167871
167870
167873
167876
167874
167871
167868
167870
167874
167874
167871
167868
167872
167876
167874
167870
167868
167871
167873
167872
167868
167866
167869
167873
167874
167872
167871
167874
167876
167875
167871
167868
167871
167877
167877
167874
167873
167875
167878
167877
167871
167868
167870
167873
167872
167871
167869
167872
167874
167871
167868
167867
167870
167876
167876
167870
167865
167871
167873
167871
167869
167866
167866
167868
167867
167863
167864
167867
167869
167868
167863
167860
167863
167867
167866
167863
167861
167863
167865
167862
167859
167857
167861
167864
167863
167859
167857
167856
167858
167857
167854
167853
167858
167862
167859
167854
167852
167855
167858
167856
167852
167850
167855
167858
167858
167854
167851
167853
167858
167856
167853
167853
167858
167862
167861
167858
167854
167856
167859
167858
167857
167856
167859
167861
167859
167854
167851
167855
167859
167857
167853
167850
167853
167859
167855
167848
167847
167853
167858
167856
167852
167852
167856
167859
167856
167851
167849
167852
167856
167855
167851
167851
167854
167856
167855
167850
167847
167849
167851
167850
167848
167848
167852
167856
167857
167855
167853
167855
167855
167852
167847
167843
167846
167850
167850
167849
167849
167853
167857
167857
167852
167850
167854
167856
167854
167850
167847
167850
167854
167853
167849
167847
167851
167856
167855
167851
167848
167851
167852
167850
167848
167847
167851
167853
167851
167849
167848
167849
167851
167849
167845
167843
167847
167851
167850
167847
167845
167847
167849
167848
167845
167843
167848
167852
167849
167846
167844
167846
167848
167847
167843
167841
167841
167841
167838
167834
167834
167839
167845
167845
167842
167840
167842
167846
167844
167838
167836
167840
167843
167842
167840
167841
167845
167848
167848
167845
167843
167846
167848
167847
167844
167842
167844
167848
167847
167845
167844
167847
167851
167852
167849
167846
167848
167850
167850
167849
167848
167849
167852
167851
167847
167844
167848
167851
167850
167847
167845
167849
167853
167852
167848
167845
167850
167853
167852
167849
167846
167848
167852
167850
167846
167844
167849
167854
167853
167850
167848
167852
167856
167856
167854
167853
167856
167859
167856
167852
167851
167854
167856
167854
167850
167847
167848
167851
167850
167847
167845
167848
167852
167852
167850
167849
167854
167857
167855
167851
167849
167850
167852
167852
167846
167843
167847
167849
167847
167843
167842
167845
167848
167848
167844
167842
167843
167847
167847
167844
167845
167849
167852
167852
167847
167845
167845
167851
167853
167851
167849
167853
167856
167853
167850
167847
167849
167853
167851
167848
167847
167848
167849
167847
167842
167840
167842
167845
167844
167843
167843
167846
167851
167851
167849
167844
167846
167850
167846
167840
167839
167843
167849
167851
167849
167849
167853
167855
167852
167849
167847
167849
167851
167850
167849
167847
167849
167850
167848
167845
167843
167847
167851
167850
167844
167841
167846
167850
167849
167846
167844
167846
167848
167847
167845
167843
167843
167844
167846
167848
167847
167849
167851
167849
167849
167852
167853
167858
167859
167855
167851
167851
167858
167859
167852
167851
167856
167860
167858
167854
167851
167854
167857
167853
167845
167842
167847
167850
167849
167848
167848
167852
167857
167858
167854
167850
167850
167853
167850
167845
167844
167848
167854
167854
167851
167849
167850
167852
167851
167850
167850
167852
167856
167854
167851
167849
167851
167854
167852
167846
167844
167849
167852
167854
167851
167848
167850
167851
167850
167847
167845
167845
167848
167848
167847
167848
167852
167855
167854
167849
167845
167847
167850
167849
167846
167846
167852
167856
167854
167849
167845
167845
167847
167844
167840
167840
167844
167849
167847
167843
167841
167847
167852
167848
167844
167845
167849
167851
167848
167845
167845
167848
167849
167845
167839
167835
167836
167843
167844
167841
167842
167848
167852
167852
167848
167845
167846
167847
167844
167842
167842
167846
167850
167848
167844
167842
167843
167845
167844
167840
167838
167841
167842
167840
167837
167835
167837
167840
167837
167833
167830
167833
167838
167838
167836
167837
167841
167845
167845
167844
167843
167846
167848
167845
167839
167837
167841
167845
167845
167842
167841
167845
167847
167844
167840
167838
167839
167840
167840
167836
167831
167834
167837
167835
167832
167831
167832
167834
167836
167841
167841
167840
167846
167845
167840
167839
167839
167842
167838
167835
167835
167839
167843
167842
167840
167840
167846
167850
167849
167845
167843
167845
167849
167847
167844
167844
167847
167850
167850
167845
167845
167849
167852
167851
167848
167844
167844
167843
167840
167836
167833
167837
167841
167840
167837
167836
167838
167839
167838
167840
167838
167835
167839
167840
167836
167832
167835
167837
167838
167836
167833
167837
167841
167842
167842
167841
167844
167846
167847
167844
167842
167843
167845
167839
167832
167830
167835
167839
167838
167835
167834
167839
167845
167844
167842
167841
167845
167847
167844
167842
167841
167845
167850
167849
167848
167848
167852
167857
167855
167850
167846
167846
167848
167848
167841
167837
167839
167841
167841
167838
167838
167839
167840
167838
167835
167832
167834
167838
167835
167831
167832
167835
167837
167836
167832
167831
167834
167837
167837
167834
167832
167836
167837
167835
167831
167827
167832
167836
167835
167833
167831
167835
167839
167839
167838
167836
167839
167843
167842
167839
167837
167841
167846
167846
167843
167842
167845
167847
167845
167840
167838
167841
167844
167842
167838
167836
167837
167836
167837
167839
167839
167844
167847
167841
167839
167845
167853
167851
167850
167851
167848
167854
167862
167861
167860
167861
167868
167872
167868
167866
167865
167865
167867
167866
167862
167859
167862
167868
167868
167864
167860
167861
167863
167863
167857
167854
167858
167861
167860
167857
167856
167858
167862
167862
167858
167855
167858
167862
167860
167856
167855
167859
167861
167860
167857
167855
167856
167860
167859
167855
167853
167856
167859
167859
167856
167853
167856
167859
167859
167856
167853
167857
167860
167858
167853
167850
167852
167856
167855
167852
167851
167854
167857
167856
167853
167850
167851
167854
167854
167851
167850
167854
167860
167856
167847
167848
167851
167849
167850
167846
167845
167847
167848
167847
167842
167840
167841
167844
167845
167842
167841
167845
167848
167847
167843
167840
167840
167842
167840
167839
167839
167843
167846
167845
167842
167840
167843
167847
167848
167844
167838
167839
167841
167841
167838
167835
167840
167842
167841
167835
167835
167837
167836
167835
167833
167830
167832
167836
167835
167833
167831
167833
167837
167835
167830
167830
167835
167838
167833
167827
167824
167827
167831
167830
167826
167825
167831
167835
167832
167829
167827
167832
167836
167835
167833
167831
167833
167836
167834
167829
167826
167829
167832
167831
167827
167825
167829
167834
167833
167829
167828
167832
167834
167832
167828
167826
167831
167835
167836
167834
167833
167835
167839
167837
167833
167831
167833
167836
167836
167833
167832
167836
167841
167841
167838
167836
167840
167844
167842
167838
167836
167839
167844
167843
167838
167835
167837
167839
167836
167831
167828
167830
167836
167837
167834
167833
167836
167839
167839
167837
167833
167837
167840
167840
167838
167837
167841
167846
167847
167844
167841
167842
167846
167845
167843
167841
167843
167847
167846
167844
167843
167845
167848
167845
167839
167835
167836
167839
167837
167833
167833
167836
167838
167837
167833
167830
167831
167834
167833
167829
167828
167835
167841
167843
167840
167839
167840
167842
167841
167836
167832
167835
167838
167838
167835
167832
167836
167837
167832
167829
167828
167832
167834
167833
167828
167824
167827
167832
167831
167828
167826
167828
167831
167831
167828
167826
167829
167830
167827
167825
167824
167828
167830
167828
167823
167822
167828
167832
167830
167827
167823
167825
167829
167830
167826
167825
167830
167834
167833
167829
167825
167827
167830
167827
167821
167816
167820
167824
167825
167824
167822
167825
167829
167830
167827
167822
167822
167830
167833
167830
167827
167831
167834
167832
167827
167827
167829
167830
167830
167828
167825
167830
167833
167832
167830
167829
167831
167835
167833
167830
167829
167833
167837
167837
167835
167833
167834
167836
167835
167829
167825
167827
167829
167827
167823
167823
167830
167835
167835
167832
167831
167834
167836
167835
167831
167829
167831
167834
167832
167831
167830
167832
167836
167834
167830
167827
167829
167830
167829
167823
167817
167822
167833
167838
167833
167829
167832
167836
167837
167834
167832
167836
167839
167837
167832
167829
167833
167837
167836
167834
167833
167838
167841
167840
167836
167833
167835
167837
167835
167831
167828
167830
167833
167833
167830
167828
167832
167836
167835
167832
167829
167833
167838
167836
167832
167827
167826
167831
167842
167845
167838
167837
167844
167847
167843
167842
167845
167849
167848
167848
167845
167846
167850
167852
167848
167844
167849
167854
167854
167849
167846
167850
167855
167854
167850
167850
167853
167855
167855
167852
167850
167853
167857
167860
167857
167855
167860
167864
167863
167863
167860
167862
167868
167867
167862
167860
167865
167873
167874
167869
167866
167870
167874
167874
167869
167868
167873
167879
167880
167876
167872
167876
167881
167878
167872
167869
167872
167876
167876
167874
167873
167876
167879
167878
167875
167875
167878
167881
167880
167878
167879
167881
167884
167884
167878
167872
167875
167883
167882
167878
167877
167883
167887
167881
167874
167877
167881
167882
167877
167869
167864
167871
167878
167879
167876
167876
167880
167882
167881
167875
167873
167876
167880
167877
167873
167869
167872
167873
167871
167872
167870
167870
167875
167874
167867
167865
167870
167870
167870
167869
167868
167872
167880
167883
167880
167878
167880
167883
167881
167876
167874
167875
167878
167878
167875
167874
167878
167882
167881
167875
167871
167875
167880
167878
167872
167870
167874
167878
167876
167872
167870
167874
167877
167874
167872
167870
167870
167876
167876
167870
167868
167871
167874
167875
167872
167868
167872
167877
167878
167875
167873
167876
167878
167876
167872
167870
167874
167878
167877
167874
167872
167876
167878
167878
167875
167871
167873
167876
167876
167873
167868
167870
167872
167870
167864
167862
167864
167869
167870
167868
167866
167870
167872
167871
167867
167865
167869
167873
167873
167868
167865
167866
167870
167870
167868
167867
167870
167874
167875
167873
167869
167871
167873
167872
167869
167865
167864
167871
167879
167881
167874
167872
167872
167871
167868
167865
167866
167869
167869
167866
167864
167868
167872
167871
167868
167867
167870
167874
167876
167873
167871
167876
167882
167881
167878
167874
167874
167876
167875
167871
167869
167873
167876
167874
167870
167867
167870
167872
167869
167862
167863
167872
167877
167872
167869
167868
167873
167878
167878
167874
167872
167873
167876
167877
167874
167872
167875
167878
167876
167872
167869
167871
167873
167871
167868
167865
167866
167870
167870
167869
167869
167870
167873
167873
167868
167864
167867
167872
167872
167869
167868
167870
167871
167869
167867
167865
167868
167871
167870
167869
167867
167869
167872
167871
167868
167867
167871
167875
167875
167873
167871
167875
167879
167878
167875
167871
167873
167878
167876
167870
167868
167872
167875
167873
167869
167865
167866
167870
167870
167864
167860
167862
167867
167868
167864
167863
167865
167867
167868
167866
167863
167865
167869
167870
167869
167867
167869
167871
167870
167868
167866
167866
167869
167871
167868
167865
167868
167873
167872
167866
167864
167868
167873
167871
167868
167867
167872
167875
167871
167866
167864
167867
167868
167868
167866
167865
167867
167870
167871
167869
167867
167868
167872
167870
167867
167866
167870
167873
167872
167866
167863
167869
167874
167873
167869
167865
167866
167869
167869
167866
167864
167866
167870
167870
167868
167865
167866
167867
167866
167864
167863
167866
167871
167874
167870
167865
167865
167866
167865
167862
167859
167862
167867
167869
167866
167863
167866
167869
167866
167861
167860
167865
167870
167872
167869
167867
167871
167876
167876
167871
167867
167870
167873
167873
167868
167864
167865
167866
167866
167864
167863
167864
167864
167863
167860
167858
167860
167862
167862
167859
167855
167857
167862
167862
167854
167847
167852
167865
167867
167860
167859
167865
167867
167866
167866
167868
167870
167870
167870
167867
167862
167864
167869
167869
167864
167861
167861
167863
167865
167865
167862
167864
167867
167864
167860
167860
167861
167863
167865
167862
167860
167862
167864
167866
167867
167865
167867
167870
167870
167866
167866
167870
167875
167878
167875
167875
167877
167877
167883
167878
167878
167880
167881
167886
167881
167879
167886
167889
167891
167889
167885
167889
167890
167889
167887
167883
167884
167888
167890
167887
167884
167888
167893
167893
167889
167887
167889
167891
167890
167887
167885
167888
167892
167895
167893
167892
167896
167901
167900
167895
167892
167893
167895
167894
167891
167889
167892
167896
167896
167892
167889
167893
167898
167898
167895
167893
167896
167899
167898
167894
167892
167893
167895
167900
167899
167896
167900
167902
167903
167902
167901
167903
167907
167908
167903
167899
167900
167901
167900
167894
167891
167893
167896
167897
167895
167893
167897
167901
167901
167897
167894
167897
167902
167903
167901
167899
167902
167904
167904
167900
167898
167901
167905
167905
167902
167900
167903
167905
167904
167899
167894
167894
167898
167898
167894
167890
167892
167895
167895
167892
167890
167894
167898
167899
167898
167897
167900
167902
167901
167896
167892
167894
167897
167899
167902
167904
167902
167892
167894
167894
167888
167890
167891
167887
167883
167882
167882
167884
167884
167880
167875
167875
167878
167880
167876
167873
167875
167876
167875
167871
167867
167868
167873
167877
167876
167872
167874
167877
167878
167875
167872
167873
167876
167876
167872
167867
167868
167873
167877
167874
167867
167864
167866
167868
167863
167857
167862
167869
167867
167863
167860
167863
167866
167867
167864
167860
167860
167863
167863
167860
167859
167864
167871
167872
167867
167862
167865
167868
167868
167863
167859
167859
167861
167861
167858
167854
167857
167862
167864
167862
167859
167860
167860
167859
167856
167852
167855
167858
167859
167857
167856
167859
167863
167864
167861
167858
167857
167859
167861
167860
167858
167861
167865
167865
167860
167858
167862
167867
167869
167866
167863
167865
167867
167868
167864
167861
167863
167867
167867
167863
167860
167861
167862
167863
167861
167858
167861
167863
167862
167859
167856
167858
167861
167863
167860
167857
167859
167863
167863
167860
167859
167861
167864
167866
167862
167858
167860
167864
167865
167863
167860
167863
167867
167867
167861
167856
167856
167858
167858
167856
167856
167860
167865
167864
167858
167854
167855
167856
167856
167852
167849
167850
167848
167846
167857
167858
167858
167861
167860
167858
167858
167861
167867
167869
167872
167871
167872
167878
167877
167875
167873
167873
167880
167882
167879
167878
167884
167886
167884
167882
167879
167881
167883
167881
167876
167872
167876
167880
167882
167881
167881
167884
167887
167887
167882
167878
167879
167879
167880
167882
167881
167886
167892
167893
167891
167888
167892
167896
167899
167895
167890
167891
167893
167893
167888
167887
167889
167893
167894
167891
167889
167892
167894
167894
167890
167887
167887
167890
167890
167887
167884
167887
167891
167890
167887
167885
167887
167890
167891
167889
167886
167890
167895
167895
167892
167890
167893
167897
167898
167894
167891
167893
167897
167898
167895
167892
167894
167897
167898
167894
167889
167890
167894
167897
167897
167895
167896
167899
167900
167897
167894
167897
167902
167903
167898
167894
167896
167900
167899
167894
167890
167891
167896
167900
167899
167896
167898
167900
167899
167896
167894
167895
167897
167898
167900
167898
167899
167903
167903
167901
167900
167902
167905
167906
167902
167897
167898
167900
167898
167894
167893
167896
167900
167902
167899
167896
167900
167903
167903
167900
167896
167898
167904
167906
167902
167900
167902
167905
167904
167898
167894
167896
167899
167900
167897
167896
167899
167905
167911
167912
167907
167904
167907
167905
167903
167904
167906
167907
167909
167904
167898
167898
167901
167902
167900
167898
167901
167905
167906
167902
167898
167898
167901
167901
167897
167895
167897
167900
167900
167899
167898
167901
167906
167909
167910
167908
167911
167915
167914
167909
167906
167906
167907
167906
167903
167900
167898
167895
167893
167893
167894
167898
167903
167905
167902
167898
167899
167902
167904
167903
167902
167903
167906
167909
167906
167903
167905
167907
167906
167902
167901
167903
167908
167908
167904
167901
167904
167910
167916
167914
167906
167900
167907
167911
167904
167898
167899
167898
167895
167894
167893
167893
167899
167899
167895
167890
167887
167889
167888
167882
167880
167879
167881
167882
167879
167875
167874
167880
167885
167881
167876
167879
167883
167884
167882
167878
167880
167884
167884
167881
167878
167881
167886
167887
167884
167882
167883
167887
167887
167881
167877
167881
167885
167888
167887
167885
167886
167888
167891
167888
167883
167881
167884
167886
167884
167883
167885
167886
167884
167878
167874
167873
167877
167878
167873
167870
167871
167875
167876
167873
167868
167867
167870
167873
167871
167868
167870
167871
167869
167869
167875
167876
167878
167879
167874
167869
167872
167880
167886
167884
167880
167880
167882
167884
167881
167878
167880
167884
167884
167882
167879
167881
167886
167886
167882
167880
167882
167885
167887
167884
167882
167884
167888
167888
167882
167878
167880
167884
167886
167884
167878
167879
167883
167883
167879
167877
167880
167885
167887
167884
167880
167881
167884
167886
167882
167880
167882
167885
167887
167883
167881
167884
167887
167887
167884
167880
167881
167885
167888
167885
167881
167881
167883
167884
167881
167879
167881
167885
167887
167884
167879
167879
167882
167883
167878
167872
167873
167877
167880
167878
167876
167878
167881
167881
167877
167874
167874
167877
167881
167881
167879
167881
167882
167882
167879
167876
167876
167877
167878
167876
167873
167876
167880
167882
167879
167876
167877
167879
167879
167875
167870
167869
167870
167870
167866
167864
167869
167874
167876
167872
167868
167868
167871
167873
167870
167868
167869
167873
167877
167874
167870
167872
167876
167877
167874
167871
167872
167876
167879
167876
167874
167876
167880
167882
167878
167874
167874
167876
167879
167874
167870
167871
167874
167876
167873
167870
167871
167875
167879
167874
167869
167871
167875
167876
167872
167867
167869
167874
167875
167871
167867
167866
167870
167871
167869
167868
167871
167876
167880
167876
167871
167870
167873
167874
167870
167866
167867
167871
167875
167874
167872
167872
167875
167876
167872
167869
167869
167868
167869
167871
167870
167869
167872
167873
167871
167867
167867
167872
167874
167871
167868
167869
167872
167873
167869
167867
167867
167869
167870
167865
167863
167864
167870
167873
167868
167863
167865
167870
167869
167864
167860
167860
167863
167865
167862
167860
167862
167866
167869
167867
167862
167862
167866
167867
167864
167859
167858
167859
167861
167860
167858
167860
167863
167864
167861
167856
167856
167859
167861
167857
167854
167856
167859
167862
167858
167855
167856
167860
167861
167857
167854
167855
167858
167858
167854
167851
167852
167855
167857
167854
167850
167852
167857
167859
167854
167848
167846
167849
167852
167850
167847
167848
167852
167854
167851
167847
167848
167851
167855
167853
167850
167850
167851
167851
167848
167842
167842
167845
167849
167849
167848
167849
167853
167855
167853
167849
167848
167850
167852
167851
167848
167850
167855
167857
167853
167848
167847
167850
167853
167851
167847
167848
167853
167856
167852
167849
167851
167855
167857
167853
167849
167849
167853
167856
167852
167847
167847
167851
167853
167850
167846
167846
167850
167853
