167800
167799
167804
167808
167806
167802
167800
167802
167805
167803
167800
167800
167802
167804
167802
167800
167801
167804
167806
167803
167798
167794
167796
167799
167798
167793
167793
167797
167802
167801
167798
167798
167800
167803
167801
167798
167797
167800
167803
167799
167795
167794
167798
167800
167798
167795
167796
167801
167805
167802
167797
167795
167797
167799
167796
167793
167792
167794
167798
167797
167794
167793
167797
167799
167796
167792
167790
167792
167795
167793
167790
167790
167794
167797
167796
167794
167793
167796
167800
167799
167795
167794
167798
167799
167795
167791
167790
167793
167797
167795
167793
167793
167794
167796
167794
167789
167787
167790
167794
167792
167789
167788
167792
167796
167794
167791
167790
167793
167796
167794
167790
167790
167794
167798
167796
167792
167792
167796
167799
167797
167793
167792
167794
167798
167796
167791
167790
167793
167796
167793
167790
167788
167792
167797
167796
167794
167793
167796
167798
167795
167790
167788
167791
167793
167790
167787
167787
167791
167794
167793
167790
167789
167792
167797
167795
167792
167791
167794
167798
167797
167794
167794
167797
167800
167798
167793
167792
167794
167796
167794
167789
167787
167791
167795
167793
167788
167785
167788
167791
167788
167785
167785
167788
167791
167787
167782
167780
167785
167789
167789
167787
167786
167788
167792
167792
167788
167785
167786
167788
167787
167784
167784
167789
167794
167792
167789
167787
167788
167791
167789
167785
167782
167786
167790
167790
167786
167783
167785
167787
167783
167779
167778
167781
167785
167784
167780
167778
167781
167784
167783
167780
167779
167782
167785
167784
167783
167783
167787
167790
167788
167783
167781
167782
167783
167782
167778
167776
167779
167783
167781
167779
167778
167781
167783
167781
167778
167776
167780
167785
167783
167779
167778
167781
167785
167784
167780
167780
167784
167788
167787
167784
167783
167787
167792
167792
167789
167787
167789
167793
167791
167786
167785
167789
167794
167793
167789
167787
167790
167794
167791
167787
167785
167788
167792
167790
167787
167785
167787
167788
167785
167781
167781
167786
167791
167792
167789
167788
167791
167793
167791
167787
167785
167789
167792
167791
167788
167786
167789
167791
167788
167782
167780
167784
167788
167787
167785
167785
167789
167794
167793
167790
167788
167790
167792
167790
167785
167783
167788
167792
167792
167789
167788
167791
167794
167793
167790
167788
167790
167792
167790
167787
167785
167788
167792
167790
167785
167783
167785
167790
167791
167787
167786
167788
167791
167791
167789
167788
167790
167793
167791
167787
167786
167788
167792
167791
167789
167788
167791
167795
167793
167788
167785
167787
167792
167792
167788
167787
167790
167792
167791
167787
167786
167789
167794
167794
167789
167788
167794
167798
167796
167791
167788
167790
167793
167792
167789
167788
167792
167796
167795
167791
167788
167791
167795
167792
167788
167785
167788
167792
167792
167789
167788
167791
167795
167791
167785
167782
167784
167788
167789
167789
167789
167793
167796
167794
167791
167787
167789
167792
167791
167788
167787
167792
167796
167795
167791
167788
167790
167792
167792
167790
167788
167789
167792
167791
167786
167783
167785
167788
167788
167784
167782
167785
167788
167788
167785
167783
167787
167791
167790
167787
167785
167788
167789
167788
167786
167784
167788
167792
167792
167789
167788
167791
167794
167793
167789
167786
167789
167792
167790
167787
167788
167791
167793
167792
167789
167787
167789
167790
167790
167788
167786
167789
167794
167795
167790
167786
167787
167788
167786
167782
167780
167784
167787
167786
167783
167782
167785
167787
167788
167786
167785
167789
167791
167789
167785
167783
167785
167788
167788
167787
167785
167788
167792
167792
167789
167787
167790
167794
167795
167791
167788
167792
167796
167794
167790
167786
167787
167789
167788
167786
167784
167788
167790
167789
167787
167785
167786
167788
167788
167784
167781
167785
167789
167790
167786
167783
167785
167786
167785
167783
167782
167787
167792
167792
167790
167787
167788
167790
167789
167786
167786
167790
167794
167794
167789
167785
167786
167787
167786
167783
167781
167784
167789
167790
167787
167784
167787
167792
167793
167791
167789
167791
167794
167792
167787
167783
167783
167787
167788
167786
167785
167789
167793
167793
167790
167787
167789
167791
167789
167785
167781
167782
167785
167785
167782
167779
167782
167786
167786
167783
167781
167784
167786
167786
167782
167780
167783
167788
167789
167786
167783
167785
167788
167787
167782
167780
167784
167787
167788
167786
167784
167787
167791
167790
167786
167784
167787
167791
167790
167787
167785
167786
167789
167790
167786
167784
167787
167790
167790
167786
167783
167786
167790
167791
167788
167786
167788
167791
167792
167788
167786
167790
167794
167794
167791
167790
167792
167795
167795
167793
167790
167792
167795
167794
167790
167786
167789
167793
167793
167790
167787
167790
167793
167793
167788
167786
167788
167791
167791
167788
167786
167789
167793
167792
167789
167790
167794
167798
167796
167791
167787
167789
167793
167793
167790
167789
167792
167796
167796
167792
167789
167790
167793
167793
167790
167787
167790
167794
167795
167792
167790
167792
167795
167795
167792
167789
167790
167794
167795
167792
167789
167792
167795
167794
167790
167786
167790
167794
167794
167791
167788
167791
167795
167794
167789
167786
167787
167790
167791
167787
167786
167790
167793
167792
167789
167787
167790
167793
167793
167788
167783
167785
167787
167787
167784
167783
167787
167791
167791
167786
167784
167786
167790
167789
167786
167785
167787
167790
167789
167784
167780
167782
167786
167787
167784
167780
167782
167785
167786
167782
167779
167782
167787
167789
167787
167784
167786
167788
167787
167782
167778
167780
167783
167784
167782
167780
167782
167786
167787
167785
167781
167782
167785
167785
167781
167778
167779
167783
167786
167786
167786
167787
167790
167791
167788
167785
167787
167789
167788
167785
167782
167785
167788
167787
167784
167782
167786
167790
167791
167788
167784
167784
167785
167785
167782
167782
167788
167793
167795
167792
167790
167792
167794
167792
167787
167783
167784
167787
167788
167785
167782
167784
167788
167787
167784
167781
167783
167785
167784
167782
167779
167782
167787
167789
167786
167785
167789
167793
167794
167792
167788
167789
167790
167787
167782
167778
167781
167785
167786
167782
167781
167784
167788
167791
167789
167787
167790
167795
167796
167792
167789
167790
167791
167791
167787
167784
167787
167790
167791
167787
167783
167784
167787
167787
167783
167780
167784
167790
167793
167791
167789
167791
167794
167795
167791
167789
167792
167794
167792
167788
167783
167786
167789
167791
167788
167784
167787
167792
167793
167791
167789
167792
167795
167795
167791
167787
167790
167794
167795
167792
167790
167793
167797
167799
167797
167795
167798
167800
167800
167796
167793
167795
167798
167799
167794
167791
167793
167796
167796
167792
167789
167791
167795
167795
167791
167789
167791
167796
167797
167795
167792
167795
167800
167802
167800
167796
167798
167801
167801
167796
167790
167790
167792
167791
167787
167785
167788
167793
167794
167792
167788
167791
167795
167795
167790
167784
167785
167787
167789
167786
167784
167787
167793
167795
167792
167789
167790
167792
167792
167790
167787
167789
167793
167795
167793
167791
167794
167797
167797
167793
167788
167788
167791
167792
167790
167789
167791
167793
167794
167791
167788
167790
167793
167795
167792
167789
167791
167794
167796
167794
167790
167790
167793
167794
167791
167788
167790
167793
167795
167792
167789
167791
167795
167796
167791
167786
167787
167790
167791
167787
167784
167786
167790
167792
167790
167788
167792
167796
167797
167794
167792
167794
167798
167798
167794
167788
167789
167791
167792
167789
167787
167789
167793
167794
167791
167788
167790
167792
167792
167788
167785
167786
167790
167792
167788
167785
167788
167791
167792
167790
167787
167790
167795
167797
167794
167790
167790
167791
167792
167790
167786
167788
167792
167793
167790
167786
167788
167793
167794
167790
167786
167787
167791
167795
167792
167789
167790
167794
167794
167790
167787
167789
167793
167796
167793
167790
167792
167795
167795
167792
167789
167790
167793
167794
167792
167787
167788
167791
167793
167790
167787
167790
167795
167797
167793
167790
167792
167796
167797
167793
167789
167790
167796
167799
167797
167796
167798
167802
167804
167800
167796
167798
167803
167805
167802
167800
167800
167800
167798
167793
167789
167791
167796
167799
167798
167797
167798
167801
167801
167796
167792
167793
167797
167797
167795
167792
167794
167797
167798
167795
167792
167794
167797
167800
167799
167797
167798
167801
167802
167797
167792
167793
167796
167797
167794
167791
167792
167795
167796
167791
167787
167790
167795
167797
167794
167790
167791
167795
167797
167795
167791
167794
167797
167798
167794
167790
167791
167794
167795
167792
167790
167793
167797
167800
167798
167795
167796
167800
167802
167799
167796
167799
167803
167806
167804
167799
167801
167803
167803
167797
167793
167794
167797
167799
167795
167792
167795
167799
167800
167796
167793
167793
167796
167797
167793
167789
167791
167795
167799
167799
167798
167802
167807
167808
167805
167800
167800
167802
167803
167800
167797
167798
167801
167802
167799
167795
167795
167796
167796
167793
167789
167790
167793
167796
167794
167790
167791
167794
167795
167790
167788
167791
167796
167797
167794
167791
167794
167799
167802
167800
167798
167801
167804
167805
167803
167800
167802
167806
167807
167804
167798
167796
167797
167797
167794
167791
167792
167795
167798
167797
167794
167793
167796
167797
167794
167793
167795
167801
167803
167801
167798
167798
167801
167801
167799
167797
167799
167803
167806
167804
167800
167801
167804
167803
167798
167794
167795
167799
167802
167800
167797
167799
167803
167805
167802
167798
167799
167803
167804
167802
167799
167801
167804
167805
167800
167794
167795
167798
167800
167797
167793
167793
167798
167801
167798
167795
167796
167798
167799
167797
167795
167797
167802
167805
167803
167801
167803
167807
167808
167806
167802
167803
167807
167809
167805
167801
167802
167805
167807
167803
167797
167797
167802
167805
167803
167800
167802
167806
167808
167804
167799
167799
167803
167805
167803
167801
167802
167805
167806
167802
167798
167797
167800
167802
167799
167797
167799
167803
167806
167802
167798
167797
167800
167803
167801
167801
167804
167809
167812
167808
167803
167801
167803
167804
167800
167797
167799
167804
167807
167803
167800
167800
167802
167805
167802
167799
167800
167805
167809
167807
167804
167805
167808
167810
167806
167802
167803
167806
167808
167804
167799
167799
167804
167808
167805
167802
167802
167804
167807
167805
167801
167803
167807
167809
167807
167804
167805
167809
167812
167809
167804
167805
167808
167808
167803
167799
167800
167803
167803
167799
167795
167796
167801
167803
167802
167799
167800
167803
167805
167802
167798
167801
167804
167805
167802
167799
167800
167804
167809
167806
167802
167802
167805
167807
167804
167800
167801
167805
167810
167809
167806
167807
167810
167813
167810
167807
167808
167812
167815
167811
167808
167807
167809
167811
167807
167801
167798
167800
167801
167798
167794
167795
167800
167804
167804
167802
167802
167806
167808
167806
167803
167804
167809
167813
167813
167812
167814
167816
167817
167812
167806
167805
167807
167808
167806
167803
167805
167809
167811
167808
167803
167802
167804
167806
167803
167798
167797
167799
167800
167797
167795
167798
167803
167808
167807
167805
167805
167809
167812
167809
167805
167805
167809
167812
167808
167805
167806
167809
167812
167809
167806
167806
167809
167812
167808
167803
167802
167805
167809
167807
167804
167805
167808
167811
167808
167805
167805
167811
167815
167813
167810
167809
167813
167814
167811
167807
167807
167811
167815
167814
167810
167811
167815
167816
167813
167808
167809
167813
167816
167813
167810
167811
167815
167818
167814
167810
167809
167812
167814
167812
167809
167811
167816
167820
167817
167814
167815
167819
167820
167814
167807
167806
167810
167813
167812
167811
167813
167819
167822
167820
167817
167818
167821
167824
167822
167817
167817
167821
167823
167821
167817
167817
167821
167824
167822
167820
167823
167830
167833
167830
167826
167825
167827
167829
167827
167825
167826
167829
167830
167828
167825
167825
167829
167832
167829
167826
167826
167830
167832
167828
167824
167823
167827
167830
167829
167827
167829
167835
167839
167837
167834
167833
167836
167839
167836
167832
167834
167840
167842
167838
167835
167836
167839
167842
167839
167837
167838
167843
167846
167844
167840
167839
167843
167846
167843
167839
167840
167846
167850
167846
167842
167839
167841
167843
167840
167837
167838
167843
167848
167847
167846
167846
167847
167849
167846
167843
167844
167848
167851
167847
167844
167844
167847
167850
167848
167844
167843
167845
167847
167843
167841
167840
167844
167847
167845
167843
167844
167847
167850
167848
167844
167843
167846
167849
167848
167845
167846
167849
167852
167850
167847
167848
167852
167855
167852
167848
167848
167850
167851
167847
167843
167843
167848
167853
167853
167851
167852
167855
167857
167854
167849
167848
167853
167857
167857
167854
167853
167856
167858
167854
167850
167850
167855
167859
167858
167857
167859
167864
167866
167862
167855
167854
167858
167860
167859
167857
167858
167862
167865
167864
167861
167861
167863
167865
167863
167859
167858
167861
167864
167863
167860
167860
167863
167866
167863
167858
167859
167863
167867
167866
167862
167862
167867
167871
167869
167864
167864
167865
167866
167862
167858
167858
167863
167867
167866
167864
167864
167868
167872
167870
167866
167865
167869
167874
167873
167870
167870
167875
167879
167877
167874
167872
167874
167876
167874
167872
167873
167878
167883
167881
167876
167875
167875
167875
167872
167870
167872
167878
167882
167881
167876
167874
167877
167879
167878
167876
167878
167881
167884
167882
167879
167878
167882
167884
167881
167879
167879
167883
167886
167884
167880
167879
167882
167885
167883
167879
167879
167883
167888
167886
167884
167883
167885
167888
167884
167880
167880
167883
167885
167882
167879
167880
167885
167890
167888
167885
167884
167889
167893
167892
167889
167889
167891
167892
167890
167886
167885
167889
167894
167891
167888
167888
167892
167893
167890
167886
167886
167891
167895
167893
167891
167893
167896
167898
167895
167891
167891
167895
167899
167898
167894
167893
167897
167900
167897
167893
167893
167898
167902
167900
167898
167900
167904
167906
167903
167898
167895
167896
167898
167896
167894
167894
167900
167903
167900
167895
167893
167897
167900
167898
167895
167897
167902
167906
167903
167899
167896
167898
167898
167894
167889
167889
167894
167899
167899
167896
167896
167899
167903
167901
167898
167897
167900
167903
167901
167898
167898
167901
167903
167899
167895
167895
167898
167900
167896
167893
167894
167900
167904
167902
167899
167900
167905
167909
167909
167905
167904
167908
167912
167909
167904
167902
167905
167908
167906
167904
167904
167908
167912
167912
167910
167909
167912
167916
167916
167915
167916
167921
167923
167921
167916
167916
167919
167919
167915
167913
167913
167917
167921
167919
167915
167915
167916
167916
167913
167910
167909
167912
167916
167913
167909
167908
167911
167914
167912
167907
167906
167911
167914
167914
167912
167912
167915
167917
167914
167911
167912
167918
167921
167917
167913
167914
167917
167920
167919
167916
167917
167920
167922
167920
167916
167915
167916
167919
167918
167916
167917
167920
167923
167921
167917
167914
167916
167918
167916
167911
167910
167914
167917
167915
167912
167910
167913
167916
167915
167913
167912
167915
167919
167917
167914
167914
167917
167919
167915
167911
167910
167914
167919
167917
167911
167910
167913
167919
167917
167913
167913
167916
167919
167917
167913
167911
167914
167919
167918
167914
167912
167914
167917
167914
167910
167910
167912
167916
167916
167915
167914
167917
167919
167917
167915
167916
167919
167921
167919
167915
167913
167914
167915
167912
167908
167906
167910
167913
167911
167907
167907
167909
167913
167911
167907
167907
167912
167917
167916
167912
167910
167912
167915
167912
167909
167909
167913
167916
167914
167911
167910
167913
167915
167914
167912
167911
167915
167917
167913
167907
167904
167906
167908
167905
167902
167902
167907
167911
167909
167905
167904
167908
167912
167910
167907
167906
167909
167911
167907
167903
167902
167906
167909
167909
167905
167904
167908
167911
167909
167904
167902
167903
167904
167901
167897
167896
167899
167901
167900
167897
167896
167899
167903
167902
167901
167901
167905
167908
167903
167898
167897
167901
167903
167901
167898
167898
167903
167908
167907
167904
167903
167906
167909
167908
167905
167903
167906
167909
167908
167905
167904
167908
167910
167909
167906
167903
167906
167910
167908
167904
167904
167907
167911
167911
167909
167908
167910
167912
167909
167904
167903
167906
167910
167909
167905
167903
167905
167908
167904
167901
167901
167906
167910
167908
167908
167908
167909
167911
167909
167906
167904
167907
167909
167907
167902
167900
167902
167906
167904
167903
167904
167908
167911
167909
167906
167904
167905
167906
167903
167900
167899
167902
167905
167905
167903
167901
167904
167906
167903
167900
167900
167903
167905
167902
167897
167897
167899
167901
167900
167898
167898
167901
167904
167902
167898
167895
167898
167901
167898
167895
167894
167899
167903
167901
167897
167895
167897
167900
167897
167893
167893
167896
167899
167898
167895
167894
167896
167899
167897
167893
167893
167897
167902
167901
167897
167896
167899
167900
167896
167893
167891
167895
167898
167896
167892
167889
167893
167899
167898
167894
167894
167898
167901
167901
167900
167902
167907
167910
167908
167904
167902
167906
167909
167906
167901
167898
167899
167901
167899
167897
167896
167899
167901
167898
167896
167895
167899
167902
167900
167897
167895
167898
167902
167901
167899
167900
167904
167907
167905
167900
167897
167900
167903
167902
167898
167895
167899
167903
167901
167899
167900
167903
167907
167904
167901
167899
167902
167905
167903
167899
167900
167905
167909
167909
167905
167903
167906
167908
167905
167899
167897
167899
167901
167899
167896
167894
167898
167903
167901
167897
167896
167899
167902
167900
167896
167896
167898
167902
167898
167894
167894
167899
167904
167903
167899
167897
167898
167898
167896
167892
167890
167894
167899
167900
167899
167901
167906
167908
167905
167900
167896
167899
167902
167900
167897
167897
167901
167905
167902
167897
167893
167896
167899
167897
167895
167895
167898
167901
167898
167895
167894
167896
167900
167898
167896
167896
167900
167902
167899
167896
167896
167899
167905
167903
167899
167898
167902
167904
167902
167898
167897
167901
167903
167900
167895
167893
167897
167900
167898
167893
167892
167895
167899
167900
167899
167896
167902
167907
167905
167904
167905
167907
167909
167905
167900
167898
167902
167905
167905
167899
167898
167902
167906
167907
167903
167905
167913
167915
167908
167907
167907
167904
167906
167907
167904
167902
167906
167910
167905
167901
167902
167901
167905
167901
167898
167897
167901
167903
167902
167898
167895
167897
167900
167902
167901
167892
167897
167905
167899
167891
167894
167896
167898
167899
167897
167895
167901
167904
167900
167895
167898
167901
167903
167914
167898
167899
167900
167908
167905
167897
167894
167899
167900
167900
167894
167900
167898
167905
167908
167903
167898
167903
167906
167905
167897
167898
167905
167911
167914
167909
167905
167900
167900
167908
167904
167902
167895
167906
167902
167898
167900
167905
167913
167894
167900
167904
167898
167893
167900
167889
167893
167901
167903
167903
167900
167884
167897
167902
167893
167893
167892
167897
167909
167906
167903
167896
167909
167903
167901
167899
167898
167891
167896
167896
167889
167898
167896
167910
167895
167899
167892
167895
167891
167896
167898
167893
167890
167910
167901
167899
167897
167903
167908
167893
167889
167896
167899
167905
167898
167904
167900
167887
167903
167909
167905
167895
167900
167907
167902
167898
167906
167905
167902
167908
167915
167920
167917
167908
167909
167907
167904
167907
167908
167914
167919
167897
167906
167912
167908
167901
167917
167913
167924
167918
167912
167906
167902
167910
167906
167905
167902
167905
167915
167893
167922
167908
167915
167920
167917
167901
167907
167912
167915
167903
167909
167921
167916
167910
167914
167909
167901
167906
167907
167906
167906
167904
167909
167912
167909
167909
167904
167911
167917
167907
167900
167905
167910
167906
167906
167900
167904
167910
167911
167909
167906
167907
167910
167915
167915
167912
167908
167910
167914
167914
167912
167912
167917
167922
167919
167914
167912
167915
167916
167915
167910
167906
167911
167915
167916
167914
167912
167913
167918
167917
167913
167911
167913
167916
167915
167911
167911
167916
167920
167918
167914
167914
167917
167918
167918
167915
167913
167915
167919
167918
167915
167914
167915
167916
167915
167912
167911
167913
167916
167916
167914
167913
167916
167919
167919
167916
167916
167916
167918
167916
167912
167910
167911
167914
167914
167909
167908
167913
167913
167912
167910
167911
167919
167920
167923
167920
167912
167917
167920
167920
167914
167909
167915
167922
167912
167908
167910
167907
167907
167900
167900
167900
167904
167907
167905
167908
167905
167909
167908
167912
167902
167904
167909
167914
167914
167905
167904
167904
167907
167901
167913
167901
167903
167910
167912
167911
167906
167913
167916
167924
167915
167918
167899
167917
167916
167918
167906
167912
167916
167919
167929
167909
167903
167909
167920
167917
167934
167918
167917
167924
167922
167917
167911
167928
167931
167919
167919
167915
167943
167925
167918
167932
167939
167919
167931
167939
167924
167918
167932
167921
167930
167915
167927
167929
167938
167930
167910
167926
167912
167932
167936
167934
167934
167936
167941
167920
167929
167926
167927
167940
167935
167919
167925
167935
167936
167925
167930
167942
167935
167927
167922
167924
167928
167914
167937
167932
167932
167936
167927
167926
167919
167915
167922
167926
167925
167922
167921
167925
167930
167928
167923
167921
167923
167925
167923
167918
167917
167919
167921
167920
167918
167919
167923
167922
167917
167918
167917
167918
167921
167918
167914
167907
167913
167918
167920
167917
167915
167919
167925
167924
167919
167922
167927
167929
167929
167924
167923
167920
167923
167922
167917
167916
167918
167923
167925
167922
167922
167927
167930
167930
167927
167927
167930
167931
167927
167924
167923
167928
167930
167930
167927
167927
167932
167936
167937
167935
167934
167937
167940
167938
167936
167934
167936
167939
167937
167936
167933
167934
167937
167938
167934
167931
167938
167942
167942
167939
167936
167938
167939
167937
167935
167933
167939
167940
167937
167936
167935
167939
167941
167939
167939
167937
167937
167943
167946
167942
167945
167947
167947
167950
167944
167943
167941
167944
167949
167945
167941
167941
167941
167939
167945
167950
167949
167953
167955
167953
167949
167950
167954
167954
167936
167927
167948
167950
167953
167947
167936
167946
167948
167941
167948
167938
167932
167945
167949
167949
167944
167943
167952
167959
167961
167940
167920
167951
167953
167940
167928
167954
167964
167950
167934
167946
167974
167972
167967
167951
167954
167968
167952
167968
167951
167939
167956
167957
167933
167963
167957
167949
167919
167943
167947
167943
167956
167941
167954
167956
167942
167949
167949
167953
167945
167949
167946
167939
167950
167948
167950
167953
167940
167954
167955
167966
167943
167967
167962
167942
167952
167965
167965
167954
167971
167960
167941
167970
167993
167949
167969
167980
167979
167942
167982
167959
167975
167965
167947
167957
167946
167940
167960
167960
167957
167945
167963
167967
167973
167949
167944
167955
167958
167965
167944
167954
167972
167945
167953
167965
167977
167960
167960
167952
167967
167972
167947
167955
167953
167947
167943
167945
167939
167936
167950
167920
167965
167957
167954
167967
167943
167952
167947
167948
167957
167941
167944
167946
167944
167958
167949
167944
167956
167950
167943
167939
167953
167941
167948
167949
167953
167955
167955
167940
167946
167928
167950
167941
167951
167938
167951
167945
167950
167954
167941
167951
167952
167945
167969
167951
167964
167952
167944
167955
167949
167948
167950
167952
167948
167945
167948
167952
167963
167962
167957
167958
167952
167955
167960
167943
167946
167948
167958
167952
167944
167943
167947
167954
167952
167949
167945
167965
167960
167958
167948
167952
167969
167959
167952
167942
167936
167942
167969
167956
167942
167944
167956
167957
167949
167956
167966
167960
167949
167962
167949
167936
167962
167962
167948
167932
167954
167954
167956
167958
167949
167948
167955
167962
167961
167946
167941
167970
167964
167949
167965
167958
167957
167953
167957
167961
167949
167947
167961
167946
167953
167949
167954
167967
167965
167964
167962
167959
167962
167964
167953
167946
167962
167958
167953
167957
167961
167955
167948
167960
167956
167951
167949
167971
167961
167958
167952
167950
167956
167953
167954
167942
167954
167962
167958
167954
167951
167947
167961
167967
167950
167945
167951
167955
167953
167953
167949
167955
167957
167956
167951
167954
167950
167955
167959
167955
167948
167950
167953
167952
167948
167948
167951
167953
167952
167948
167945
167951
167953
167951
167948
167943
167945
167952
167947
167946
167949
167951
167955
167956
167948
167950
167958
167961
167957
167953
167952
167956
167957
167953
167951
167950
167954
167959
167957
167955
167960
167963
167963
167963
167959
167956
167960
167959
167958
167952
167951
167955
167961
167960
167956
167954
167960
167965
167962
167960
167961
167965
167966
167963
167963
167963
167965
167967
167967
167968
167965
167967
167971
167970
167966
167966
167971
167970
167974
167964
167955
167961
167966
167968
167967
167964
167972
167969
167967
167963
167970
167972
167971
167974
167965
167965
167974
167975
167971
167969
167970
167969
167975
167976
167963
167974
167981
167980
167974
167974
167968
167981
167990
167976
167976
167979
167973
167981
167986
167970
167991
167979
167991
167985
167979
167978
167979
167984
167981
167980
167979
167988
167970
167986
167981
167975
167990
167988
167972
167965
167972
167992
167974
167986
167996
167995
167983
168008
167964
167967
167988
167986
167979
167993
167983
167977
167976
167982
167973
167979
167976
168001
167967
167969
167994
167980
167953
167992
168002
167983
167962
167958
167972
168002
167950
167956
167983
167989
167977
167975
167982
167964
167955
167969
167971
167980
167968
167962
167982
167976
167976
167964
168000
167958
167972
167977
167965
167975
167969
167957
167956
167974
167988
167990
167985
167953
167957
167966
167982
167959
167972
167965
167981
167975
167958
167962
167973
167969
167971
167947
167980
167963
167965
167958
167981
167964
167959
167960
167971
167972
167970
167970
167961
167964
167967
167962
167998
167976
167957
167980
167978
167983
167961
167978
167961
167961
167951
167980
167957
167953
167966
167968
167993
167990
167968
167980
167980
167989
167961
167972
167970
167970
167976
167982
167981
167963
167964
167978
167979
167976
167968
167984
167968
167961
167989
167952
167964
167979
167966
167967
167970
167945
167971
167973
167975
167989
167991
167956
167963
167984
167984
167975
167972
167970
167975
167967
167970
167978
167956
167978
167972
167973
167976
167994
167962
167972
167974
167965
167981
167970
167984
167982
167990
167998
167974
167954
167968
167969
167990
167973
167994
167978
167969
167992
167980
167972
167993
167972
167984
167977
167985
167978
167970
167995
167963
167974
167984
167981
167974
167980
167986
167954
167992
167980
167980
167986
167978
167963
167975
167981
167961
167952
167981
167976
167961
167960
167991
167982
167989
167973
167976
167957
167951
167961
167972
167971
167981
167990
167969
167947
167963
167972
167958
167981
167959
167964
167997
167985
167968
167956
167967
167959
167981
167964
167976
167980
167966
167963
167977
167978
167968
167958
167978
167989
167974
167970
167964
167977
167975
167973
167966
168003
167976
167971
167962
167981
167979
167969
167968
167971
167963
167982
167984
168010
167995
167954
167968
167974
167965
167980
167979
167990
168001
167968
167985
167984
167971
167982
167999
167971
167988
167979
167967
167984
167997
168001
167983
167958
167979
167981
167975
168005
168010
167972
167952
167978
167977
167972
168000
167961
167959
167978
167992
168005
167978
167978
167978
167991
168024
167985
167977
167982
167986
167974
167985
168003
167992
167990
167991
167998
167995
168012
167983
167975
167981
167987
167995
168003
167996
168009
168029
168003
167995
167990
168000
168007
168018
168027
167989
167993
167986
167983
167986
168002
168009
167997
167997
168016
168008
168011
168017
168003
167992
167995
168000
168006
168004
168020
168001
167997
168011
167986
168004
168010
168016
168012
168009
167998
167996
168007
168018
168003
167998
168011
168025
168011
168018
168016
168006
168008
168012
168021
168002
167984
167993
168027
168012
168001
168011
167997
167996
168003
167999
168009
168012
167998
168023
168064
167989
167993
167995
168009
168005
168009
167991
167997
168000
168011
168013
168032
167993
168000
168024
168003
168003
168000
168027
168004
167998
168012
167989
167991
168011
168010
167990
167995
168006
167998
168005
168000
168005
168008
168009
168007
167992
167991
168007
168022
167993
167982
168008
168005
167982
167984
167998
167989
167990
167996
167994
167998
168008
167988
167990
167988
168008
168024
167988
167982
168000
168006
168000
168004
167998
167994
167998
167992
167997
167989
167990
167991
167992
167999
167990
167990
167999
168023
167992
167979
167984
168004
168005
167985
167993
167992
167995
167993
167993
167992
167997
168000
167971
167976
167987
167989
168002
167990
167983
168003
167999
167995
167971
167990
167989
167993
167990
167987
167984
167972
167984
167987
167999
167982
167990
167973
167976
167980
167988
167998
167975
167980
167977
167984
167985
167979
167976
168006
167987
167968
167979
167990
167982
167998
167980
167980
167983
168002
167999
167979
167986
167990
167990
167988
167989
167984
167991
167979
168010
167980
167974
167973
167978
167981
167985
167990
167985
167978
167983
167979
167980
167970
167983
167983
167987
167967
167973
167969
167959
167981
167979
167990
167984
167982
167980
167996
167991
167989
167988
167995
167992
167978
167974
167990
167990
167988
167987
167985
167976
167999
167992
167982
167985
167989
167989
167998
167988
167971
167994
167993
167998
167980
167978
167978
167981
167974
167972
167965
167988
167980
167972
167983
167972
167982
167991
167985
167979
168000
167967
167981
167988
167985
167980
167975
167999
167998
167988
167980
167998
167989
167981
167980
167982
167976
167979
167992
167998
167983
167985
167980
167978
167992
167976
167970
167971
167973
167972
167975
167995
167991
167986
167981
167984
167996
167972
167977
167973
167983
168000
168000
167997
168002
167995
168003
168003
168012
168003
168012
168024
168035
168015
168016
168013
168027
168022
168014
168015
168036
168044
168011
168006
168020
168021
168014
168020
168032
168008
168017
168017
168014
168022
168020
168007
168022
168037
168034
168051
168017
168028
168028
168024
168019
168027
168043
168040
168046
168024
168020
168043
168041
168035
168023
168033
168038
168041
168037
168035
168041
168055
168054
168049
168028
168036
168039
168050
168042
168041
168040
168048
168070
168063
168044
168052
168069
168063
168055
168051
168062
168057
168061
168075
168078
168074
168078
168078
168090
168080
168091
168072
168083
168090
168097
168096
168112
168105
168104
168115
168117
168100
168113
168125
168125
168134
168150
168173
168174
168153
168164
168188
168215
168233
168223
168225
168230
168235
168253
168260
168277
168310
168296
168287
168367
168505
168459
168516
168598
168595
168481
168494
168685
168649
168508
168626
168703
168666
168747
168659
168595
168698
168384
168330
168325
168339
168340
168334
168333
168390
168459
168389
168434
168509
168509
168522
168517
168476
168467
168470
168484
168485
168475
168473
168462
168466
168469
168457
168458
168347
168174
168165
168209
168276
168317
168149
168087
168231
168236
168212
168254
168257
168234
168204
168180
168149
168063
167967
167887
167843
167805
167735
167681
167635
167570
167536
167502
167466
167421
167357
167305
167258
167215
167169
167134
167092
167041
166991
166962
166918
166876
166826
166781
166743
166694
166624
166509
166383
166303
166271
166216
166179
166153
166110
166060
166025
165991
165960
165912
165890
165863
165819
165792
165767
165735
165701
165668
165661
165640
165584
165562
165531
165507
165489
165467
165447
165428
165421
165396
165375
165358
165346
165318
165308
165273
165261
165255
165251
165231
165222
165217
165204
165202
165171
165162
165157
165145
165128
165112
165114
165102
165085
165074
165060
165057
165059
165046
165034
165040
165018
165007
165037
165025
164986
164964
164982
165052
165082
165074
165064
165068
165059
165109
165410
165623
165625
165546
165179
164925
165041
165179
165316
165368
165308
165552
165846
165617
165518
165535
165414
165095
164912
164832
164812
164826
164857
164904
164986
165017
165024
165027
164848
164740
164721
164715
164712
164715
164708
164688
164683
164679
164680
164684
164681
164733
164734
164674
164651
164635
164643
164623
164627
164625
164612
164612
164610
164607
164603
164591
164593
164585
164577
164576
164569
164562
164543
164542
164544
164539
164539
164526
164539
164523
164514
164530
164508
164503
164503
164503
164498
164491
164502
164501
164480
164462
164464
164465
164460
164454
164453
164444
164442
164445
164431
164428
164415
164424
164421
164394
164388
164389
164387
164395
164402
164376
164375
164371
164364
164363
164356
164357
164355
164354
164347
164346
164340
164326
164329
164315
164310
164307
164294
164298
164284
164276
164284
164272
164264
164259
164257
164252
164249
164236
164232
164230
164224
164226
164234
164207
164209
164191
164198
164193
164186
164164
164173
164165
164170
164166
164148
164154
164150
164147
164131
164122
164130
164124
164118
164106
164103
164099
164107
164102
164090
164084
164085
164090
164080
164074
164081
164060
164063
164061
164056
164058
164057
164050
164055
164044
164035
164040
164037
164044
164038
164033
164032
164036
164033
164024
164031
164033
164021
164034
164021
164022
164020
164014
164015
164011
164004
164007
164003
164001
163997
163995
163998
163998
164004
164007
164005
163992
163994
164004
163993
163992
163986
164000
164002
163997
163994
163998
164002
164005
164009
164012
164007
164011
164005
164009
163998
163996
163999
163998
164001
163991
163996
164006
164001
163991
163997
164001
164006
164002
164001
163997
164004
164007
163997
163998
164000
164007
164018
164012
164006
164012
164014
164021
164023
164025
164020
164018
164021
164027
164026
164020
164021
164026
164024
164029
164013
164022
164030
164034
164027
164018
164024
164023
164025
164025
164025
164017
164021
164025
164028
164031
164028
164031
164047
164041
164030
164043
164037
164030
164032
164026
164020
164031
164019
164014
164012
164012
164012
164012
163996
163995
164001
164007
163993
163993
163997
163990
163993
163994
164001
163989
163989
163994
163995
163990
163996
164004
163997
163997
163993
163993
163996
164005
164000
163999
163996
164003
164008
163995
164013
164003
164006
163995
163996
163996
163988
163993
164003
164004
163995
163996
163993
163998
163997
163989
163983
164008
164001
163992
163992
163996
163999
164013
164011
164001
164001
164005
164005
164009
164018
164015
164010
164007
164008
164012
164014
164016
164019
164019
164012
164012
164016
164021
164014
164018
164022
164016
164010
164017
164008
164000
164002
164003
164001
163991
163987
163990
163991
163997
163981
163977
163975
163973
163977
163978
163964
163971
163974
163972
163965
163967
163967
163968
163963
163965
163958
163964
163963
163961
163958
163960
163948
163954
163951
163937
163940
163943
163940
163935
163932
163930
163930
163935
163932
163929
163924
163929
163933
163926
163930
163926
163928
163926
163931
163937
163931
163931
163935
163936
163937
163932
163937
163944
163930
163931
163930
163930
163927
163928
163923
163916
163917
163919
163919
163913
163912
163918
163916
163909
163905
163907
163904
163907
163906
163904
163907
163908
163910
163911
163910
163911
163910
163919
163914
163908
163910
163919
163916
163918
163916
163915
163910
163909
163904
163903
163897
163901
163899
163901
163898
163899
163900
163902
163899
163895
163890
163893
163897
163897
163895
163892
163891
163895
163895
163890
163890
163892
163893
163890
163884
163883
163885
163888
163890
163886
163884
163885
163889
163886
163886
163890
163887
163882
163884
163881
163881
163888
163885
163880
163879
163874
163872
163873
163875
163873
163872
163874
163877
163878
163873
163871
163877
163876
163877
163873
163866
163868
163868
163872
163871
163866
163870
163870
163876
163870
163866
163867
163874
163866
163858
163858
163857
163859
163862
163863
163859
163862
163862
163859
163857
163849
163857
163860
163862
163857
163856
163855
163855
163855
163852
163850
163852
163849
163844
163849
163850
163853
163852
163852
163853
163849
163846
163849
163849
163845
163840
163841
163841
163839
163836
163836
163836
163842
163844
163840
163839
163841
163843
163843
163839
163838
163840
163842
163838
163838
163841
163840
163839
163838
163835
163834
163834
163835
163835
163832
163834
163833
163836
163832
163829
163827
163829
163834
163836
163835
163838
163842
163841
163836
163833
163831
163830
163838
163836
163831
163829
163826
163832
163826
163822
163824
163826
163827
163827
163826
163823
163824
163825
163827
163820
163817
163813
163812
163809
163808
163808
163805
163811
163809
163810
163811
163813
163814
163813
163810
163805
163805
163806
163803
163802
163804
163803
163806
163807
163804
163803
163798
163800
163794
163793
163792
163790
163790
163793
163794
163792
163794
163797
163797
163790
163788
163790
163792
163795
163797
163795
163802
163803
163799
163798
163795
163798
163799
163797
163793
163790
163790
163792
163790
163784
163786
163782
163786
163790
163786
163791
163795
163796
163795
163793
163788
163787
163791
163792
163791
163791
163794
163796
163792
163790
163789
163790
163794
163797
163795
163795
163798
163799
163799
163798
163796
163803
163806
163804
163805
163804
163807
163807
163804
163805
163807
163810
163815
163818
163820
163823
163829
163837
163837
163838
163842
163843
163842
163839
163835
163832
163833
163835
163828
163830
163830
163831
163838
163839
163837
163836
163841
163843
163838
163833
163830
163831
163834
163834
163835
163839
163841
163849
163845
163846
163847
163847
163849
163847
163845
163844
163847
163847
163846
163845
163845
163849
163850
163847
163850
163850
163851
163853
163849
163846
163845
163847
163851
163852
163847
163847
163850
163850
163852
163849
163847
163846
163850
163852
163849
163852
163853
163857
163858
163859
163860
163864
163863
163864
163856
163856
163852
163854
163849
163846
163845
163846
163849
163846
163845
163845
163848
163850
163847
163849
163849
163849
163848
163847
163843
163842
163846
163851
163852
163848
163851
163850
163850
163850
163850
163852
163854
163857
163856
163855
163858
163857
163856
163856
163859
163854
163861
163859
163863
163860
163857
163858
163859
163855
163852
163852
163856
163857
163857
163859
163857
163858
163859
163861
163861
163860
163861
163861
163861
163858
163856
163859
163859
163861
163864
163862
163866
163869
163864
163861
163862
163862
163866
163867
163868
163868
163872
163873
163870
163870
163869
163873
163873
163874
163875
163873
163877
163878
163875
163874
163872
163874
163874
163873
163872
163874
163877
163876
163878
163876
163877
163882
163883
163881
163878
163877
163879
163881
163881
163878
163884
163883
163887
163888
163887
163886
163886
163884
163885
163881
163882
163886
163888
163889
163889
163890
163892
163897
163895
163893
163893
163895
163896
163892
163886
163885
163891
163894
163896
163896
163898
163902
163904
163902
163900
163900
163902
163900
163898
163897
163897
163898
163900
163900
163899
163902
163905
163908
163906
163907
163907
163909
163911
163913
163910
163910
163911
163911
163912
163911
163911
163917
163917
163914
163912
163912
163915
163914
163915
163913
163914
163916
163920
163917
163917
163917
163920
163920
163919
163916
163917
163924
163926
163923
163923
163923
163927
163930
163933
163932
163933
163933
163935
163932
163931
163931
163935
163935
163933
163932
163934
163936
163936
163932
163932
163932
163935
163938
163940
163939
163940
163943
163949
163946
163944
163944
163947
163950
163947
163942
163943
163946
163949
163950
163949
163952
163955
163955
163955
163955
163956
163959
163959
163957
163956
163958
163961
163962
163962
163960
163962
163964
163964
163962
163960
163962
163966
163968
163967
163968
163971
163973
163973
163971
163969
163971
163973
163975
163974
163972
163978
163981
163982
163983
163982
163982
163982
163982
163981
163978
163979
163988
163991
163990
163990
163990
163995
163996
163994
163990
163989
163989
163987
163983
163982
163982
163985
163989
163990
163990
163993
163994
163998
163997
163992
163993
163995
163998
163997
163995
163996
163998
164000
163998
163997
164000
164003
164007
164006
164004
164004
164008
164010
164010
164009
164014
164018
164021
164019
164016
164018
164020
164020
164018
164021
164020
164019
164021
164018
164014
164017
164019
164024
164027
164027
164029
164033
164032
164031
164030
164030
164032
164036
164038
164038
164039
164040
164039
164036
164033
164034
164038
164040
164041
164042
164043
164045
164045
164045
164043
164043
164046
164049
164048
164047
164048
164049
164049
164050
164048
164050
164056
164055
164057
164056
164057
164059
164062
164062
164060
164063
164068
164070
164069
164070
164072
164075
164077
164079
164081
164082
164087
164089
164089
164089
164094
164098
164103
164104
164106
164108
164111
164112
164110
164108
164110
164116
164118
164117
164115
164115
164117
164118
164115
164113
164114
164115
164115
164114
164114
164113
164117
164119
164118
164117
164117
164120
164121
164118
164116
164118
164120
164120
164118
164118
164122
164124
164122
164121
164116
164115
164115
164116
164117
164114
164115
164118
164119
164116
164117
164119
164122
164125
164125
164126
164128
164130
164130
164127
164126
164129
164131
164133
164132
164131
164131
164133
164134
164132
164129
164131
164134
164135
164131
164129
164130
164135
164137
164136
164136
164139
164142
164141
164139
164138
164140
164142
164145
164145
164146
164150
164153
164155
164155
164156
164156
164160
164161
164156
164153
164155
164157
164159
164160
164159
164160
164162
164163
164164
164166
164170
164175
164178
164178
164178
164179
164181
164181
164180
164180
164183
164188
164189
164187
164185
164187
164189
164190
164191
164192
164194
164198
164199
164197
164195
164197
164201
164199
164199
164199
164202
164205
164206
164205
164204
164207
164211
164214
164213
164209
164211
164216
164217
164213
164211
164216
164219
164219
164219
164218
164218
164219
164218
164217
164218
164222
164226
164230
164231
164230
164231
164233
164234
164230
164230
164233
164235
164236
164235
164233
164235
164240
164243
164242
164241
164242
164243
164243
164240
164239
164243
164248
164250
164250
164246
164249
164252
164254
164252
164253
164256
164261
164262
164260
164260
164265
164268
164270
164269
164268
164269
164271
164272
164270
164269
164270
164275
164278
164279
164282
164287
164291
164290
164288
164286
164287
164288
164285
164284
164286
164291
164296
164300
164301
164301
164302
164303
164302
164301
164302
164302
164304
164304
164305
164306
164310
164314
164317
164316
164315
164317
164319
164320
164320
164318
164322
164326
164327
164327
164329
164331
164335
164336
164335
164333
164335
164338
164339
164339
164339
164342
164345
164345
164344
164345
164348
164350
164352
164351
164350
164354
164357
164359
164358
164356
164358
164362
164362
164361
164361
164363
164368
164369
164368
164365
164366
164369
164371
164371
164371
164372
164374
164375
164374
164374
164377
164382
164382
164383
164383
164385
164389
164391
164390
164389
164392
164395
164396
164398
164399
164402
164406
164407
164407
164407
164408
164411
164413
164413
164414
164419
164422
164423
164422
164420
164420
164421
164421
164420
164421
164426
164430
164431
164430
164430
164433
164437
164437
164435
164434
164437
164440
164440
164438
164436
164439
164442
164444
164444
164445
164448
164452
164453
164451
164452
164455
164457
164456
164454
164455
164459
164464
164464
164464
164464
164466
164469
164471
164471
164473
164476
164479
164479
164478
164479
164483
164488
164489
164487
164486
164487
164489
164489
164487
164488
164490
164494
164495
164495
164495
164498
164501
164502
164502
164502
164506
164508
164508
164507
164508
164510
164514
164516
164516
164516
164519
164522
164522
164520
164519
164523
164529
164530
164528
164527
164529
164533
164533
164533
164535
164539
164542
164543
164542
164543
164545
164547
164548
164546
164547
164551
164554
164555
164554
164557
164563
164569
164570
164567
164566
164567
164568
164567
164565
164566
164569
164573
164574
164575
164577
164580
164582
164581
164579
164579
164582
164585
164586
164587
164587
164590
164593
164593
164592
164593
164597
164601
164602
164602
164602
164604
164607
164607
164606
164607
164609
164612
164612
164609
164609
164613
164616
164616
164617
164618
164621
164624
164627
164626
164625
164627
164631
164633
164634
164636
164641
164645
164647
164646
164644
164645
164649
164648
164647
164648
164653
164656
164655
164655
164654
164655
164659
164661
164661
164661
164663
164664
164664
164662
164662
164664
164668
164670
164670
164671
164673
164675
164674
164674
164676
164679
164683
164682
164679
164679
164683
164689
164691
164691
164691
164693
164695
164693
164691
164691
164694
164698
164698
164697
164696
164700
164705
164707
164707
164708
164709
164710
164709
164709
164709
164712
164717
164718
164717
164718
164721
164723
164722
164720
164722
164726
164729
164729
164728
164729
164732
164735
164737
164736
164737
164742
164745
164744
164743
164741
164741
164741
164739
164739
164739
164743
164747
164747
164746
164746
164749
164752
164753
164750
164751
164755
164759
164760
164759
164759
164761
164763
164762
164761
164763
164766
164770
164771
164770
164769
164773
164776
164775
164775
164776
164778
164779
164778
164776
164779
164784
164788
164788
164785
164785
164788
164790
164789
164788
164788
164790
164793
164795
164795
164794
164795
164796
164793
164790
164790
164793
164796
164798
164798
164800
164804
164806
164806
164804
164805
164807
164809
164808
164806
164807
164810
164812
164813
164814
164816
164820
164824
164823
164820
164819
164820
164821
164819
164817
164817
164819
164822
164822
164820
164822
164824
164826
164826
164825
164825
164828
164831
164832
164831
164830
164831
164832
164831
164829
164830
164832
164835
164836
164835
164837
164840
164841
164839
164837
164838
164841
164844
164845
164845
164845
164846
164847
164845
164842
164843
164846
164849
164848
164846
164846
164846
164846
164845
164842
164843
164846
164850
164852
164852
164854
164858
164862
164862
164862
164864
164868
164870
164867
164866
164866
164869
164872
164872
164871
164872
164876
164878
164877
164876
164877
164878
164879
164877
164875
164875
164879
164881
164879
164876
164875
164876
164879
164878
164875
164875
164879
164882
164881
164881
164881
164884
164888
164887
164885
164887
164892
164895
164894
164893
164892
164894
164898
164899
164898
164898
164902
164904
164902
164900
164901
164904
164908
164907
164906
164908
164911
164914
164913
164910
164910
164914
164916
164916
164915
164917
164920
164923
164924
164924
164924
164925
164926
164925
164923
164923
164925
164927
164926
164924
164925
164929
164933
164934
164933
164934
164935
164937
164938
164938
164939
164943
164947
164946
164944
164944
164945
164948
164948
164949
164951
164955
164959
164957
164954
164954
164957
164959
164957
164955
164957
164961
164965
164965
164962
164962
164966
164968
164966
164965
164966
164970
164973
164972
164971
164972
164975
164978
164977
164975
164976
164979
164982
164983
164983
164984
164986
164988
164987
164985
164985
164988
164990
164990
164988
164989
164992
164995
164996
164995
164996
164999
165000
164999
164999
165002
165005
165007
165005
165003
165004
165007
165009
165008
165004
165005
165008
165011
165010
165009
165011
165015
165018
165015
165013
165015
165018
165021
165022
165020
165020
165022
165022
165019
165017
165018
165021
165022
165021
165019
165021
165024
165026
165026
165023
165023
165025
165028
165028
165025
165026
165029
165032
165033
165033
165035
165040
165042
165041
165040
165042
165044
165046
165043
165042
165045
165049
165052
165051
165048
165049
165052
165052
165052
165050
165050
165054
165057
165056
165054
165056
165060
165062
165061
165059
165060
165062
165064
165063
165063
165064
165066
165068
165069
165068
165069
165073
165073
165072
165070
165071
165076
165078
165078
165078
165080
165084
165086
165086
165085
165088
165091
165092
165090
165088
165090
165093
165095
165094
165093
165095
165098
165100
165100
165099
165101
165103
165102
165101
165100
165102
165106
165109
165108
165107
165110
165113
165114
165111
165110
165113
165119
165123
165122
165120
165121
165124
165124
165122
165120
165122
165126
165128
165129
165129
165131
165134
165135
165134
165133
165135
165138
165140
165139
165139
165141
165145
165148
165150
165150
165150
165152
165153
165152
165152
165153
165156
165157
165155
165153
165156
165158
165161
165160
165157
165158
165160
165160
165158
165157
165160
165164
165167
165167
165164
165165
165167
165169
165169
165167
165170
165174
165177
165177
165175
165177
165179
165180
165179
165178
165180
165182
165183
165182
165181
165182
165186
165188
165187
165185
165187
165192
165196
165196
165196
165198
165201
165203
165202
165200
165199
165200
165202
165202
165203
165207
165212
165214
165212
165211
165212
165213
165212
165211
165212
165215
165219
165220
165220
165219
165221
165222
165222
165221
165219
165221
165225
165228
165227
165226
165227
165229
165229
165228
165228
165231
165234
165235
165233
165232
165233
165236
165238
165237
165237
165242
165247
165249
165247
165245
165244
165246
165246
165246
165247
165248
165250
165250
165247
165245
165246
165249
165252
165253
165253
165256
165259
165260
165259
165258
165260
165261
165261
165260
165261
165264
165268
165270
165270
165268
165271
165275
165275
165273
165270
165271
165274
165276
165276
165278
165281
165284
165286
165283
165281
165282
165284
165283
165281
165279
165280
165284
165286
165283
165280
165282
165286
165288
165287
165285
165284
165286
165288
165287
165285
165286
165289
165289
165287
165287
165290
165293
165295
165293
165291
165293
165296
165297
165295
165295
165298
165301
165302
165301
165300
165302
165304
165303
165301
165301
165304
165308
165310
165310
165310
165312
165316
165316
165315
165314
165315
165317
165319
165318
165316
165318
165320
165322
165321
165321
165322
165324
165324
165322
165320
165321
165325
165328
165328
165327
165327
165328
165328
165324
165322
165324
165328
165331
165332
165333
165336
165338
165339
165336
165333
165336
165340
165342
165342
165340
165343
165346
165344
165341
165338
165340
165342
165342
165341
165340
165343
165347
165348
165346
165344
165346
165349
165349
165347
165346
165350
165354
165354
165353
165352
165354
165357
165358
165355
165353
165355
165358
165358
165356
165354
165356
165358
165358
165358
165358
165361
165366
165367
165366
165364
165366
165369
165368
165364
165362
165363
165365
165366
165364
165365
165367
165369
165370
165370
165370
165372
165375
165375
165374
165372
165374
165376
165376
165377
165377
165380
165384
165385
165382
165379
165379
165381
165383
165382
165381
165384
165388
165390
165389
165387
165389
165389
165388
165385
165385
165388
165391
165393
165392
165390
165392
165395
165395
165394
165393
165397
165400
165400
165397
165396
165399
165402
165403
165401
165401
165402
165406
165406
165405
165403
165405
165407
165408
165407
165407
165409
165412
165411
165410
165410
165412
165414
165413
165410
165409
165410
165413
165412
165410
165409
165411
165411
165410
165409
165409
165412
165414
165415
165414
165413
165415
165419
165422
165422
165423
165427
165431
165431
165430
165430
165432
165433
165432
165431
165429
165431
165434
165435
165433
165432
165436
165440
165441
165437
165435
165437
165438
165438
165437
165437
165440
165444
165443
165440
165437
165437
165439
165439
165438
165439
165442
165445
165445
165443
165443
165444
165445
165444
165443
165443
165445
165448
165450
165448
165449
165452
165453
165450
165447
165446
165448
165451
165451
165452
165453
165456
165460
165459
165457
165456
