163062
163062
163059
163055
163058
163062
163060
163057
163055
163056
163058
163063
163064
163061
163062
163064
163064
163065
163063
163063
163065
163065
163064
163062
163061
163062
163065
163063
163061
163062
163066
163069
163068
163068
163068
163068
163068
163066
163063
163066
163069
163067
163065
163063
163063
163065
163066
163065
163066
163069
163076
163078
163075
163073
163072
163073
163073
163071
163069
163069
163075
163075
163072
163069
163069
163070
163070
163067
163067
163070
163074
163076
163076
163075
163076
163080
163078
163075
163073
163072
163071
163071
163070
163068
163070
163074
163075
163073
163070
163072
163075
163076
163073
163071
163073
163077
163077
163074
163076
163078
163079
163077
163074
163071
163074
163078
163079
163077
163073
163073
163073
163072
163074
163073
163074
163075
163076
163074
163074
163075
163076
163078
163077
163076
163080
163081
163079
163077
163077
163079
163081
163080
163077
163077
163077
163079
163080
163077
163073
163073
163078
163078
163076
163076
163078
163081
163081
163078
163075
163078
163082
163083
163081
163080
163083
163084
163083
163081
163078
163076
163077
163078
163078
163078
163082
163086
163088
163087
163085
163086
163086
163084
163078
163077
163081
163082
163083
163080
163079
163081
163083
163084
163080
163080
163083
163085
163085
163082
163083
163088
163092
163092
163090
163086
163086
163091
163093
163091
163089
163090
163092
163091
163086
163081
163080
163080
163079
163078
163079
163080
163083
163082
163079
163081
163085
163086
163087
163085
163085
163087
163091
163090
163087
163086
163087
163088
163089
163089
163087
163088
163089
163087
163083
163081
163081
163082
163083
163084
163085
163087
163089
163087
163084
163084
163085
163089
163089
163087
163085
163087
163090
163092
163090
163089
163089
163093
163096
163096
163095
163097
163097
163093
163087
163085
163087
163088
163088
163086
163083
163083
163084
163082
163081
163081
163086
163089
163090
163090
163089
163090
163092
163092
163090
163088
163087
163090
163089
163087
163086
163086
163087
163085
163082
163081
163083
163084
163085
163083
163081
163084
163086
163084
163079
163075
163075
163078
163077
163076
163075
163076
163081
163083
163081
163080
163081
163084
163083
163080
163077
163077
163078
163078
163076
163076
163077
163081
163081
163078
163076
163079
163081
163080
163079
163077
163078
163080
163078
163073
163074
163080
163083
163083
163081
163081
163083
163082
163080
163079
163079
163082
163087
163087
163083
163081
163083
163086
163087
163085
163084
163085
163086
163086
163086
163084
163084
163088
163088
163083
163080
163080
163083
163085
163084
163085
163088
163090
163089
163089
163088
163087
163087
163088
163086
163084
163084
163086
163086
163084
163081
163081
163086
163085
163082
163081
163083
163086
163084
163080
163079
163081
163083
163083
163083
163082
163083
163083
163084
163086
163084
163084
163085
163086
163085
163084
163086
163087
163084
163078
163077
163079
163080
163079
163077
163076
163078
163080
163081
163081
163083
163088
163092
163091
163089
163088
163089
163089
163087
163082
163077
163075
163076
163074
163071
163070
163072
163075
163076
163075
163076
163081
163084
163082
163079
163077
163077
163078
163075
163071
163071
163073
163074
163072
163071
163071
163073
163076
163077
163076
163075
163078
163081
163081
163079
163077
163077
163079
163080
163078
163078
163080
163081
163079
163076
163076
163076
163078
163077
163074
163073
163077
163077
163076
163075
163072
163071
163072
163071
163070
163069
163071
163076
163075
163074
163075
163079
163081
163080
163077
163074
163075
163077
163077
163076
163077
163078
163080
163080
163078
163078
163079
163080
163080
163080
163078
163081
163082
163082
163080
163077
163078
163082
163084
163085
163084
163084
163084
163083
163082
163082
163084
163087
163088
163086
163084
163086
163090
163091
163090
163089
163089
163089
163085
163083
163085
163087
163091
163091
163090
163088
163090
163091
163089
163088
163085
163085
163087
163086
163084
163083
163086
163091
163092
163092
163093
163095
163098
163097
163095
163092
163092
163093
163094
163093
163090
163091
163093
163092
163089
163089
163092
163094
163093
163092
163092
163092
163093
163094
163093
163091
163094
163097
163096
163095
163097
163100
163102
163103
163100
163098
163098
163099
163099
163098
163098
163100
163102
163101
163098
163097
163099
163101
163100
163099
163098
163100
163101
163099
163098
163099
163101
163103
163100
163100
163097
163097
163098
163097
163097
163098
163101
163103
163101
163096
163097
163099
163099
163098
163097
163096
163099
163100
163100
163096
163092
163091
163097
163100
163101
163103
163106
163109
163107
163105
163105
163107
163110
163111
163110
163108
163112
163114
163111
163108
163106
163108
163112
163110
163107
163106
163105
163103
163100
163101
163102
163105
163108
163107
163105
163103
163103
163105
163104
163102
163100
163102
163106
163109
163109
163108
163108
163109
163105
163099
163098
163098
163099
163099
163097
163096
163098
163098
163098
163096
163094
163096
163101
163105
163106
163105
163105
163106
163108
163108
163106
163108
163108
163104
163101
163099
163100
163102
163100
163095
163098
163103
163108
163111
163111
163110
163111
163110
163108
163109
163109
163112
163115
163113
163110
163109
163111
163113
163110
163107
163108
163109
163110
163111
163111
163110
163111
163113
163113
163110
163109
163109
163111
163109
163105
163106
163109
163112
163113
163112
163110
163109
163110
163108
163107
163106
163106
163110
163111
163108
163107
163108
163110
163108
163105
163103
163106
163108
163106
163104
163102
163105
163106
163104
163103
163104
163106
163109
163110
163108
163109
163112
163112
163109
163109
163109
163106
163104
163102
163101
163100
163103
163107
163108
163110
163112
163114
163115
163113
163111
163109
163106
163109
163109
163107
163106
163109
163110
163107
163106
163106
163107
163107
163109
163109
163110
163111
163113
163113
163112
163113
163116
163118
163117
163113
163113
163118
163121
163119
163115
163112
163112
163113
163112
163114
163116
163117
163120
163121
163117
163115
163117
163118
163117
163114
163112
163112
163114
163114
163112
163109
163110
163114
163114
163111
163108
163109
163112
163111
163109
163111
163115
163117
163118
163117
163118
163118
163119
163118
163115
163116
163119
163121
163117
163114
163114
163117
163118
163116
163115
163116
163117
163117
163117
163113
163114
163118
163120
163119
163116
163116
163118
163119
163117
163116
163116
163117
163117
163114
163111
163108
163110
163114
163116
163115
163116
163118
163121
163117
163114
163112
163110
163110
163108
163107
163106
163109
163111
163108
163105
163107
163109
163110
163108
163108
163107
163109
163109
163106
163103
163104
163108
163112
163112
163112
163112
163112
163116
163113
163110
163109
163111
163111
163108
163105
163104
163108
163109
163106
163107
163110
163113
163115
163114
163113
163113
163115
163115
163112
163108
163104
163103
163104
163101
163099
163101
163105
163111
163113
163111
163110
163110
163108
163105
163103
163102
163104
163106
163107
163106
163105
163106
163112
163112
163109
163108
163109
163108
163107
163105
163102
163104
163106
163103
163100
163100
163101
163100
163098
163098
163100
163104
163106
163108
163109
163109
163109
163109
163107
163104
163102
163103
163105
163105
163104
163105
163106
163109
163111
163109
163110
163113
163114
163111
163105
163104
163106
163106
163106
163104
163102
163101
163098
163095
163096
163098
163100
163101
163101
163104
163106
163105
163108
163109
163109
163110
163112
163112
163110
163105
163103
163105
163106
163103
163099
163097
163099
163101
163100
163099
163099
163102
163108
163109
163106
163107
163108
163109
163108
163107
163108
163108
163109
163108
163106
163106
163108
163109
163107
163106
163106
163109
163111
163109
163106
163106
163109
163111
163109
163106
163108
163110
163111
163109
163105
163104
163107
163111
163110
163110
163111
163114
163114
163111
163109
163109
163110
163110
163107
163104
163104
163103
163104
163104
163102
163103
163106
163109
163108
163106
163107
163110
163111
163109
163107
163104
163104
163108
163111
163111
163112
163116
163117
163113
163107
163104
163105
163107
163106
163105
163107
163109
163110
163109
163107
163107
163110
163113
163110
163108
163107
163110
163113
163112
163110
163110
163111
163112
163109
163105
163101
163105
163108
163106
163105
163103
163105
163107
163106
163103
163103
163104
163106
163106
163106
163110
163113
163114
163112
163110
163111
163114
163115
163112
163110
163109
163114
163117
163115
163112
163110
163110
163110
163108
163106
163108
163110
163112
163110
163109
163110
163111
163110
163108
163105
163105
163108
163111
163112
163112
163113
163115
163117
163114
163109
163105
163107
163109
163108
163106
163106
163109
163111
163108
163106
163107
163109
163111
163108
163108
163110
163110
163109
163107
163105
163105
163106
163111
163113
163112
163112
163114
163117
163117
163115
163113
163114
163114
163111
163109
163109
163112
163117
163116
163115
163114
163115
163114
163111
163110
163109
163111
163113
163113
163112
163112
163114
163115
163114
163112
163113
163116
163119
163118
163117
163119
163123
163126
163123
163120
163122
163125
163126
163125
163125
163127
163130
163132
163131
163128
163128
163130
163128
163127
163127
163127
163126
163127
163126
163123
163121
163121
163120
163119
163120
163121
163125
163130
163128
163127
163130
163134
163135
163132
163132
163130
163130
163130
163130
163129
163131
163132
163133
163132
163130
163130
163134
163136
163134
163130
163130
163131
163131
163130
163131
163130
163130
163129
163126
163124
163124
163125
163126
163122
163120
163122
163125
163126
163124
163121
163122
163125
163126
163124
163120
163120
163122
163123
163123
163123
163124
163124
163125
163125
163125
163127
163129
163128
163126
163124
163123
163121
163121
163120
163116
163116
163117
163119
163119
163117
163118
163120
163120
163119
163116
163119
163123
163124
163122
163121
163123
163127
163130
163129
163126
163124
163124
163126
163126
163124
163125
163128
163131
163130
163127
163126
163128
163128
163126
163121
163121
163123
163124
163123
163122
163123
163124
163125
163124
163121
163122
163124
163125
163124
163123
163124
163126
163129
163129
163127
163128
163133
163133
163132
163131
163132
163135
163137
163134
163131
163132
163133
163133
163128
163126
163129
163129
163129
163128
163125
163128
163133
163134
163131
163129
163130
163134
163136
163135
163136
163138
163142
163143
163141
163138
163137
163138
163141
163139
163138
163139
163140
163139
163136
163132
163131
163130
163132
163129
163127
163128
163131
163133
163132
163132
163134
163136
163139
163139
163138
163141
163143
163142
163139
163133
163133
163135
163138
163141
163139
163139
163140
163141
163139
163135
163136
163141
163142
163139
163135
163136
163139
163141
163142
163141
163141
163142
163141
163138
163136
163136
163137
163140
163139
163136
163134
163134
163135
163134
163133
163135
163138
163140
163139
163136
163136
163138
163138
163137
163136
163138
163141
163145
163143
163140
163141
163142
163141
163139
163136
163133
163134
163138
163139
163139
163140
163143
163143
163139
163136
163136
163137
163137
163134
163133
163137
163140
163141
163141
163137
163136
163136
163136
163135
163134
163135
163135
163135
163134
163134
163135
163139
163140
163138
163136
163137
163139
163142
163140
163135
163133
163135
163135
163133
163132
163132
163130
163129
163127
163125
163126
163128
163128
163126
163123
163124
163125
163124
163121
163117
163118
163122
163123
163122
163123
163125
163128
163129
163127
163125
163125
163126
163126
163123
163119
163119
163123
163126
163124
163123
163127
163128
163126
163124
163123
163124
163125
163124
163121
163122
163124
163126
163129
163128
163125
163126
163130
163133
163131
163129
163130
163134
163135
163135
163135
163137
163138
163136
163133
163129
163128
163129
163130
163128
163126
163128
163131
163132
163132
163131
163134
163137
163136
163132
163129
163130
163132
163133
163132
163131
163132
163135
163136
163134
163131
163133
163135
163135
163132
163130
163131
163134
163135
163133
163130
163132
163136
163135
163131
163129
163132
163136
163138
163138
163137
163137
163137
163135
163130
163129
163130
163131
163130
163126
163125
163128
163131
163130
163128
163124
163125
163129
163130
163127
163125
163127
163130
163130
163126
163123
163125
163130
163131
163130
163129
163131
163132
163132
163131
163128
163128
163129
163128
163126
163125
163126
163129
163130
163128
163127
163130
163134
163136
163133
163132
163132
163131
163129
163126
163123
163124
163127
163127
163126
163124
163126
163130
163131
163127
163123
163123
163123
163123
163120
163116
163119
163124
163126
163127
163128
163128
163129
163130
163127
163124
163123
163124
163124
163121
163119
163120
163123
163124
163124
163123
163123
163126
163126
163124
163124
163126
163127
163127
163126
163126
163128
163131
163131
163130
163128
163129
163131
163131
163129
163125
163126
163129
163128
163127
163125
163127
163128
163128
163126
163126
163127
163128
163129
163129
163129
163129
163130
163130
163128
163127
163130
163133
163133
163131
163132
163136
163139
163139
163138
163136
163134
163133
163133
163130
163129
163131
163134
163134
163132
163130
163132
163133
163132
163128
163124
163123
163124
163124
163125
163126
163130
163135
163137
163134
163132
163133
163136
163135
163135
163137
163138
163139
163136
163134
163132
163131
163131
163131
163128
163126
163128
163131
163132
163132
163132
163135
163138
163138
163137
163133
163133
163134
163132
163131
163131
163134
163136
163136
163135
163134
163135
163137
163137
163135
163134
163137
163138
163136
163134
163132
163134
163137
163137
163136
163135
163136
163138
163138
163138
163136
163135
163135
163133
163131
163129
163130
163133
163136
163137
163136
163139
163144
163146
163144
163141
163143
163145
163144
163142
163140
163141
163142
163142
163140
163138
163139
163140
163138
163134
163132
163131
163131
163130
163128
163128
163131
163134
163136
163134
163132
163135
163137
163135
163131
163128
163130
163132
163133
163130
163128
163128
163127
163128
163126
163122
163123
163126
163126
163124
163123
163125
163130
163131
163130
163128
163131
163136
163136
163134
163130
163130
163130
163129
163129
163128
163130
163134
163133
163133
163133
163135
163139
163139
163137
163134
163135
163136
163136
163134
163131
163131
163133
163133
163130
163127
163126
163128
163127
163125
163124
163125
163126
163127
163128
163127
163129
163131
163132
163129
163127
163129
163132
163134
163131
163129
163130
163132
163133
163133
163132
163134
163139
163141
163139
163138
163138
163140
163140
163138
163136
163135
163135
163135
163132
163131
163131
163132
163132
163132
163132
163134
163137
163137
163135
163134
163135
163138
163139
163140
163141
163144
163147
163148
163147
163147
163149
163150
163151
163151
163150
163151
163151
163150
163145
163142
163143
163144
163144
163144
163143
163146
163150
163152
163149
163147
163148
163148
163147
163145
163144
163145
163146
163145
163142
163141
163143
163148
163150
163151
163153
163155
163155
163153
163149
163147
163148
163150
163150
163147
163147
163149
163151
163149
163146
163145
163144
163146
163146
163144
163142
163144
163147
163147
163145
163145
163148
163147
163146
163143
163139
163139
163141
163141
163141
163142
163146
163151
163153
163153
163151
163151
163152
163150
163148
163146
163147
163149
163149
163143
163137
163136
163140
163142
163142
163141
163146
163150
163151
163150
163148
163146
163147
163147
163144
163144
163147
163148
163148
163147
163148
163150
163151
163152
163150
163148
163149
163153
163154
163154
163152
163153
163155
163154
163151
163148
163147
163148
163144
163140
163138
163141
163143
163142
163139
163138
163141
163145
163146
163144
163142
163143
163145
163145
163143
163144
163147
163148
163146
163142
163141
163145
163148
163147
163146
163146
163150
163151
163150
163148
163147
163149
163151
163150
163149
163148
163150
163152
163151
163147
163146
163147
163147
163146
163142
163140
163141
163143
163142
163140
163139
163139
163141
163141
163139
163138
163140
163142
163145
163144
163144
163146
163150
163152
163151
163150
163151
163153
163152
163149
163145
163144
163144
163142
163138
163134
163134
163135
163132
163128
163125
163125
163128
163128
163127
163128
163132
163135
163137
163138
163138
163142
163146
163147
163145
163143
163146
163149
163147
163144
163141
163140
163139
163137
163135
163134
163136
163139
163139
163136
163135
163136
163138
163137
163134
163134
163136
163140
163140
163138
163137
163138
163138
163136
163134
163134
163134
163134
163132
163129
163128
163130
163134
163135
163135
163136
163138
163141
163141
163140
163139
163140
163141
163139
163135
163132
163133
163134
163133
163132
163131
163135
163138
163137
163134
163133
163135
163137
163136
163134
163134
163136
163139
163139
163139
163139
163141
163144
163145
163144
163146
163151
163156
163155
163153
163151
163151
163150
163148
163145
163144
163146
163149
163148
163145
163146
163148
163151
163152
163151
163150
163151
163153
163149
163143
163141
163142
163144
163146
163147
163146
163148
163151
163151
163147
163146
163146
163148
163147
163146
163146
163150
163155
163156
163153
163150
163150
163151
163151
163152
163152
163155
163159
163159
163156
163155
163155
163156
163155
163152
163151
163151
163152
163152
163150
163148
163150
163150
163150
163148
163147
163148
163148
163147
163147
163147
163149
163153
163154
163155
163155
163156
163156
163154
163150
163148
163150
163152
163152
163150
163149
163151
163152
163151
163150
163149
163152
163154
163154
163152
163150
163151
163152
163150
163146
163145
163147
163149
163149
163147
163146
163146
163148
163147
163146
163147
163150
163155
163157
163157
163157
163159
163160
163158
163155
163153
163153
163153
163151
163150
163147
163147
163146
163142
163139
163140
163144
163145
163145
163142
163142
163143
163146
163146
163145
163144
163145
163148
163148
163145
163143
163144
163145
163145
163145
163147
163150
163152
163153
163151
163150
163152
163153
163150
163147
163145
163148
163150
163149
163147
163146
163146
163147
163146
163147
163147
163148
163149
163148
163145
163146
163147
163148
163146
163142
163141
163143
163143
163141
163138
163137
163138
163138
163136
163133
163133
163138
163143
163143
163143
163146
163150
163152
163150
163146
163144
163145
163146
163145
163144
163143
163145
163148
163147
163145
163144
163145
163144
163141
163140
163140
163142
163143
163141
163137
163136
163136
163140
163141
163142
163145
163149
163153
163151
163148
163148
163151
163155
163155
163154
163154
163156
163157
163154
163152
163151
163152
163153
163152
163150
163152
163156
163159
163157
163155
163154
163155
163157
163156
163155
163155
163156
163157
163154
163153
163153
163156
163159
163156
163152
163153
163156
163159
163160
163157
163156
163158
163159
163157
163155
163156
163160
163164
163164
163164
163164
163165
163167
163164
163162
163162
163165
163167
163166
163164
163164
163165
163165
163163
163160
163159
163161
163163
163162
163160
163158
163160
163162
163161
163159
163160
163164
163167
163166
163163
163165
163169
163171
163173
163173
163173
163175
163177
163177
163176
163176
163178
163177
163175
163171
163170
163171
163172
163171
163168
163167
163167
163167
163166
163163
163162
163164
163164
163161
163158
163158
163160
163163
163163
163161
163161
163162
163163
163162
163160
163160
163162
163164
163163
163161
163161
163164
163165
163163
163160
163161
163163
163166
163163
163160
163160
163161
163161
163157
163155
163154
163156
163158
163157
163156
163157
163160
163161
163159
163156
163154
163156
163157
163153
163148
163145
163148
163150
163151
163151
163152
163155
163158
163158
163155
163154
163156
163158
163159
163158
163158
163161
163162
163160
163157
163157
163158
163160
163158
163155
163153
163152
163153
163152
163150
163151
163154
163155
163154
163150
163149
163153
163156
163155
163151
163150
163152
163154
163152
163150
163151
163154
163157
163155
163152
163151
163151
163151
163150
163149
163149
163151
163152
163150
163149
163152
163153
163154
163153
163151
163149
163148
163148
163147
163146
163146
163148
163150
163147
163144
163142
163143
163143
163143
163143
163144
163146
163148
163147
163145
163146
163149
163150
163148
163146
163146
163148
163148
163146
163145
163146
163150
163151
163151
163150
163150
163151
163151
163148
163144
163144
163148
163152
163153
163152
163151
163152
163152
163151
163149
163150
163153
163156
163155
163153
163153
163153
163153
163150
163148
163148
163151
163155
163154
163152
163152
163153
163153
163150
163147
163146
163148
163149
163146
163141
163142
163143
163144
163143
163141
163141
163141
163142
163140
163139
163139
163141
163142
163140
163138
163140
163142
163145
163144
163142
163141
163142
163144
163143
163140
163139
163140
163141
163139
163138
163138
163140
163141
163138
163135
163134
163136
163138
163138
163137
163139
163143
163143
163141
163139
163139
163141
163142
163140
163137
163137
163141
163144
163145
163143
163144
163145
163145
163142
163137
163135
163136
163139
163140
163138
163140
163143
163146
163146
163142
163139
163141
163143
163140
163138
163140
163142
163142
163139
163136
163138
163140
163141
163139
163138
163139
163142
163142
163141
163140
163141
163144
163146
163144
163141
163141
163142
163142
163139
163135
163136
163139
163139
163137
163134
163132
163133
163134
163132
163130
163130
163131
163133
163133
163132
163132
163133
163134
163132
163129
163128
163129
163129
163127
163127
163131
163134
163134
163130
163127
163127
163129
163132
163133
163134
163137
163140
163140
163136
163132
163130
163131
163134
163134
163134
163138
163141
163140
163136
163133
163132
163133
163135
163134
163133
163135
163138
163141
163141
163138
163136
163138
163139
163139
163138
163138
163140
163142
163140
163138
163138
163140
163142
163141
163139
163139
163141
163143
163141
163139
163139
163141
163142
163140
163137
163137
163137
163139
163138
163137
163137
163140
163142
163139
163135
163135
163137
163138
163136
163134
163135
163138
163140
163138
163136
163135
163135
163136
163133
163130
163130
163132
163134
163133
163132
163133
163135
163137
163135
163131
163130
163132
163132
163129
163127
163129
163132
163133
163131
163128
163129
163131
163131
163128
163125
163125
163127
163127
163126
163126
163127
163128
163130
163129
163127
163126
163127
163127
163127
163127
163128
163131
163134
163132
163130
163131
163131
163130
163128
163124
163124
163126
163126
163124
163122
163124
163128
163129
163128
163125
163126
163128
163129
163130
163130
163132
163135
163137
163136
163135
163136
163137
163139
163137
163134
163134
163136
163138
163137
163134
163134
163136
163137
163135
163133
163133
163133
163133
163132
163129
163128
163130
163133
163132
163130
163131
163131
163131
163129
163127
163128
163132
163133
163131
163129
163130
163132
163132
163130
163129
163133
163137
163139
163139
163137
163137
163138
163138
163136
163135
163137
163140
163140
163138
163135
163135
163136
163134
163132
163129
163131
163136
163138
163137
163134
163132
163133
163134
163133
163131
163131
163133
163135
163134
163132
163132
163134
163135
163134
163133
163133
163136
163138
163137
163134
163135
163136
163136
163134
163131
163131
163132
163134
163133
163131
163131
163134
163133
163130
163126
163127
163130
163131
163130
163129
163128
163130
163131
163129
163129
163131
163134
163137
163135
163133
163133
163136
163136
163133
163130
163129
163131
163132
163130
163128
163127
163129
163129
163126
163124
163126
163129
163130
163129
163127
163128
163129
163128
163125
163123
163123
163125
163127
163126
163125
163125
163126
163127
163127
163126
163127
163129
163128
163126
163124
163124
163125
163128
163128
163128
163131
163134
163133
163128
163124
163124
163129
163133
163133
163132
163132
163134
163136
163135
163134
163135
163137
163137
163134
163130
163128
163129
163131
163132
163133
163134
163137
163138
163136
163135
163136
163137
163138
163135
163134
163135
163137
163138
163136
163134
163135
163136
163135
163132
163129
163129
163132
163135
163136
163134
163133
163133
163133
163130
163126
163127
163131
163133
163132
163132
163134
163136
163136
163134
163131
163132
163134
163135
163134
163132
163133
163135
163133
163129
163127
163128
163129
163130
163130
163129
163129
163131
163130
163127
163124
163125
163127
163130
163129
163128
163128
163130
163131
163127
163124
163124
163126
163128
163129
163129
163130
163131
163132
163131
163128
163129
163132
163132
163130
163128
163128
163130
163130
163127
163125
163126
163129
163131
163132
163132
163133
163135
163135
163133
163130
163130
163131
163131
163129
163126
163127
163128
163130
163132
163132
163135
163138
163138
163136
163134
163135
163136
163136
163133
163131
163133
163135
163135
163132
163130
163131
163132
163133
163131
163128
163128
163129
163130
163129
163127
163130
163135
163137
163135
163133
163134
163136
163138
163137
163135
163135
163138
163139
163137
163136
163137
163138
163137
163135
163134
163136
163138
163140
163139
163139
163141
163144
163145
163143
163140
163141
163142
163141
163137
163133
163132
163135
163137
163135
163132
163132
163134
163134
163133
163130
163132
163136
163138
163137
163135
163137
163139
163139
163137
163135
163136
163138
163139
163138
163136
163138
163139
163139
163137
163133
163133
163135
163136
163135
163133
163134
163136
163135
163131
163127
163127
163129
163131
163132
163130
163132
163133
163132
163131
163130
163131
163133
163132
163130
163128
163129
163131
163132
163130
163128
163128
163128
163129
163129
163128
163130
163133
163134
163133
163131
163132
163133
163133
163131
163131
163132
163134
163135
163134
163132
163134
163136
163135
163132
163128
163128
163130
163131
163131
163130
163132
163136
163135
163132
163130
163130
163130
163132
163132
163131
163132
163134
163134
163132
163130
163132
163135
163137
163137
163136
163139
163141
163141
163140
163138
163136
163138
163139
163138
163138
163139
163143
163144
163142
163138
163136
163137
163137
163135
163135
163136
163138
163139
163137
163137
163139
163143
163146
163145
163141
163141
163143
163142
163140
163139
163141
163144
163144
163144
163143
163143
163144
163143
163138
163134
163135
163139
163141
163140
163139
163139
163141
163139
163136
163135
163138
163141
163142
163141
163137
163138
163138
163137
163136
163135
163137
163139
163141
163140
163138
163138
163140
163141
163138
163136
163138
163141
163141
163138
163137
163139
163140
163140
163137
163134
163136
163139
163140
163141
163141
163141
163141
163140
163137
163136
163137
163139
163140
163137
163135
163137
163139
163139
163138
163136
163138
163141
163142
163140
163138
163139
163140
163139
163135
163133
163133
163136
163138
163136
163134
163136
163137
163136
163134
163133
163133
163135
163135
163133
163130
163132
163136
163138
163137
163136
163138
163139
163139
163136
163134
163133
163134
163135
163136
163135
163137
163138
163138
163135
163133
163135
163137
163137
163135
163134
163135
163137
163138
163137
163136
163137
163140
163140
163139
163137
163140
163142
163142
163142
163140
163142
163145
163145
163142
163140
163140
163142
163142
163140
163139
163140
163141
163143
163142
163141
163142
163143
163142
163140
163139
163140
163143
163143
163141
163140
163142
163144
163145
163145
163145
163145
163146
163145
163143
163142
163143
163145
163144
163143
163143
163145
163148
163149
163146
163142
163140
163142
163142
163140
163137
163139
163142
163143
163140
163139
163142
163144
163144
163142
163140
163140
163141
163142
163142
163141
163142
163144
163143
163140
163138
163139
163142
163142
163141
163140
163140
163141
163142
163139
163138
163140
163142
163143
163142
163142
163143
163145
163144
163141
163138
163139
163142
163143
163141
163141
163142
163143
163143
163141
163140
163141
163143
163141
163139
163137
163138
163140
163141
163139
163137
163138
163141
163141
163139
163138
163140
163143
163142
163138
163134
163134
163135
163136
163136
163136
163138
163141
163142
163139
163135
163136
163138
163138
163136
163134
163135
163138
163142
163142
163140
163140
163141
163141
163139
163137
163139
163141
163143
163144
163144
163147
163150
163149
163143
163139
163139
163140
163140
163138
163138
163140
163141
163143
163142
163142
163143
163145
163145
163143
163141
163143
163147
163148
163147
163146
163148
163150
163149
163145
163142
163142
163144
163145
163145
163145
163148
163151
163152
163151
163147
163146
163147
163147
163146
163147
163150
163153
163154
163152
163150
163151
163153
163152
163150
163150
163151
163154
163154
163153
163150
163151
163153
163154
163152
163150
163151
163154
163155
163154
163153
163155
163157
163155
163152
163149
163150
163152
163154
163154
163153
163155
163157
163158
163156
163154
163156
163160
163161
163159
163157
163158
163159
163159
163160
163159
163160
163161
163160
163158
163156
163158
163162
163163
163162
163161
163163
163165
163164
163162
163160
163163
163167
163168
163166
163163
163164
163166
163166
163164
163164
163167
163170
163169
163166
163164
163165
163167
163167
163165
163163
163165
163167
163168
163166
163165
163166
163168
163169
163167
163166
163166
163167
163166
163164
163162
163162
163165
163166
163165
163164
163166
163168
163168
163165
163165
163167
163168
163168
163167
163166
163168
163171
163172
163171
163169
163171
163173
163172
163169
163168
163170
163172
163172
163169
163168
163169
163171
163168
163164
163162
163163
163167
163170
163171
163169
163170
163170
163169
163166
163163
163165
163169
163171
163170
163170
163171
163171
163169
163165
163163
163164
163165
163165
163165
163164
163166
163168
163168
163167
163166
163168
163171
163173
163173
163172
163173
163174
163174
163172
163170
163170
163171
163171
163169
163168
163170
163171
163171
163167
163166
163168
163172
163174
163172
163170
163170
163171
163170
163166
163164
163165
163168
163169
163167
163166
163167
163170
163170
163168
163168
163170
163173
163173
163172
163172
163175
163179
163179
163174
163169
163169
163170
163169
163167
163167
163169
163171
163169
163166
163164
163166
163168
163168
163166
163164
163166
163169
163169
163168
163167
163168
163169
163168
163167
163165
163166
163169
163171
163170
163169
163171
163173
163171
163168
163168
163171
163175
163177
163176
163175
163174
163175
163175
163172
163170
163170
163172
163174
163173
163172
163174
163176
163175
163173
163171
163172
163175
163177
163177
163175
163176
163177
163176
163175
163174
163176
163178
163179
163178
163175
163177
163179
163178
163176
163175
163177
163179
163180
163179
163178
163179
163182
163181
163178
163176
163177
163179
163179
163179
163178
163179
163181
163181
163180
163178
163178
163179
163178
163177
163178
163180
163183
163182
163180
163178
163180
163182
163182
163181
163180
163181
163182
163182
163179
163177
163177
163179
163180
163180
163179
163181
163182
163182
163179
163179
163182
163186
163186
163183
163181
163183
163185
163183
163179
163177
163179
163182
163184
163183
163180
163181
163182
163181
163178
163176
163178
163180
163181
163181
163182
163183
163184
163184
163181
163180
163183
163185
163184
163182
163181
163183
163185
163184
163183
163183
163184
163186
163186
163184
163184
163186
163188
163188
163186
163182
163183
163186
163186
163183
163180
163182
163186
163187
163186
163186
163189
163191
163192
163190
163188
163190
163193
163191
163189
163190
163192
163194
163193
163191
163189
163190
163192
163191
163189
163186
163187
163189
163190
163189
163187
163187
163187
163188
163189
163189
163190
163193
163193
163190
163188
163189
163191
163192
163191
163190
163191
163189
163192
163191
163189
163191
163192
163192
163191
163190
163192
163195
163193
163191
163191
163193
163197
163199
163196
163192
163192
163194
163193
163192
163191
163192
163192
163193
163193
163192
163194
163196
163195
163192
163190
163191
163194
163193
163192
163192
163193
163193
163192
163190
163188
163189
163192
163192
163190
163188
163190
163192
163192
163190
163189
163193
163196
163195
163193
163192
163192
163192
163191
163188
163187
163190
163193
163194
163192
163191
163193
163196
163196
163194
163191
163191
163192
163191
163189
163189
163190
163192
163191
163189
163186
163186
163186
163185
163183
163184
163188
163192
163192
163190
163189
163190
163191
163189
163186
163185
163188
163190
163191
163190
163189
163190
163191
163190
163188
163186
163188
163191
163191
163190
163189
163189
163190
163190
163188
163186
163186
163188
163188
163188
163187
163188
163189
163188
163187
163186
163190
163194
163195
163191
163188
163189
163189
163186
163184
163183
163185
163187
163187
163187
163186
163187
163188
163186
163183
163183
163184
163187
163187
163185
163186
163188
163191
163191
163188
163187
163189
163191
163192
163189
163187
163188
163188
163186
163182
163181
163183
163186
163186
163182
163181
163183
163186
163187
163186
163185
163186
163188
163187
163185
163182
163184
163186
163185
163183
163183
163186
163189
163189
163188
163186
163187
163188
163187
163185
163182
163183
163185
163185
163183
163183
163184
163184
163183
163180
163177
163177
163178
163178
163177
163176
163179
163182
163182
163179
163176
163178
163180
163180
163180
163179
163182
163183
163182
163179
163177
163177
163178
163177
163175
163173
163175
163179
163181
163181
163180
163182
163182
163179
163175
163172
163174
163176
163177
163177
163178
163180
163181
163177
163171
163167
163169
163172
163172
163170
163170
163173
163176
163176
163174
163173
163175
163177
163178
163176
163175
163176
163176
163174
163172
163173
163175
163178
163177
163173
163169
163170
163174
163174
163172
163171
163172
163174
163174
163172
163170
163171
163172
163173
163172
163172
163173
163174
163173
163171
163170
163173
163175
163175
163172
163170
163172
163174
163173
163170
163170
163173
163175
163174
163172
163169
163170
163172
163172
163172
163173
163174
163176
163175
163172
163169
163171
163173
163174
163173
163172
163173
163175
163174
163171
163168
163169
163174
163176
163173
163171
163174
163177
163175
163172
163171
163172
163174
163174
163171
163168
163168
163169
163168
163167
163165
163166
163168
163168
163166
163165
163166
163167
163167
163166
163167
163170
163172
163171
163169
163168
163170
163170
163170
163170
163171
163175
163177
163176
163173
163170
163171
163173
163173
163172
163172
163174
163178
163178
163176
163173
163172
163171
163171
163171
163171
163174
163177
163176
163176
163175
163176
163177
163175
163172
163170
163172
163175
163175
163174
163172
163175
163177
163176
163173
163170
163171
163174
163174
163173
163173
163174
163176
163175
163173
163172
163173
163175
163174
163171
163169
163170
163172
163171
163169
163169
163172
163174
163173
163171
163170
163170
163171
163171
163170
163171
163173
163174
163174
163172
163170
163171
163174
163175
163176
163178
163180
163181
163179
163175
163171
163170
163172
163172
163171
163172
163175
163177
163177
163177
163176
163177
163177
163175
163174
163174
163176
163178
163176
163172
163168
163168
163168
163168
163168
163169
163173
163177
163176
163173
163171
163172
163174
163174
163173
163173
163176
163179
163178
163176
163175
163176
163178
163177
163174
163172
163173
163174
163174
163172
163173
163176
163181
163180
163178
163177
163178
163178
163176
163173
163172
163175
163179
163180
163179
163179
163179
163179
163176
163172
163171
163173
163177
163177
163175
163174
163176
163179
163178
163176
163175
163177
163180
163179
163176
163175
163177
163180
163180
163178
163177
163179
163180
163178
163176
163176
163179
163183
163182
163180
163179
163181
163184
163183
163180
163180
163182
163185
163184
163181
163180
163181
163181
163179
163174
163172
163174
163177
163177
163175
163175
163176
163177
163175
163171
163169
163171
163174
163174
163173
163172
163175
163177
163176
163173
163173
163176
163179
163181
163180
163179
163180
163179
163177
163173
163170
163172
163175
163176
163175
163176
163180
163182
163181
163179
163178
163178
163178
163177
163175
163175
163179
163183
163184
163182
163183
163184
163186
163184
163182
163181
163182
163183
163182
163181
163181
163183
163185
163184
163183
163183
163185
163190
163190
163188
163186
163187
163189
163186
163182
163179
163179
163182
163182
163181
163182
163184
163186
163184
163180
163179
163180
163181
163181
163179
163180
163185
163188
163188
163186
163185
163184
163186
163188
163188
163187
163188
163189
163188
163185
163185
163186
163188
163185
163183
163183
163185
163187
163187
163185
163184
163186
163189
163188
163187
163186
163187
163190
163190
163188
163186
163187
163188
163186
163182
163180
163182
163186
163186
163186
163187
163190
163190
163189
163187
163186
163186
163188
163188
163188
163188
163190
163192
163193
163191
163191
163192
163193
163193
163192
163191
163192
163193
163192
163191
163192
163191
163192
163191
163190
163190
163192
163194
163193
163191
163192
163192
163193
163192
163191
163191
163194
163195
163193
163192
163194
163197
163200
163200
163199
163197
163199
163199
163197
163193
163192
163194
163197
163198
163200
163202
163204
163205
163203
163199
163196
163196
163199
163199
163198
163198
163200
163204
163204
163203
163202
163202
163204
163203
163200
163199
163201
163204
163205
163204
163204
163205
163206
163204
163202
163202
163204
163206
163205
163205
163204
163205
163204
163202
163198
163196
163199
163201
163202
163201
163202
163205
163209
163208
163204
163200
163199
163199
163198
163197
163199
163204
163209
163211
163209
163207
163206
163208
163208
163207
163207
163210
163213
163214
163211
163209
163210
163210
163206
163203
163202
163205
163208
163209
163208
163207
163207
163207
163205
163202
163203
163207
163211
163212
163211
163210
163211
163211
163210
163208
163207
163206
163207
163206
163203
163203
163205
163206
163204
163200
163198
163201
163204
163206
163206
163207
163206
163206
163203
163198
163197
163199
163203
163205
163205
163206
163207
163206
163203
163199
163198
163198
163202
163203
163204
163205
163208
163210
163209
163206
163205
163206
163206
163204
163201
163200
163203
163207
163208
163208
163209
163211
163211
163209
163208
163210
163212
163213
163212
163209
163209
163211
163213
163213
163212
163211
163214
163218
163217
163215
163216
163219
163223
163224
163225
163227
163231
163235
163233
163227
163223
163222
163221
163218
163215
163214
163214
163215
163215
163214
163213
163215
163217
163214
163210
163207
163206
163206
163203
163200
163199
163200
163202
163200
163198
163200
163203
163207
163207
163205
163205
163207
163207
163203
163199
163198
163198
163198
163196
163193
163193
163195
163198
163198
163196
163196
163198
163198
163196
163193
163192
163193
163194
163194
163191
163191
163193
163194
163193
163192
163191
163191
163189
163185
163182
163182
163184
163187
163187
163187
163189
163194
163198
163198
163195
163195
163198
163201
163202
163202
163204
163206
163209
163209
163207
163207
163209
163210
163208
163205
163204
163205
163207
163205
163202
163200
163202
163204
163202
163198
163196
163198
163199
163198
163195
163196
163199
163200
163200
163199
163200
163201
163202
163201
163198
163197
163198
163201
163202
163201
163201
163201
163203
163202
163199
163200
163202
163204
163203
163202
163202
163203
163206
163205
163205
163206
163209
163212
163211
163208
163206
163206
163206
163204
163203
163204
163208
163212
163214
163214
163214
163217
163219
163218
163217
163215
163215
163215
163212
163208
163206
163209
163211
163208
163202
163199
163200
163200
163200
163198
163199
163201
163202
163200
163198
163198
163199
163201
163200
163199
163199
163201
163202
163201
163198
163196
163197
163198
163199
163199
163201
163204
163205
163205
163202
163201
163200
163199
163195
163191
163188
163188
163188
163187
163187
163188
163193
163199
163201
163202
163204
163206
163206
163202
163196
163192
163192
163192
163191
163189
163190
163194
163197
163196
163194
163196
163198
163199
163198
163196
163197
163202
163208
163209
163208
163208
163210
163210
163206
163202
163200
163201
163202
163200
163199
163200
163202
163203
163203
163201
163201
163203
163204
163204
163204
163204
163205
163207
163206
163205
163204
163206
163209
163210
163210
163209
163208
163208
163207
163206
163206
163209
163212
163213
163213
163215
163216
163217
163215
163212
163209
163209
163209
163206
163203
163202
163202
163202
163202
163201
163202
163203
163204
163202
163198
163198
163200
163202
163204
163206
163209
163211
163213
163209
163203
163201
163201
163201
163199
163196
163197
163202
163206
163208
163209
163210
163211
163210
163207
163203
163202
163202
163202
163200
163197
163199
163203
163205
163204
163203
163202
163203
163205
163204
163202
163204
163207
163210
163210
163208
163208
163209
163210
163209
163208
163207
163208
163210
163209
163208
163208
163209
163208
163206
163203
163203
163205
163206
163203
163201
163201
163204
163207
163208
163209
163212
163214
163215
163212
163207
163204
163205
163206
163207
163207
163209
163212
163215
163215
163213
163213
163214
163216
163215
163213
163212
163211
163210
163208
163205
163205
163207
163209
163209
163208
163209
163212
163214
163215
163214
163212
163212
163212
163209
163204
163203
163206
163209
163209
163208
163209
163212
163215
163214
163213
163214
163216
163217
163213
163210
163210
163212
163216
163218
163219
163220
163222
163224
163222
163217
163213
163212
163212
163210
163207
163207
163208
163209
163206
163205
163206
163208
163211
163212
163210
163210
163210
163210
163209
163207
163209
163213
163216
163215
163214
163215
163216
163219
163218
163215
163212
163211
163212
163212
163212
163211
163213
163215
163214
163211
163210
163211
163212
163210
163207
163206
163207
163208
163206
163204
163204
163206
163208
163207
163205
163206
163208
163210
163211
163210
163210
163211
163213
163211
163210
163212
163215
163218
163217
163214
163214
163215
163215
163213
163210
163210
163211
163211
163209
163207
163208
163210
163210
163208
163206
163207
163209
163211
163210
163209
163210
163212
163213
163211
163210
163212
163215
163218
163218
163217
163218
163219
163219
163217
163214
163214
163217
163219
163217
163213
163211
163212
163211
163208
163206
163208
163211
163215
163216
163214
163214
163216
163216
163212
163210
163210
163211
163213
163212
163212
163214
163216
163217
163215
163213
163213
163214
163215
163213
163212
163214
163218
163220
163219
163218
163220
163220
163221
163221
163219
163220
163223
163224
163221
163217
163216
163216
163217
163215
163213
163213
163215
163216
163216
163215
163215
163216
163218
163217
163214
163214
163215
163216
163214
163212
163214
163216
163219
163218
163215
163215
163216
163218
163218
163216
163215
163218
163220
163218
163216
163216
163218
163220
163219
163216
163215
163215
163216
163214
163212
163212
163215
163218
163219
163217
163218
163218
163217
163215
163212
163213
163215
163218
163217
163216
163216
163218
163217
163215
163213
163213
163215
163218
163219
163217
163218
163221
163224
163222
163219
163220
163221
163222
163220
163217
163217
163218
163218
163216
163216
163217
163218
163220
163218
163216
163216
163217
163219
163217
163215
163215
163218
163221
163221
163220
163218
163218
163218
163215
163214
163214
163216
163218
163217
163215
163217
163222
163224
163224
163223
163224
163227
163229
163227
163225
163225
163228
163229
163227
163225
163225
163226
163226
163224
163220
163219
163222
163224
163223
163222
163222
163224
163224
163221
163218
163217
163219
163220
163218
163217
163216
163217
163217
163215
163214
163216
163219
163221
163220
163218
163219
163221
163222
163219
163215
163214
163216
163219
163219
163216
163216
163220
163220
163218
163215
163216
163217
163217
163216
163214
163214
163216
163218
163218
163216
163215
163215
163214
163210
163206
163205
163207
163207
163206
163204
163204
163207
163209
163209
163209
163211
163216
163219
163218
163214
163212
163212
163211
163208
163205
163204
163207
163209
163209
163208
163209
163213
163214
163213
163212
163212
163214
163215
163213
163210
163211
163213
163214
163213
163215
163217
163218
163217
163215
163214
163217
163220
163222
163221
163219
163220
163220
163219
163214
163211
163209
163208
163208
163204
163201
163199
163199
163200
163201
163203
163206
163210
163214
163215
163215
163217
163218
163218
163216
163213
163213
163213
163212
163208
163207
163208
163210
163213
163213
163213
163214
163217
163219
163219
163217
163217
163220
163222
163220
163218
163218
163221
163224
163222
163218
163216
163216
163216
163214
163212
163211
163213
163215
163213
163211
163212
163215
163217
163216
163214
163215
163218
163220
163217
163215
163216
163220
163222
163222
163221
163222
163223
163222
163217
163212
163211
163211
163213
163211
163209
163208
163208
163208
163206
163204
163205
163208
163209
163209
163206
163208
163212
163212
163212
163211
163213
163216
163218
163216
163213
163212
163211
163211
163210
163208
163207
163208
163210
163210
163209
163210
163210
163210
163207
163204
163204
163206
163209
163208
163207
163206
163208
163208
163206
163205
163204
163204
163203
163201
163200
163202
163204
163205
163206
163205
163205
163206
163207
163205
163201
163201
163204
163207
163206
163204
163205
163209
163211
163209
163206
163206
163209
163210
163208
163206
163207
163208
163209
163208
163205
163205
163205
163206
163204
163202
163203
163204
163205
163203
163203
163205
163208
163210
163208
163205
163204
163205
163206
163204
163202
163203
163205
163204
163202
163200
163202
163203
163205
163203
163201
163202
163202
163202
163199
163197
163197
163202
163203
163201
163200
163202
163206
163208
163207
163204
163203
163203
163204
163205
163203
163203
163205
163206
163205
163201
163201
163202
163202
163199
163196
163197
163199
163200
163198
163197
163198
163200
163200
163199
163200
163203
163207
163208
163205
163202
163203
163205
163205
163202
163198
163197
163198
163199
163199
163199
163201
163204
163204
163202
163199
163199
163200
163202
163202
163202
163203
163207
163209
163207
163206
163207
163208
163208
163204
163202
163200
163199
163198
163195
163191
163190
163192
163195
163195
163194
163194
163197
163198
163194
163191
163192
163194
163193
163191
163188
163189
163191
163193
163192
163191
163192
163194
163194
163191
163186
163187
163191
163193
163192
163190
163191
163192
163191
163186
163180
163178
163179
163179
163178
163177
163178
163182
163184
163184
163184
163185
163187
163186
163183
163181
163182
163182
163183
163182
163182
163184
163187
163189
163186
163184
163182
163181
163181
163178
163176
163177
163179
163180
163180
163181
163184
163185
163184
163180
163176
163176
163178
163179
163178
163177
163178
163181
163183
163183
163183
163185
163186
163184
163179
163175
163175
163177
163180
163181
163180
163180
163182
163182
163179
163177
163177
163179
163181
163180
163181
163184
163186
163187
163184
163180
163179
163180
163180
163178
163178
163179
163181
163181
163178
163174
163174
163175
163174
163172
163170
163171
163175
163175
163173
163172
163173
163173
163174
163174
163173
163175
163176
163175
163174
163173
163175
163178
163178
163177
163176
163177
163177
163176
163174
163172
163173
163176
163178
163176
163174
163174
163177
163179
163179
163178
163179
163183
163184
163182
163179
163178
163177
163175
163172
163171
163173
163175
163177
163176
163175
163177
163179
163179
163173
163168
163167
163169
163172
163172
163172
163177
163181
163181
163177
163172
163170
163170
163170
163170
163170
163173
163178
163181
163180
163177
163177
163179
163178
163175
163172
163174
163176
163177
163176
163173
163175
163176
163175
163174
163173
163175
163177
163178
163176
163173
163172
163173
163174
163173
163174
163176
163177
163179
163178
163178
163180
163181
163180
163179
163176
163175
163177
163177
163176
163176
163179
163181
163181
163179
163177
163178
163179
163178
163177
163175
163175
163177
163177
163175
163173
163175
163177
163178
163176
163174
163176
163179
163180
163178
163178
163181
163183
163184
163182
163179
163179
163180
163180
163177
163174
163175
163176
163176
163174
163172
163174
163178
163179
163175
163173
163173
163174
163173
163172
163171
163175
163180
163183
163183
163182
163184
163185
163185
163182
163180
163183
163185
163185
163183
163181
163182
163183
163184
163182
163180
163183
163187
163187
163185
163184
163186
163187
163188
163187
163186
163187
163189
163191
163190
163188
163188
163189
163191
163190
163188
163190
163191
163191
163189
163187
163186
163186
163185
163183
163180
163181
163184
163185
163186
163186
163189
163192
163193
163192
163191
163191
163190
163189
163188
163188
163190
163192
163192
163188
163186
163188
163192
163193
163191
163188
163189
163192
163193
163192
163192
163193
163193
163192
163189
163187
163188
163189
163187
163183
163178
163179
163181
163179
163176
163174
163175
163178
163179
163178
163175
163176
163178
163179
163178
163176
163175
163178
163179
163176
163173
163172
163174
163175
163176
163176
163177
163179
163180
163178
163175
163174
163175
163175
163174
163172
163173
163175
163175
163176
163176
163176
163177
163177
163175
163174
163178
163182
163182
163179
163177
163178
163179
163178
163176
163172
163172
163174
163175
163175
163174
163175
163179
163180
163179
163178
163179
163181
163181
163179
163177
163177
163177
163177
163175
163170
163170
163171
163171
163167
163166
163169
163171
163173
163172
163170
163170
163172
163173
163171
163170
163173
163177
163178
163175
163173
163173
163174
163174
163172
163171
163172
163171
163170
163168
163166
163167
163170
163170
163168
163165
163165
163168
163168
163168
163167
163169
163173
163172
163171
163172
163173
163175
163177
163175
163173
163174
163176
163176
163174
163171
163171
163170
163170
163169
163168
163170
163173
163175
163172
163170
163172
163174
163174
163173
163172
163174
163178
163178
163174
163171
163172
163175
163175
163171
163168
163171
163174
163175
163173
163170
163169
163169
163167
163165
163165
163167
163173
163177
163178
163178
163180
163182
163181
163178
163176
163177
163180
163180
163179
163178
163180
163183
163184
163180
163177
163177
163177
163175
163171
163167
163167
163170
163172
163172
163173
163177
163180
163183
163181
163179
163180
163180
163179
163176
163175
163176
163176
163177
163175
163174
163176
163179
163178
163173
163168
163169
163171
163172
163173
163174
163177
163181
163182
163181
163179
163182
163185
163186
163185
163183
163184
163186
163186
163182
163177
163176
163177
163177
163176
163173
163174
163178
163179
163178
163175
163175
163177
163178
163178
163178
163182
163185
163186
163186
163186
163187
163188
163188
163185
163183
163184
163186
163185
163183
163181
163181
163182
163182
163180
163177
163178
163180
163180
163177
163175
163177
163179
163180
163177
163176
163176
163179
163180
163177
163176
163178
163181
163180
163177
163175
163177
163179
163180
163179
163177
163177
163176
163172
163170
163168
163169
163171
163172
163171
163169
163171
163172
163173
163172
163172
163172
163173
163174
163173
163173
163175
163177
163174
163170
163168
163171
163174
163174
163172
163171
163172
163174
163173
163173
163170
163170
163171
163171
163169
163170
163173
163175
163175
163174
163172
163174
163178
163177
163175
163173
163173
163174
163174
163173
163172
163174
163178
163178
163177
163176
163177
163179
163179
163178
163177
163180
163183
163183
163179
163177
163178
163178
163177
163175
163173
163172
163172
163174
163171
163171
163174
163179
163181
163181
163180
163181
163182
163181
163179
163177
163176
163178
163178
163173
163171
163175
163177
163177
163176
163173
163173
163175
163173
163170
163168
163170
163173
163175
163175
163173
163175
163176
163173
163169
163167
163167
163170
163171
163171
163170
163171
163174
163174
163173
163173
163176
163179
163178
163176
163174
163175
163176
163175
163174
163172
163172
163173
163172
163171
163170
163171
163172
163171
163170
163170
163172
163174
163174
163172
163171
163173
163174
163175
163174
163172
163174
163175
163173
163171
163169
163169
163170
163171
163172
163173
163177
163183
163185
163186
163186
163189
163192
163191
163187
163182
163182
163183
163182
163179
163177
163178
163181
163182
163181
163177
163177
163177
163174
163172
163172
163175
163179
163179
163176
163174
163175
163177
163175
163172
163170
163171
163173
163174
163173
163172
163174
163177
163177
163174
163172
163173
163174
163173
163171
163171
163172
163175
163176
163177
163177
163178
163179
163176
163172
163170
163172
163175
163176
163175
163173
163176
163182
163183
163181
163181
163183
163185
163186
163184
163181
163179
163182
163183
163181
163180
163181
163183
163180
163176
163176
163179
163183
163185
163185
163185
163186
163188
163187
163183
163181
163183
163186
163187
163185
163184
163185
163186
163185
163181
163177
163177
163179
163179
163180
163181
163185
163188
163188
163187
163185
163186
163188
163188
163188
163186
163188
163191
163190
163188
163188
163190
163190
163187
163186
163185
163187
163190
163189
163187
163186
163188
163190
163188
163186
163186
163188
163192
163193
163191
