162903
162903
162902
162902
162904
162906
162906
162904
162904
162905
162906
162904
162901
162900
162902
162905
162905
162904
162903
162904
162906
162904
162902
162900
162901
162901
162899
162898
162897
162900
162902
162901
162900
162898
162898
162900
162898
162897
162899
162902
162905
162904
162902
162899
162900
162901
162900
162898
162898
162902
162905
162906
162904
162902
162901
162901
162900
162898
162898
162901
162903
162902
162901
162902
162903
162905
162903
162902
162902
162902
162902
162901
162899
162899
162900
162903
162904
162902
162901
162903
162906
162905
162903
162902
162905
162908
162909
162910
162911
162913
162913
162911
162908
162906
162908
162910
162909
162906
162905
162908
162909
162907
162906
162907
162909
162912
162911
162907
162905
162904
162904
162902
162900
162900
162902
162904
162905
162903
162903
162906
162911
162913
162912
162910
162908
162907
162903
162899
162899
162901
162904
162904
162902
162903
162906
162909
162908
162905
162904
162906
162906
162904
162901
162901
162903
162905
162903
162901
162900
162901
162903
162902
162900
162901
162904
162906
162904
162902
162899
162900
162901
162899
162898
162898
162900
162901
162901
162899
162898
162900
162901
162899
162896
162895
162896
162897
162897
162895
162894
162897
162899
162898
162897
162897
162898
162898
162895
162891
162889
162892
162895
162895
162894
162895
162897
162898
162898
162895
162895
162895
162897
162895
162892
162893
162896
162900
162899
162897
162897
162898
162899
162896
162893
162893
162896
162899
162898
162896
162895
162896
162897
162896
162893
162892
162892
162893
162894
162892
162892
162893
162894
162891
162888
162887
162888
162888
162888
162886
162887
162890
162893
162893
162892
162892
162892
162892
162890
162887
162886
162890
162893
162893
162890
162888
162890
162891
162889
162886
162884
162887
162890
162891
162892
162893
162895
162895
162892
162888
162888
162892
162895
162895
162893
162891
162891
162894
162893
162890
162889
162891
162893
162893
162893
162893
162896
162898
162897
162895
162894
162896
162897
162894
162892
162891
162893
162895
162894
162892
162892
162894
162896
162895
162894
162894
162893
162894
162893
162891
162890
162892
162892
162890
162888
162889
162891
162893
162891
162890
162891
162893
162894
162892
162889
162889
162891
162893
162892
162892
162894
162898
162898
162896
162892
162890
162891
162892
162890
162890
162893
162898
162899
162897
162893
162892
162892
162892
162890
162888
162888
162891
162894
162893
162893
162892
162893
162894
162891
162888
162886
162887
162889
162890
162890
162891
162892
162893
162892
162891
162890
162892
162892
162889
162885
162885
162889
162893
162894
162891
162891
162892
162892
162890
162887
162887
162890
162891
162891
162890
162892
162894
162897
162896
162894
162894
162895
162895
162893
162892
162893
162896
162897
162894
162891
162890
162891
162892
162889
162886
162886
162889
162890
162889
162888
162888
162890
162891
162889
162886
162886
162886
162886
162884
162882
162884
162889
162892
162891
162887
162884
162885
162885
162884
162882
162885
162890
162893
162892
162891
162890
162891
162892
162890
162888
162888
162890
162890
162888
162885
162885
162887
162888
162887
162886
162887
162889
162891
162888
162884
162883
162885
162886
162885
162883
162885
162888
162889
162888
162886
162886
162887
162887
162886
162883
162884
162887
162889
162889
162888
162888
162889
162890
162888
162887
162888
162893
162896
162897
162896
162895
162895
162896
162895
162894
162894
162894
162894
162891
162888
162887
162890
162893
162893
162892
162892
162892
162892
162890
162888
162887
162888
162889
162889
162888
162888
162890
162890
162889
162888
162889
162891
162894
162893
162890
162891
162893
162894
162892
162889
162888
162891
162895
162896
162894
162893
162894
162896
162893
162889
162889
162890
162891
162889
162889
162891
162893
162893
162891
162887
162886
162887
162889
162889
162888
162888
162891
162892
162891
162889
162889
162891
162895
162895
162892
162891
162895
162898
162896
162891
162889
162890
162892
162892
162892
162893
162895
162895
162892
162890
162889
162890
162893
162894
162893
162893
162895
162897
162895
162892
162892
162892
162893
162891
162890
162890
162891
162892
162891
162889
162890
162895
162892
162888
162888
162889
162892
162895
162893
162891
162892
162893
162894
162893
162890
162890
162892
162893
162892
162890
162893
162896
162897
162895
162891
162889
162888
162889
162887
162886
162888
162890
162892
162890
162888
162889
162892
162893
162890
162888
162888
162890
162891
162889
162887
162887
162888
162889
162888
162885
162885
162886
162887
162885
162882
162882
162884
162886
162887
162887
162889
162891
162890
162886
162882
162881
162882
162883
162883
162881
162881
162882
162880
162877
162874
162874
162877
162880
162881
162882
162884
162887
162886
162882
162878
162877
162879
162880
162880
162879
162881
162883
162883
162881
162879
162880
162882
162883
162883
162883
162884
162886
162885
162882
162879
162879
162879
162880
162879
162878
162880
162882
162881
162878
162875
162876
162878
162881
162880
162880
162882
162885
162886
162883
162881
162882
162884
162886
162885
162883
162884
162887
162889
162888
162887
162888
162890
162891
162887
162883
162882
162884
162886
162886
162886
162888
162890
162890
162887
162885
162885
162887
162887
162886
162886
162888
162893
162894
162892
162888
162887
162888
162889
162889
162889
162892
162894
162895
162892
162889
162889
162890
162891
162891
162890
162892
162895
162896
162891
162886
162885
162886
162888
162887
162885
162886
162888
162889
162887
162886
162887
162890
162892
162893
162891
162891
162892
162892
162889
162887
162887
162890
162893
162894
162892
162891
162892
162893
162891
162890
162890
162892
162895
162893
162891
162892
162893
162892
162890
162887
162887
162890
162891
162890
162890
162892
162895
162894
162890
162885
162884
162885
162887
162887
162887
162890
162893
162894
162891
162889
162889
162890
162891
162889
162887
162889
162891
162892
162891
162888
162888
162889
162888
162886
162882
162883
162886
162887
162885
162883
162883
162886
162885
162883
162883
162884
162886
162888
162888
162886
162887
162888
162887
162885
162885
162885
162887
162888
162886
162885
162886
162889
162889
162887
162885
162884
162885
162884
162881
162881
162883
162885
162886
162884
162879
162878
162879
162878
162876
162873
162875
162878
162880
162880
162881
162882
162884
162883
162880
162877
162878
162881
162882
162883
162883
162884
162887
162887
162886
162882
162881
162881
162881
162880
162880
162883
162887
162889
162886
162883
162884
162886
162888
162887
162885
162884
162885
162886
162884
162883
162885
162888
162888
162884
162880
162880
162881
162882
162881
162880
162881
162883
162885
162884
162882
162885
162888
162890
162891
162890
162890
162889
162887
162884
162881
162882
162884
162884
162882
162881
162883
162888
162890
162887
162884
162884
162885
162887
162887
162888
162892
162894
162895
162891
162887
162885
162885
162884
162882
162880
162883
162887
162889
162887
162884
162882
162881
162880
162878
162876
162878
162880
162881
162880
162878
162879
162882
162881
162878
162875
162876
162880
162881
162880
162879
162880
162882
162882
162881
162879
162880
162882
162882
162880
162877
162878
162879
162880
162878
162875
162877
162880
162882
162881
162879
162878
162880
162880
162879
162878
162879
162881
162882
162881
162880
162881
162883
162883
162880
162879
162880
162882
162881
162878
162874
162874
162876
162876
162875
162874
162875
162878
162879
162878
162876
162876
162876
162876
162874
162872
162873
162875
162876
162875
162875
162876
162879
162879
162877
162874
162873
162874
162874
162869
162867
162868
162869
162870
162871
162870
162870
162872
162872
162869
162866
162867
162870
162872
162872
162870
162872
162874
162874
162871
162867
162867
162870
162871
162870
162867
162865
162865
162864
162862
162861
162864
162867
162868
162867
162865
162864
162865
162863
162859
162856
162859
162864
162867
162867
162867
162866
162867
162866
162863
162861
162863
162867
162870
162868
162867
162867
162868
162868
162865
162862
162863
162864
162865
162864
162863
162864
162866
162865
162862
162860
162861
162863
162865
162865
162866
162870
162873
162873
162871
162869
162869
162869
162868
162864
162860
162860
162863
162865
162866
162866
162867
162869
162869
162867
162865
162865
162865
162865
162863
162862
162863
162866
162867
162865
162863
162865
162867
162867
162865
162864
162864
162866
162868
162869
162869
162871
162874
162875
162872
162868
162867
162868
162867
162865
162863
162865
162867
162869
162868
162868
162867
162867
162864
162860
162857
162859
162864
162867
162867
162866
162867
162869
162868
162865
162863
162865
162868
162869
162870
162871
162873
162874
162873
162868
162865
162866
162869
162871
162872
162873
162874
162874
162873
162870
162866
162866
162867
162866
162863
162861
162862
162864
162863
162861
162859
162860
162863
162864
162863
162862
162864
162869
162871
162870
162868
162868
162869
162868
162866
162866
162869
162872
162873
162870
162866
162865
162866
162865
162864
162863
162863
162865
162866
162866
162867
162871
162875
162876
162873
162871
162872
162875
162875
162873
162871
162872
162873
162872
162870
162869
162871
162872
162872
162870
162867
162866
162866
162865
162861
162858
162859
162861
162861
162858
162855
162856
162858
162858
162856
162854
162855
162857
162858
162856
162854
162856
162859
162858
162856
162856
162858
162861
162861
162859
162857
162857
162859
162860
162859
162858
162861
162862
162861
162857
162854
162854
162855
162855
162853
162852
162854
162855
162854
162850
162847
162848
162851
162854
162855
162855
162856
162858
162858
162855
162852
162854
162858
162860
162859
162858
162860
162863
162862
162860
162858
162859
162860
162859
162857
162855
162856
162859
162860
162858
162855
162855
162857
162856
162855
162854
162855
162857
162858
162856
162854
162856
162858
162859
162858
162858
162860
162861
162859
162856
162853
162854
162856
162857
162856
162854
162856
162858
162858
162856
162853
162855
162857
162858
162857
162856
162856
162857
162857
162855
162853
162856
162859
162860
162860
162861
162863
162865
162862
162858
162857
162859
162862
162862
162860
162858
162859
162860
162860
162859
162858
162860
162863
162863
162860
162858
162858
162858
162858
162857
162858
162859
162862
162862
162860
162859
162861
162863
162861
162860
162860
162863
162866
162866
162861
162858
162858
162859
162859
162857
162856
162858
162860
162860
162857
162855
162855
162856
162856
162856
162857
162861
162866
162867
162866
162866
162867
162870
162870
162867
162865
162864
162865
162864
162863
162861
162862
162863
162862
162860
162859
162860
162862
162861
162857
162855
162855
162855
162854
162851
162850
162852
162855
162857
162857
162856
162859
162861
162861
162859
162856
162857
162859
162859
162857
162856
162859
162861
162862
162860
162858
162859
162861
162861
162860
162861
162864
162867
162867
162864
162863
162864
162867
162866
162863
162860
162860
162862
162862
162860
162858
162859
162860
162859
162857
162855
162856
162860
162861
162859
162858
162860
162863
162864
162861
162858
162859
162861
162861
162861
162861
162862
162865
162865
162863
162860
162859
162860
162860
162858
162857
162860
162862
162861
162858
162855
162855
162855
162854
162850
162849
162851
162852
162852
162851
162851
162853
162855
162855
162854
162853
162853
162854
162851
162848
162846
162849
162854
162855
162854
162853
162855
162856
162855
162852
162851
162852
162854
162853
162850
162849
162850
162851
162849
162848
162848
162850
162854
162854
162851
162850
162851
162853
162853
162852
162851
162852
162854
162853
162851
162851
162855
162858
162857
162856
162855
162856
162858
162858
162856
162854
162856
162860
162859
162858
162857
162859
162860
162860
162859
162857
162857
162859
162859
162858
162858
162861
162865
162867
162866
162863
162863
162864
162863
162862
162862
162864
162867
162867
162864
162862
162864
162866
162865
162862
162860
162861
162864
162865
162863
162862
162861
162863
162861
162857
162857
162861
162865
162866
162866
162864
162865
162867
162867
162864
162861
162861
162863
162862
162860
162860
162863
162865
162864
162861
162857
162857
162858
162858
162856
162855
162857
162859
162859
162857
162855
162857
162860
162862
162861
162861
162863
162866
162867
162865
162864
162867
162869
162869
162868
162866
162867
162869
162868
162865
162862
162864
162866
162866
162865
162865
162868
162871
162871
162869
162867
162868
162869
162868
162866
162866
162868
162870
162868
162865
162863
162864
162865
162865
162863
162863
162865
162865
162861
162858
162856
162857
162860
162861
162860
162860
162863
162864
162863
162859
162858
162859
162861
162861
162859
162858
162860
162863
162862
162858
162855
162854
162855
162855
162853
162854
162857
162860
162861
162859
162858
162859
162860
162860
162858
162858
162860
162862
162861
162859
162858
162860
162862
162862
162861
162862
162864
162865
162863
162861
162860
162861
162861
162858
162854
162851
162854
162858
162860
162859
162858
162859
162860
162857
162853
162851
162851
162853
162852
162851
162851
162854
162857
162855
162853
162853
162857
162861
162862
162861
162860
162862
162863
162860
162856
162853
162854
162854
162853
162850
162848
162849
162851
162849
162846
162845
162846
162849
162849
162847
162845
162846
162847
162848
162846
162846
162849
162852
162850
162846
162845
162847
162851
162850
162848
162846
162847
162848
162846
162843
162843
162844
162846
162847
162846
162844
162844
162847
162847
162845
162843
162844
162846
162847
162844
162844
162847
162851
162850
162847
162846
162847
162850
162850
162848
162846
162848
162850
162848
162844
162842
162843
162844
162843
162842
162842
162844
162846
162846
162844
162843
162843
162844
162843
162841
162840
162841
162842
162841
162840
162841
162844
162847
162848
162846
162844
162846
162847
162845
162843
162842
162843
162844
162844
162842
162841
162843
162845
162843
162840
162840
162843
162846
162847
162845
162845
162847
162849
162847
162843
162842
162843
162844
162842
162841
162840
162842
162845
162844
162841
162840
162843
162844
162844
162844
162843
162844
162847
162849
162849
162847
162847
162847
162845
162843
162843
162845
162847
162845
162840
162837
162836
162838
162837
162834
162833
162836
162838
162838
162836
162835
162836
162838
162837
162835
162833
162835
162837
162837
162835
162834
162835
162837
162835
162834
162835
162838
162841
162841
162838
162835
162834
162836
162837
162836
162835
162837
162841
162841
162839
162840
162843
162843
162840
162837
162835
162837
162840
162840
162840
162840
162841
162843
162839
162836
162835
162837
162840
162841
162839
162839
162840
162842
162843
162840
162838
162837
162837
162836
162834
162834
162836
162838
162837
162832
162829
162829
162831
162833
162834
162835
162836
162836
162834
162830
162826
162827
162830
162829
162828
162827
162828
162830
162829
162827
162827
162830
162833
162833
162831
162830
162833
162835
162834
162832
162832
162833
162836
162836
162835
162836
162839
162842
162842
162839
162835
162836
162838
162838
162836
162835
162836
162838
162837
162835
162834
162836
162838
162838
162837
162838
162841
162843
162843
162841
162840
162841
162843
162842
162840
162840
162842
162843
162843
162842
162841
162841
162843
162842
162842
162841
162842
162843
162842
162838
162836
162837
162838
162838
162838
162838
162840
162842
162840
162839
162837
162838
162839
162838
162835
162833
162835
162839
162839
162836
162836
162837
162840
162841
162839
162838
162838
162839
162838
162836
162836
162837
162838
162838
162835
162833
162835
162837
162838
162838
162838
162839
162840
162838
162834
162832
162833
162835
162834
162832
162831
162832
162834
162834
162831
162829
162830
162833
162834
162832
162830
162831
162833
162832
162831
162829
162830
162833
162834
162832
162831
162832
162833
162832
162830
162831
162834
162836
162834
162832
162831
162832
162833
162835
162835
162836
162837
162840
162840
162838
162836
162837
162839
162837
162834
162833
162835
162836
162834
162833
162832
162832
162833
162833
162832
162831
162833
162838
162839
162838
162838
162840
162843
162842
162839
162838
162839
162841
162840
162837
162834
162836
162839
162840
162838
162836
162837
162837
162834
162830
162830
162833
162836
162837
162836
162834
162834
162835
162835
162835
162835
162837
162840
162839
162837
162836
162838
162840
162839
162837
162837
162840
162842
162842
162840
162839
162840
162842
162841
162839
162836
162838
162840
162841
162840
162841
162843
162844
162844
162841
162839
162840
162842
162842
162840
162839
162841
162843
162843
162840
162838
162839
162841
162841
162837
162836
162838
162840
162840
162838
162837
162838
162841
162840
162839
162840
162843
162846
162845
162843
162841
162842
162843
162843
162842
162841
162841
162843
162841
162837
162835
162836
162840
162841
162839
162839
162841
162843
162841
162838
162835
162838
162840
162840
162839
162839
162842
162845
162843
162840
162839
162840
162842
162842
162842
162843
162846
162848
162845
162841
162839
162842
162845
162846
162844
162843
162844
162844
162843
162841
162840
162843
162845
162845
162842
162840
162840
162841
162841
162839
162840
162843
162847
162847
162846
162845
162847
162849
162850
162850
162849
162851
162852
162851
162850
162850
162852
162854
162852
162849
162848
162850
162852
162850
162846
162845
162847
162849
162849
162848
162848
162849
162849
162846
162841
162839
162840
162843
162844
162843
162843
162844
162845
162843
162839
162836
162837
162839
162838
162838
162839
162843
162845
162844
162842
162840
162842
162844
162843
162840
162840
162840
162841
162841
162839
162838
162839
162843
162844
162842
162840
162842
162845
162846
162846
162847
162849
162850
162849
162846
162845
162846
162849
162849
162845
162844
162846
162847
162846
162844
162844
162846
162848
162846
162842
162839
162841
162844
162844
162843
162843
162847
162850
162849
162845
162843
162845
162847
162847
162846
162846
162848
162850
162848
162845
162843
162844
162846
162846
162844
162845
162846
162847
162845
162842
162842
162844
162845
162844
162842
162841
162842
162845
162845
162844
162843
162845
162847
162846
162844
162842
162843
162846
162848
162848
162846
162847
162848
162848
162845
162846
162848
162851
162851
162848
162847
162848
162849
162850
162849
162847
162848
162850
162849
162846
162843
162842
162843
162841
162841
162842
162844
162848
162850
162850
162850
162852
162852
162849
162846
162845
162846
162849
162848
162848
162848
162850
162852
162851
162847
162846
162846
162848
162847
162845
162846
162849
162851
162850
162848
162849
162850
162851
162849
162847
162846
162846
162847
162846
162844
162842
162843
162845
162846
162846
162847
162849
162851
162850
162848
162847
162850
162854
162854
162852
162851
162851
162853
162853
162851
162850
162853
162856
162855
162854
162852
162853
162854
162853
162850
162850
162851
162852
162849
162846
162846
162849
162852
162852
162851
162850
162851
162852
162851
162849
162847
162848
162850
162849
162846
162845
162847
162849
162849
162845
162844
162845
162848
162846
162843
162841
162842
162844
162845
162842
162841
162842
162844
162842
162840
162838
162840
162842
162842
162840
162839
162839
162840
162839
162837
162836
162838
162840
162841
162840
162840
162841
162842
162842
162841
162840
162840
162840
162837
162832
162830
162830
162834
162834
162834
162835
162838
162839
162838
162835
162833
162833
162835
162834
162832
162832
162834
162836
162836
162835
162834
162835
162837
162837
162836
162836
162840
162844
162845
162842
162841
162841
162841
162841
162840
162840
162842
162844
162842
162839
162836
162836
162838
162838
162837
162837
162840
162843
162843
162841
162839
162840
162840
162836
162833
162834
162838
162840
162839
162836
162834
162836
162839
162838
162836
162836
162838
162839
162838
162834
162832
162833
162834
162834
162833
162833
162834
162836
162835
162833
162833
162834
162835
162834
162832
162831
162831
162831
162829
162826
162826
162830
162835
162837
162837
162837
162837
162837
162836
162833
162831
162832
162835
162835
162834
162833
162834
162836
162836
162836
162837
162840
162841
162840
162837
162835
162836
162839
162838
162837
162839
162842
162844
162843
162842
162842
162844
162844
162842
162840
162840
162843
162846
162847
162846
162845
162847
162848
162846
162842
162839
162840
162842
162840
162838
162838
162841
162843
162843
162841
162838
162838
162838
162837
162835
162834
162836
162837
162836
162834
162834
162836
162838
162837
162835
162836
162838
162839
162839
162837
162837
162839
162840
162839
162837
162837
162837
162838
162835
162833
162832
162833
162835
162835
162834
162834
162837
162838
162837
162836
162836
162837
162839
162837
162835
162833
162834
162835
162834
162832
162832
162833
162835
162833
162831
162830
162831
162833
162833
162833
162833
162836
162839
162838
162835
162833
162836
162839
162837
162835
162835
162838
162840
162840
162838
162838
162840
162843
162843
162841
162838
162839
162839
162839
162837
162837
162838
162839
162838
162835
162834
162835
162836
162833
162830
162829
162831
162833
162832
162832
162834
162839
162843
162841
162837
162835
162834
162834
162831
162827
162826
162829
162832
162834
162831
162831
162832
162833
162831
162827
162827
162829
162833
162833
162830
162829
162831
162832
162829
162825
162822
162824
162826
162828
162828
162827
162830
162831
162829
162826
162824
162826
162828
162827
162825
162824
162827
162830
162831
162830
162828
162828
162827
162826
162824
162824
162826
162827
162828
162828
162828
162831
162834
162833
162830
162827
162828
162829
162829
162829
162830
162834
162837
162838
162835
162832
162831
162829
162827
162825
162825
162830
162834
162834
162831
162829
162829
162829
162826
162823
162823
162826
162828
162826
162822
162820
162819
162819
162818
162816
162818
162823
162827
162828
162826
162823
162822
162822
162821
162821
162823
162825
162828
162826
162824
162823
162825
162827
162824
162822
162821
162823
162825
162824
162822
162820
162820
162819
162817
162814
162814
162818
162823
162824
162823
162823
162824
162825
162824
162822
162821
162823
162825
162825
162824
162823
162825
162826
162825
162821
162819
162819
162821
162822
162822
162824
162826
162826
162824
162820
162817
162819
162821
162820
162818
162819
162821
162822
162821
162820
162821
162824
162825
162824
162822
162820
162822
162824
162822
162819
162817
162819
162821
162821
162822
162823
162824
162826
162825
162822
162820
162822
162823
162821
162819
162817
162818
162821
162822
162821
162820
162821
162821
162818
162815
162813
162814
162816
162816
162815
162814
162816
162819
162819
162818
162818
162817
162818
162816
162814
162815
162818
162821
162821
162819
162818
162819
162820
162820
162819
162819
162821
162822
162820
162817
162815
162815
162815
162814
162813
162814
162816
162816
162814
162810
162809
162812
162816
162818
162818
162819
162822
162824
162823
162819
162816
162816
162818
162819
162818
162818
162820
162823
162822
162819
162817
162819
162819
162819
162817
162817
162820
162822
162820
162815
162812
162813
162817
162818
162817
162817
162819
162821
162818
162814
162814
162815
162817
162817
162816
162817
162819
162820
162816
162813
162812
162815
162816
162815
162813
162814
162818
162813
162813
162817
162812
162809
162803
162805
162813
162810
162816
162818
162816
162792
162803
162821
162821
162812
162801
162804
162816
162819
162818
162811
162805
162807
162814
162816
162812
162809
162812
162813
162808
162805
162808
162809
162808
162808
162808
162811
162814
162811
162810
162808
162804
162803
162806
162807
162814
162815
162817
162819
162815
162810
162807
162811
162814
162813
162811
162806
162812
162818
162817
162815
162812
162812
162815
162817
162814
162814
162813
162810
162812
162808
162808
162814
162817
162816
162814
162812
162815
162819
162818
162818
162817
162821
162816
162813
162816
162815
162820
162823
162827
162823
162818
162817
162822
162824
162822
162818
162820
162819
162821
162823
162820
162824
162825
162819
162819
162823
162826
162824
162826
162824
162827
162826
162822
162825
162822
162820
162825
162826
162823
162820
162821
162822
162829
162829
162824
162820
162822
162820
162822
162821
162818
162818
162819
162819
162823
162821
162817
162822
162827
162827
162826
162828
162826
162815
162817
162818
162823
162823
162821
162825
162822
162819
162819
162817
162819
162821
162818
162821
162824
162821
162821
162821
162821
162820
162818
162818
162822
162818
162817
162819
162821
162826
162824
162816
162816
162821
162826
162821
162823
162823
162824
162834
162824
162819
162819
162824
162827
162824
162828
162825
162823
162829
162827
162819
162814
162815
162821
162822
162821
162820
162822
162826
162829
162826
162822
162817
162816
162823
162825
162815
162818
162820
162820
162822
162822
162824
162819
162818
162822
162825
162828
162825
162831
162826
162824
162825
162825
162830
162825
162830
162824
162817
162814
162814
162823
162828
162826
162822
162821
162821
162821
162825
162827
162826
162816
162810
162820
162825
162826
162824
162825
162828
162830
162829
162829
162827
162828
162827
162826
162825
162825
162828
162829
162822
162822
162821
162821
162824
162825
162825
162825
162824
162826
162827
162826
162821
162828
162832
162831
162831
162834
162832
162833
162829
162827
162829
162834
162837
162831
162829
162830
162835
162838
162837
162838
162831
162832
162827
162821
162811
162816
162847
162851
162843
162840
162838
162833
162833
162834
162837
162834
162829
162832
162835
162829
162829
162834
162839
162835
162830
162830
162830
162832
162827
162824
162822
162827
162836
162835
162827
162820
162828
162827
162826
162830
162828
162827
162834
162835
162832
162829
162827
162830
162835
162830
162828
162823
162831
162828
162819
162827
162833
162834
162831
162828
162827
162831
162834
162830
162824
162825
162824
162828
162829
162825
162824
162828
162828
162824
162817
162824
162826
162828
162825
162827
162825
162823
162825
162829
162829
162825
162825
162828
162828
162821
162822
162826
162825
162824
162824
162824
162828
162828
162826
162821
162818
162817
162825
162828
162820
162817
162822
162826
162823
162824
162825
162817
162816
162819
162823
162824
162824
162825
162828
162826
162826
162826
162830
162832
162828
162828
162829
162830
162832
162828
162825
162824
162834
162839
162836
162824
162822
162828
162823
162820
162826
162827
162829
162825
162817
162819
162819
162818
162824
162822
162819
162820
162824
162823
162818
162816
162816
162817
162815
162819
162821
162822
162824
162823
162822
162819
162819
162819
162816
162816
162817
162820
162825
162825
162820
162813
162821
162829
162829
162825
162822
162820
162820
162816
162822
162817
162817
162819
162818
162816
162817
162813
162818
162820
162818
162820
162823
162823
162823
162822
162819
162818
162826
162828
162825
162825
162826
162826
162820
162820
162820
162816
162818
162815
162821
162825
162823
162825
162823
162816
162817
162821
162818
162813
162818
162817
162821
162827
162823
162821
162818
162820
162823
162827
162824
162821
162821
162825
162827
162827
162825
162827
162828
162823
162818
162823
162824
162824
162823
162824
162823
162824
162825
162820
162816
162821
162822
162824
162821
162818
162819
162822
162824
162823
162818
162817
162819
162825
162823
162818
162813
162818
162825
162823
162819
162819
162823
162825
162824
162821
162820
162821
162820
162816
162812
162817
162815
162817
162820
162822
162822
162822
162822
162819
162817
162817
162816
162820
162821
162820
162821
162824
162826
162822
162817
162824
162828
162824
162825
162823
162823
162824
162826
162826
162822
162819
162822
162821
162822
162823
162823
162825
162828
162825
162824
162823
162823
162822
162821
162821
162820
162821
162823
162823
162819
162822
162826
162828
162826
162822
162821
162824
162824
162824
162823
162825
162825
162824
162822
162824
162823
162822
162823
162821
162817
162817
162819
162822
162822
162822
162822
162822
162822
162827
162827
162826
162828
162826
162822
162821
162821
162821
162823
162822
162821
162819
162820
162821
162819
162816
162816
162817
162821
162822
162819
162813
162816
162820
162816
162812
162810
162811
162814
162816
162818
162819
162822
162824
162822
162819
162817
162819
162821
162819
162818
162819
162818
162820
162819
162817
162811
162816
162824
162823
162820
162819
162820
162821
162818
162815
162816
162819
162822
162822
162819
162818
162819
162818
162818
162816
162815
162816
162819
162816
162814
162813
162815
162816
162815
162813
162812
162812
162813
162811
162810
162811
162813
162817
162817
162817
162818
162818
162819
162819
162819
162817
162820
162823
162822
162821
162819
162823
162823
162820
162816
162816
162820
162824
162825
162826
162826
162826
162827
162826
162822
162819
162821
162824
162823
162822
162822
162823
162823
162824
162823
162821
162820
162822
162822
162821
162821
162822
162823
162822
162819
162817
162818
162821
162821
162820
162819
162823
162827
162827
162825
162825
162827
162828
162826
162822
162820
162820
162825
162827
162827
162826
162824
162825
162822
162819
162818
162818
162820
162821
162820
162820
162824
162825
162823
162821
162820
162820
162819
162818
162817
162818
162821
162821
162823
162823
162819
162818
162819
162816
162812
162810
162811
162816
162816
162813
162812
162815
162818
162816
162812
162810
162814
162815
162815
162815
162815
162818
162823
162821
162818
162817
162817
162818
162816
162814
162814
162818
162822
162824
162824
162820
162820
162821
162818
162816
162816
162818
162821
162818
162815
162817
162817
162815
162812
162810
162808
162809
162813
162812
162811
162811
162813
162815
162815
162812
162811
162815
162816
162814
162812
162812
162813
162816
162817
162816
162815
162815
162815
162813
162811
162810
162813
162816
162814
162812
162813
162815
162815
162814
162815
162816
162816
162820
162822
162820
162820
162822
162824
162823
162820
162818
162820
162820
162816
162816
162816
162815
162818
162818
162815
162814
162817
162818
162815
162813
162812
162814
162816
162815
162812
162812
162815
162817
162819
162819
162818
162819
162819
162816
162814
162813
162816
162819
162819
162820
162821
162823
162825
162823
162819
162816
162816
162819
162822
162818
162815
162816
162818
162816
162815
162815
162817
162820
162820
162818
162817
162820
162821
162816
162813
162812
162813
162817
162820
162819
162818
162821
162822
162819
162816
162815
162813
162816
162817
162815
162815
162818
162819
162817
162815
162815
162816
162818
162817
162814
162812
162815
162815
162815
162813
162813
162817
162820
162818
162819
162816
162816
162817
162815
162813
162814
162817
162820
162822
162821
162819
162821
162822
162822
162821
162820
162823
162826
162825
162822
162819
162822
162823
162822
162820
162819
162820
162823
162822
162820
162820
162822
162824
162823
162819
162816
162817
162820
162820
162818
162818
162821
162823
162822
162819
162818
162819
162820
162818
162816
162820
162823
162825
162826
162823
162821
162822
162824
162824
162821
162821
162825
162829
162828
162826
162826
162827
162825
162823
162820
162820
162823
162826
162826
162825
162826
162826
162827
162825
162819
162819
162823
162823
162822
162820
162819
162821
162823
162820
162818
162820
162823
162824
162823
162820
162815
162816
162818
162816
162815
162815
162819
162822
162819
162817
162816
162819
162821
162819
162816
162815
162817
162820
162819
162817
162817
162819
162820
162818
162814
162815
162817
162819
162818
162818
162817
162819
162822
162822
162821
162819
162821
162825
162825
162824
162825
162826
162829
162829
162825
162825
162827
162830
162830
162827
162825
162826
162827
162827
162825
162826
162830
162832
162829
162827
162825
162827
162830
162828
162827
162828
162831
162835
162834
162830
162829
162831
162832
162831
162830
162831
162833
162834
162833
162830
162829
162831
162832
162830
162825
162822
162823
162824
162822
162822
162824
162828
162831
162830
162828
162828
162829
162830
162829
162826
162824
162825
162826
162825
162824
162824
162825
162827
162829
162829
162828
162830
162833
162831
162828
162827
162829
162832
162834
162833
162832
162832
162832
162829
162827
162825
162829
162830
162830
162830
162831
162835
162839
162839
162837
162836
162837
162837
162835
162833
162834
162837
162840
162841
162840
162838
162838
162839
162838
162836
162837
162841
162844
162844
162845
162846
162847
162847
162845
162842
162841
162843
162846
162847
162845
162845
162846
162847
162842
162841
162841
162842
162846
162847
162847
162847
162849
162850
162845
162839
162838
162840
162843
162842
162840
162840
162843
162845
162843
162839
162837
162837
162841
162839
162836
162835
162837
162840
162838
162836
162835
162837
162839
162839
162838
162838
162841
162843
162843
162843
162843
162846
162849
162849
162847
162846
162845
162845
162843
162841
162840
162842
162844
162844
162842
162840
162842
162844
162841
162838
162836
162835
162836
162835
162834
162833
162834
162835
162834
162833
162833
162834
162838
162839
162836
162833
162833
162834
162833
162831
162831
162833
162835
162833
162831
162831
162834
162837
162836
162834
162835
162838
162840
162839
162836
162834
162835
162836
162834
162829
162826
162827
162830
162831
162830
162830
162833
162835
162832
162828
162827
162828
162831
162830
162830
162831
162834
162838
162838
162836
162833
162832
162831
162830
162827
162826
162826
162829
162830
162827
162823
162823
162823
162822
162819
162820
162824
162828
162827
162825
162824
162826
162827
162827
162825
162825
162828
162831
162829
162828
162827
162829
162830
162828
162827
162825
162827
162828
162829
162828
162827
162830
162831
162831
162828
162824
162824
162824
162823
162820
162819
162820
162822
162822
162822
162823
162827
162830
162830
162830
162828
162829
162832
162833
162832
162831
162832
162834
162833
162832
162832
162832
162831
162828
162827
162827
162829
162832
162832
162830
162827
162827
162828
162825
162820
162817
162817
162819
162821
162822
162823
162825
162828
162827
162824
162823
162823
162825
162824
162821
162822
162826
162829
162829
162828
162827
162828
162828
162826
162823
162821
162822
162826
162826
162823
162820
162821
162822
162820
162816
162814
162815
162818
162818
162816
162814
162816
162818
162815
162812
162811
162814
162817
162817
162815
162814
162816
162816
162814
162810
162810
162814
162818
162819
162818
162817
162817
162817
162816
162814
162812
162814
162816
162815
162811
162809
162811
162813
162812
162808
162806
162807
162810
162811
162809
162810
162812
162813
162812
162810
162808
162809
162811
162810
162808
162809
162811
162814
162812
162811
162811
162813
162815
162816
162815
162814
162816
162817
162816
162814
162814
162817
162822
162824
162823
162823
162824
162825
162823
162819
162817
162819
162824
162824
162823
162821
162822
162822
162820
162818
162816
162817
162820
162819
162819
162820
162822
162823
162819
162816
162813
162814
162816
162818
162818
162817
162817
162818
162817
162816
162815
162816
162818
162817
162816
162815
162817
162820
162820
162818
162814
162816
162818
162817
162815
162815
162817
162819
162817
162815
162814
162815
162817
162818
162817
162817
162820
162822
162821
162818
162818
162819
162822
162820
162817
162815
162816
162818
162819
162818
162817
162818
162819
162819
162817
162816
162818
162821
162820
162817
162817
162821
162823
162824
162823
162821
162823
162824
162823
162820
162819
162821
162823
162824
162821
162821
162824
162827
162827
162826
162825
162826
162828
162828
162827
162827
162828
162829
162827
162824
162822
162823
162825
162824
162822
162820
162822
162823
162821
162818
162816
162818
162820
162820
162819
162819
162820
162822
162819
162817
162815
162818
162820
162820
162819
162818
162820
162823
162824
162822
162820
162821
162821
162819
162816
162815
162817
162819
162820
162818
162818
162821
162823
162820
162816
162814
162815
162817
162818
162817
162816
162821
162826
162827
162826
162824
162824
162824
162822
162819
162817
162818
162819
162819
162820
162821
162823
162823
162820
162816
162813
162814
162816
162816
162816
162819
162824
162830
162832
162829
162827
162825
162824
162822
162819
162817
162818
162820
162818
162815
162813
162815
162816
162815
162811
162808
162808
162809
162808
162804
162803
162806
162810
162811
162810
162808
162810
162812
162811
162807
162806
162809
162812
162812
162811
162811
162813
162816
162815
162811
162809
162808
162810
162809
162806
162805
162806
162809
162809
162805
162803
162804
162807
162806
162805
162804
162806
162807
162806
162804
162804
162805
162808
162809
162809
162810
162814
162820
162821
162820
162819
162819
162820
162817
162816
162816
162817
162820
162819
162817
162815
162814
162815
162814
162813
162814
162817
162820
162821
162820
162819
162821
162822
162820
162816
162812
162812
162813
162813
162811
162810
162813
162817
162818
162816
162816
162820
162823
162823
162824
162825
162828
162832
162834
162834
162832
162833
162834
162831
162828
162825
162824
162824
162823
162820
162818
162820
162824
162826
162825
162825
162826
162828
162827
162826
162825
162826
162828
162828
162826
162827
162830
162836
162837
162836
162835
162837
162838
162837
162834
162832
162833
162833
162831
162828
162826
162828
162831
162831
162830
162829
162831
162834
162834
162831
162829
162830
162830
162828
162825
162824
162826
162829
162830
162826
162823
162822
162822
162822
162822
162822
162825
162830
162831
162830
162829
162832
162833
162832
162830
162827
162828
162829
162827
162825
162823
162825
162828
162828
162826
162825
162826
162827
162825
162822
162819
162820
162821
162820
162817
162815
162816
162819
162821
162821
162819
162819
162820
162820
162816
162814
162815
162817
162816
162814
162813
162816
162820
162821
162820
162819
162821
162824
162826
162827
162826
162827
162827
162824
162821
162817
162817
162819
162821
162822
162822
162824
162826
162823
162820
162817
162818
162818
162816
162814
162813
162815
162817
162816
162815
162816
162821
162825
162826
162824
162822
162824
162825
162824
162822
162821
162822
162824
162825
162824
162825
162826
162828
162827
162823
162822
162823
162824
162823
162822
162824
162828
162832
162832
162830
162828
162829
162831
162830
162827
162825
162826
162827
162827
162827
162826
162828
162830
162830
162827
162823
162821
162822
162820
162818
162818
162820
162822
162823
162819
162815
162814
162814
162814
162813
162812
162815
162817
162817
162815
162815
162818
162822
162821
162819
162819
162821
162823
162824
162823
162823
162826
162827
162828
162826
162825
162828
162831
162831
162828
162827
162828
162829
162828
162826
162824
162825
162825
162823
162819
162816
162818
162821
162821
162819
162819
162822
162825
162827
162825
162823
162824
162825
162823
162821
162820
162822
162824
162826
162825
162824
162826
162827
162826
162823
162822
162825
162829
162831
162831
162831
162831
162831
162828
162824
162820
162820
162821
162820
162816
162814
162815
162816
162816
162815
162815
162816
162818
162817
162815
162814
162815
162818
162819
162818
162818
162821
162824
162822
162819
162816
162816
162815
162814
162812
162812
162815
162818
162817
162815
162813
162813
162813
162813
162810
162810
162812
162814
162815
162814
162813
162814
162817
162818
162816
162814
162814
162816
162815
162814
162813
162815
162819
162821
162820
162819
162819
162819
162818
162814
162812
162812
162812
162811
162809
162808
162809
162810
162812
162811
162809
162810
162812
162812
162810
162809
162811
162813
162811
162808
162804
162805
162809
162810
162811
162814
162818
162821
162823
162822
162821
162822
162825
162825
162824
162823
162824
162827
162828
162827
162825
162826
162829
162831
162829
162827
162827
162827
162824
162819
162815
162814
162815
162815
162813
162812
162814
162816
162817
162817
162817
162818
162818
162816
162814
162813
162815
162815
162814
162811
162809
162809
162810
162810
162808
162807
162809
162811
162811
162808
162807
162809
162812
162813
162812
162810
162813
162816
162815
162811
162806
162803
162803
162801
162799
162796
162796
162798
162798
162796
162794
162796
162797
162796
162794
162791
162792
162795
162796
162795
162795
162797
162799
162799
162797
162795
162796
162799
162798
162796
162793
162793
162796
162797
162794
162792
162793
162793
162792
162788
162786
162787
162789
162790
162789
162789
162792
162794
162794
162790
162786
162785
162785
162784
162781
162778
162780
162782
162783
162783
162784
162786
162789
162790
162790
162791
162791
162792
162791
162789
162788
162789
162791
162791
162790
162789
162791
162795
162796
162794
162793
162794
162795
162794
162791
162787
162787
162788
162789
162789
162790
162792
162794
162794
162790
162788
162788
162789
162788
162785
162783
162785
162788
162789
162787
162785
162788
162792
162792
162791
162790
162792
162794
162794
162793
162791
162792
162794
162795
162794
162793
162791
162791
162791
162788
162784
162783
162784
162784
162783
162780
162782
162786
162788
162788
162788
162790
162791
162790
162787
162783
162784
162786
162789
162790
162790
162792
162793
162793
162792
162790
162790
162791
162790
162788
162786
162788
162790
162789
162786
162784
162785
162788
162787
162784
162782
162783
162786
162785
162782
162779
162779
162781
162780
162776
162775
162776
162779
162778
162776
162774
162776
162780
162781
162780
162779
162780
162782
162781
162779
162775
162775
162776
162776
162775
162774
162777
162781
162781
162776
162773
162773
162774
162774
162772
162771
162772
162774
162774
162773
162773
162775
162778
162779
162778
162775
162776
162778
162779
162777
162775
162775
162774
162772
162771
162771
162773
162776
162778
162778
162777
162778
162779
162777
162775
162773
162774
162774
162772
162770
162768
162767
162770
162772
162770
162770
162772
162775
162777
162777
162776
162776
162777
162777
162775
162773
162774
162777
162777
162777
162777
162778
162779
162779
162779
162777
162778
162779
162780
162779
162778
162778
162778
162777
162773
162770
162771
162772
162771
162770
162770
162772
162773
162773
162770
162769
162771
162773
162775
162773
162773
162775
162777
162778
162778
162779
162781
162784
162784
162782
162780
162780
162782
162782
162779
162776
162774
162774
162774
162772
162770
162772
162775
162777
162776
162774
162773
162774
162774
162770
162767
162769
162772
162773
162772
162770
162771
162773
162774
162773
162771
162773
162775
162776
162773
162770
162770
162772
162773
162773
162772
162775
162779
162779
162777
162775
162774
162776
162776
162776
162774
162774
162776
162776
162772
162770
162771
162773
162773
162771
162770
162773
162776
162777
162774
162771
162771
162773
162774
162772
162771
162773
162776
162777
162775
162774
162775
162778
162779
162777
162774
162775
162777
162778
162777
162774
162775
162776
162776
162774
162771
162771
162772
162773
162772
162773
162776
162779
162780
162778
162775
162773
162773
162773
162772
162771
162773
162776
162776
162774
162772
162773
162773
162773
162771
162769
162769
162769
162769
162767
162765
162767
162770
162771
162770
162769
162770
162772
162773
162771
162769
162769
162770
162769
162768
162767
162770
162775
162776
162774
162771
162771
162771
162771
162768
162767
162770
162772
162773
162772
162769
162769
162770
162768
162764
162761
162762
162765
162766
162764
162762
162763
162766
162766
162764
162761
162760
162762
162763
162761
162759
162759
162762
162764
162763
162764
162766
162768
162768
162765
162762
162764
162766
162767
162765
162763
162763
162764
162765
162764
162765
162768
162771
162772
162771
162768
162769
162771
162771
162769
162766
162765
162766
162765
162762
162759
162763
162768
162770
162769
162768
162768
162769
162770
162768
162766
162767
162768
162768
162766
162764
162765
162768
162768
162767
162766
162767
162768
162769
162767
162764
162765
162766
162766
162765
162764
162764
162765
162767
162767
162767
162768
162770
162770
162767
162766
162768
162771
162772
162770
162768
162767
162768
162769
162768
162766
162768
162771
162772
162771
162768
162767
162768
162768
162766
162762
162762
162762
162761
162759
162758
162759
162761
162761
162761
162761
162764
162767
162765
162762
162758
162758
162760
162761
162759
162757
162758
162760
162762
162762
162762
162765
162768
162769
162768
162766
162767
162769
162770
162768
162767
162769
162772
162773
162771
162768
162767
162769
162770
162769
162768
162769
162771
162771
162768
162765
162767
162770
162772
162772
162769
162769
162769
162769
162767
162765
162766
162767
162769
162767
162765
162765
162767
162767
162764
162759
162757
162758
162758
162757
162757
162759
162760
162760
162756
162753
162754
162757
162758
162756
162753
162754
162757
162757
162754
162752
162753
162755
162757
162755
162755
162756
162759
162759
162757
162756
162758
162761
162760
162758
162753
162752
162755
162756
162755
162755
162757
162759
162761
162759
162756
162756
162759
162762
162760
162756
162757
162758
162757
162754
162751
162752
162754
162756
162755
162754
162753
162752
162751
162749
162748
162751
162754
162755
162754
162754
162754
162755
162756
162754
162753
162755
162759
162762
162763
162761
162761
162762
162762
162761
162759
162757
162756
162757
162757
162757
162757
162758
162758
162753
162749
162749
162751
162752
162752
162750
162751
162754
162755
162755
162753
162752
162754
162756
162755
162753
162755
162758
162759
162758
162755
162754
162755
162757
162755
162753
162753
162756
162758
162758
162757
162760
162763
162765
162763
162761
162762
162765
162765
162762
162761
162761
162761
162761
162759
162758
162762
162765
162766
162764
162760
162759
162760
162761
162758
162756
162755
162757
162758
162758
162756
162756
162756
162754
162753
162752
162754
162758
162760
162761
162760
162760
162762
162763
162761
162758
162758
162760
162761
162761
162759
162760
162762
162762
162760
162759
162761
162764
162765
162762
162759
162760
162761
162761
162758
162756
162757
162758
162760
162760
162758
162757
162758
162759
162758
162754
162756
162758
162758
162755
162754
162756
162759
162760
162758
162756
162757
162758
162759
162756
162753
162756
162759
162761
162759
162756
162755
162755
162754
162751
162747
162748
162751
162752
162751
162750
162750
162754
162756
162753
162751
162751
162751
162751
162749
162747
162748
162750
162750
162749
162747
162748
162750
162750
162747
162743
162742
162743
162745
162747
162747
162748
162752
162752
162750
162748
162748
162748
162749
162748
162745
162745
162749
162752
162751
162750
162751
162751
162750
162746
162741
162742
162746
162748
162747
162745
162746
162748
162750
162749
162746
162747
162750
162751
162750
162749
162751
162754
162755
162753
162750
162749
162751
162750
162747
162745
162747
162751
162754
162753
162750
162749
162748
162746
162744
162742
162743
162744
162746
162746
162746
162749
162752
162754
162752
162748
162747
162748
162748
162745
162744
162744
162747
162750
162749
162748
162750
162752
162751
162747
162744
162746
162749
162753
162754
162756
162759
162758
162756
162751
162745
162743
162743
162743
162742
162742
162744
162746
162748
162748
162747
162747
162749
162751
162749
162748
162750
162754
162758
162758
162756
162757
162758
162757
162753
162751
162752
162753
162754
162752
162749
162748
162751
162753
162752
162752
162754
162757
162759
162759
162757
162758
162761
162763
162761
162758
162758
162759
162759
162755
162753
162755
162757
162759
162757
162754
162756
162758
162760
162758
162755
162755
162756
162756
162753
162750
162750
162752
162753
162752
162751
162752
162755
162757
162758
162757
162759
162761
162761
162756
162753
162753
162755
162757
162757
162754
162756
162759
162760
162759
162759
162760
162763
162764
162760
162757
162756
162757
162756
162752
162749
162750
162752
162753
162752
162751
162754
162758
162760
162759
162757
162756
162756
162756
162752
162749
162748
162749
162751
162748
162745
162746
162748
162750
162750
162749
162752
162756
162759
162758
162756
162757
162760
162762
162761
162760
162758
162759
162759
162756
162753
162752
162752
162752
162750
162748
162749
162750
162751
162750
162749
162750
162753
162754
162754
162751
162751
162753
162755
162754
162751
162752
162755
162758
162759
162758
162759
162760
162762
162760
162758
162759
162762
162762
162760
162757
162755
162756
162758
162756
162754
162755
162758
162760
162759
162756
162757
162759
162760
162757
162755
162755
162757
162757
162756
162753
162752
162754
162756
162755
162752
162753
162755
162758
162759
162757
162757
162759
162761
162760
162758
162759
162760
162761
162759
162755
162755
162756
162757
162757
162755
162755
162757
162757
162755
162754
162755
162757
162758
162758
162756
162756
162760
162763
162763
162761
162761
162762
162762
162761
162758
162758
162757
162759
162757
162754
162754
162758
162760
162760
162758
162758
162759
162759
162757
162754
162756
162758
162758
162756
162754
162753
162754
162756
162755
162754
162755
162758
162760
162758
162755
162755
162756
162757
162757
162757
162759
162762
162762
162760
162757
162755
162755
162755
162751
162748
162749
162754
162759
162760
162760
162762
162764
162764
162761
162756
162754
162754
162754
162752
162752
162754
162758
162760
162758
162755
162755
162757
162759
162758
162760
162761
162763
162765
162764
162763
162764
162766
162767
162766
162763
162763
162766
162768
162768
162767
162768
162770
162772
162770
162767
162767
162768
162769
162767
162764
162763
162762
162763
162761
162757
162758
162761
162763
162763
162761
162761
162763
162765
162766
162766
162769
162772
162774
162772
162769
162767
162765
162764
162763
162760
162760
162762
162764
162763
162761
162761
162762
162761
162758
162755
162756
162758
162762
162763
162762
162762
162763
162763
162760
162757
162759
162762
162764
162763
162762
162764
162767
162768
162767
162766
162766
162766
162764
162761
162757
162756
162757
162758
162758
162756
162757
162760
162763
162763
162761
162761
162762
162763
162761
162759
162760
162761
162762
162759
162756
162755
162757
162761
162761
162762
162763
162765
162764
162760
162757
162754
162753
162753
162751
162750
162750
162751
162753
162752
162750
162749
162749
162750
162748
162746
162748
162751
162754
162754
162753
162754
162756
162758
162759
162757
162758
162761
162762
162760
162757
162756
162757
162758
162755
162753
162752
162754
162756
162755
162754
162754
162756
162756
162753
162750
162749
162751
162754
162754
162754
162754
162757
162759
162758
162756
162755
162756
162757
162756
162753
162752
162756
162759
162759
162757
162757
162758
162759
162758
162756
162756
162757
162759
162758
162756
162756
162757
162758
162757
162756
162755
162756
162757
162755
162753
162754
162756
162758
162757
162755
162755
162757
162759
162760
162758
162757
162757
162758
162757
162755
162754
162756
162758
162756
162755
162755
162756
162756
162754
162752
162751
162754
162756
162756
162755
162755
162755
162757
162756
162752
162750
162751
162751
162749
162748
162748
162750
162753
162752
162751
162752
162755
162757
162756
162753
162751
162752
162755
162754
162751
162752
162755
162757
162756
162752
162752
162752
162752
162749
162745
162743
162745
162747
162747
162746
162745
162745
162746
162745
162742
162742
162746
162748
162749
162749
162750
162751
162753
162751
162748
162746
162747
162748
162747
162745
162744
162746
162749
162747
162744
162744
162745
162747
162746
162744
162744
162745
162746
162746
162744
162743
162746
162748
162746
162743
162742
162744
162748
162748
162747
162747
162748
162749
162747
162743
162741
162742
162744
162743
162742
162743
162746
162749
162748
162746
162746
162748
162748
162746
162745
162746
162748
162750
162749
162746
162743
162745
162746
162746
162745
162744
162747
162750
162749
162748
162747
162749
162751
162751
162748
162747
162747
162747
162745
162744
162745
162747
162749
162747
162744
162743
162743
162744
162742
162740
162739
162742
162745
162745
162743
162741
162742
162743
162741
162739
162739
162740
162742
162741
162739
162738
162740
162742
162742
162740
162739
162740
162742
162740
162735
162734
162735
162736
162735
162734
162734
162735
162736
162735
162731
162730
162731
162732
162730
162730
162731
162733
162737
162738
162736
162736
162738
162740
162738
162735
162735
162735
162737
162737
162735
162733
162733
162734
162732
162730
162731
162736
162739
162738
162736
162734
162736
162737
162734
162731
162730
162731
162733
162733
162732
162732
162736
162738
162738
162737
162738
162739
162741
162739
162739
162739
162739
162738
162735
162732
162732
162735
162739
162739
162738
162738
162738
162738
162735
162732
162730
162732
162732
162730
162730
162731
162734
162736
162734
162730
162727
162727
162727
162726
162726
162728
162732
162734
162733
162731
162730
162731
162733
162732
162731
162731
162733
162735
162733
162731
162730
162731
162733
162732
162731
162731
162732
162735
162735
162735
162734
162734
162734
162731
162728
162728
162730
162731
162730
162727
162726
162726
162728
162730
162729
162730
162732
162734
162732
162729
162726
162725
162726
162723
162721
162719
162720
162722
162721
162720
162720
162723
162725
162724
162721
162721
162724
162727
162728
162728
162728
162731
162732
162730
162726
162723
162724
162726
162725
162724
162723
162726
162729
162728
162727
162726
162728
162730
162731
162729
162729
162732
162734
162733
162731
162731
162733
