165561
165558
165560
165563
165562
165561
165560
165563
165567
165568
165564
165559
165559
165564
165565
165561
165558
165561
165566
165568
165567
165564
165566
165567
165566
165562
165556
165558
165562
165563
165561
165560
165563
165566
165565
165560
165556
165558
165559
165559
165558
165558
165562
165567
165568
165564
165560
165559
165559
165558
165557
165556
165561
165567
165568
165564
165559
165559
165560
165559
165556
165554
165559
165564
165566
165563
165559
165559
165561
165560
165557
165555
165559
165563
165564
165563
165561
165565
165570
165569
165565
165561
165564
165566
165567
165564
165561
165563
165568
165569
165566
165562
165565
165569
165570
165567
165565
165566
165570
165570
165565
165562
165564
165566
165567
165564
165562
165563
165565
165565
165562
165558
165559
165563
165564
165560
165556
165558
165562
165563
165562
165562
165567
165572
165572
165568
165563
165564
165567
165567
165564
165561
165565
165570
165571
165567
165565
165567
165571
165572
165570
165568
165571
165573
165573
165568
165564
165566
165570
165572
165570
165569
165570
165574
165576
165572
165568
165570
165574
165574
165570
165567
165569
165574
165575
165570
165564
165565
165568
165567
165563
165560
165563
165567
165569
165568
165565
165567
165571
165570
165567
165564
165566
165570
165573
165572
165572
165573
165577
165577
165574
165570
165574
165579
165581
165579
165576
165578
165581
165579
165573
165569
165569
165573
165573
165570
165567
165570
165574
165574
165568
165563
165564
165567
165569
165567
165565
165568
165573
165575
165572
165570
165572
165576
165575
165571
165570
165573
165576
165576
165571
165567
165568
165571
165572
165569
165566
165570
165574
165575
165571
165567
165569
165571
165571
165567
165565
165570
165574
165576
165573
165570
165572
165575
165575
165572
165569
165571
165575
165575
165573
165570
165573
165577
165579
165575
165569
165570
165574
165575
165572
165568
165569
165573
165573
165569
165565
165568
165571
165571
165569
165567
165569
165574
165576
165574
165572
165576
165581
165582
165578
165574
165574
165578
165578
165574
165571
165573
165577
165576
165572
165568
165571
165576
165575
165570
165567
165570
165576
165580
165577
165575
165576
165578
165577
165574
165572
165577
165581
165582
165581
165579
165582
165582
165580
165577
165574
165576
165580
165582
165578
165574
165577
165581
165582
165578
165575
165577
165583
165584
165580
165578
165580
165583
165583
165578
165576
165580
165584
165584
165580
165576
165577
165580
165580
165578
165575
165576
165579
165580
165576
165575
165580
165584
165582
165578
165576
165579
165583
165583
165581
165578
165581
165585
165585
165581
165577
165578
165581
165581
165577
165576
165580
165585
165586
165584
165581
165582
165586
165588
165585
165581
165583
165586
165585
165581
165578
165580
165583
165583
165581
165580
165583
165587
165588
165582
165577
165579
165584
165584
165580
165578
165581
165584
165585
165582
165579
165581
165584
165583
165579
165577
165581
165585
165585
165581
165578
165580
165581
165578
165575
165574
165579
165585
165586
165584
165580
165581
165584
165583
165578
165574
165578
165583
165584
165582
165580
165583
165587
165586
165582
165578
165579
165583
165586
165584
165580
165581
165584
165584
165578
165571
165571
165575
165578
165577
165577
165581
165585
165584
165577
165572
165574
165576
165577
165576
165575
165579
165583
165583
165576
165569
165570
165575
165577
165577
165575
165578
165582
165583
165579
165572
165570
165572
165572
165571
165573
165579
165583
165583
165578
165574
165575
165577
165579
165579
165577
165580
165584
165585
165580
165575
165575
165578
165578
165576
165574
165578
165582
165582
165577
165574
165576
165579
165579
165574
165570
165572
165577
165579
165576
165574
165575
165578
165579
165574
165569
165571
165574
165574
165571
165570
165575
165581
165582
165578
165575
165575
165576
165574
165568
165565
165568
165575
165578
165576
165572
165574
165575
165574
165571
165567
165569
165573
165576
165573
165570
165570
165572
165571
165567
165563
165566
165571
165573
165571
165569
165572
165575
165574
165570
165567
165569
165574
165575
165573
165571
165572
165575
165575
165570
165566
165568
165572
165574
165573
165571
165574
165578
165579
165576
165574
165579
165584
165586
165582
165578
165579
165583
165584
165580
165575
165576
165580
165582
165580
165577
165579
165580
165579
165576
165573
165575
165579
165580
165577
165574
165577
165581
165580
165575
165570
165571
165573
165573
165570
165568
165574
165577
165577
165573
165569
165572
165577
165577
165573
165571
165574
165577
165577
165573
165569
165571
165576
165577
165573
165569
165571
165574
165575
165573
165570
165571
165575
165575
165571
165568
165571
165575
165576
165573
165570
165572
165577
165578
165576
165571
165571
165574
165575
165573
165571
165575
165581
165581
165575
165569
165570
165572
165571
165567
165564
165567
165570
165570
165567
165565
165566
165570
165572
165570
165568
165570
165572
165572
165570
165567
165569
165572
165574
165573
165573
165578
165583
165582
165576
165570
165571
165575
165576
165574
165571
165572
165575
165575
165570
165566
165567
165570
165572
165571
165569
165573
165576
165576
165571
165569
165573
165578
165581
165577
165574
165575
165577
165576
165573
165570
165571
165572
165573
165571
165567
165568
165573
165574
165571
165567
165569
165573
165574
165571
165568
165570
165572
165571
165567
165564
165567
165571
165572
165569
165566
165568
165570
165570
165568
165563
165563
165567
165568
165566
165565
165566
165569
165570
165566
165562
165563
165566
165566
165564
165563
165567
165570
165570
165566
165561
165561
165562
165561
165556
165553
165555
165560
165562
165560
165557
165559
165561
165560
165554
165548
165550
165555
165557
165555
165553
165555
165559
165560
165555
165553
165555
165558
165557
165553
165550
165551
165555
165557
165554
165551
165552
165555
165555
165550
165546
165548
165552
165553
165552
165549
165552
165555
165555
165552
165550
165554
165558
165558
165556
165553
165555
165559
165560
165557
165554
165557
165561
165562
165559
165555
165558
165561
165561
165558
165556
165558
165561
165560
165556
165553
165555
165560
165562
165557
165551
165552
165555
165556
165553
165550
165552
165557
165558
165556
165552
165553
165556
165556
165552
165549
165550
165554
165555
165552
165549
165550
165553
165554
165550
165546
165548
165552
165553
165550
165549
165552
165556
165557
165554
165552
165554
165558
165560
165558
165557
165562
165567
165568
165564
165560
165560
165563
165562
165557
165554
165557
165561
165562
165559
165556
165559
165562
165562
165560
165557
165559
165562
165562
165559
165556
165558
165561
165560
165555
165551
165553
165556
165557
165554
165553
165556
165559
165558
165553
165549
165550
165552
165554
165551
165549
165552
165558
165560
165556
165552
165553
165555
165554
165551
165549
165553
165557
165558
165556
165553
165553
165556
165556
165551
165547
165549
165553
165552
165549
165548
165551
165555
165557
165554
165551
165552
165554
165554
165550
165548
165551
165554
165553
165548
165544
165546
165550
165551
165546
165541
165544
165547
165548
165546
165545
165548
165551
165551
165548
165545
165546
165548
165548
165544
165540
165540
165544
165545
165543
165541
165545
165549
165548
165543
165540
165542
165547
165550
165547
165544
165546
165549
165549
165546
165542
165544
165547
165549
165546
165544
165545
165548
165548
165543
165540
165541
165547
165550
165549
165546
165547
165549
165548
165543
165539
165541
165546
165549
165547
165543
165544
165546
165547
165544
165543
165546
165551
165552
165549
165546
165549
165554
165554
165550
165547
165548
165551
165552
165550
165549
165552
165557
165558
165554
165549
165549
165552
165552
165548
165545
165548
165552
165553
165550
165549
165552
165555
165557
165554
165552
165553
165556
165557
165553
165550
165551
165555
165556
165553
165551
165553
165556
165555
165550
165546
165549
165554
165556
165553
165551
165554
165557
165557
165554
165550
165550
165554
165553
165548
165545
165546
165550
165552
165549
165546
165549
165553
165553
165549
165546
165548
165554
165555
165552
165549
165552
165557
165559
165556
165552
165552
165554
165555
165553
165551
165555
165560
165562
165559
165556
165557
165560
165559
165554
165549
165551
165555
165557
165554
165550
165551
165555
165555
165550
165545
165545
165548
165549
165548
165548
165550
165553
165553
165548
165543
165545
165549
165551
165548
165547
165550
165554
165556
165553
165550
165551
165552
165550
165545
165541
165543
165547
165549
165546
165545
165545
165547
165546
165541
165536
165537
165542
165544
165544
165543
165544
165547
165546
165540
165535
165536
165541
165544
165542
165540
165544
165549
165550
165545
165539
165539
165542
165543
165540
165538
165542
165546
165546
165541
165534
165532
165533
165533
165531
165529
165533
165535
165534
165531
165530
165534
165539
165540
165538
165538
165542
165548
165548
165544
165539
165537
165537
165536
165531
165528
165530
165535
165537
165534
165530
165531
165534
165535
165529
165525
165525
165528
165530
165527
165525
165528
165532
165533
165530
165527
165528
165530
165530
165527
165524
165526
165529
165528
165524
165521
165522
165526
165527
165523
165519
165521
165524
165526
165523
165522
165527
165534
165537
165536
165533
165532
165534
165533
165529
165524
165526
165529
165529
165525
165520
165522
165527
165530
165528
165525
165529
165535
165536
165532
165528
165527
165529
165530
165528
165526
165527
165531
165533
165530
165529
165533
165537
165537
165531
165526
165526
165529
165530
165528
165524
165526
165530
165530
165525
165521
165524
165529
165531
165528
165524
165525
165528
165529
165526
165523
165524
165528
165530
165527
165524
165527
165532
165535
165533
165531
165534
165537
165536
165532
165528
165528
165530
165530
165527
165524
165526
165531
165534
165532
165529
165531
165536
165538
165534
165529
165527
165528
165529
165528
165526
165530
165536
165540
165538
165532
165531
165531
165530
165527
165525
165527
165531
165532
165529
165525
165526
165529
165530
165526
165525
165529
165534
165536
165533
165529
165531
165535
165535
165531
165525
165525
165527
165526
165521
165517
165519
165523
165526
165524
165522
165524
165527
165528
165525
165524
165526
165530
165531
165528
165524
165524
165528
165529
165526
165523
165525
165529
165529
165524
165519
165519
165522
165524
165522
165519
165522
165527
165530
165528
165524
165525
165528
165529
165525
165522
165524
165528
165530
165526
165522
165524
165526
165528
165524
165520
165522
165524
165523
165520
165517
165518
165521
165524
165522
165520
165522
165525
165526
165520
165515
165516
165520
165521
165520
165519
165522
165526
165528
165525
165522
165522
165522
165522
165519
165515
165518
165522
165524
165521
165517
165517
165520
165521
165516
165512
165512
165516
165517
165513
165509
165510
165514
165514
165510
165507
165510
165513
165514
165511
165509
165511
165515
165518
165514
165511
165514
165518
165519
165517
165514
165516
165520
165520
165518
165515
165518
165524
165528
165526
165522
165524
165527
165526
165520
165515
165516
165520
165520
165517
165514
165516
165520
165520
165517
165514
165519
165524
165526
165521
165515
165516
165518
165520
165518
165515
165519
165524
165528
165526
165522
165523
165526
165528
165525
165522
165523
165527
165530
165527
165522
165520
165520
165519
165515
165511
165511
165515
165518
165515
165513
165518
165522
165523
165519
165514
165515
165517
165517
165516
165515
165520
165526
165530
165530
165528
165528
165529
165528
165523
165520
165522
165526
165528
165526
165523
165526
165530
165530
165525
165520
165519
165520
165521
165517
165513
165514
165517
165517
165512
165508
165510
165514
165516
165513
165511
165513
165517
165519
165516
165513
165516
165521
165523
165519
165514
165514
165516
165517
165515
165512
165513
165516
165518
165515
165512
165514
165518
165520
165517
165512
165513
165515
165516
165513
165511
165512
165516
165517
165514
165511
165513
165518
165519
165516
165514
165516
165521
165522
165519
165515
165516
165520
165523
165520
165518
165520
165523
165522
165518
165514
165516
165520
165521
165517
165514
165516
165520
165522
165521
165517
165518
165520
165521
165517
165513
165514
165518
165522
165520
165519
165522
165525
165526
165522
165518
165518
165520
165521
165519
165516
165517
165521
165524
165521
165518
165519
165522
165522
165518
165514
165513
165514
165514
165511
165508
165511
165516
165518
165517
165515
165516
165520
165522
165518
165514
165515
165518
165520
165517
165514
165516
165519
165520
165517
165515
165517
165520
165522
165518
165513
165513
165515
165514
165509
165505
165507
165511
165514
165511
165509
165512
165516
165518
165515
165511
165513
165517
165519
165517
165513
165514
165518
165519
165516
165513
165516
165520
165523
165520
165517
165519
165523
165523
165520
165517
165519
165524
165527
165524
165520
165520
165523
165523
165520
165517
165518
165520
165521
165518
165514
165517
165521
165523
165520
165516
165517
165521
165522
165520
165517
165518
165521
165522
165520
165517
165519
165524
165526
165523
165519
165520
165522
165524
165522
165519
165521
165524
165525
165521
165517
165519
165523
165523
165520
165515
165515
165518
165519
165516
165512
165513
165517
165519
165518
165515
165516
165519
165517
165511
165506
165507
165509
165511
165508
165506
165508
165512
165512
165507
165503
165505
165509
165511
165508
165503
165502
165506
165509
165507
165504
165504
165507
165507
165503
165500
165501
165504
165507
165504
165500
165501
165505
165506
165503
165500
165501
165506
165509
165507
165503
165505
165510
165512
165509
165505
165504
165506
165506
165503
165500
165503
165507
165510
165508
165507
165511
165513
165512
165508
165503
165502
165503
165504
165503
165502
165505
165509
165510
165506
165503
165505
165508
165510
165507
165504
165506
165510
165513
165510
165508
165509
165512
165513
165509
165506
165508
165511
165514
165512
165510
165512
165516
165518
165515
165509
165510
165513
165514
165511
165507
165506
165510
165512
165509
165505
165505
165508
165510
165507
165503
165503
165504
165504
165501
165497
165498
165502
165506
165505
165501
165501
165504
165506
165504
165503
165506
165512
165513
165509
165506
165506
165508
165509
165505
165502
165503
165507
165509
165505
165502
165502
165504
165504
165500
165497
165499
165505
165510
165509
165505
165505
165506
165506
165500
165495
165497
165503
165506
165503
165501
165502
165504
165505
165502
165499
165501
165507
165509
165506
165502
165503
165505
165507
165505
165501
165501
165505
165507
165505
165501
165501
165503
165504
165501
165496
165497
165502
165506
165504
165500
165501
165504
165505
165500
165496
165498
165504
165508
165505
165500
165500
165502
165502
165497
165492
165494
165498
165501
165500
165499
165501
165505
165506
165503
165498
165496
165498
165499
165496
165493
165497
165503
165504
165498
165495
165496
165499
165502
165501
165497
165498
165501
165502
165498
165496
165497
165501
165505
165503
165500
165501
165503
165504
165500
165494
165495
165501
165506
165506
165503
165504
165505
165506
165500
165494
165494
165498
165502
165501
165498
165500
165503
165504
165501
165497
165497
165500
165502
165499
165496
165497
165501
165503
165501
165498
165498
165501
165505
165503
165500
165500
165504
165504
165500
165495
165496
165499
165501
165500
165499
165502
165506
165508
165503
165497
165497
165501
165504
165502
165501
165503
165507
165511
165509
165505
165504
165506
165506
165503
165500
165502
165506
165507
165503
165498
165499
165502
165505
165502
165499
165500
165504
165507
165504
165501
165501
165502
165504
165500
165496
165496
165499
165502
165501
165500
165501
165504
165506
165503
165498
165498
165500
165502
165499
165497
165498
165501
165503
165500
165496
165496
165499
165500
165496
165491
165491
165493
165494
165491
165489
165490
165494
165496
165492
165488
165488
165490
165492
165490
165487
165489
165494
165499
165497
165492
165491
165495
165498
165496
165492
165491
165493
165495
165492
165488
165489
165492
165493
165490
165487
165488
165491
165495
165493
165492
165494
165497
165498
165493
165489
165489
165492
165495
165491
165487
165487
165490
165493
165490
165486
165487
165492
165495
165493
165489
165489
165492
165494
165491
165486
165486
165491
165493
165490
165487
165488
165492
165493
165489
165484
165484
165488
165491
165488
165484
165485
165488
165489
165484
165479
165479
165482
165484
165482
165477
165478
165483
165487
165485
165482
165482
165485
165487
165484
165481
165482
165485
165487
165484
165483
165487
165492
165495
165491
165487
165487
165489
165490
165487
165483
165484
165488
165491
165489
165486
165486
165488
165490
165488
165483
165483
165486
165488
165486
165483
165483
165486
165490
165488
165485
165485
165487
165488
165484
165479
165480
165484
165486
165483
165478
165478
165480
165480
165475
165472
165473
165477
165480
165477
165473
165473
165476
165476
165473
165468
165469
165474
165477
165475
165473
165475
165478
165482
165480
165476
165477
165479
165481
165476
165472
165471
165474
165474
165471
165469
165471
165476
165479
165479
165475
165474
165477
165480
165478
165476
165478
165483
165485
165482
165477
165476
165479
165480
165477
165473
165475
165480
165482
165481
165477
165478
165481
165482
165477
165473
165474
165478
165481
165478
165475
165476
165479
165480
165476
165471
165472
165474
165477
165475
165472
165472
165474
165476
165472
165467
165467
165471
165474
165471
165466
165465
165467
165469
165466
165463
165465
165470
165473
165469
165463
165463
165467
165470
165468
165465
165466
165471
165474
165474
165471
165471
165472
165473
165469
165465
165465
165471
165477
165476
165473
165473
165477
165479
165474
165468
165468
165472
165475
165474
165471
165472
165476
165479
165475
165469
165468
165470
165473
165472
165469
165469
165471
165473
165471
165468
165469
165473
165477
165476
165472
165469
165469
165470
165468
165465
165467
165473
165476
165474
165471
165470
165472
165474
165471
165467
165467
165470
165472
165470
165466
165467
165470
165472
165469
165466
165466
165470
165472
165468
165462
165461
165464
165467
165464
165459
165458
165461
165466
165465
165463
165463
165464
165465
165459
165453
165453
165457
165461
165460
165457
165456
165458
165461
165459
165454
165454
165457
165460
165458
165455
165455
165459
165462
165458
165454
165453
165456
165459
165455
165451
165450
165453
165456
165453
165449
165450
165453
165456
165453
165449
165447
165449
165452
165450
165447
165446
165449
165453
165454
165452
165451
165453
165456
165452
165448
165447
165450
165451
165448
165444
165445
165448
165451
165448
165444
165444
165448
165452
165450
165446
165445
165448
165449
165445
165441
165441
165445
165448
165446
165443
165442
165446
165449
165447
165443
165441
165442
165444
165440
165437
165437
165441
165445
165445
165442
165442
165445
165447
165444
165439
165438
165441
165444
165441
165438
165439
165443
165446
165444
165441
165440
165442
165445
165444
165440
165439
165442
165444
165442
165438
165436
165438
165439
165436
165433
165433
165438
165441
165439
165436
165435
165437
165441
165439
165436
165436
165439
165442
165441
165438
165438
165441
165444
165442
165441
165443
165445
165446
165444
165440
165438
165438
165440
165436
165432
165434
165441
165446
165445
165441
165439
165441
165442
165439
165436
165437
165441
165445
165445
165442
165443
165446
165449
165446
165442
165440
165442
165445
165443
165440
165439
165442
165444
165441
165438
165437
165440
165442
165440
165437
165438
165443
165446
165443
165437
165434
165436
165438
165435
165431
165432
165438
165443
165443
165438
165436
165439
165441
165435
165430
165430
165433
165435
165433
165430
165430
165434
165436
165434
165433
165433
165437
165438
165434
165431
165429
165431
165433
165430
165426
165426
165432
165436
165434
165429
165427
165429
165430
165425
165419
165417
165421
165426
165427
165425
165424
165426
165429
165427
165423
165421
165423
165425
165423
165419
165417
165420
165424
165422
165418
165416
165418
165420
165417
165413
165412
165415
165418
165417
165416
165419
165424
165428
165427
165425
165423
165425
165428
165425
165419
165416
165420
165423
165422
165420
165419
165423
165425
165421
165417
165417
165423
165426
165424
165418
165414
165417
165419
165416
165412
165411
165415
165419
165418
165414
165413
165417
165420
165417
165412
165409
165410
165412
165410
165406
165401
165412
165415
165412
165407
165405
165411
165415
165412
165411
165411
165412
165414
165411
165407
165407
165412
165417
165415
165410
165407
165411
165415
165415
165411
165410
165412
165415
165413
165409
165408
165411
165413
165410
165406
165402
165405
165409
165408
165406
165408
165413
165418
165418
165414
165413
165415
165418
165415
165409
165407
165410
165414
165414
165411
165410
165414
165418
165415
165410
165408
165410
165411
165409
165406
165405
165408
165414
165414
165410
165407
165408
165409
165408
165404
165406
165412
165417
165417
165415
165415
165417
165420
165416
165412
165409
165411
165413
165410
165407
165408
165411
165414
165412
165405
165401
165403
165406
165405
165404
165405
165409
165411
165409
165405
165402
165406
165410
165408
165404
165403
165410
165415
165412
165407
165405
165408
165412
165408
165401
165400
165406
165409
165409
165406
165403
165406
165409
165407
165402
165400
165404
165409
165411
165410
165409
165412
165413
165410
165404
165403
165406
165409
165408
165404
165403
165407
165410
165408
165405
165403
165405
165407
165405
165401
165400
165404
165408
165408
165406
165405
165409
165413
165412
165407
165405
165410
165414
165414
165411
165411
165414
165419
165418
165415
165413
165416
165419
165419
165416
165414
165418
165421
165418
165413
165413
165416
165420
165419
165416
165416
165421
165425
165423
165420
165420
165424
165428
165426
165422
165420
165423
165429
165430
165426
165424
165427
165429
165426
165421
165418
165420
165423
165421
165417
165415
165417
165420
165419
165416
165414
165416
165418
165416
165412
165411
165414
165417
165415
165411
165407
165407
165409
165406
165401
165399
165404
165409
165407
165403
165400
165403
165405
165404
165401
165400
165404
165408
165407
165405
165404
165405
165408
165408
165405
165404
165408
165413
165412
165409
165407
165410
165415
165413
165409
165407
165411
165415
165413
165408
165405
165406
165408
165403
165398
165396
165399
165404
165403
165402
165400
165404
165409
165408
165402
165399
165403
165406
165405
165401
165399
165402
165405
165403
165400
165398
165402
165406
165406
165404
165402
165407
165412
165410
165407
165402
165408
165413
165411
165409
165407
165409
165409
165405
165400
165398
165400
165401
165397
165393
165392
165396
165400
165400
165397
165397
165400
165403
165401
165398
165395
165397
165399
165397
165393
165390
165392
165394
165393
165389
165388
165392
165397
165397
165394
165393
165397
165403
165403
165400
165396
165397
165399
165398
165395
165394
165397
165402
165402
165398
165396
165399
165402
165402
165399
165397
165400
165403
165402
165400
165397
165400
165403
165405
165403
165402
165405
165408
165406
165400
165396
165397
165398
165397
165395
165394
165396
165402
165403
165400
165398
165401
165403
165403
165397
165394
165398
165404
165403
165397
165393
165402
165406
165405
165401
165398
165401
165405
165405
165403
165402
165406
165410
165411
165408
165405
165408
165412
165412
165409
165407
165410
165414
165412
165408
165405
165406
165407
165405
165401
165398
165400
165404
165404
165402
165400
165403
165407
165407
165405
165403
165405
165408
165408
165405
165403
165408
165412
165412
165409
165406
165408
165411
165412
165410
165408
165411
165415
165415
165411
165409
165411
165414
165413
165409
165406
165409
165412
165412
165408
165406
165409
165413
165413
165409
165405
165405
165407
165406
165402
165399
165401
165405
165404
165400
165396
165398
165401
165401
165397
165396
165401
165407
165410
165408
165405
165408
165412
165411
165408
165405
165407
165411
165410
165405
165402
165404
165407
165406
165403
165399
165401
165405
165406
165404
165402
165405
165407
165406
165400
165394
165396
165399
165399
165396
165394
165398
165403
165403
165400
165397
165399
165402
165401
165398
165396
165399
165404
165404
165402
165399
165402
165406
165407
165402
165397
165396
165396
165394
165390
165388
165392
165397
165399
165397
165395
165398
165402
165401
165399
165397
165401
165406
165408
165406
165404
165406
165408
165407
165403
165400
165403
165407
165409
165407
165406
165410
165413
165413
165408
165404
165407
165411
165412
165410
165408
165411
165415
165416
165411
165406
165406
165408
165406
165402
165400
165406
165412
165415
165414
165411
165415
165419
165420
165417
165414
165416
165419
165418
165414
165411
165414
165418
165419
165417
165415
165419
165424
165424
165418
165414
165413
165414
165411
165405
165403
165407
165411
165412
165409
165406
165409
165414
165416
165415
165414
165416
165421
165421
165417
165412
165413
165414
165411
165404
165401
165403
165406
165408
165405
165401
165403
165407
165408
165404
165402
165403
165407
165406
165403
165400
165403
165406
165406
165402
165399
165401
165404
165404
165399
165396
165399
165403
165404
165399
165395
165395
165396
165395
165391
165389
165392
165398
165400
165398
165397
165399
165403
165405
165402
165397
165398
165398
165397
165393
165390
165393
165397
165397
165392
165388
165389
165392
165394
165392
165390
165393
165396
165396
165392
165388
165392
165397
165399
165396
165393
165394
165397
165397
165394
165392
165394
165398
165398
165396
165395
165398
165403
165404
165399
165395
165396
165398
165397
165392
165389
165390
165394
165396
165396
165395
165398
165401
165401
165397
165393
165394
165398
165400
165398
165397
165401
165406
165407
165403
165400
165402
165405
165405
165401
165398
165402
165406
165407
165404
165402
165405
165407
165405
165399
165396
165400
165405
165405
165402
165398
165399
165402
165403
165400
165397
165397
165401
165402
165399
165395
165397
165401
165403
165401
165397
165397
165400
165401
165399
165398
165399
165403
165404
165400
165396
165398
165401
165402
165399
165398
165402
165407
165408
165405
165401
165403
165406
165408
165404
165400
165400
165404
165407
165404
165402
165403
165405
165404
165400
165396
165397
165401
165403
165403
165400
165402
165404
165405
165400
165396
165397
165402
165406
165405
165402
165405
165408
165408
165402
165395
165395
165398
165400
165398
165395
165398
165403
165405
165404
165403
165404
165407
165406
165403
165399
165402
165407
165409
165404
165400
165401
165405
165407
165405
165403
165407
165412
165413
165409
165405
165404
165406
165406
165403
165400
165402
165405
165405
165401
165397
165398
165401
165402
165400
165399
165402
165407
165409
165406
165402
165403
165405
165406
165401
165395
165396
165400
165399
165395
165392
165395
165399
165402
165401
165399
165401
165404
165404
165401
165398
165397
165398
165399
165395
165392
165392
165393
165394
165389
165384
165384
165387
165388
165385
165383
165385
165389
165390
165387
165383
165385
165388
165390
165389
165389
165393
165398
165399
165394
165389
165388
165390
165391
165387
165382
165383
165388
165392
165390
165388
165390
165393
165395
165391
165387
165387
165390
165393
165391
165389
165392
165396
165399
165398
165394
165395
165397
165397
165393
165391
165394
165398
165400
165398
165396
165397
165401
165403
165399
165395
165396
165400
165402
165400
165398
165400
165404
165407
165404
165401
165402
165406
165406
165402
165399
165403
165408
165411
165409
165406
165407
165410
165411
165407
165403
165403
165407
165408
165406
165403
165404
165407
165408
165406
165405
165407
165411
165412
165408
165406
165408
165415
165419
165417
165414
165416
165419
165420
165416
165412
165413
165418
165420
165417
165415
165417
165419
165420
165414
165409
165409
165411
165412
165408
165405
165407
165409
165409
165405
165402
165404
165408
165410
165407
165405
165406
165409
165411
165408
165404
165404
165406
165408
165408
165407
165410
165416
165418
165414
165411
165412
165415
165417
165414
165409
165409
165413
165415
165412
165407
165406
165410
165414
165411
165408
165409
165414
165416
165412
165407
165407
165410
165411
165407
165404
165406
165410
165414
165411
165409
165409
165412
165415
165410
165405
165405
165410
165413
165410
165409
165412
165417
165420
165417
165414
165414
165418
165420
165416
165412
165411
165413
165415
165413
165411
165414
165419
165420
165416
165412
165412
165416
165418
165415
165412
165413
165416
165417
165415
165413
165413
165417
165419
165416
165413
165413
165415
165415
165409
165404
165405
165407
165410
165410
165410
165414
165420
165422
165419
165415
165414
165416
165416
165411
165404
165403
165406
165408
165406
165406
165408
165412
165415
165414
165411
165411
165414
165416
165414
165411
165413
165417
165420
165417
165415
165417
165422
165425
165422
165419
165419
165421
165421
165417
165412
165411
165415
165418
165416
165413
165415
165420
165422
165420
165417
165417
165418
165419
165416
165414
165416
165422
165426
165424
165420
165420
165423
165424
165422
165418
165418
165421
165423
165419
165415
165415
165419
165421
165419
165415
165416
165421
165425
165423
165420
165421
165422
165423
165420
165415
165416
165419
165421
165419
165414
165414
165417
165419
165416
165411
165412
165416
165420
165418
165416
165418
165423
165426
165424
165421
165422
165427
165429
165427
165423
165423
165426
165428
165424
165419
165418
165421
165422
165419
165415
165415
165419
165420
165417
165417
165421
165427
165430
165429
165426
165426
165428
165429
165425
165421
165421
165424
165426
165423
165418
165418
165420
165422
165419
165416
165417
165420
165423
165421
165417
165417
165421
165424
165421
165418
165420
165424
165425
165421
165418
165420
165424
165427
165422
165417
165415
165416
165417
165414
165412
165415
165420
165424
165422
165419
165420
165423
165425
165421
165417
165418
165421
165423
165420
165417
165416
165420
165423
165423
165420
165422
165427
165429
165426
165421
165421
165425
165429
165428
165426
165425
165426
165426
165420
165414
165413
165415
165415
165411
165409
165410
165413
165416
165414
165411
165411
165413
165416
165412
165409
165410
165413
165416
165416
165415
165417
165420
165421
165416
165410
165409
165411
165414
165412
165410
165412
165416
165418
165416
165413
165413
165416
165419
165417
165415
165417
165421
165425
165423
165419
165420
165422
165424
165421
165418
165419
165422
165424
165421
165416
165416
165418
165421
165419
165416
165418
165422
165426
165424
165421
165420
165422
165422
165419
165414
165413
165414
165415
165415
165413
165414
165420
165422
165420
165416
165416
165419
165419
165416
165412
165413
165415
165418
165417
165414
165412
165414
165415
165412
165407
165409
165413
165417
165414
165410
165411
165415
165418
165415
165411
165412
165416
165419
165416
165416
165417
165420
165422
165419
165416
165415
165418
165421
165419
165416
165415
165415
165418
165416
165412
165410
165412
165415
165413
165409
165410
165414
165417
165415
165411
165411
165415
165417
165413
165408
165407
165409
165414
165411
165407
165406
165408
165412
165410
165407
165408
165413
165416
165413
165409
165409
165412
165415
165413
165411
165412
165417
165420
165416
165409
165407
165409
165410
165407
165403
165403
165409
165415
165414
165411
165409
165414
165417
165413
165411
165413
165417
165419
165416
165411
165410
165411
165412
165408
165407
165408
165411
165413
165410
165405
165404
165407
165410
165407
165405
165406
165408
165411
165411
165407
165407
165410
165412
165411
165407
165406
165409
165414
165411
165407
165408
165412
165415
165414
165412
165412
165416
165418
165413
165408
165405
165405
165405
165405
165401
165400
165403
165407
165405
165402
165402
165405
165407
165404
165401
165401
165404
165407
165405
165399
165399
165403
165407
165405
165401
165401
165406
165409
165405
165403
165405
165408
165416
165416
165412
165411
165412
165412
165409
165406
165405
165408
165409
165406
165403
165403
165406
165408
165405
165401
165402
165405
165405
165400
165394
165396
165398
165400
165397
165395
165394
165399
165403
165400
165397
165395
165398
165402
165400
165395
165396
165401
165403
165400
165395
165398
165403
165405
165401
165398
165398
165401
165404
165403
165403
165405
165408
165411
165408
165402
165401
165405
165412
165410
165406
165406
165410
165411
165405
165399
165397
165400
165404
165401
165397
165397
165400
165402
165399
165394
165393
165395
165397
165398
165394
165392
165395
165398
165394
165392
165392
165392
165396
165395
165392
165392
165397
165399
165395
165390
165389
165391
165392
165391
165388
165389
165393
165397
165396
165392
165391
165395
165397
165393
165387
165386
165390
165393
165390
165384
165384
165388
165389
165386
165382
165382
165386
165388
165384
165382
165383
165385
165389
165385
165378
165377
165382
165386
165386
165384
165383
165387
165393
165386
165379
165377
165380
165381
165385
165381
165379
165384
165388
165386
165381
165384
165388
165388
165385
165384
165383
165383
165384
165381
165378
165375
165379
165384
165383
165379
165381
165387
165389
165387
165380
165375
165380
165383
165379
165376
165380
165382
165381
165378
165376
165378
165380
165383
165381
165379
165377
165379
165382
165380
165378
165377
165380
165382
165379
165379
165376
165375
165376
165373
165371
165372
165376
165379
165378
165377
165378
165382
165386
165382
165381
165380
165381
165382
165381
165380
165379
165378
165379
165377
165375
165376
165378
165377
165374
165372
165375
165377
165380
165379
165378
165376
165380
165381
165377
165373
165375
165379
165380
165380
165378
165375
165376
165381
165379
165377
165374
165379
165387
165384
165378
165377
165378
165380
165378
165375
165373
165382
165383
165380
165373
165371
165377
165380
165379
165377
165375
165381
165379
165375
165372
165369
165370
165373
165371
165368
165368
165375
165374
165372
165373
165372
165373
165378
165379
165377
165372
165376
165378
165378
165375
165376
165379
165376
165374
165369
165368
165373
165378
165376
165372
165372
165378
165388
165385
165379
165375
165377
165382
165380
165376
165375
165376
165379
165378
165377
165374
165369
165376
165377
165372
165369
165374
165378
165382
165376
165373
165376
165378
165376
165373
165373
165377
165380
165375
165373
165373
165376
165377
165375
165372
165370
165372
165376
165377
165374
165371
165375
165380
165380
165378
165375
165371
165374
165371
165368
165368
165371
165375
165374
165370
165370
165376
165378
165377
165375
165378
165378
165383
165382
165377
165375
165377
165378
165373
165369
165374
165376
165378
165376
165372
165375
165379
165380
165375
165374
165375
165376
165376
165375
165371
165371
165372
165373
165373
165372
165372
165377
165381
165378
165375
165370
165372
165380
165375
165365
165368
165376
165370
165366
165364
165362
165369
165373
165373
165367
165362
165366
165370
165367
165359
165362
165361
165366
165365
165364
165365
165369
165372
165363
165362
165363
165369
165373
165369
165364
165366
165371
165374
165375
165370
165368
165370
165370
165372
165369
165368
165369
165368
165367
165364
165362
165367
165370
165367
165365
165363
165366
165372
165368
165363
165363
165368
165369
165367
165363
165365
165372
165375
165374
165367
165365
165369
165372
165369
165368
165369
165372
165375
165377
165372
165369
165371
165375
165369
165367
165364
165368
165372
165371
165366
165364
165366
165369
165366
165362
165360
165361
165367
165365
165365
165361
165363
165367
165366
165363
165362
165365
165368
165367
165368
165367
165369
165375
165373
165370
165372
165376
165380
165373
165368
165366
165371
165376
165376
165372
165371
165374
165382
165378
165375
165373
165374
165379
165378
165373
165370
165370
165374
165372
165369
165369
165371
165374
165372
165368
165365
165370
165373
165372
165370
165368
165369
165371
165370
165365
165363
165365
165368
165366
165364
165361
165365
165370
165370
165365
165364
165368
165368
165365
165361
165356
165362
165367
165367
165366
165365
165370
165368
165366
165361
165357
165357
165361
165361
165359
165362
165367
165367
165370
165369
165363
165365
165369
165371
165367
165366
165374
165378
165377
165373
165375
165379
165384
165382
165377
165376
165379
165384
165384
165380
165381
165382
165384
165382
165376
165373
165374
165378
165376
165372
165369
165371
165374
165373
165370
165369
165371
165375
165372
165367
165363
165366
165368
165366
165360
165358
165365
165368
165365
165361
165362
165362
165362
165359
165357
165357
165359
165364
165367
165365
165364
165367
165372
165372
165368
165364
165367
165367
165365
165360
165357
165360
165365
165366
165359
165358
165361
165364
165362
165358
165360
165362
165366
165364
165359
165359
165363
165364
165359
165353
165350
165354
165355
165355
165350
165346
165354
165360
165360
165357
165354
165359
165359
165358
165359
165358
165360
165360
165359
165354
165353
165356
165361
165361
165357
165357
165362
165370
165369
165364
165362
165362
165364
165360
165356
165354
165358
165359
165352
165348
165347
165348
165352
165351
165347
165346
165352
165355
165354
165352
165350
165352
165356
165352
165347
165345
165350
165353
165352
165351
165351
165352
165354
165355
165351
165349
165353
165356
165356
165354
165353
165357
165361
165360
165356
165352
165355
165358
165356
165353
165348
165351
165354
165351
165349
165347
165347
165349
165349
165345
165343
165346
165351
165354
165350
165348
165353
165355
165356
165354
165353
165356
165361
165361
165359
165356
165359
165360
165360
165358
165356
165358
165361
165359
165355
165350
165352
165356
165356
165352
165350
165353
165356
165354
165351
165348
165351
165355
165355
165352
165350
165352
165354
165351
165347
165346
165349
165354
165354
165350
165346
165348
165350
165350
165348
165346
165349
165354
165356
165353
165350
165352
165357
165355
165352
165348
165351
165354
165354
165353
165352
165355
165359
165358
165354
165351
165351
165352
165352
165349
165347
165345
165350
165351
165347
165343
165346
165349
165349
165344
165341
165340
165345
165346
165342
165341
165343
165344
165345
165343
165340
165343
165345
165346
165344
165345
165350
165357
165357
165353
165349
165352
165354
165352
165348
165348
165351
165355
165356
165354
165353
165357
165361
165358
165354
165352
165355
165359
165359
165357
165355
165357
165359
165357
165353
165350
165350
165353
165352
165350
165349
165347
165349
165349
165344
165341
165344
165348
165348
165343
165338
165338
165342
165341
165336
165332
165336
165341
165344
165343
165339
165340
165345
165346
165344
165342
165346
165349
165349
165347
165347
165349
165352
165349
165345
165340
165340
165340
165338
165334
165328
165328
165329
165328
165325
165322
165324
165330
165330
165327
165324
165329
165334
165331
165326
165327
165332
165334
165336
165330
165324
165329
165332
165334
165331
165329
165331
165334
165333
165328
165325
165329
165333
165334
165329
165328
165333
165338
165339
165337
165337
165341
165343
165342
165340
165337
165338
165340
165341
165339
165338
165341
165344
165343
165339
165337
165339
165343
165344
165342
165341
165344
165348
165348
165345
165342
165344
165346
165346
165343
165340
165341
165343
165342
165338
165336
165340
165345
165344
165340
165336
165340
165344
165344
165339
165337
165337
165342
165343
165340
165339
165342
165345
165345
165342
165338
165340
165344
165345
165342
165339
165342
165345
165344
165340
165338
165341
165345
165345
165341
165338
165341
165344
165344
165342
165339
165342
165346
165346
165342
165341
165344
165346
165344
165339
165337
165339
165344
165345
165342
165339
165341
165344
165344
165340
165336
165338
165341
165343
165340
165336
165339
165345
165348
165345
165341
165343
165346
165346
165342
165339
165341
165344
165345
165344
165344
165348
165353
165353
165350
165346
165347
165350
165350
165345
165341
165344
165348
165347
165343
165339
165342
165346
165347
165343
165339
165340
165343
165343
165340
165337
165339
165344
165345
165343
165341
165344
165348
165349
165346
165343
165344
165346
165346
165344
165341
165344
165348
165351
165349
165346
165348
165351
165352
165348
165345
165344
165349
165349
165344
165340
165340
165344
165342
165338
165336
165338
165342
165341
165338
165336
165337
165340
165341
165337
165335
165338
165342
165343
165341
165339
165341
165345
165346
165343
165340
165343
165348
165348
165344
165341
165344
165349
165349
165347
165346
165349
165353
165354
165352
165348
165349
165352
165352
165347
165344
165346
165350
165350
165346
165344
165346
165350
165351
165348
165346
165348
165354
165355
165351
165348
165350
165354
165354
165350
165346
165349
165356
165357
165353
165349
165349
165353
165355
165353
165350
165352
165355
165354
165350
165346
165347
165351
165352
165350
165347
165351
165357
165358
165354
165351
165354
165357
165355
165350
165347
165350
165354
165355
165352
165348
165349
165353
165354
165350
165347
165349
165354
165355
165353
165351
165353
165355
165355
165350
165345
165347
165350
165351
165349
165346
165348
165351
165350
165348
165345
165346
165348
165349
165346
165343
165346
165351
165353
165349
165346
165348
165353
165355
165351
165348
165352
165358
165359
165356
165352
165353
165357
165358
165353
165350
165353
165357
165359
165357
165354
165355
165357
165356
165352
165349
165353
165358
165359
165355
165353
165355
165360
165359
165354
165350
165351
165355
165357
165354
165351
165355
165359
165360
165356
165353
165355
165358
165358
165355
165351
165352
165356
165359
165358
165355
165357
165360
165362
165358
165354
165355
165358
165359
165356
165353
165356
165360
165360
165356
165353
165354
165357
165357
165354
165351
165354
165358
165359
165356
165354
165356
165360
165360
165355
165352
165352
165354
165357
165356
165355
165359
165363
165363
165358
165354
165355
165358
165358
165354
165350
165353
165357
165358
165356
165353
165356
165360
165362
165360
165357
165359
165363
165364
165361
165358
165359
165361
165361
165357
165353
165355
165360
165362
165357
165353
165354
165357
165358
165356
165354
165358
165363
165365
165362
165358
165358
165360
165360
165357
165353
165356
165360
165360
165357
165355
165357
165362
165364
165358
165353
165356
165359
165360
165356
165355
165359
165363
165365
165363
165362
165365
165369
165371
165370
165369
165371
165376
165378
165375
165372
165374
165377
165378
165375
165370
165371
165374
165375
165372
165368
165370
165371
165373
165370
165366
165368
165372
165373
165369
165366
165369
165374
165376
165374
165372
165375
165380
165382
165380
165377
165377
165378
165377
165373
165369
165371
165373
165373
165368
165364
165364
165365
165365
165360
165358
165361
165366
165367
165363
165359
165359
165360
165360
165357
165354
165355
165359
165361
165358
165355
165358
165362
165364
165361
165357
165357
165359
165360
165356
165353
165353
165355
165356
165353
165349
165348
165349
165351
165348
165344
165346
165351
165353
165348
165342
165343
165346
165347
165343
165339
165340
165346
165348
165345
165342
165345
165349
165353
165351
165348
165351
165357
165359
165355
165349
165351
165355
165357
165355
165353
165357
165362
165365
165362
165359
165362
165366
165368
165365
165361
165361
165363
165364
165359
165355
165357
165360
165362
165358
165356
165358
165362
165364
165362
165358
165358
165361
165361
165358
165354
165356
165360
165361
165357
165352
165353
165357
165358
165355
165352
165354
165358
165360
165357
165353
165355
165358
165358
165354
165351
165353
165356
165356
165354
165352
165354
165358
165362
165361
165359
165362
165367
165371
165370
165368
165369
165373
165374
165370
165364
165364
165366
165368
165365
165362
165364
165368
165369
165365
165362
165365
165370
165372
165369
165366
165368
165372
165373
165368
165365
165365
165368
165369
165367
165361
165360
165363
165365
165363
165359
165358
165361
165362
165359
165358
165360
165364
165366
165362
165357
165356
165358
165357
165351
165346
165346
165349
165352
165349
165346
165348
165350
165349
165346
165341
165339
165342
165344
165342
165339
165341
165344
165344
165341
165337
165337
165341
165343
165341
165337
165337
165339
165341
165339
165336
165337
165343
165347
165346
165345
165349
165353
165355
165352
165348
165349
165352
165355
165352
165349
165351
165356
165358
165355
165352
165355
165359
165361
165359
165357
165359
165363
165366
165363
165359
165361
165366
165369
165367
165364
165365
165368
165369
165364
165359
165358
165361
165363
165360
165357
165359
165362
165365
165364
165363
165366
165370
165373
165371
165367
165369
165373
165376
165373
165368
165369
165374
165376
165375
165372
165372
165374
165374
165369
165364
165365
165367
165367
165365
165361
165362
165364
165366
165364
165361
165362
165365
165367
165364
165362
165364
165368
165372
165369
165366
165367
165372
165375
165372
165368
165368
165372
165374
165371
165367
165368
165371
165373
165369
165365
165365
165366
165366
165362
165359
165359
165362
165364
165361
165358
165359
165361
165362
165361
165360
165362
165367
165370
165367
165362
165361
165365
165367
165365
165362
165362
165364
165367
165363
165360
165362
165367
165371
165370
165370
165370
165372
165374
165371
165368
165369
165371
165373
165368
165363
165362
165365
165366
165362
165356
165355
165357
165360
165358
165355
165356
165361
165363
165360
165357
165357
165358
165358
165354
165350
165351
165354
165359
165358
165355
165357
165361
165364
165361
165357
165359
165364
165366
165364
165361
165361
165365
165367
165365
165361
165361
165363
165364
165361
165357
165357
165361
165364
165361
165356
165356
165359
165359
165354
165349
165349
165353
165356
165354
165352
165354
165359
165362
165359
165355
165355
165359
165361
165358
165355
165355
165360
165365
165363
165360
165360
165362
165363
165358
165352
165352
165356
165360
165356
165353
165353
165355
165357
165356
165354
165356
165361
165364
165360
165355
165354
165356
165358
165355
165351
165350
165354
165357
165356
165353
165354
165359
165363
165360
165354
165353
165356
165359
165357
165354
165354
165358
165361
165357
165352
165350
165354
165359
165357
165353
165356
165361
165364
165361
165357
165356
165359
165363
165361
165359
165361
165362
165363
165360
165357
165357
165360
165363
165360
165356
165355
165359
165363
165361
165358
165359
165364
165369
165366
165361
165361
165364
165367
165365
165362
165363
165368
165371
165368
165363
165361
165365
165368
165365
165359
165356
165359
165359
165354
165350
165349
165352
165356
165354
165352
165352
165358
165362
165361
165358
165358
165362
165363
165359
165355
165355
165358
165361
165359
165357
165358
165363
165367
165366
165363
165363
165365
165368
165365
165362
165364
165368
165370
165368
165366
165365
165366
165368
165365
165362
165363
165367
165371
165369
165365
165365
165368
165369
165366
165362
165360
165361
165364
165363
165360
165361
165367
165372
165370
165367
165367
165371
165375
165372
165368
165367
165370
165372
165368
165364
165364
165367
165370
165368
165365
165364
165368
165371
165370
165366
165365
165367
165369
165367
165363
165362
165365
165368
165365
165362
165363
165368
165371
165369
165367
165367
165369
165372
165368
165364
165362
165365
165367
165366
165363
165362
165365
165368
165365
165361
165359
165362
165364
165361
165359
165359
165364
165367
165365
165361
165361
165365
165367
165364
165361
165360
165365
165369
165367
165364
165364
165366
165369
165366
165363
165365
165368
165370
165369
165366
165366
165371
165374
165371
165367
165364
165366
165369
165368
165365
165365
165368
165370
165367
165363
165362
165364
165367
165365
165360
165359
165361
165364
165363
165359
165361
165367
165371
165369
165365
165365
165370
165374
165371
165367
165366
165369
165371
165368
165364
165364
165367
165369
165368
165366
165367
165371
165374
165371
165370
165371
165376
165379
165378
165375
165375
165380
165387
165387
165386
165388
165394
165397
165395
165391
165389
165391
165392
165391
165389
165388
165392
165395
165393
165388
165387
165391
165395
165392
165389
165388
165393
165396
165394
165391
165390
165394
165398
165398
165396
165394
165395
165396
165394
165388
165383
165383
165384
165381
165377
165376
165379
165382
165380
165379
165380
165385
165390
165391
165388
165386
165389
165391
165388
165384
165383
165386
165387
165385
165381
165380
165382
165384
165382
165378
165377
165381
165385
165384
165379
165377
165379
165384
165384
165381
165379
165381
165382
165377
165372
165371
165374
165377
165375
165371
165370
165373
165375
165372
165368
165366
165369
165373
165372
165369
165370
165375
165380
165379
165376
165374
165376
165377
165375
165372
165371
165374
165377
165375
165371
165369
165373
165376
165373
165367
165365
165367
165370
165369
165367
165366
165368
165372
165369
165365
165362
165365
165368
165365
165362
165363
165368
165372
165371
165370
165370
165371
165374
165372
165369
165367
165370
165374
165373
165371
165370
165374
165377
165376
165371
165368
165370
165372
165370
165368
165369
165374
165379
165378
165374
165372
165373
165376
165372
165368
165367
165370
165375
165375
165373
165373
165378
165382
165380
165375
165372
165373
165376
165374
165370
165370
165374
165378
165376
165373
165373
165376
165380
165378
165374
165371
165373
165375
165372
165367
165366
165368
165370
165368
165363
165362
165367
165372
165371
165369
165367
165369
165371
165366
165361
165357
165360
165364
165364
165361
165360
165362
165365
165363
165359
165358
165362
165366
165365
165362
165360
165362
165365
165363
165360
165359
165363
165368
165368
165368
165369
165373
165375
165371
165366
165362
165365
165368
165366
165363
165363
165367
165370
165370
165367
165365
165367
165370
165369
165366
165366
165371
165377
165377
165374
165373
165376
165378
165376
165372
165370
165371
165374
165372
165369
165368
165370
165373
165371
165367
165363
165365
165369
165369
165367
165367
165370
165373
165369
165362
165358
165361
165364
165364
165362
165362
165367
165371
165370
165365
165362
165365
165370
165368
165366
165366
165370
165375
165375
165372
165370
165373
165374
165372
165369
165369
165373
165378
165376
165373
165371
165373
165375
165374
165371
165369
165372
165376
165376
165373
165370
165373
165377
165376
165371
165369
165371
165374
165372
165367
165365
165369
165373
165370
165365
165362
165364
165365
165364
165360
165357
165360
165362
165361
165357
165356
165362
165367
165368
165365
165363
165365
165365
165361
165355
165351
165353
165354
165352
165350
165351
165357
165362
165362
165360
165358
165361
165364
165363
165357
165354
165358
165364
165363
165360
165360
165364
165367
165365
165361
165359
165362
165365
165362
165358
165355
165357
165361
165360
165356
165354
165357
165361
165359
165355
165353
165357
165361
165360
165356
165355
165358
165361
165361
165358
165357
165359
165364
165364
165362
165361
165365
165367
165365
165361
165357
165361
165364
165364
165359
165356
165358
165360
165358
165353
165351
165355
165358
165358
165354
165353
165356
165359
165357
165353
165351
165353
165354
165352
165348
165346
165348
165351
165349
165345
165343
165345
165349
165351
165350
165350
165354
165358
165358
165356
165354
165357
165359
165358
165355
165352
165354
165357
165357
165355
165354
165356
165359
165357
165355
165353
165355
165357
165355
165352
165352
165356
165358
165357
165353
165350
165353
165358
165358
165355
165354
165358
165362
165360
165356
165354
165357
165360
165357
165351
165347
165350
165353
165352
165348
165347
165351
165356
165355
165353
165353
165357
165361
165359
165355
165351
165352
165355
165356
165354
165353
165358
165363
165363
165358
165353
165354
165358
165356
165353
165350
165353
165357
165357
165353
165352
165357
165361
165361
165359
165360
165365
165372
165373
165371
165369
165372
165374
165374
165370
165368
165370
165373
165372
165369
165367
165371
165373
165370
165364
165359
165359
165361
165359
165354
165352
165354
165357
165356
165353
165352
165357
165363
165364
165361
165360
165363
165366
165364
165357
165352
165352
165352
165348
165343
165340
165342
165345
165343
165338
165334
165337
165341
165342
165341
165340
165346
165352
165354
165352
165350
165352
165355
165352
165347
165344
165346
165348
165345
165339
165335
165336
165338
165336
165331
165329
165333
165338
165338
165336
165335
165339
165344
165343
165337
165333
165335
165339
165339
165336
165333
165336
165341
165341
165338
165334
165335
165338
165338
165333
165331
165332
165334
165331
165326
165324
165324
165327
165328
165325
165323
165327
165332
165333
165330
165327
165328
165330
165327
165321
165316
165316
165316
165314
165309
165306
165309
165312
165312
165309
165307
165311
165318
165321
165320
165319
165323
165328
165329
165326
165325
165328
165332
165333
165329
165326
165328
165331
165331
165327
165327
165331
165337
165338
165335
165333
165335
165338
165338
165335
165333
165336
165339
165340
165337
165334
165336
165338
165337
165332
165330
165332
165335
165335
165331
165328
165330
165335
165335
165331
165330
165333
165338
165339
165336
165334
165335
165338
165338
165335
165333
165338
165343
165343
165341
165337
