164635
164639
164641
164637
164634
164636
164641
164643
164640
164637
164638
164640
164640
164635
164630
164631
164634
164638
164636
164633
164635
164639
164640
164636
164630
164631
164635
164637
164634
164630
164632
164636
164639
164638
164635
164635
164638
164637
164633
164629
164630
164634
164636
164633
164630
164633
164637
164639
164637
164635
164636
164639
164640
164637
164634
164637
164643
164646
164644
164642
164644
164647
164648
164643
164640
164642
164646
164648
164645
164643
164644
164647
164648
164644
164639
164640
164644
164645
164642
164639
164641
164646
164648
164644
164641
164642
164646
164647
164643
164638
164640
164644
164647
164645
164641
164642
164646
164648
164646
164643
164644
164648
164649
164645
164641
164642
164644
164644
164640
164636
164638
164642
164643
164640
164635
164636
164639
164640
164636
164632
164634
164640
164644
164642
164638
164640
164643
164644
164642
164640
164641
164644
164647
164644
164642
164644
164647
164648
164645
164640
164641
164645
164645
164640
164635
164636
164640
164641
164637
164633
164636
164640
164642
164639
164636
164638
164642
164643
164639
164635
164635
164638
164640
164638
164637
164641
164644
164647
164644
164641
164644
164647
164647
164641
164636
164638
164643
164645
164642
164640
164642
164646
164649
164646
164642
164642
164644
164645
164641
164636
164637
164640
164641
164638
164636
164638
164642
164643
164639
164635
164637
164641
164643
164639
164636
164637
164641
164643
164642
164639
164641
164645
164648
164646
164642
164642
164644
164643
164638
164634
164636
164641
164643
164641
164638
164640
164643
164643
164638
164632
164631
164634
164636
164635
164633
164636
164642
164646
164645
164643
164646
164650
164652
164648
164643
164643
164646
164648
164645
164643
164647
164652
164653
164648
164642
164643
164647
164649
164646
164643
164644
164647
164649
164645
164642
164644
164649
164651
164648
164645
164646
164650
164651
164647
164642
164642
164645
164645
164640
164637
164639
164643
164645
164643
164638
164640
164645
164646
164643
164638
164638
164642
164646
164644
164642
164643
164647
164651
164648
164645
164646
164649
164651
164647
164642
164642
164645
164648
164646
164643
164645
164649
164651
164649
164647
164649
164653
164655
164651
164647
164647
164650
164651
164648
164644
164645
164649
164651
164649
164645
164646
164650
164651
164649
164646
164648
164654
164656
164654
164652
164653
164657
164658
164652
164647
164648
164652
164655
164651
164648
164650
164652
164651
164647
164644
164647
164651
164654
164649
164645
164647
164651
164654
164652
164648
164650
164655
164657
164652
164648
164650
164655
164657
164653
164648
164648
164650
164652
164650
164647
164648
164651
164651
164647
164645
164647
164653
164655
164654
164651
164651
164655
164658
164658
164658
164662
164668
164669
164667
164665
164669
164672
164672
164668
164663
164663
164665
164665
164661
164656
164656
164659
164661
164658
164655
164657
164661
164663
164660
164657
164660
164663
164665
164660
164653
164652
164655
164656
164654
164652
164655
164660
164661
164659
164655
164657
164660
164662
164659
164655
164658
164662
164664
164661
164659
164660
164663
164664
164659
164653
164652
164656
164658
164655
164652
164653
164656
164657
164653
164649
164649
164650
164652
164648
164645
164648
164651
164652
164647
164643
164643
164646
164647
164644
164640
164641
164644
164646
164643
164640
164642
164646
164648
164644
164642
164644
164648
164649
164645
164642
164644
164647
164648
164645
164640
164641
164645
164646
164643
164639
164641
164646
164649
164645
164640
164641
164645
164647
164643
164639
164641
164645
164647
164644
164640
164643
164648
164649
164646
164642
164643
164647
164648
164644
164640
164642
164647
164650
164649
164646
164647
164651
164652
164648
164642
164641
164642
164643
164638
164632
164634
164639
164641
164640
164637
164640
164644
164646
164642
164638
164640
164643
164645
164640
164637
164640
164644
164648
164645
164641
164642
164644
164645
164642
164639
164641
164645
164647
164645
164642
164643
164647
164649
164645
164642
164642
164645
164646
164643
164640
164642
164646
164648
164645
164642
164645
164648
164650
164646
164642
164642
164646
164648
164646
164644
164647
164652
164655
164650
164645
164645
164648
164649
164646
164643
164644
164647
164649
164645
164640
164642
164647
164648
164645
164641
164641
164645
164648
164646
164642
164644
164649
164652
164649
164645
164647
164651
164653
164650
164646
164647
164651
164652
164649
164646
164648
164653
164655
164651
164647
164647
164650
164651
164646
164640
164642
164648
164652
164650
164646
164647
164651
164654
164651
164647
164648
164652
164655
164652
164649
164651
164654
164656
164652
164647
164647
164651
164651
164649
164648
164650
164652
164653
164648
164644
164645
164648
164650
164647
164644
164645
164650
164652
164648
164645
164648
164652
164653
164650
164645
164645
164647
164650
164649
164647
164649
164652
164651
164646
164642
164642
164646
164648
164646
164643
164645
164649
164651
164649
164645
164646
164648
164649
164643
164640
164643
164647
164650
164648
164645
164646
164650
164653
164652
164649
164652
164655
164656
164653
164649
164648
164651
164653
164650
164645
164646
164649
164650
164647
164645
164648
164654
164659
164656
164652
164650
164651
164650
164646
164642
164645
164651
164655
164653
164649
164649
164651
164651
164647
164643
164643
164647
164649
164646
164642
164643
164646
164647
164643
164639
164641
164646
164649
164647
164643
164643
164647
164648
164644
164640
164643
164649
164652
164651
164647
164647
164651
164652
164648
164645
164646
164651
164653
164649
164645
164646
164649
164651
164648
164645
164646
164650
164652
164649
164647
164650
164652
164653
164649
164646
164646
164650
164652
164648
164644
164645
164648
164650
164647
164643
164645
164649
164651
164647
164643
164644
164648
164648
164644
164639
164638
164640
164641
164638
164636
164638
164642
164645
164642
164637
164637
164639
164639
164635
164633
164635
164639
164641
164638
164636
164638
164643
164646
164644
164642
164645
164649
164651
164649
164646
164648
164652
164654
164651
164646
164647
164650
164651
164647
164642
164643
164647
164649
164647
164644
164646
164650
164652
164648
164644
164646
164647
164646
164642
164637
164639
164644
164647
164646
164644
164645
164650
164654
164652
164650
164653
164657
164659
164655
164651
164652
164655
164657
164656
164654
164657
164660
164660
164656
164653
164656
164660
164661
164658
164655
164657
164661
164662
164658
164654
164655
164658
164661
164658
164655
164655
164660
164662
164659
164656
164659
164662
164662
164658
164653
164655
164660
164662
164660
164657
164658
164661
164663
164662
164660
164661
164665
164667
164662
164658
164659
164663
164666
164664
164662
164663
164666
164667
164664
164659
164658
164662
164664
164660
164657
164660
164664
164665
164660
164656
164657
164660
164660
164656
164653
164654
164657
164659
164656
164651
164651
164653
164656
164654
164652
164654
164659
164661
164657
164653
164654
164657
164660
164658
164655
164656
164660
164660
164656
164653
164657
164662
164663
164659
164655
164657
164661
164661
164657
164652
164653
164656
164655
164652
164647
164647
164650
164652
164649
164646
164649
164654
164657
164654
164649
164650
164654
164657
164656
164653
164655
164661
164662
164658
164654
164654
164657
164658
164655
164652
164655
164658
164659
164655
164650
164650
164652
164653
164651
164648
164650
164654
164655
164652
164648
164650
164653
164655
164652
164649
164650
164654
164656
164654
164650
164653
164658
164661
164659
164657
164659
164661
164664
164662
164660
164663
164667
164669
164667
164665
164667
164670
164672
164670
164667
164669
164672
164672
164668
164663
164662
164665
164666
164663
164660
164662
164668
164670
164668
164667
164668
164670
164670
164664
164661
164664
164668
164669
164666
164664
164667
164669
164670
164665
164661
164663
164668
164671
164667
164664
164667
164671
164673
164670
164667
164668
164671
164672
164669
164666
164669
164673
164675
164671
164666
164666
164669
164670
164666
164663
164666
164671
164672
164668
164665
164667
164670
164671
164669
164665
164667
164670
164669
164665
164661
164664
164669
164671
164669
164665
164668
164673
164674
164671
164667
164667
164670
164669
164662
164657
164657
164660
164661
164660
164658
164661
164665
164666
164663
164659
164659
164664
164665
164663
164660
164662
164666
164667
164662
164658
164659
164664
164665
164662
164660
164664
164669
164670
164667
164663
164664
164667
164668
164665
164662
164664
164670
164672
164669
164666
164668
164670
164668
164664
164659
164661
164664
164667
164665
164663
164664
164667
164667
164662
164658
164660
164664
164667
164665
164663
164666
164670
164671
164668
164664
164665
164668
164670
164667
164665
164667
164671
164673
164671
164667
164668
164671
164671
164667
164663
164665
164669
164670
164666
164664
164667
164672
164673
164669
164665
164666
164669
164670
164665
164661
164663
164669
164672
164671
164668
164671
164675
164677
164674
164670
164673
164677
164679
164676
164674
164676
164680
164680
164676
164672
164675
164679
164679
164674
164669
164670
164673
164673
164669
164665
164666
164669
164670
164665
164661
164663
164667
164669
164667
164665
164668
164671
164673
164670
164668
164670
164673
164675
164673
164669
164669
164673
164674
164670
164667
164671
164676
164678
164673
164669
164670
164673
164674
164671
164667
164669
164672
164672
164668
164665
164668
164674
164676
164674
164672
164674
164679
164680
164676
164672
164674
164678
164680
164677
164675
164677
164682
164684
164681
164677
164679
164683
164683
164680
164677
164680
164685
164687
164683
164679
164679
164680
164678
164674
164670
164673
164678
164680
164678
164675
164677
164679
164679
164675
164673
164676
164680
164682
164680
164676
164676
164678
164677
164674
164670
164671
164675
164678
164676
164674
164676
164680
164682
164678
164676
164677
164679
164680
164677
164674
164677
164682
164681
164677
164673
164675
164678
164678
164674
164672
164676
164680
164680
164677
164675
164677
164680
164681
164680
164678
164680
164681
164680
164675
164671
164675
164679
164681
164678
164675
164678
164681
164681
164678
164677
164680
164685
164686
164682
164677
164677
164680
164680
164677
164674
164678
164683
164684
164679
164676
164680
164685
164685
164682
164681
164685
164690
164691
164686
164682
164684
164686
164686
164682
164680
164683
164686
164685
164680
164676
164679
164684
164686
164683
164681
164683
164686
164687
164683
164682
164686
164691
164694
164690
164687
164690
164695
164696
164692
164689
164690
164693
164693
164689
164685
164687
164691
164692
164690
164686
164689
164695
164696
164692
164688
164689
164692
164692
164689
164686
164687
164690
164690
164687
164686
164689
164691
164690
164685
164681
164683
164686
164686
164680
164675
164676
164677
164675
164670
164667
164671
164677
164679
164677
164675
164679
164684
164687
164686
164684
164686
164690
164691
164686
164681
164680
164681
164680
164676
164671
164674
164678
164679
164676
164674
164680
164686
164687
164684
164682
164685
164690
164692
164690
164688
164691
164693
164691
164686
164683
164686
164690
164692
164691
164690
164693
164697
164696
164691
164687
164688
164691
164691
164687
164686
164691
164698
164702
164701
164700
164702
164704
164701
164694
164688
164690
164694
164696
164694
164693
164699
164704
164704
164700
164694
164693
164695
164695
164690
164687
164691
164697
164700
164699
164696
164699
164703
164706
164704
164703
164707
164713
164713
164709
164706
164708
164712
164711
164708
164706
164709
164714
164715
164711
164707
164708
164711
164711
164706
164702
164704
164708
164708
164703
164701
164703
164705
164705
164701
164698
164701
164705
164705
164702
164700
164705
164710
164711
164708
164705
164706
164708
164708
164704
164703
164706
164711
164714
164712
164710
164713
164717
164716
164711
164708
164712
164715
164715
164710
164706
164706
164710
164710
164706
164703
164706
164711
164711
164708
164703
164704
164708
164708
164704
164703
164708
164712
164712
164709
164707
164710
164714
164714
164712
164709
164713
164718
164718
164715
164713
164716
164718
164716
164712
164709
164711
164714
164714
164713
164713
164716
164720
164718
164712
164706
164708
164711
164712
164710
164709
164713
164719
164719
164716
164713
164715
164718
164717
164714
164711
164713
164715
164713
164708
164704
164708
164713
164714
164712
164711
164716
164722
164722
164718
164714
164716
164721
164721
164718
164715
164719
164724
164725
164722
164720
164723
164726
164726
164722
164719
164720
164722
164721
164718
164716
164721
164726
164726
164722
164721
164724
164726
164723
164719
164715
164717
164719
164717
164713
164710
164715
164720
164722
164719
164716
164719
164722
164720
164714
164711
164714
164720
164722
164721
164719
164723
164727
164727
164723
164720
164722
164725
164724
164720
164717
164719
164723
164723
164719
164717
164720
164723
164723
164719
164713
164715
164721
164722
164716
164714
164719
164725
164724
164720
164716
164717
164720
164719
164717
164714
164717
164722
164723
164721
164718
164720
164725
164724
164720
164718
164722
164726
164727
164724
164722
164725
164728
164726
164723
164720
164723
164728
164727
164724
164722
164725
164727
164724
164719
164716
164719
164724
164726
164723
164721
164725
164731
164733
164731
164730
164733
164737
164734
164729
164724
164725
164729
164729
164727
164725
164729
164734
164732
164727
164725
164727
164731
164731
164727
164726
164731
164736
164736
164734
164730
164731
164734
164733
164729
164727
164731
164736
164737
164734
164732
164735
164738
164739
164735
164732
164735
164737
164736
164731
164728
164732
164737
164737
164733
164731
164734
164738
164737
164733
164730
164731
164734
164733
164730
164729
164734
164739
164740
164736
164733
164735
164739
164738
164735
164734
164735
164738
164738
164735
164733
164736
164739
164738
164733
164730
164734
164739
164739
164737
164735
164739
164743
164742
164739
164737
164741
164744
164742
164736
164734
164737
164739
164736
164733
164732
164737
164741
164740
164736
164733
164736
164740
164740
164738
164738
164743
164748
164747
164743
164741
164745
164748
164746
164742
164741
164745
164751
164751
164748
164748
164752
164756
164754
164749
164747
164749
164754
164753
164749
164749
164752
164755
164752
164748
164746
164746
164748
164748
164744
164740
164740
164740
164738
164733
164731
164736
164741
164742
164742
164742
164747
164749
164746
164741
164737
164739
164741
164739
164736
164736
164742
164744
164741
164737
164736
164740
164745
164745
164741
164740
164745
164748
164745
164740
164736
164739
164743
164743
164741
164739
164741
164745
164742
164737
164734
164737
164742
164743
164740
164737
164739
164743
164744
164742
164741
164743
164746
164744
164739
164737
164740
164743
164743
164740
164740
164744
164749
164748
164747
164746
164750
164754
164752
164749
164748
164751
164754
164750
164745
164744
164748
164752
164751
164747
164747
164751
164755
164754
164750
164747
164749
164751
164749
164744
164739
164741
164744
164742
164738
164736
164737
164739
164737
164733
164733
164737
164740
164740
164739
164739
164743
164748
164748
164745
164742
164743
164745
164742
164737
164733
164738
164743
164742
164740
164739
164742
164747
164744
164740
164738
164741
164744
164741
164736
164735
164738
164742
164741
164739
164740
164745
164748
164746
164742
164741
164745
164749
164747
164744
164742
164745
164746
164742
164738
164737
164739
164742
164740
164738
164736
164739
164742
164740
164736
164735
164739
164743
164742
164739
164738
164740
164741
164738
164735
164733
164734
164736
164734
164732
164732
164735
164738
164737
164734
164732
164735
164738
164736
164733
164733
164737
164739
164737
164735
164735
164738
164741
164739
164733
164732
164736
164740
164739
164736
164735
164738
164741
164739
164735
164734
164737
164739
164736
164730
164729
164732
164735
164732
164728
164727
164728
164732
164730
164725
164724
164729
164732
164730
164727
164725
164728
164734
164732
164728
164727
164732
164736
164735
164733
164734
164737
164738
164735
164731
164730
164734
164737
164734
164732
164733
164733
164732
164730
164724
164720
164724
164727
164726
164722
164720
164723
164727
164726
164722
164720
164724
164726
164722
164717
164717
164721
164726
164725
164723
164722
164726
164728
164724
164720
164718
164721
164725
164723
164719
164720
164724
164728
164727
164724
164722
164723
164725
164722
164719
164717
164721
164726
164724
164719
164718
164721
164723
164719
164715
164713
164715
164718
164716
164712
164714
164718
164721
164719
164717
164717
164720
164722
164718
164712
164712
164715
164718
164716
164712
164712
164716
164720
164718
164713
164713
164717
164719
164715
164709
164708
164713
164717
164716
164713
164712
164715
164717
164714
164711
164710
164713
164716
164713
164710
164709
164713
164718
164716
164713
164713
164717
164719
164716
164711
164710
164713
164716
164712
164709
164710
164714
164716
164714
164711
164710
164714
164717
164714
164712
164712
164716
164720
164719
164715
164713
164716
164719
164718
164714
164712
164714
164717
164715
164712
164714
164716
164718
164714
164709
164708
164712
164715
164714
164711
164712
164717
164720
164716
164712
164713
164717
164720
164716
164712
164711
164713
164714
164709
164703
164704
164709
164712
164710
164706
164705
164709
164713
164712
164709
164711
164716
164719
164716
164713
164712
164715
164717
164713
164709
164709
164712
164716
164715
164711
164711
164715
164719
164715
164710
164711
164715
164717
164714
164709
164707
164709
164712
164709
164705
164706
164711
164715
164714
164710
164709
164712
164714
164711
164706
164706
164708
164710
164706
164702
164702
164705
164707
164705
164701
164702
164709
164714
164713
164709
164710
164714
164717
164714
164709
164711
164714
164715
164715
164713
164711
164714
164716
164711
164705
164704
164708
164710
164706
164703
164703
164705
164708
164705
164700
164700
164704
164709
164707
164703
164703
164707
164710
164706
164703
164702
164705
164708
164705
164699
164698
164702
164706
164705
164703
164703
164705
164706
164700
164696
164699
164705
164709
164706
164702
164702
164705
164708
164706
164701
164701
164705
164706
164701
164696
164696
164699
164703
164702
164699
164699
164701
164702
164699
164696
164697
164702
164706
164702
164698
164698
164700
164701
164697
164693
164693
164697
164700
164698
164696
164695
164698
164699
164696
164691
164692
164697
164699
164695
164693
164694
164697
164698
164695
164692
164692
164695
164697
164695
164692
164692
164696
164699
164698
164696
164696
164699
164700
164694
164690
164692
164697
164699
164696
164692
164691
164694
164697
164695
164692
164694
164699
164702
164700
164695
164695
164698
164699
164694
164689
164691
164696
164700
164698
164695
164696
164699
164700
164695
164689
164689
164694
164698
164696
164694
164696
164699
164702
164699
164695
164696
164701
164703
164700
164696
164697
164700
164701
164699
164696
164696
164698
164699
164696
164693
164695
164698
164700
164696
164691
164692
164695
164696
164692
164688
164688
164691
164694
164691
164687
164688
164692
164695
164692
164688
164688
164691
164692
164687
164682
164683
164688
164690
164687
164683
164684
164688
164691
164686
164683
164684
164688
164689
164686
164684
164686
164690
164693
164691
164687
164687
164691
164692
164688
164685
164687
164691
164692
164689
164683
164681
164684
164686
164682
164678
164679
164684
164687
164684
164680
164681
164684
164684
164680
164677
164679
164684
164686
164681
164676
164677
164682
164684
164683
164679
164680
164684
164686
164683
164679
164679
164681
164682
164679
164676
164677
164681
164684
164681
164679
164681
164685
164688
164687
164684
164686
164688
164687
164683
164679
164680
164685
164688
164685
164681
164681
164685
164687
164684
164680
164681
164683
164684
164679
164674
164674
164677
164678
164674
164671
164673
164677
164678
164675
164673
164674
164678
164680
164676
164674
164677
164681
164682
164679
164676
164678
164681
164682
164679
164676
164678
164682
164683
164678
164674
164675
164678
164678
164674
164671
164673
164677
164678
164674
164672
164675
164677
164679
164676
164672
164673
164676
164676
164672
164668
164670
164675
164677
164675
164670
164671
164676
164677
164672
164668
164670
164674
164674
164670
164667
164668
164673
164674
164669
164665
164667
164671
164673
164671
164670
164674
164678
164679
164677
164675
164677
164680
164680
164676
164672
164674
164676
164675
164672
164670
164672
164676
164679
164678
164674
164676
164681
164682
164677
164674
164678
164682
164682
164677
164673
164676
164680
164682
164679
164677
164679
164681
164680
164677
164674
164677
164682
164684
164683
164682
164686
164689
164687
164680
164677
164680
164685
164687
164685
164682
164684
164687
164687
164684
164682
164685
164690
164691
164686
164682
164683
164685
164684
164679
164676
164680
164687
164690
164686
164680
164681
164682
164681
164678
164676
164680
164684
164685
164684
164682
164685
164690
164691
164687
164682
164683
164686
164685
164683
164681
164684
164687
164687
164684
164682
164686
164689
164690
164686
164682
164684
164687
164686
164682
164680
164684
164689
164691
164687
164682
164684
164688
164689
164686
164682
164683
164686
164685
164680
164677
164680
164684
164684
164680
164675
164677
164680
164679
164675
164673
164676
164681
164682
164679
164677
164680
164684
164685
164682
164678
164681
164684
164684
164680
164677
164680
164683
164683
164679
164676
164680
164685
164686
164683
164680
164682
164685
164684
164679
164677
164681
164686
164687
164684
164680
164682
164685
164684
164680
164677
164679
164680
164679
164676
164673
164676
164680
164682
164679
164678
164680
164681
164680
164676
164674
164677
164682
164683
164681
164679
164681
164684
164685
164682
164677
164681
164686
164686
164684
164681
164684
164689
164687
164683
164681
164686
164691
164690
164686
164683
164688
164693
164694
164691
164689
164691
164694
164693
164688
164684
164686
164688
164687
164682
164679
164682
164687
164685
164680
164679
164682
164686
164687
164685
164684
164690
164694
164693
164687
164684
164686
164688
164687
164683
164680
164682
164686
164686
164682
164681
164684
164687
164686
164684
164682
164685
164689
164688
164683
164679
164683
164688
164687
164682
164678
164681
164685
164686
164683
164680
164681
164684
164684
164682
164680
164685
164690
164690
164688
164685
164688
164692
164691
164687
164683
164685
164687
164685
164682
164680
164685
164689
164690
164689
164688
164693
164698
164697
164692
164688
164690
164694
164694
164690
164687
164690
164693
164692
164688
164686
164690
164694
164693
164687
164683
164687
164693
164696
164694
164692
164696
164700
164699
164694
164690
164692
164695
164695
164690
164688
164692
164697
164697
164695
164693
164696
164699
164698
164695
164695
164698
164702
164701
164697
164695
164698
164700
164697
164692
164690
164694
164698
164696
164692
164689
164691
164696
164695
164692
164690
164693
164696
164695
164691
164690
164693
164697
164696
164694
164694
164697
164701
164700
164697
164697
164700
164702
164700
164696
164694
164697
164701
164700
164698
164696
164699
164704
164703
164699
164695
164696
164700
164698
164694
164691
164694
164700
164699
164694
164690
164692
164695
164694
164691
164690
164693
164697
164697
164693
164692
164696
164698
164696
164691
164688
164691
164694
164693
164690
164690
164693
164696
164692
164687
164685
164688
164693
164693
164690
164688
164692
164697
164695
164692
164692
164696
164700
164699
164695
164694
164697
164700
164698
164696
164695
164699
164702
164697
164692
164689
164691
164695
164695
164694
164694
164697
164701
164699
164694
164691
164693
164695
164693
164690
164690
164695
164699
164696
164691
164688
164690
164693
164692
164690
164692
164698
164703
164703
164701
164700
164703
164707
164705
164702
164701
164704
164707
164704
164699
164695
164696
164698
164694
164688
164686
164690
164696
164695
164691
164689
164692
164694
164693
164690
164688
164691
164695
164693
164690
164689
164693
164696
164695
164692
164691
164696
164701
164701
164699
164699
164704
164708
164705
164699
164698
164700
164704
164701
164696
164693
164694
164696
164693
164688
164687
164690
164693
164690
164686
164684
164687
164689
164686
164684
164686
164691
164696
164696
164695
164695
164698
164701
164700
164696
164694
164698
164701
164699
164695
164692
164694
164696
164693
164688
164686
164689
164693
164692
164689
164688
164690
164693
164691
164688
164688
164691
164695
164694
164692
164693
164698
164702
164699
164695
164694
164698
164702
164701
164697
164698
164701
164703
164699
164693
164692
164696
164700
164698
164695
164695
164698
164701
164698
164694
164692
164694
164695
164689
164684
164683
164686
164688
164684
164678
164676
164681
164686
164683
164679
164679
164684
164688
164685
164682
164684
164689
164695
164696
164695
164696
164699
164701
164697
164693
164692
164694
164698
164695
164692
164692
164696
164699
164698
164695
164694
164695
164698
164695
164692
164693
164697
164701
164698
164695
164693
164695
164696
164692
164689
164690
164694
164698
164696
164692
164691
164694
164696
164691
164686
164686
164691
164695
164693
164690
164691
164694
164697
164693
164687
164688
164692
164695
164692
164687
164685
164688
164690
164687
164684
164685
164689
164691
164687
164684
164684
164689
164693
164691
164687
164687
164689
164690
164688
164684
164684
164686
164689
164688
164686
164686
164689
164691
164686
164681
164682
164686
164689
164686
164682
164682
164684
164687
164685
164682
164684
164688
164689
164685
164680
164681
164684
164686
164684
164682
164683
164688
164691
164689
164685
164686
164690
164692
164692
164690
164691
164696
164697
164692
164686
164685
164688
164692
164690
164686
164687
164690
164692
164688
164682
164680
164682
164685
164682
164681
164682
164686
164689
164687
164683
164683
164686
164688
164684
164679
164680
164683
164686
164685
164684
164685
164690
164693
164690
164686
164686
164687
164686
164682
164678
164680
164684
164688
164686
164684
164685
164688
164688
164682
164678
164679
164682
164684
164680
164678
164680
164684
164686
164683
164679
164680
164684
164687
164685
164684
164687
164691
164692
164688
164684
164685
164687
164689
164686
164684
164685
164688
164689
164684
164678
164677
164679
164682
164680
164677
164677
164682
164685
164681
164677
164678
164682
164684
164680
164677
164678
164681
164683
164680
164677
164679
164682
164683
164679
164675
164675
164679
164681
164678
164675
164678
164683
164685
164680
164674
164674
164677
164679
164675
164671
164674
164679
164681
164679
164677
164679
164683
164686
164682
164680
164680
164683
164684
164681
164675
164676
164680
164682
164679
164675
164677
164680
164683
164680
164676
164676
164678
164678
164673
164668
164670
164677
164681
164679
164674
164674
164676
164677
164673
164669
164671
164676
164677
164675
164672
164673
164676
164677
164674
164672
164674
164678
164679
164674
164669
164670
164675
164677
164673
164669
164671
164674
164676
164674
164672
164675
164679
164681
164678
164675
164677
164680
164681
164676
164670
164672
164676
164678
164676
164673
164674
164677
164676
164671
164667
164668
164673
164677
164676
164673
164675
164678
164678
164672
164666
164668
164673
164676
164673
164670
164671
164674
164674
164667
164661
164666
164675
164677
164675
164672
164674
164678
164679
164676
164673
164675
164679
164680
164676
164670
164672
164676
164678
164675
164672
164675
164680
164681
164677
164674
164677
164680
164680
164677
164675
164676
164678
164678
164672
164668
164671
164676
164679
164678
164675
164677
164679
164680
164675
164671
164674
164679
164681
164680
164677
164678
164679
164678
164674
164672
164676
164682
164686
164684
164681
164683
164686
164683
164676
164672
164673
164677
164680
164677
164674
164676
164680
164681
164678
164674
164674
164678
164681
164680
164679
164682
164683
164681
164675
164669
164669
164673
164676
164674
164673
164676
164678
164678
164675
164671
164673
164676
164677
164675
164672
164676
164681
164682
164677
164671
164672
164677
164679
164678
164676
164681
164686
164687
164682
164678
164679
164681
164682
164679
164675
164676
164680
164680
164676
164673
164675
164677
164678
164676
164675
164678
164685
164689
164685
164680
164681
164683
164682
164678
164675
164678
164683
164684
164681
164678
164680
164682
164680
164677
164674
164677
164681
164681
164678
164675
164678
164681
164682
164679
164677
164679
164682
164680
164675
164670
164673
164677
164678
164674
164672
164674
164677
164678
164674
164671
164674
164678
164680
164677
164674
164676
164679
164678
164675
164672
164676
164681
164680
164676
164672
164673
164676
164675
164671
164670
164674
164678
164679
164677
164675
164680
164684
164683
164679
164674
164675
164677
164678
164674
164672
164674
164677
164678
164674
164669
164670
164673
164673
164670
164668
164673
164679
164679
164675
164672
164676
164680
164680
164676
164672
164673
164675
164675
164672
164671
164675
164680
164680
164675
164673
164676
164680
164679
164674
164671
164676
164682
164681
164677
164674
164676
164681
164682
164678
164675
164679
164682
164679
164675
164671
164674
164678
164679
164677
164674
164677
164679
164677
164671
164669
164674
164679
164678
164676
164675
164679
164684
164684
164679
164675
164676
164680
164681
164678
164677
164681
164684
164683
164679
164678
164681
164685
164685
164681
164679
164681
164684
164683
164678
164675
164679
164685
164686
164683
164678
164680
164685
164685
164682
164680
164683
164686
164685
164681
164678
164680
164682
164680
164676
164673
164674
164678
164678
164675
164672
164676
164678
164677
164673
164671
164675
164679
164679
164677
164676
164681
164684
164683
164680
164676
164678
164680
164680
164679
164676
164678
164679
164677
164673
164669
164671
164676
164678
164679
164679
164684
164689
164689
164685
164682
164683
164685
164682
164677
164674
164676
164680
164682
164680
164678
164680
164684
164683
164679
164676
164679
164683
164683
164681
164680
164682
164684
164683
164680
164678
164681
164684
164682
164679
164678
164681
164684
164682
164679
164678
164679
164681
164679
164676
164675
164679
164683
164684
164683
164684
164689
164694
164693
164688
164686
164689
164693
164693
164689
164687
164690
164693
164690
164685
164683
164686
164688
164686
164683
164681
164685
164690
164690
164689
164689
164693
164697
164695
164690
164689
164693
164696
164693
164689
164686
164690
164694
164692
164687
164684
164688
164691
164690
164685
164683
164686
164690
164688
164684
164682
164684
164685
164682
164679
164680
164686
164692
164692
164688
164686
164689
164691
164688
164684
164687
164693
164695
164693
164689
164687
164690
164693
164690
164686
164684
164687
164690
164688
164685
164684
164689
164693
164692
164689
164688
164690
164694
164694
164692
164692
164694
164697
164697
164694
164690
164692
164693
164692
164690
164689
164694
164699
164697
164694
164693
164695
164696
164692
164688
164687
164691
164695
164694
164691
164691
164696
164701
164699
164696
164695
164697
164699
164697
164692
164692
164698
164703
164702
164700
164700
164705
164710
164708
164705
164702
164705
164707
164704
164702
164703
164708
164711
164709
164704
164700
164701
164702
164698
164695
164695
164699
164702
164700
164697
164695
164700
164704
164702
164697
164695
164699
164703
164703
164701
164701
164706
164710
164708
164703
164702
164705
164707
164705
164700
164699
164703
164706
164703
164699
164697
164700
164702
164699
164696
164695
164697
164700
164698
164693
164692
164696
164699
164696
164691
164691
164695
164698
164697
164694
164695
164703
164710
164708
164703
164701
164702
164702
164700
164697
164696
164698
164702
164702
164698
164697
164700
164703
164700
164695
164694
164695
164696
164692
164686
164687
164692
164697
164696
164693
164693
164696
164699
164696
164693
164692
164694
164698
164698
164696
164699
164704
164708
164707
164704
164705
164709
164710
164706
164702
164701
164704
164705
164700
164698
164699
164700
164706
164708
164706
164708
164711
164715
164712
164706
164704
164708
164711
164709
164707
164708
164711
164714
164712
164708
164708
164711
164715
164714
164710
164711
164714
164717
164715
164711
164710
164714
164717
164714
164710
164710
164713
164715
164712
164708
164708
164713
164715
164713
164710
164710
164713
164717
164715
164711
164713
164718
164722
164721
164719
164721
164724
164728
164727
164723
164723
164726
164727
164723
164718
164717
164720
164721
164719
164715
164715
164721
164724
164721
164716
164716
164720
164724
164722
164719
164719
164722
164726
164724
164721
164722
164726
164727
164722
164717
164717
164721
164725
164725
164721
164721
164725
164728
164725
164721
164721
164725
164727
164726
164723
164722
164725
164728
164725
164722
164723
164728
164733
164732
164730
164731
164734
164735
164731
164726
164726
164730
164734
164734
164732
164732
164736
164739
164736
164733
164733
164736
164737
164734
164730
164730
164732
164733
164729
164725
164726
164728
164728
164722
164719
164721
164726
164730
164727
164724
164727
164730
164732
164730
164725
164726
164730
164733
164729
164726
164728
164732
164735
164733
164728
164727
164729
164730
164727
164721
164722
164726
164728
164727
164725
164726
164728
164728
164725
164722
164723
164728
164729
164725
164721
164723
164729
164732
164728
164722
164723
164728
164732
164730
164727
164727
164730
164731
164729
164727
164728
164732
164733
164730
164726
164727
164729
164728
164722
164715
164713
164715
164718
164716
164712
164713
164717
164718
164714
164710
164712
164714
164714
164709
164704
164705
164710
164712
164709
164705
164707
164709
164711
164708
164703
164704
164706
164706
164700
164695
164693
164696
164699
164696
164692
164693
164698
164700
164696
164691
164693
164697
164697
164695
164693
164698
164699
164698
164695
164693
164694
164699
164702
164700
164698
164699
164701
164703
164699
164695
164695
164697
164697
164693
164688
164688
164694
164696
164692
164687
164688
164690
164689
164683
164677
164677
164680
164683
164682
164681
164684
164688
164689
164685
164681
164682
164685
164688
164685
164681
164681
164684
164686
164685
164682
164685
164689
164689
164685
164681
164681
164683
164683
164680
164677
164679
164682
164685
164683
164680
164682
164685
164685
164681
164677
164680
164685
164688
164686
164684
164686
164690
164691
164686
164682
164684
164687
164687
164683
164679
164680
164684
164686
164684
164682
164683
164687
164690
164686
164681
164683
164687
164689
164685
164681
164682
164685
164686
164681
164677
164678
164681
164683
164681
164679
164681
164683
164683
164680
164676
164677
164679
164683
164683
164679
164679
164682
164682
164678
164674
164673
164677
164679
164677
164675
164676
164679
164679
164675
164670
164673
164677
164679
164678
164673
164674
164676
164676
164670
164665
164667
164672
164675
164672
164669
164671
164674
164677
164675
164672
164675
164678
164679
164676
164671
164672
164674
164675
164673
164669
164671
164675
164677
164674
164671
164673
164678
164679
164676
164673
164676
164678
164678
164674
164669
164670
164674
164675
164671
164666
164668
164672
164672
164668
164665
164666
164670
164673
164671
164668
164671
164675
164675
164671
164666
164668
164672
164675
164673
164671
164673
164675
164675
164671
164668
164670
164673
164673
164671
164668
164670
164674
164674
164670
164666
164668
164671
164671
164667
164663
164664
164668
164670
164666
164663
164665
164669
164670
164666
164662
164666
164671
164673
164668
164664
164669
164675
164675
164669
164666
164671
164677
164677
164673
164671
164674
164677
164676
164672
164669
164671
164675
164675
164670
164667
164668
164672
164673
164670
164667
164668
164671
164672
164669
164666
164668
164673
164673
164668
164664
164666
164670
164668
164665
164663
164667
164672
164673
164669
164667
164670
164674
164675
164672
164670
164674
164677
164675
164670
164667
164668
164671
164672
164670
164668
164671
164675
164674
164669
164663
164664
164668
164668
164666
164664
164667
164672
164673
164670
164665
164667
164672
164672
164669
164668
164673
164678
164676
164671
164668
164670
164674
164673
164669
164666
164668
164671
164669
164663
164659
164662
164666
164667
164666
164663
164666
164670
164670
164666
164662
164664
164668
164668
164666
164663
164666
164670
164670
164667
164665
164667
164669
164668
164662
164659
164661
164664
164664
164662
164660
164664
164667
164666
164661
164659
164662
164665
164664
164660
164659
164664
164669
164671
164668
164665
164668
164672
164672
164669
164666
164670
164674
164675
164672
164670
164671
164673
164671
164667
164665
164669
164674
164674
164672
164670
164673
164677
164676
164673
164671
164674
164678
164679
164676
164674
164676
164678
164677
164673
164669
164671
164676
164677
164673
164670
164670
164673
164672
164667
164666
164672
164675
164672
164668
164665
164665
164668
164668
164665
164665
164669
164673
164673
164670
164668
164670
164672
164670
164665
164663
164669
164674
164674
164670
164668
164671
164673
164672
164668
164666
164669
164673
164672
164666
164664
164667
164670
164668
164664
164660
164663
164668
164669
164667
164664
164665
164668
164666
164662
164660
164664
164670
164671
164670
164669
164673
164677
164674
164670
164668
164671
164674
164674
164673
164672
164677
164681
164680
164676
164673
164676
164679
164678
164673
164671
164675
164679
164676
164672
164669
164673
164677
164675
164671
164671
164674
164678
164677
164673
164670
164673
164676
164674
164668
164666
164672
164675
164674
164670
164668
164671
164675
164672
164667
164664
164668
164674
164674
164671
164670
164672
164676
164676
164673
164673
164677
164680
164678
164674
164672
164676
164681
164681
164677
164676
164681
164684
164682
164675
164672
164674
164677
164675
164671
164671
164675
164680
164680
164678
164676
164679
164684
164684
164681
164679
164681
164683
164680
164675
164673
164676
164680
164678
164675
164675
164679
164683
164683
164680
164677
164680
164682
164677
164671
164669
164672
164676
164677
164673
164673
164678
164682
164680
164676
164674
164676
164679
164679
164677
164676
164679
164682
164679
164673
164670
164673
164677
164677
164674
164674
164678
164681
164680
164677
164674
164676
164678
164676
164673
164674
164679
164685
164684
164680
164677
164679
164681
164678
164673
164671
164674
164677
164675
164672
164673
164678
164683
164683
164680
164680
164684
164688
164686
164681
164680
164683
164686
164684
164681
164681
164684
164686
164682
164678
164675
164679
164684
164684
164682
164682
164688
164692
164689
164685
164682
164683
164683
164679
164675
164673
164677
164681
164681
164679
164679
164682
164686
164683
164678
164678
164683
164687
164686
164683
164683
164687
164690
164687
164683
164682
164685
164690
164688
164685
164686
164689
164689
164685
164682
164679
164681
164684
164682
164678
164678
164681
164685
164683
164680
164678
164682
164686
164684
164679
164678
164681
164683
164681
164679
164679
164683
164685
164684
164680
164678
164680
164682
164678
164673
164672
164676
164678
164675
164671
164671
164675
164679
164677
164674
164674
164678
164682
164680
164677
164676
164679
164681
164677
164671
164669
164671
164673
164671
164668
164669
164675
164680
164680
164677
164677
164680
164683
164679
164675
164674
164677
164680
164676
164672
164672
164676
164679
164676
164671
164670
164672
164675
164673
164669
164669
164674
164677
164674
164671
164671
164675
164678
164675
164670
164669
164672
164674
164670
164665
164665
164668
164672
164670
164667
164667
164671
164674
164671
164667
164665
164667
164669
164666
164662
164662
164666
164668
164665
164662
164665
164671
164675
164673
164669
164669
164673
164677
164673
164669
164668
164672
164676
164674
164669
164670
164674
164676
164673
164669
164670
164673
164676
164673
164668
164666
164668
164669
164664
164658
164656
164659
164662
164659
164657
164660
164665
164669
164668
164666
164668
164671
164674
164671
164667
164667
164671
164674
164673
164669
164668
164671
164673
164670
164667
164668
164671
164674
164671
164665
164662
164664
164666
164662
164657
164657
164661
164664
164662
164658
164660
164663
164664
164658
164652
164651
164655
164658
164656
164652
164654
164659
164660
164656
164652
164654
164658
164661
164659
164657
164658
164662
164664
164659
164655
164655
164658
164660
164657
164654
164653
164656
164658
164654
164648
164647
164651
164653
164650
164647
164649
164653
164656
164653
164649
164650
164654
164656
164654
164650
164652
164657
164661
164658
164653
164654
164658
164661
164658
164653
164654
164659
164661
164657
164654
164656
164659
164661
164657
164652
164652
164654
164656
164653
164649
164651
164654
164654
164650
164647
164648
164652
164653
164650
164646
164648
164654
164658
164657
164653
164655
164659
164660
164656
164651
164652
164655
164658
164656
164653
164655
164659
164661
164658
164653
164653
164656
164656
164651
164647
164649
164652
164654
164651
164646
164648
164653
164656
164655
164652
164652
164655
164655
164652
164648
164650
164653
164654
164649
164645
164647
164652
164654
164651
164647
164647
164649
164650
164646
164641
164644
164648
164652
164648
164645
164648
164652
164655
164652
164648
164649
164652
164653
164650
164646
164646
164650
164653
164650
164646
164648
164653
164656
164653
164650
164652
164656
164658
164655
164651
164653
164656
164656
164653
164650
164651
164654
164656
164654
164652
164654
164659
164661
164657
164654
164656
164658
164657
164651
164645
164645
164648
164648
164644
164641
164643
164647
164649
164646
164644
164644
164647
164647
164643
164640
164642
164647
164651
164650
164647
164647
164650
164651
164647
164642
164643
164646
164647
164644
164642
164645
164650
164652
164649
164645
164646
164647
164647
164642
164636
164636
164639
164640
164636
164634
164637
164641
164641
164636
164632
164635
164639
164642
164640
164638
164642
164646
164647
164643
164639
164640
164642
164643
164639
164636
164638
164641
164641
164636
164634
164636
164639
164640
164635
164631
164632
164636
164638
164634
164629
164630
164635
164636
164633
164630
164633
164637
164636
164632
164629
164633
164638
164640
164637
164634
164638
164643
164645
164643
164640
164644
164649
164651
164647
164643
164645
164649
164648
164643
164639
164640
164645
164647
164645
164641
164642
164644
164643
164637
164633
164635
164639
164640
164638
164634
164635
164637
164635
164631
164627
164630
164634
164635
164632
164629
164632
164638
164639
164636
164634
164637
164640
164641
164637
164633
164635
164638
164638
164633
164629
164631
164634
164633
164629
164625
164627
164631
164632
164630
164629
164632
164634
164634
164630
164627
164629
164633
164636
164633
164629
164632
164635
164634
164630
164626
164626
164628
164626
164622
164618
164620
164621
164621
164618
164616
164620
164622
164620
164617
164616
164618
164623
164625
164624
164622
164624
164627
164627
164623
164620
164622
164626
164627
164622
164618
164620
164624
164625
164621
164618
164622
164620
164620
164617
164615
164619
164624
164624
164620
164618
164620
164622
164621
164619
164617
164619
164624
164625
164622
164618
164621
164625
164626
164622
164619
164621
164625
164622
164618
164616
164619
164624
164623
164620
164616
164617
164622
164622
164617
164615
164617
164620
164621
164618
164618
164616
164626
164628
164625
164624
164613
164611
164614
164613
164614
164616
164619
164626
164617
164610
164615
164622
164621
164614
164612
164614
164616
164616
164613
164609
164615
164623
164625
164618
164616
164613
164616
164618
164616
164607
164614
164612
164606
164606
164609
164614
164617
164620
164615
164609
164608
164615
164615
164610
164609
164609
164615
164616
164614
164613
164618
164623
164623
164618
164616
164621
164625
164621
164617
164615
164621
164627
164617
164610
164609
164610
164613
164615
164613
164610
164613
164620
164618
164614
164613
164616
164617
164615
164611
164608
164610
164614
164613
164606
164604
164608
164614
164613
164609
164612
164616
164618
164612
164613
164614
164613
164613
164610
164611
164607
164611
164618
164622
164617
164608
164603
164611
164615
164609
164609
164611
164614
164616
164610
164606
164610
164617
164612
164607
164607
164611
164616
164616
164614
164612
164616
164625
164622
164613
164608
164614
164616
164613
164607
164603
164611
164614
164615
164611
164605
164607
164613
164611
164606
164604
164609
164611
164609
164609
164609
164610
164613
164612
164608
164605
164606
164611
164615
164606
164603
164609
164613
164613
164605
164605
164610
164610
164607
164605
164603
164606
164611
164610
164607
164606
164607
164608
164608
164606
164604
164609
164611
164610
164610
164611
164608
164607
164607
164605
164603
164606
164610
164607
164606
164604
164603
164608
164609
164606
164604
164607
164610
164608
164603
164600
164603
164607
164607
164606
164606
164608
164609
164604
164600
164595
164598
164602
164601
164599
164600
164603
164608
164606
164602
164601
164602
164608
164606
164603
164602
164607
164612
164611
164608
164604
164606
164609
164605
164599
164598
164601
164603
164603
164600
164600
164606
164613
164606
164597
164599
164605
164610
164609
164607
164606
164609
164611
164608
164606
164604
164606
164609
164606
164603
164604
164608
164609
164606
164601
164598
164602
164604
164602
164597
164597
164603
164607
164603
164599
164598
164602
164604
164603
164598
164598
164601
164605
164603
164599
164597
164600
164604
164604
164601
164601
164607
164612
164611
164609
164606
164607
164612
164609
164604
164602
164605
164608
164606
164604
164603
164607
164612
164609
164605
164605
164610
164615
164613
164608
164607
164609
164611
164609
164605
164604
164608
164610
164606
164601
164601
164604
164606
164604
164601
164600
164603
164606
164605
164602
164600
164603
164607
164603
164601
164600
164604
164609
164605
164600
164600
164604
164607
164605
164602
164603
164607
164610
164608
164605
164607
164611
164612
164610
164606
164605
164609
164611
164608
164603
164604
164609
164612
164609
164606
164606
164607
164609
164607
164602
164601
164605
164607
164604
164602
164601
164603
164607
164606
164604
164605
164608
164611
164607
164603
164601
164604
164607
164606
164602
164603
164609
164613
164608
164604
164604
164607
164609
164606
164603
164604
164609
164612
164610
164607
164606
164607
164611
164609
164603
164603
164607
164610
164608
164603
164602
164605
164607
164605
164601
164601
164605
164607
164604
164601
164602
164606
164608
164604
164602
164604
164608
164610
164607
164603
164604
164608
164610
164606
164600
164599
164602
164605
164602
164597
164599
164603
164605
164603
164599
164602
164607
164611
164608
164605
164604
164607
164608
164605
164600
164600
164605
164608
164605
164602
164603
164609
164613
164611
164608
164607
164608
164609
164605
164600
164600
164605
164608
164606
164602
164604
164608
164611
164610
164608
164607
164611
164614
164611
164608
164608
164611
164613
164610
164605
164605
164610
164613
164610
164607
164609
164612
164615
164612
164607
164606
164609
164611
164609
164605
164607
164614
164619
164617
164613
164615
164618
164619
164614
164610
164612
164615
164617
164613
164608
164608
164612
164614
164612
164609
164610
164613
164612
164608
164603
164603
164607
164608
164605
164602
164604
164609
164614
164612
164609
164610
164614
164616
164612
164606
164607
164611
164614
164612
164608
164608
164612
164613
164609
164606
164607
164610
164612
164609
164606
164607
164610
164612
164610
164607
164609
164612
164614
164610
164608
164609
164612
164614
164610
164604
164605
164608
164610
164607
164603
164606
164611
164613
164609
164607
164610
164616
164618
164613
164608
164609
164612
164614
164611
164607
164609
164614
164616
164614
164610
164612
164616
164618
164616
164611
164610
164611
164611
164607
164602
164603
164607
164609
164607
164605
164606
164611
164614
164610
164606
164606
164608
164610
164606
164603
164606
164612
164614
164613
164609
164610
164614
164614
164607
164601
164601
164606
164609
164607
164606
164609
164613
164613
164608
164605
164606
164609
164611
164610
164607
164610
164616
164617
164613
164609
164609
164611
164612
164609
164605
164607
164613
164616
164613
164609
164610
164612
164613
164610
164608
164609
164612
164615
164614
164612
164614
164617
164617
164612
164607
164607
164611
164613
164611
164608
164611
164614
164614
164612
164609
164611
164615
164615
164611
164608
164610
164611
164611
164607
164605
164608
164613
164611
164608
164605
164608
164612
164613
164609
164605
164608
164612
164614
164611
164606
164608
164613
164615
164613
164610
164613
164617
164619
164614
164608
164608
164610
164612
164610
164608
164613
164617
164618
164613
164608
164608
164610
164612
164607
164603
164606
164611
164613
164610
164606
164608
164611
164614
164609
164605
164608
164615
164616
164612
164610
164612
164617
164618
164614
164606
164607
164610
164612
164609
164608
164612
164618
164618
164613
164608
164609
164611
164612
164606
164603
164608
164611
164613
164608
164605
164608
164611
164611
164603
164597
164602
164607
164610
164607
164605
164606
164613
164609
164605
164603
164607
164612
164615
164614
164613
164614
164617
164616
164610
164605
164608
164609
164614
164611
164609
164614
164617
164616
164611
164607
164608
164612
164610
164605
164603
164607
164613
164615
164615
164613
164614
164613
164611
164609
164607
164610
164614
164615
164611
164610
164611
164612
164612
164606
164603
164605
164607
164608
164605
164603
164606
164610
164611
164608
164604
164608
164611
164612
164609
164606
164608
164612
164613
164608
164606
164610
164614
164615
164614
164613
164617
164622
164622
164617
164613
164614
164617
164615
164613
164608
164609
164611
164611
164608
164605
164608
164612
164613
164609
164607
164610
164614
164613
164610
164607
164607
164612
164613
164612
164613
164619
164623
164621
164614
164609
164612
164615
164615
164612
164610
164612
164617
164618
164614
164611
164615
164617
164616
164613
164612
164615
164617
164616
164613
164611
164613
164616
164615
164609
164607
164612
164615
164616
164614
164615
164620
164624
164624
164621
164619
164622
164625
164623
164620
164618
164621
164625
164624
164620
164616
164617
164620
164618
164614
164612
164615
164618
164618
164615
164612
164615
164619
164619
164617
164615
164618
164621
164620
164616
164612
164614
164619
164618
164615
164614
164618
164622
164621
164617
164614
164615
164619
164618
164614
164612
164614
164618
164618
164615
164613
164617
164621
164620
164617
164616
164618
164619
164616
164612
164607
164610
164614
164613
164609
164608
164613
164618
164619
164614
164610
164614
164617
164616
164611
164608
164611
164615
164611
164607
164604
164605
164609
164608
164605
164602
164607
164611
164608
164603
164602
164604
164609
164609
164607
164603
164606
164612
164610
164608
164606
164609
164616
164614
164610
164609
164613
164616
164613
164611
164608
164610
164613
164614
164607
164601
164602
164607
164606
164603
164602
164605
164607
164606
164600
164599
164604
164606
164604
164601
164600
164605
164611
164610
164608
164606
164609
164612
164610
164607
164604
164607
164612
164610
164604
164603
164606
164609
164607
164604
164602
164605
164607
164605
164602
164602
164605
164609
164608
164605
164605
164608
164610
164608
164604
164603
164607
164611
164609
164604
164601
164603
164605
164604
164602
164601
164606
164611
164610
164608
164607
164608
164609
164607
164601
164598
164600
164604
164601
164598
164597
164602
164605
164604
164602
164601
164603
164604
164604
164601
164601
164607
164611
164609
164606
164604
164606
164607
164607
164604
164603
164606
164610
164608
164604
164601
164603
164604
164602
164596
164597
164601
164604
164602
164596
164596
164600
164605
164606
164604
164603
164607
164609
164606
164602
164602
164604
164607
164604
164598
164595
164598
164602
164600
164598
164598
164603
164607
164607
164604
164604
164607
164609
164607
164603
164603
164607
164611
164609
164605
164603
164606
164611
164610
164607
164605
164609
164611
164608
164603
164602
164605
164608
164608
164604
164602
164607
164611
164609
164604
164604
164609
164612
164611
164610
164613
164617
164621
164619
164614
164611
164613
164616
164613
164608
164607
164609
164612
164611
164608
164608
164613
164617
164614
164609
164607
164610
164614
164612
164608
164609
164613
164616
164613
164610
164610
164613
164615
164611
164606
164604
164607
164609
164606
164604
164605
164610
164614
164614
164613
164614
164616
164619
164615
164609
164607
164610
164612
164608
164603
164603
164608
164610
164607
164603
164604
164608
164611
164610
164606
164606
164610
164612
164610
164607
164606
164609
164612
164609
164606
164607
164611
164614
164611
164606
164606
164608
164610
164608
164604
164604
164608
164611
164608
164603
164603
164606
164610
164607
164603
164603
164607
164610
164607
164603
164603
164608
164610
164608
164605
164604
164606
164609
164606
164603
164603
164605
164607
164603
164599
164601
164606
164609
164606
164603
164603
164606
164609
164607
164603
164602
164605
164607
164604
164602
164603
164607
164610
164608
164603
164602
164603
164606
164603
164598
164598
164602
164603
164601
164599
164601
164605
164609
164606
164601
164600
164601
164600
164597
164593
164595
