164601
164605
164603
164600
164601
164606
164609
164607
164604
164604
164608
164609
164606
164602
164603
164608
164610
164607
164603
164603
164606
164608
164604
164600
164600
164604
164607
164604
164599
164599
164604
164608
164605
164601
164602
164606
164608
164604
164599
164599
164602
164604
164600
164597
164597
164601
164604
164600
164594
164593
164597
164600
164598
164596
164598
164601
164603
164601
164597
164598
164601
164601
164597
164593
164594
164599
164602
164601
164598
164599
164601
164604
164601
164599
164599
164603
164606
164602
164598
164597
164602
164603
164599
164595
164596
164600
164601
164598
164597
164599
164605
164607
164602
164597
164597
164602
164605
164602
164599
164599
164603
164606
164602
164598
164597
164598
164599
164596
164593
164596
164602
164606
164605
164603
164603
164606
164605
164600
164596
164597
164601
164603
164601
164599
164601
164605
164607
164604
164598
164598
164600
164602
164600
164598
164601
164605
164607
164602
164597
164598
164602
164605
164603
164601
164604
164608
164610
164605
164601
164603
164608
164612
164611
164607
164608
164611
164612
164607
164603
164605
164609
164611
164610
164608
164609
164612
164614
164612
164608
164609
164612
164614
164611
164609
164611
164614
164615
164609
164605
164608
164614
164616
164614
164610
164612
164614
164616
164613
164609
164611
164615
164616
164612
164609
164612
164617
164618
164615
164612
164614
164616
164617
164613
164609
164611
164613
164613
164609
164606
164607
164610
164611
164608
164604
164607
164612
164614
164610
164607
164608
164612
164614
164612
164610
164613
164617
164618
164615
164611
164613
164617
164618
164616
164613
164615
164617
164617
164614
164609
164610
164614
164615
164611
164607
164608
164610
164610
164605
164601
164603
164608
164612
164611
164611
164612
164614
164613
164607
164603
164604
164606
164606
164602
164600
164602
164605
164604
164601
164600
164604
164609
164610
164606
164602
164603
164607
164608
164605
164602
164606
164612
164614
164609
164604
164605
164608
164608
164605
164602
164604
164610
164611
164609
164607
164610
164613
164612
164607
164601
164601
164605
164607
164604
164600
164602
164605
164605
164601
164598
164600
164605
164606
164603
164600
164603
164608
164610
164606
164601
164601
164604
164605
164601
164599
164602
164606
164607
164603
164601
164606
164610
164610
164606
164602
164604
164607
164607
164604
164602
164605
164607
164606
164601
164599
164603
164610
164614
164611
164608
164610
164613
164613
164609
164606
164609
164612
164611
164606
164602
164603
164605
164603
164599
164596
164599
164604
164606
164603
164601
164605
164609
164608
164603
164599
164601
164602
164601
164597
164594
164596
164600
164599
164594
164590
164593
164596
164596
164592
164590
164593
164596
164596
164593
164592
164594
164597
164597
164593
164589
164591
164594
164594
164591
164589
164592
164597
164599
164596
164594
164598
164601
164600
164596
164593
164594
164598
164596
164591
164587
164590
164596
164598
164596
164594
164597
164601
164600
164596
164594
164596
164600
164601
164598
164595
164596
164599
164600
164596
164594
164598
164604
164605
164601
164596
164597
164600
164601
164597
164595
164600
164605
164605
164601
164597
164599
164603
164604
164602
164599
164603
164607
164606
164602
164597
164598
164602
164602
164599
164597
164600
164604
164602
164597
164596
164599
164603
164602
164597
164595
164599
164603
164604
164602
164598
164602
164606
164606
164603
164601
164603
164605
164604
164600
164597
164598
164601
164600
164596
164592
164594
164599
164599
164596
164594
164597
164599
164597
164593
164592
164597
164605
164606
164602
164599
164600
164602
164600
164595
164592
164594
164598
164599
164595
164594
164599
164604
164603
164599
164597
164601
164605
164604
164600
164599
164602
164605
164602
164595
164592
164595
164599
164599
164597
164596
164600
164603
164600
164595
164592
164596
164600
164600
164597
164596
164600
164604
164603
164600
164599
164603
164606
164604
164599
164596
164598
164602
164602
164599
164598
164602
164606
164604
164600
164598
164601
164604
164602
164598
164596
164599
164602
164600
164596
164594
164598
164602
164601
164598
164596
164601
164605
164604
164601
164599
164602
164604
164602
164598
164595
164599
164602
164600
164596
164596
164602
164608
164608
164605
164603
164606
164610
164609
164605
164603
164605
164608
164607
164603
164601
164604
164608
164607
164604
164602
164603
164605
164602
164598
164596
164600
164605
164604
164601
164600
164602
164607
164606
164603
164602
164604
164607
164604
164599
164596
164599
164601
164599
164596
164594
164597
164600
164599
164596
164594
164599
164603
164601
164598
164599
164602
164604
164601
164598
164599
164604
164609
164607
164601
164599
164603
164606
164603
164599
164596
164598
164599
164597
164592
164590
164593
164598
164598
164595
164593
164596
164598
164593
164588
164587
164593
164599
164599
164596
164596
164598
164601
164598
164592
164589
164592
164597
164597
164595
164593
164595
164596
164592
164589
164590
164594
164598
164597
164596
164595
164598
164601
164601
164598
164596
164600
164603
164601
164595
164593
164595
164599
164599
164596
164597
164600
164603
164600
164596
164595
164599
164603
164602
164600
164600
164602
164605
164603
164599
164598
164601
164604
164602
164598
164597
164601
164606
164605
164601
164601
164605
164610
164610
164607
164605
164608
164612
164612
164610
164609
164611
164613
164609
164605
164605
164608
164612
164610
164606
164606
164611
164615
164614
164610
164609
164612
164613
164609
164605
164605
164609
164612
164611
164609
164610
164615
164620
164619
164614
164612
164615
164618
164615
164611
164610
164615
164619
164617
164612
164608
164610
164613
164609
164604
164603
164607
164610
164610
164609
164611
164617
164620
164617
164611
164610
164612
164615
164612
164609
164610
164614
164617
164615
164612
164612
164616
164619
164618
164617
164618
164622
164624
164621
164617
164617
164621
164623
164621
164618
164617
164620
164622
164618
164614
164615
164621
164627
164626
164623
164623
164626
164629
164627
164622
164622
164625
164627
164625
164621
164620
164623
164625
164622
164619
164620
164624
164627
164624
164620
164618
164621
164625
164623
164618
164618
164621
164623
164622
164620
164622
164627
164631
164630
164628
164628
164631
164634
164631
164627
164629
164634
164637
164634
164630
164630
164634
164637
164634
164630
164631
164636
164639
164634
164628
164628
164630
164633
164632
164631
164634
164641
164645
164642
164638
164638
164640
164640
164636
164631
164631
164636
164640
164637
164634
164634
164639
164642
164638
164633
164634
164636
164638
164635
164632
164634
164638
164640
164638
164635
164636
164641
164643
164639
164635
164635
164640
164643
164641
164636
164635
164638
164641
164638
164634
164635
164639
164641
164639
164636
164637
164640
164641
164638
164634
164633
164637
164639
164638
164636
164639
164643
164646
164644
164640
164640
164643
164646
164645
164642
164642
164646
164648
164645
164642
164643
164648
164649
164646
164641
164642
164645
164648
164645
164640
164640
164643
164644
164642
164639
164641
164644
164646
164644
164640
164640
164642
164643
164640
164635
164634
164638
164641
164638
164636
164638
164642
164645
164642
164639
164641
164644
164645
164642
164638
164639
164641
164642
164639
164636
164640
164646
164649
164646
164643
164645
164649
164651
164647
164643
164644
164648
164650
164646
164641
164640
164642
164644
164640
164636
164639
164642
164644
164641
164637
164640
164644
164646
164641
164637
164638
164642
164645
164643
164641
164644
164648
164652
164650
164647
164648
164651
164652
164650
164647
164647
164650
164651
164646
164642
164643
164648
164652
164650
164645
164645
164647
164646
164642
164640
164644
164649
164652
164650
164648
164651
164655
164657
164653
164649
164652
164656
164658
164655
164651
164652
164656
164659
164656
164653
164654
164657
164658
164654
164652
164655
164660
164661
164656
164650
164649
164653
164654
164650
164647
164650
164654
164654
164648
164644
164645
164650
164654
164652
164651
164654
164658
164659
164655
164650
164651
164653
164654
164651
164647
164648
164652
164655
164653
164651
164651
164652
164652
164647
164643
164644
164649
164653
164650
164648
164651
164654
164655
164650
164646
164647
164650
164651
164648
164644
164648
164652
164654
164650
164646
164647
164651
164652
164648
164644
164645
164650
164652
164648
164644
164646
164648
164648
164646
164644
164649
164655
164656
164654
164650
164652
164655
164655
164650
164646
164648
164651
164650
164646
164642
164644
164648
164649
164645
164640
164642
164645
164646
164644
164642
164644
164647
164648
164644
164641
164644
164650
164653
164651
164652
164657
164663
164666
164664
164661
164661
164664
164662
164658
164655
164656
164657
164655
164652
164648
164650
164653
164652
164647
164643
164645
164650
164651
164647
164643
164646
164652
164655
164651
164647
164649
164653
164654
164649
164646
164649
164653
164653
164650
164647
164650
164655
164656
164653
164652
164654
164657
164657
164654
164649
164650
164653
164654
164651
164647
164649
164653
164652
164647
164644
164646
164649
164649
164645
164643
164649
164655
164658
164655
164651
164652
164654
164653
164647
164643
164645
164648
164649
164646
164645
164648
164651
164652
164649
164646
164648
164651
164649
164645
164642
164644
164647
164647
164645
164643
164645
164648
164648
164646
164644
164646
164649
164649
164646
164644
164648
164652
164652
164647
164644
164647
164652
164653
164650
164647
164650
164654
164654
164652
164650
164652
164656
164657
164653
164652
164655
164659
164658
164654
164648
164650
164653
164653
164651
164650
164654
164657
164655
164651
164647
164649
164652
164653
164650
164647
164649
164652
164650
164646
164641
164643
164647
164648
164644
164643
164647
164652
164651
164646
164643
164646
164652
164652
164647
164644
164648
164654
164654
164650
164647
164651
164655
164656
164654
164651
164653
164655
164653
164649
164646
164648
164651
164651
164647
164643
164646
164649
164647
164643
164641
164645
164651
164651
164649
164646
164648
164651
164651
164646
164641
164643
164648
164646
164642
164640
164643
164647
164647
164645
164643
164645
164649
164649
164645
164642
164644
164647
164646
164642
164641
164645
164649
164648
164645
164642
164645
164649
164649
164646
164645
164649
164652
164651
164646
164642
164644
164646
164645
164642
164640
164644
164649
164648
164644
164640
164642
164648
164650
164648
164645
164647
164650
164649
164645
164642
164644
164649
164649
164645
164642
164645
164649
164648
164643
164640
164643
164647
164645
164642
164640
164642
164645
164643
164639
164638
164642
164648
164648
164644
164642
164645
164650
164648
164643
164639
164641
164645
164643
164639
164637
164639
164641
164641
164638
164637
164642
164647
164646
164642
164640
164643
164647
164647
164644
164642
164646
164650
164649
164645
164644
164648
164650
164648
164644
164641
164645
164649
164647
164643
164643
164648
164650
164648
164644
164641
164642
164644
164642
164640
164640
164643
164646
164644
164639
164636
164639
164642
164643
164642
164642
164645
164648
164645
164640
164638
164640
164645
164645
164643
164642
164646
164650
164649
164645
164643
164645
164647
164645
164642
164642
164647
164652
164651
164648
164646
164649
164652
164651
164647
164646
164652
164657
164655
164650
164648
164650
164653
164651
164647
164646
164650
164653
164651
164646
164643
164646
164650
164651
164650
164649
164652
164655
164654
164651
164649
164651
164656
164655
164649
164648
164652
164655
164654
164651
164649
164653
164657
164655
164650
164646
164648
164651
164649
164648
164648
164653
164657
164656
164652
164650
164652
164654
164651
164647
164647
164653
164658
164656
164652
164650
164653
164655
164652
164649
164649
164653
164655
164653
164649
164649
164653
164657
164656
164653
164653
164656
164658
164656
164652
164650
164651
164653
164651
164647
164647
164651
164654
164652
164647
164646
164648
164651
164650
164648
164649
164654
164657
164655
164650
164646
164648
164652
164651
164650
164651
164656
164659
164657
164653
164652
164655
164659
164656
164652
164651
164653
164657
164655
164652
164650
164653
164658
164657
164654
164653
164654
164654
164649
164643
164642
164646
164651
164650
164648
164648
164651
164652
164648
164644
164644
164648
164651
164649
164646
164645
164650
164654
164650
164645
164644
164647
164649
164645
164640
164640
164645
164648
164646
164641
164641
164645
164649
164647
164643
164644
164648
164652
164650
164645
164644
164647
164648
164645
164642
164644
164649
164653
164651
164646
164646
164650
164651
164647
164643
164642
164646
164648
164645
164640
164640
164642
164644
164643
164640
164641
164646
164651
164649
164645
164645
164648
164650
164648
164644
164644
164648
164651
164649
164645
164644
164647
164651
164649
164646
164645
164649
164652
164651
164649
164648
164650
164651
164647
164642
164641
164644
164648
164645
164642
164641
164644
164647
164643
164639
164640
164646
164650
164649
164646
164646
164649
164651
164647
164644
164644
164648
164652
164650
164645
164644
164647
164649
164645
164642
164642
164646
164649
164646
164642
164641
164645
164649
164647
164644
164643
164647
164650
164648
164645
164645
164648
164651
164649
164644
164645
164647
164649
164646
164643
164643
164646
164649
164647
164644
164644
164648
164651
164648
164643
164644
164649
164653
164652
164648
164647
164651
164655
164652
164648
164647
164650
164652
164650
164647
164648
164652
164657
164655
164651
164651
164653
164653
164648
164644
164646
164652
164656
164655
164652
164652
164655
164657
164653
164649
164649
164653
164657
164654
164649
164649
164652
164653
164649
164646
164646
164650
164653
164652
164650
164650
164653
164655
164652
164649
164651
164655
164657
164654
164651
164652
164656
164658
164656
164652
164653
164657
164660
164656
164652
164653
164659
164663
164660
164655
164655
164657
164657
164653
164648
164649
164652
164654
164652
164649
164652
164658
164661
164657
164652
164652
164655
164656
164652
164648
164649
164654
164659
164656
164652
164651
164653
164653
164649
164645
164648
164653
164657
164654
164650
164651
164654
164654
164649
164644
164646
164649
164652
164650
164649
164654
164658
164659
164655
164650
164650
164654
164656
164654
164653
164655
164659
164660
164657
164654
164655
164658
164661
164659
164656
164657
164660
164662
164659
164654
164655
164659
164661
164657
164652
164651
164653
164654
164651
164647
164647
164652
164655
164653
164651
164654
164658
164661
164657
164653
164654
164658
164658
164652
164647
164649
164652
164654
164651
164647
164648
164652
164654
164651
164649
164652
164657
164660
164657
164652
164652
164656
164658
164656
164654
164656
164660
164660
164654
164649
164650
164653
164655
164653
164650
164653
164657
164660
164659
164655
164654
164656
164656
164653
164650
164652
164657
164660
164657
164654
164656
164661
164663
164662
164659
164661
164662
164663
164661
164657
164657
164659
164661
164658
164655
164657
164663
164665
164661
164657
164660
164664
164664
164660
164657
164660
164665
164667
164664
164659
164658
164660
164662
164660
164658
164661
164665
164665
164659
164655
164655
164658
164659
164656
164653
164657
164664
164666
164662
164657
164659
164663
164664
164659
164654
164655
164659
164660
164657
164655
164659
164663
164662
164657
164651
164652
164656
164659
164657
164655
164659
164664
164665
164660
164656
164657
164660
164660
164656
164653
164656
164660
164662
164658
164655
164656
164661
164662
164662
164662
164664
164666
164666
164661
164655
164655
164658
164658
164654
164650
164650
164653
164654
164650
164645
164647
164651
164653
164651
164649
164651
164653
164653
164649
164645
164647
164651
164654
164653
164651
164654
164658
164659
164655
164653
164655
164658
164658
164654
164651
164653
164656
164657
164654
164652
164653
164656
164655
164651
164648
164651
164654
164654
164651
164648
164653
164658
164658
164655
164653
164655
164659
164659
164656
164654
164656
164660
164661
164658
164655
164657
164659
164659
164655
164652
164654
164658
164658
164654
164649
164650
164654
164654
164651
164650
164654
164659
164660
164657
164653
164655
164656
164654
164650
164649
164653
164657
164657
164653
164649
164650
164653
164653
164649
164648
164652
164657
164658
164654
164651
164654
164657
164657
164654
164653
164657
164661
164660
164655
164651
164654
164657
164658
164653
164650
164653
164657
164656
164652
164649
164652
164657
164657
164653
164650
164652
164656
164655
164650
164648
164651
164655
164655
164650
164647
164649
164653
164651
164648
164645
164648
164653
164655
164652
164650
164652
164656
164656
164651
164648
164651
164654
164653
164649
164646
164648
164653
164654
164649
164644
164645
164648
164648
164645
164643
164647
164652
164652
164647
164643
164644
164646
164645
164642
164640
164645
164650
164650
164646
164643
164646
164651
164652
164651
164650
164654
164656
164655
164650
164646
164648
164652
164652
164649
164647
164650
164654
164654
164650
164647
164650
164654
164653
164650
164648
164652
164657
164657
164653
164650
164652
164655
164654
164650
164647
164650
164656
164658
164656
164654
164657
164661
164661
164657
164653
164655
164659
164658
164653
164650
164651
164655
164656
164653
164651
164653
164657
164656
164652
164650
164653
164657
164657
164654
164652
164654
164657
164655
164652
164650
164652
164654
164652
164649
164648
164650
164654
164654
164651
164649
164652
164656
164655
164651
164649
164651
164655
164655
164651
164649
164654
164657
164656
164651
164647
164649
164653
164653
164649
164646
164650
164655
164655
164650
164648
164653
164657
164656
164652
164649
164652
164657
164656
164650
164647
164649
164652
164652
164650
164650
164653
164657
164656
164651
164648
164650
164653
164651
164645
164641
164644
164647
164643
164638
164636
164640
164646
164645
164642
164641
164646
164650
164649
164645
164642
164645
164649
164648
164645
164642
164646
164649
164650
164647
164646
164650
164654
164651
164645
164642
164646
164649
164648
164644
164643
164647
164651
164650
164646
164643
164646
164650
164650
164646
164645
164649
164653
164651
164646
164643
164646
164650
164649
164643
164639
164641
164645
164645
164644
164643
164646
164649
164650
164647
164645
164648
164650
164648
164645
164643
164646
164649
164648
164645
164643
164648
164652
164650
164646
164644
164648
164651
164650
164646
164644
164647
164651
164648
164644
164642
164644
164646
164644
164640
164639
164642
164646
164644
164641
164641
164646
164651
164651
164648
164644
164647
164650
164648
164646
164646
164649
164654
164654
164648
164643
164645
164648
164647
164643
164643
164647
164653
164654
164651
164648
164651
164653
164649
164645
164645
164649
164653
164650
164646
164644
164648
164651
164648
164644
164643
164646
164650
164647
164642
164641
164647
164652
164650
164646
164645
164649
164651
164648
164643
164642
164645
164650
164650
164646
164644
164647
164648
164646
164642
164641
164644
164645
164642
164639
164640
164644
164647
164646
164643
164642
164646
164649
164647
164643
164642
164646
164651
164649
164645
164644
164647
164651
164649
164646
164644
164646
164648
164647
164643
164643
164645
164647
164643
164638
164636
164641
164647
164648
164646
164646
164650
164654
164650
164645
164643
164645
164650
164650
164651
164652
164656
164659
164656
164649
164643
164644
164646
164645
164643
164643
164648
164653
164652
164647
164645
164648
164651
164648
164643
164641
164645
164648
164646
164643
164641
164643
164646
164644
164641
164642
164646
164650
164648
164644
164642
164644
164647
164644
164641
164641
164643
164646
164645
164642
164644
164648
164650
164647
164641
164638
164640
164642
164640
164637
164638
164643
164647
164645
164641
164640
164643
164645
164643
164640
164640
164645
164650
164649
164645
164645
164648
164650
164647
164644
164646
164650
164652
164648
164643
164641
164643
164647
164645
164642
164643
164648
164651
164648
164644
164643
164645
164648
164647
164645
164646
164651
164657
164656
164651
164648
164650
164651
164646
164642
164643
164649
164655
164654
164650
164648
164650
164653
164652
164649
164650
164654
164657
164653
164648
164647
164650
164653
164652
164650
164649
164652
164655
164652
164647
164646
164649
164652
164650
164646
164647
164650
164652
164650
164647
164646
164651
164654
164652
164648
164649
164653
164654
164651
164647
164648
164651
164654
164653
164649
164648
164652
164656
164652
164648
164648
164651
164654
164651
164648
164649
164654
164659
164656
164651
164650
164652
164654
164652
164649
164650
164655
164659
164656
164652
164651
164652
164653
164649
164646
164647
164653
164657
164655
164650
164650
164653
164656
164654
164650
164650
164653
164655
164652
164649
164648
164651
164653
164651
164650
164653
164658
164662
164659
164656
164656
164659
164661
164659
164655
164654
164658
164661
164658
164653
164653
164657
164660
164658
164654
164653
164656
164659
164655
164651
164653
164657
164662
164660
164655
164652
164653
164654
164652
164649
164651
164654
164657
164655
164653
164653
164656
164658
164655
164652
164652
164657
164661
164659
164655
164653
164657
164660
164656
164651
164651
164654
164657
164656
164653
164653
164656
164659
164656
164653
164655
164659
164662
164658
164654
164653
164656
164658
164653
164649
164649
164652
164654
164651
164648
164649
164654
164656
164653
164649
164649
164653
164655
164652
164650
164652
164656
164661
164659
164657
164658
164661
164663
164660
164655
164655
164659
164662
164660
164656
164657
164660
164660
164656
164651
164651
164655
164658
164655
164653
164653
164657
164659
164655
164650
164650
164651
164653
164649
164644
164645
164650
164653
164650
164646
164646
164650
164653
164651
164648
164650
164654
164656
164652
164649
164650
164653
164654
164650
164645
164646
164649
164650
164647
164645
164646
164649
164649
164644
164639
164641
164644
164647
164645
164643
164643
164645
164645
164641
164637
164638
164642
164644
164642
164639
164640
164644
164645
164640
164636
164638
164643
164645
164642
164638
164640
164644
164646
164643
164640
164642
164646
164648
164645
164641
164643
164647
164649
164647
164644
164648
164652
164653
164650
164645
164645
164647
164647
164643
164639
164641
164647
164649
164646
164642
164643
164647
164649
164646
164641
164641
164645
164647
164643
164639
164641
164646
164647
164644
164640
164641
164644
164647
164644
164641
164644
164647
164647
164644
164639
164642
164647
164651
164649
164647
164647
164649
164649
164645
164641
164643
164646
164646
164641
164636
164636
164640
164641
164640
164639
164643
164649
164652
164649
164641
164638
164638
164640
164637
164636
164640
164645
164648
164645
164641
164641
164643
164643
164641
164640
164644
164648
164649
164645
164641
164643
164645
164646
164641
164637
164639
164645
164648
164646
164643
164644
164647
164647
164643
164639
164641
164646
164649
164647
164645
164647
164651
164650
164645
164640
164641
164645
164649
164647
164645
164646
164649
164650
164647
164644
164646
164650
164653
164651
164648
164649
164651
164648
164643
164641
164642
164646
164648
164645
164642
164643
164646
164644
164638
164634
164635
164639
164642
164640
164639
164641
164644
164645
164642
164640
164643
164646
164647
164642
164637
164637
164641
164642
164640
164640
164644
164649
164651
164648
164642
164642
164645
164646
164642
164640
164645
164649
164649
164644
164638
164637
164640
164641
164638
164635
164639
164644
164646
164644
164642
164647
164652
164654
164653
164650
164653
164656
164655
164650
164643
164642
164645
164645
164642
164640
164644
164651
164652
164647
164643
164645
164649
164648
164644
164641
164643
164647
164648
164644
164640
164642
164646
164646
164643
164640
164644
164649
164651
164648
164645
164646
164648
164649
164645
164641
164642
164645
164645
164642
164638
164638
164640
164640
164636
164634
164637
164642
164645
164641
164638
164640
164641
164639
164633
164630
164633
164638
164638
164636
164633
164635
164638
164637
164634
164631
164635
164639
164640
164635
164633
164635
164639
164639
164636
164633
164636
164641
164642
164639
164635
164636
164637
164637
164634
164632
164636
164642
164643
164638
164632
164632
164634
164634
164631
164628
164630
164635
164635
164633
164630
164632
164635
164636
164634
164631
164631
164633
164632
164630
164630
164634
164640
164641
164637
164634
164636
164639
164640
164638
164636
164640
164644
164644
164639
164634
164636
164637
164635
164631
164629
164633
164637
164639
164638
164635
164636
164639
164639
164636
164634
164638
164641
164639
164635
164633
164635
164638
164637
164633
164629
164630
164633
164633
164630
164628
164631
164635
164635
164632
164630
164633
164637
164639
164636
164633
164636
164640
164640
164637
164635
164637
164639
164637
164632
164629
164632
164636
164635
164632
164628
164631
164635
164634
164630
164628
164632
164636
164637
164634
164632
164634
164636
164635
164631
164628
164631
164636
164637
164634
164632
164635
164640
164638
164632
164630
164633
164637
164637
164633
164631
164634
164638
164637
164633
164632
164635
164640
164642
164639
164636
164640
164645
164645
164642
164639
164641
164643
164643
164639
164638
164641
164645
164645
164643
164642
164644
164647
164645
164641
164638
164641
164645
164645
164640
164636
164640
164643
164641
164636
164632
164636
164640
164641
164637
164634
164636
164639
164637
164633
164632
164636
164640
164641
164639
164635
164636
164637
164636
164632
164631
164636
164642
164643
164639
164636
164638
164640
164637
164631
164628
164631
164637
164636
164632
164629
164630
164631
164630
164627
164626
164630
164636
164637
164634
164630
164631
164633
164631
164627
164626
164631
164635
164636
164633
164631
164635
164640
164639
164635
164632
164635
164638
164637
164633
164631
164635
164641
164640
164636
164632
164635
164638
164636
164632
164630
164633
164638
164638
164636
164636
164639
164644
164643
164639
164637
164641
164644
164643
164640
164637
164640
164642
164640
164634
164630
164633
164638
164638
164636
164636
164640
164645
164644
164640
164638
164640
164642
164641
164639
164639
164644
164647
164646
164642
164639
164640
164642
164641
164638
164637
164640
164644
164643
164639
164637
164639
164642
164640
164637
164635
164639
164643
164643
164640
164637
164638
164642
164641
164638
164636
164639
164642
164640
164635
164633
164637
164641
164641
164638
164637
164641
164646
164646
164643
164642
164644
164645
164643
164639
164637
164640
164643
164642
164639
164637
164639
164642
164641
164639
164639
164644
164649
164648
164645
164644
164648
164653
164651
164646
164642
164644
164646
164643
164639
164638
164641
164644
164643
164641
164641
164647
164652
164653
164651
164649
164653
164658
164658
164654
164652
164654
164656
164653
164649
164647
164649
164651
164649
164646
164644
164648
164652
164650
164646
164644
164648
164652
164651
164647
164646
164651
164654
164654
164650
164647
164650
164653
164650
164644
164642
164645
164649
164647
164643
164642
164646
164651
164649
164644
164643
164647
164652
164651
164647
164646
164650
164655
164654
164651
164650
164652
164655
164652
164646
164643
164645
164647
164646
164644
164643
164647
164652
164651
164646
164645
164646
164649
164649
164648
164649
164654
164657
164654
164648
164646
164649
164653
164651
164647
164644
164646
164650
164648
164644
164644
164648
164651
164651
164648
164647
164650
164654
164653
164648
164648
164652
164655
164652
164647
164645
164649
164652
164650
164646
164645
164650
164654
164654
164650
164649
164651
164653
164649
164645
164644
164648
164652
164651
164648
164647
164651
164653
164650
164646
164645
164647
164652
164652
164649
164648
164652
164657
164655
164652
164653
164657
164661
164657
164651
164649
164652
164654
164651
164647
164646
164651
164655
164652
164649
164646
164650
164654
164653
164650
164648
164651
164652
164649
164645
164645
164650
164655
164654
164651
164649
164651
164654
164653
164650
164651
164656
164661
164660
164656
164654
164658
164662
164660
164656
164656
164661
164665
164664
164659
164658
164662
164665
164663
164660
164660
164664
164669
164667
164663
164662
164665
164669
164667
164662
164660
164663
164666
164665
164663
164662
164663
164663
164658
164652
164650
164653
164657
164655
164652
164651
164655
164658
164657
164655
164656
164661
164665
164663
164658
164656
164659
164661
164660
164657
164659
164663
164668
164667
164664
164663
164666
164670
164668
164664
164663
164664
164666
164663
164660
164662
164666
164669
164666
164662
164660
164661
164662
164659
164655
164655
164659
164663
164661
164657
164656
164659
164662
164658
164654
164655
164659
164662
164660
164657
164659
164663
164666
164662
164657
164655
164658
164660
164658
164656
164657
164662
164665
164661
164657
164656
164659
164662
164660
164658
164660
164664
164666
164663
164660
164659
164662
164665
164662
164657
164657
164661
164664
164660
164656
164655
164658
164661
164659
164658
164661
164667
164671
164669
164665
164664
164667
164670
164667
164663
164663
164668
164671
164667
164663
164662
164666
164670
164669
164666
164667
164669
164670
164665
164660
164658
164661
164664
164662
164658
164658
164663
164666
164665
164663
164664
164667
164671
164668
164664
164664
164669
164673
164671
164667
164666
164670
164672
164668
164663
164663
164666
164669
164667
164662
164662
164666
164668
164665
164661
164661
164665
164667
164664
164662
164663
164666
164670
164669
164665
164664
164667
164668
164663
164658
164658
164663
164668
164667
164665
164666
164670
164673
164669
164664
164662
164664
164667
164665
164664
164665
164669
164672
164671
164668
164668
164671
164673
164670
164666
164665
164667
164670
164667
164663
164663
164668
164671
164668
164665
164666
164671
164675
164672
164668
164668
164672
164673
164668
164665
164667
164672
164676
164673
164671
164672
164674
164677
164673
164668
164668
164671
164673
164671
164668
164670
164675
164678
164674
164670
164670
164672
164675
164672
164669
164670
164675
164680
164678
164675
164675
164678
164679
164675
164671
164672
164677
164680
164677
164673
164674
164678
164680
164678
164676
164677
164680
164679
164674
164669
164668
164671
164676
164675
164674
164675
164678
164680
164676
164671
164673
164679
164684
164683
164680
164680
164682
164683
164680
164676
164677
164681
164682
164679
164675
164677
164681
164685
164682
164679
164679
164682
164683
164679
164675
164677
164682
164685
164683
164679
164679
164682
164685
164681
164679
164681
164684
164686
164683
164680
164682
164686
164686
164682
164678
164677
164680
164680
164676
164672
164674
164679
164682
164680
164678
164680
164685
164686
164682
164679
164680
164686
164689
164687
164684
164686
164690
164692
164689
164685
164686
164689
164690
164687
164683
164684
164686
164686
164681
164677
164679
164686
164691
164690
164687
164687
164689
164689
164685
164680
164680
164683
164684
164681
164679
164681
164685
164686
164682
164678
164680
164682
164683
164680
164677
164679
164684
164688
164685
164681
164681
164684
164686
164682
164678
164681
164686
164690
164688
164684
164685
164687
164688
164683
164680
164683
164688
164690
164686
164683
164684
164687
164687
164684
164681
164683
164687
164690
164687
164684
164685
164690
164692
164689
164686
164689
164693
164694
164691
164688
164689
164691
164690
164684
164679
164681
164686
164690
164689
164685
164687
164690
164691
164686
164681
164682
164686
164688
164686
164684
164686
164690
164691
164686
164683
164684
164686
164688
164686
164683
164685
164689
164690
164687
164684
164685
164687
164686
164681
164677
164680
164685
164689
164686
164682
164685
164690
164692
164687
164683
164686
164691
164693
164689
164686
164689
164693
164694
164691
164686
164687
164690
164691
164688
164686
164690
164695
164696
164693
164688
164688
164691
164692
164689
164687
164691
164697
164698
164694
164688
164687
164688
164688
164683
164681
164685
164691
164694
164692
164689
164688
164690
164690
164686
164683
164686
164691
164694
164691
164690
164692
164694
164693
164687
164683
164686
164690
164692
164688
164684
164685
164688
164689
164686
164683
164685
164689
164692
164690
164687
164689
164694
164695
164692
164689
164691
164695
164696
164693
164688
164689
164692
164692
164689
164687
164688
164692
164692
164689
164685
164686
164691
164694
164691
164689
164692
164696
164696
164692
164688
164688
164690
164691
164689
164687
164690
164694
164694
164691
164687
164689
164694
164696
164693
164691
164694
164698
164699
164697
164693
164694
164697
164696
164692
164689
164692
164696
164699
164698
164696
164700
164703
164703
164698
164694
164696
164699
164699
164696
164691
164692
164695
164695
164692
164690
164694
164699
164699
164694
164690
164690
164691
164689
164686
164684
164688
164694
164695
164691
164687
164690
164693
164693
164689
164685
164688
164693
164695
164692
164689
164690
164692
164692
164688
164685
164686
164689
164690
164686
164683
164687
164690
164689
164684
164681
164685
164689
164689
164686
164684
164688
164694
164695
164690
164684
164686
164689
164690
164687
164686
164690
164696
164698
164695
164692
164695
164700
164701
164696
164692
164693
164697
164696
164692
164689
164692
164697
164697
164694
164690
164692
164695
164695
164692
164688
164690
164694
164695
164692
164689
164692
164695
164694
164690
164687
164689
164694
164695
164692
164690
164695
164700
164700
164695
164691
164694
164697
164696
164691
164688
164690
164694
164693
164689
164686
164689
164693
164694
164691
164690
164694
164698
164698
164694
164691
164693
164697
164697
164694
164692
164696
164700
164700
164697
164694
164697
164699
164697
164693
164690
164694
164699
164699
164695
164692
164695
164699
164699
164694
164691
164693
164697
164698
164694
164690
164695
164701
164703
164699
164695
164698
164700
164699
164694
164690
164693
164698
164699
164696
164695
164699
164702
164701
164697
164693
164695
164698
164699
164697
164695
164698
164702
164703
164700
164698
164700
164703
164702
164698
164696
164698
164703
164702
164700
164697
164699
164702
164700
164696
164691
164691
164694
164693
164689
164686
164689
164694
164692
164689
164687
164691
164695
164696
164694
164692
164694
164695
164693
164690
164689
164693
164700
164703
164701
164699
164700
164701
164699
164694
164692
164694
164697
164696
164692
164691
164695
164698
164696
164691
164687
164688
164690
164690
164688
164686
164690
164696
164698
164695
164692
164695
164698
164696
164692
164689
164693
164696
164696
164693
164692
164695
164699
164699
164695
164691
164690
164691
164689
164683
164680
164684
164689
164689
164687
164686
164691
164696
164695
164691
164687
164690
164693
164691
164686
164684
164689
164694
164693
164689
164687
164689
164692
164691
164688
164685
164689
164694
164694
164691
164689
164692
164696
164693
164688
164684
164685
164689
164689
164686
164686
164692
164696
164693
164687
164682
164683
164684
164684
164681
164680
164684
164689
164690
164686
164683
164685
164687
164685
164682
164681
164686
164693
164694
164692
164688
164689
164692
164690
164686
164685
164689
164694
164694
164690
164688
164690
164692
164690
164686
164684
164687
164692
164692
164688
164686
164689
164692
164689
164684
164682
164685
164690
164689
164686
164685
164689
164693
164693
164691
164688
164691
164695
164694
164690
164690
164694
164698
164695
164689
164684
164686
164690
164690
164688
164686
164689
164693
164692
164689
164687
164690
164694
164693
164689
164687
164689
164692
164690
164686
164683
164686
164690
164692
164689
164687
164691
164694
164692
164687
164685
164689
164692
164692
164689
164686
164689
164692
164691
164687
164685
164688
164691
164690
164687
164687
164692
164696
164694
164690
164688
164692
164697
164696
164691
164689
164692
164694
164691
164685
164682
164685
164689
164689
164688
164688
164692
164696
164694
164689
164687
164690
164691
164688
164686
164688
164694
164698
164697
164692
164690
164694
164698
164697
164692
164689
164692
164695
164694
164693
164694
164697
164702
164700
164697
164695
164698
164700
164697
164693
164691
164694
164697
164694
164689
164687
164690
164694
164692
164688
164687
164692
164696
164694
164690
164689
164692
164695
164694
164691
164689
164693
164698
164697
164694
164692
164693
164694
164692
164688
164686
164690
164693
164691
164689
164687
164690
164693
164692
164691
164689
164692
164695
164693
164688
164686
164689
164692
164692
164690
164690
164695
164699
164697
164694
164692
164695
164699
164697
164694
164691
164694
164697
164695
164692
164692
164695
164699
164698
164694
164692
164695
164698
164695
164691
164689
164694
164699
164697
164692
164691
164695
164698
164696
164692
164690
164692
164694
164691
164686
164683
164686
164690
164688
164685
164685
164688
164692
164690
164685
164683
164685
164690
164691
164689
164690
164696
164700
164696
164691
164687
164688
164691
164692
164691
164692
164698
164704
164702
164697
164695
164697
164697
164695
164693
164694
164698
164700
164696
164691
164690
164693
164699
164700
164699
164699
164701
164702
164698
164694
164692
164696
164700
164696
164690
164688
164692
164695
164692
164688
164686
164690
164694
164693
164691
164690
164694
164699
164699
164697
164697
164699
164701
164697
164691
164689
164692
164697
164697
164694
164693
164695
164698
164695
164690
164689
164694
164699
164696
164690
164688
164691
164694
164690
164687
164686
164689
164693
164693
164691
164691
164696
164699
164697
164692
164691
164694
164699
164699
164698
164697
164697
164698
164695
164691
164691
164694
164698
164697
164694
164695
164700
164705
164704
164701
164699
164701
164702
164700
164696
164695
164697
164701
164700
164697
164695
164696
164700
164698
164695
164694
164696
164700
164698
164693
164693
164698
164702
164701
164697
164696
164697
164701
164700
164698
164698
164703
164707
164704
164699
164697
164701
164704
164701
164696
164693
164697
164701
164699
164696
164697
164701
164704
164699
164694
164691
164693
164695
164693
164690
164692
164697
164701
164699
164696
164696
164700
164702
164699
164694
164693
164697
164700
164698
164694
164694
164699
164704
164704
164702
164702
164707
164710
164706
164701
164699
164700
164702
164699
164694
164695
164700
164703
164701
164697
164696
164698
164700
164696
164692
164691
164694
164698
164696
164693
164693
164697
164700
164699
164696
164700
164707
164714
164711
164706
164704
164706
164707
164702
164695
164693
164694
164697
164693
164689
164687
164690
164694
164692
164688
164688
164692
164695
164691
164687
164687
164690
164694
164692
164688
164689
164692
164695
164692
164687
164686
164689
164693
164692
164691
164691
164694
164695
164690
164684
164681
164684
164687
164685
164683
164685
164691
164696
164693
164688
164687
164690
164694
164691
164688
164688
164691
164693
164689
164683
164682
164686
164690
164688
164685
164685
164689
164692
164690
164687
164685
164687
164687
164682
164677
164677
164681
164686
164685
164681
164681
164685
164687
164684
164682
164684
164689
164693
164690
164685
164686
164690
164693
164692
164689
164690
164694
164700
164701
164699
164700
164704
164706
164703
164699
164698
164702
164705
164704
164700
164702
164704
164706
164701
164696
164696
164700
164703
164701
164697
164697
164700
164704
164701
164697
164698
164702
164705
164704
164701
164702
164707
164712
164710
164706
164707
164712
164716
164713
164710
164710
164714
164716
164713
164710
164710
164715
164717
164714
164709
164708
164711
164712
164705
164699
164699
164704
164708
164707
164706
164710
164717
164721
164719
164715
164713
164716
164718
164716
164714
164715
164719
164720
164716
164711
164710
164714
164718
164715
164710
164710
164713
164715
164711
164706
164705
164708
164711
164709
164705
164707
164711
164716
164714
164711
164712
164716
164718
164714
164710
164709
164712
164714
164713
164711
164712
164715
164718
164717
164712
164712
164715
164718
164715
164711
164713
164716
164717
164713
164708
164710
164715
164719
164715
164712
164712
164714
164715
164712
164709
164709
164714
164718
164716
164713
164713
164715
164717
164713
164710
164711
164716
164718
164716
164714
164715
164719
164721
164718
164715
164715
164719
164721
164717
164713
164713
164717
164720
164716
164712
164712
164716
164719
164716
164714
164713
164714
164715
164713
164709
164709
164714
164718
164715
164710
164709
164711
164712
164709
164706
164706
164710
164715
164713
164709
164708
164710
164713
164710
164707
164707
164712
164715
164713
164710
164711
164716
164718
164715
164709
164709
164710
164711
164707
164703
164705
164710
164713
164709
164705
164707
164712
164716
164714
164711
164713
164718
164721
164718
164714
164714
164716
164718
164714
164710
164710
164714
164716
164712
164709
164712
164716
164718
164715
164710
164709
164711
164713
164709
164704
164705
164710
164711
164708
164703
164704
164707
164710
164708
164706
164707
164712
164714
164710
164706
164707
164711
164714
164712
164709
164709
164712
164714
164708
164704
164705
164709
164712
164710
164706
164707
164711
164712
164707
164701
164701
164704
164706
164703
164700
164702
164706
164710
164708
164704
164703
164706
164708
164706
164704
164706
164711
164713
164711
164706
164706
164709
164711
164709
164707
164709
164713
164715
164711
164707
164707
164710
164711
164707
164705
164706
164710
164711
164706
164703
164705
164708
164711
164707
164703
164704
164707
164709
164705
164700
164699
164703
164705
164701
164697
164698
164703
164706
164703
164700
164702
164707
164710
164706
164703
164703
164706
164706
164702
164700
164702
164708
164711
164707
164703
164703
164704
164703
164697
164693
164694
164699
164702
164701
164698
164700
164705
164708
164707
164705
164707
164711
164713
164710
164704
164706
164711
164714
164711
164708
164709
164713
164714
164711
164707
164708
164711
164711
164708
164706
164708
164712
164714
164711
164707
164707
164711
164712
164709
164706
164707
164710
164711
164708
164704
164705
164708
164710
164708
164705
164708
164713
164716
164713
164710
164711
164715
164717
164714
164710
164711
164715
164718
164714
164710
164712
164717
164720
164716
164712
164714
164718
164720
164716
164711
164709
164709
164708
164703
164698
164700
164704
164708
164706
164704
164706
164709
164710
164705
164700
164699
164702
164705
164702
164699
164701
164706
164709
164706
164701
164702
164705
164707
164706
164704
164707
164714
164718
164716
164713
164712
164713
164713
164710
164709
164713
164716
164718
164714
164710
164711
164714
164715
164713
164711
164714
164718
164720
164717
164713
164714
164717
164718
164715
164713
164716
164721
164722
164720
164717
164719
164721
164720
164714
164709
164711
164715
164717
164714
164711
164712
164715
164717
164715
164713
164716
164721
164724
164722
164719
164720
164722
164724
164721
164718
164720
164725
164726
164723
164720
164723
164728
164731
164726
164722
164722
164726
164728
164725
164723
164724
164727
164728
164723
164719
164721
164725
164726
164724
164722
164723
164726
164728
164724
164719
164720
164724
164726
164725
164724
164728
164732
164733
164729
164724
164724
164728
164729
164727
164724
164725
164728
164728
164725
164721
164722
164726
164729
164726
164723
164726
164733
164735
164731
164728
164729
164733
164735
164732
164727
164728
164732
164733
164730
164726
164728
164732
164734
164731
164728
164729
164731
164733
164729
164724
164726
164731
164734
164731
164727
164729
164733
164733
164728
164724
164726
164729
164730
164728
164725
164727
164729
164729
164724
164721
164722
164726
164727
164724
164721
164724
164730
164733
164730
164726
164729
164733
164733
164729
164726
164728
164730
164729
164724
164719
164721
164725
164725
164722
164718
164719
164721
164721
164717
164714
164717
164722
164726
164725
164723
164725
164729
164729
164724
164720
164721
164726
164728
164725
164721
164721
164723
164723
164718
164715
164718
164724
164726
164722
164719
164722
164726
164727
164723
164718
164719
164724
164727
164725
164723
164725
164729
164731
164729
164727
164730
164734
164735
164730
164726
164727
164728
164727
164723
164719
164720
164723
164724
164722
164720
164722
164726
164728
164726
164723
164726
164730
164730
164728
164728
164732
164736
164737
164734
164731
164733
164735
164735
164731
164728
164729
164733
164733
164729
164725
164727
164731
164732
164730
164728
164732
164736
164736
164732
164727
164729
164734
164735
164733
164731
164733
164737
164737
164734
164732
164735
164738
164738
164734
164730
164731
164734
164734
164730
164727
164729
164732
164732
164727
164724
164727
164731
164731
164728
164726
164729
164734
164734
164728
164724
164726
164729
164729
164726
164723
164726
164732
164734
164731
164727
164728
164731
164732
164729
164727
164730
164735
164737
164734
164732
164734
164737
164736
164732
164729
164731
164737
164738
164735
164732
164734
164738
164739
164736
164733
164734
164737
164739
164736
164732
164733
164737
164737
164734
164730
164733
164737
164736
164731
164727
164729
164732
164733
164731
164730
164734
164738
164739
164735
164732
164735
164739
164740
164737
164733
164735
164739
164740
164737
164733
164733
164737
164737
164734
164732
164733
164736
164738
164734
164733
164737
164741
164743
164740
164738
164741
164744
164744
164740
164735
164737
164741
164741
164736
164733
164736
164739
164739
164737
164735
164739
164744
164745
164741
164736
164735
164736
164736
164734
164733
164737
164742
164743
164737
164733
164735
164739
164739
164737
164735
164740
164748
164747
164740
164737
164739
164742
164741
164737
164735
164738
164742
164742
164738
164735
164737
164742
164742
164737
164734
164736
164740
164740
164737
164736
164740
164745
164745
164742
164739
164740
164742
164741
164735
164730
164733
164739
164741
164739
164737
164742
164745
164743
164739
164734
164737
164742
164745
164743
164742
164745
164747
164744
164737
164733
164735
164739
164740
164739
164738
164741
164746
164746
164743
164741
164744
164748
164747
164742
164737
164740
164744
164744
164739
164736
164740
164745
164746
164742
164739
164743
164746
164747
164744
164741
164743
164745
164743
164738
164735
164739
164744
164743
164740
164737
164741
164746
164746
164742
164739
164743
164747
164747
164744
164743
164747
164753
164753
164750
164748
164751
164754
164753
164749
164746
164748
164751
164750
164746
164744
164747
164751
164752
164750
164749
164751
164755
164754
164749
164745
164746
164749
164748
164743
164740
164744
164749
164751
164748
164746
164749
164754
164754
164750
164746
164747
164750
164748
164744
164743
164747
164751
164752
164749
164747
164752
164756
164756
164751
164745
164744
164747
164747
164743
164740
164744
164748
164747
164742
164738
164739
164744
164744
164741
164740
164743
164747
164747
164744
164742
164745
164751
164750
164744
164739
164741
164746
164747
164746
164745
164749
164753
164752
164747
164744
164747
164750
164749
164746
164744
164748
164753
164752
164748
164744
164746
164749
164750
164747
164745
164750
164755
164756
164753
164750
164752
164755
164754
164750
164748
164751
164754
164753
164748
164745
164748
164752
164754
164752
164752
164757
164760
164759
164755
164753
164756
164760
164759
164756
164754
164757
164760
164759
164756
164752
164755
164759
164758
164753
164752
164755
164759
164756
164751
164748
164752
164758
164759
164756
164754
164756
164757
164756
164752
164751
164755
164759
164760
164756
164753
164755
164758
164755
164751
164748
164752
164756
164759
164758
164756
164759
164761
164758
164753
164749
164752
164758
164759
164756
164753
164755
164758
164758
164754
164751
164754
164759
164761
164758
164757
164762
164767
164767
164764
164760
164760
164761
164757
164752
164750
164754
164760
164760
164758
164755
164756
164759
164757
164753
164751
164755
164761
164762
164758
164755
164758
164760
164757
164752
164749
164752
164757
164757
164753
164752
164754
164757
164755
164751
164749
164753
164757
164757
164753
164751
164754
164759
164760
164758
164756
164760
164764
164763
164759
164756
164758
164760
164759
164755
164753
164756
164761
164762
164758
164756
164759
164763
164764
164762
164761
164765
164769
164768
164766
164764
164768
164771
164770
164765
164762
164764
164767
164766
164760
164757
164761
164766
164766
164765
164765
164770
164775
164774
164770
164767
164766
164768
164765
164758
164754
164756
164759
164757
164753
164750
164754
164759
164759
164757
164755
164758
164762
164760
164756
164752
164754
164757
164756
164752
164750
164754
164760
164762
164762
164759
164762
164767
164767
164763
164761
164765
164770
164770
164768
164767
164771
164774
164773
164769
164767
164770
164775
164774
164773
164771
164771
164772
164769
164764
164759
164760
164761
164759
164756
164755
164760
164766
164766
164764
164762
164765
164770
164771
164769
164768
164772
164777
164777
164773
164769
164770
164772
164770
164765
164762
164765
164768
164769
164767
164765
164768
164772
164771
164766
164763
164766
164770
164769
164766
164765
164768
164770
164768
164764
164761
164765
164770
164771
164769
164767
164770
164773
164771
164767
164766
164770
164774
164774
164771
164770
164774
164776
164775
164772
164770
164774
164778
164777
164773
164770
164773
164777
164775
164770
164767
164771
164775
164775
164772
164771
164775
164780
164778
164774
164772
164775
164778
164777
164773
164770
164771
164774
164772
164769
164767
164770
164774
164773
164770
164768
164771
164775
164774
164770
164768
164772
164775
164773
164770
164769
164773
164778
164777
164773
164770
164772
164776
164777
164773
164772
164776
164779
164776
164772
164769
164771
164773
164772
164770
164770
164775
164779
164779
164775
164772
164774
164777
164777
164775
164775
164778
164782
164780
164776
164774
164777
164781
164780
164776
164773
164776
164778
164776
164771
164769
164774
164778
164777
164774
164772
164774
164777
164776
164771
164769
164771
164775
164774
164770
164766
164770
164774
164772
164770
164769
164773
164777
164774
164770
164769
164773
164777
164777
164773
164771
164775
164778
164776
164772
164770
164772
164776
164775
164770
164768
164771
164773
164771
164767
164766
164770
164775
164774
164771
164770
164776
164780
164779
164775
164773
164775
164779
164777
164774
164773
164776
164779
164777
164773
164770
164771
164773
164771
164769
164768
164771
164777
164777
164776
164775
164778
164781
164778
164771
164768
164772
164775
164775
164773
164775
164779
164784
164782
164778
164775
164776
164778
164776
164772
164769
164773
164778
164778
164776
164775
164779
164783
164782
164777
164774
164777
164779
164779
164778
164778
164783
164787
164785
164780
164776
164776
164778
164776
164774
164773
164776
164780
164779
164777
164775
164780
164785
164784
164781
164779
164782
164786
164785
164780
164778
164781
164786
164785
164781
164779
164781
164785
164784
164781
164780
164785
164789
164789
164788
164788
164792
164796
164794
164787
164785
164788
164791
164790
164786
164784
164788
164792
164790
164786
164784
164787
164790
164788
164787
164786
164789
164792
164791
164787
164786
164790
164794
164791
164785
164782
164784
164788
164788
164786
164785
164788
164790
164789
164785
164784
164787
164792
164792
164788
164787
164789
164791
164788
164786
164786
164789
164793
164793
164792
164792
164797
164800
164797
164792
164789
164792
164796
164796
164793
164792
164796
164798
164794
164789
164786
164789
164793
164791
164788
164788
164791
164795
164793
164790
164789
164792
164796
164796
164794
164792
164795
164797
164795
164790
164787
164789
164791
164790
164788
164787
164791
164796
164795
164791
164788
164789
164792
164790
164785
164782
164786
164789
164787
164782
164780
164783
164787
164786
164785
164788
164793
164796
164794
164789
164786
164788
164790
164788
164785
164784
164789
164794
164793
164788
164786
164790
164794
164792
164786
164785
164788
164793
164791
164788
164787
164790
164793
164789
164784
164782
164786
164791
164791
164789
164788
164792
164795
164794
164790
164789
164794
164798
164795
164790
164788
164790
164792
164790
164787
164786
164791
164794
164790
164784
164782
164786
164791
164791
164789
164789
164793
164796
164791
164784
164781
164784
164787
164787
164785
164783
164785
164788
164786
164782
164780
164784
164788
164789
164787
164788
164792
164796
164794
164791
164788
164791
164793
164789
164786
164786
164790
164793
164790
164786
164785
164788
164790
164787
164782
164782
164787
164791
164789
164785
164784
164789
164795
164794
164791
164791
164795
164799
164796
164791
164789
164792
164795
164793
164789
164789
164793
164797
164796
164790
164787
164788
164790
164787
164784
164785
164790
164796
164795
164790
164789
164792
164798
164797
164794
164792
164793
164796
164795
164791
164790
164792
164793
164790
164785
164784
164789
164793
164792
164791
164792
164796
164798
164795
164790
164789
164792
164795
164794
164791
164792
164795
164799
164798
164793
164790
164791
164793
164789
164785
164786
164791
164796
164795
164792
164793
164797
164799
164794
164789
164788
164791
164795
164794
164792
164794
164798
164801
164798
164793
164792
164794
164795
164792
164787
164787
164790
164793
164790
164786
164785
164789
164793
164791
164788
164788
164791
164793
164790
164786
164786
164790
164794
164793
164789
164788
164791
164794
164792
164788
164786
164789
164792
164788
164783
164783
164787
