164718
164721
164725
164724
164720
164717
164719
164722
164722
164720
164717
164720
164723
164723
164719
164714
164715
164718
164720
164718
164717
164721
164725
164725
164720
164715
164714
164717
164718
164715
164713
164715
164719
164719
164716
164714
164718
164722
164724
164721
164716
164718
164720
164719
164715
164712
164714
164719
164720
164717
164713
164715
164718
164719
164717
164713
164717
164723
164723
164718
164713
164714
164718
164718
164713
164710
164714
164718
164716
164712
164710
164713
164719
164720
164717
164714
164716
164719
164719
164716
164714
164715
164718
164719
164715
164712
164714
164719
164720
164717
164714
164717
164721
164723
164720
164717
164719
164722
164722
164719
164718
164722
164725
164725
164721
164717
164718
164720
164719
164715
164713
164718
164724
164725
164722
164720
164722
164724
164723
164718
164714
164718
164723
164724
164721
164718
164722
164726
164727
164725
164723
164724
164726
164726
164723
164721
164724
164726
164725
164719
164714
164715
164719
164720
164719
164717
164721
164725
164726
164722
164716
164717
164721
164721
164717
164714
164717
164723
164724
164722
164718
164720
164724
164724
164721
164718
164720
164723
164725
164723
164721
164723
164726
164727
164722
164719
164722
164726
164725
164721
164718
164721
164724
164723
164719
164715
164717
164720
164721
164717
164716
164719
164722
164722
164718
164713
164715
164719
164721
164718
164715
164718
164721
164721
164717
164713
164716
164719
164718
164713
164710
164714
164719
164721
164718
164716
164720
164726
164726
164721
164716
164717
164720
164721
164717
164714
164718
164722
164722
164718
164713
164714
164718
164719
164717
164714
164718
164721
164720
164718
164717
164720
164724
164724
164720
164718
164721
164725
164724
164721
164718
164722
164727
164729
164727
164724
164727
164729
164728
164724
164721
164724
164730
164731
164727
164723
164725
164727
164727
164722
164719
164724
164729
164731
164729
164725
164726
164728
164726
164720
164716
164719
164724
164725
164722
164720
164723
164726
164726
164722
164720
164724
164729
164729
164725
164721
164722
164725
164724
164721
164719
164723
164727
164728
164725
164721
164721
164724
164724
164721
164720
164722
164726
164727
164724
164719
164720
164723
164723
164721
164719
164722
164726
164727
164723
164720
164722
164724
164724
164721
164720
164725
164732
164735
164730
164726
164729
164733
164732
164727
164722
164724
164727
164730
164728
164725
164728
164731
164730
164725
164722
164726
164731
164732
164728
164725
164727
164731
164732
164730
164729
164733
164738
164739
164736
164731
164731
164733
164734
164733
164732
164735
164738
164736
164731
164727
164728
164732
164733
164731
164730
164735
164741
164743
164740
164736
164738
164741
164741
164737
164732
164733
164735
164734
164731
164728
164730
164735
164736
164734
164732
164736
164739
164739
164735
164730
164732
164734
164734
164730
164728
164732
164737
164739
164737
164733
164734
164737
164737
164733
164730
164731
164735
164737
164735
164734
164738
164743
164745
164742
164737
164738
164741
164740
164736
164733
164735
164738
164739
164737
164735
164737
164740
164738
164732
164728
164729
164733
164734
164730
164728
164731
164735
164736
164733
164731
164735
164739
164738
164734
164731
164732
164735
164737
164734
164731
164734
164737
164737
164734
164730
164733
164739
164741
164737
164735
164739
164743
164744
164742
164740
164743
164747
164749
164746
164742
164744
164748
164748
164743
164738
164739
164741
164742
164740
164740
164744
164749
164750
164747
164744
164746
164747
164746
164741
164740
164743
164749
164750
164747
164744
164747
164750
164749
164745
164741
164743
164747
164749
164746
164743
164745
164748
164747
164745
164742
164745
164748
164750
164748
164745
164748
164752
164752
164748
164744
164746
164750
164751
164748
164745
164748
164752
164752
164749
164746
164748
164751
164749
164744
164740
164742
164748
164749
164746
164744
164748
164753
164754
164750
164746
164748
164751
164750
164748
164746
164749
164753
164754
164749
164745
164746
164749
164748
164745
164744
164748
164752
164753
164750
164747
164750
164753
164754
164751
164749
164753
164756
164756
164752
164748
164750
164754
164755
164751
164747
164749
164753
164754
164751
164748
164752
164758
164759
164757
164753
164755
164758
164759
164757
164754
164756
164758
164758
164754
164750
164753
164757
164756
164753
164750
164753
164758
164760
164757
164754
164756
164760
164761
164757
164754
164757
164761
164760
164755
164753
164756
164760
164760
164755
164752
164754
164758
164759
164755
164752
164755
164759
164759
164755
164752
164754
164758
164758
164754
164752
164756
164761
164761
164757
164753
164754
164757
164758
164755
164752
164754
164758
164757
164754
164753
164755
164758
164759
164756
164754
164756
164759
164758
164755
164752
164755
164758
164758
164754
164752
164755
164759
164760
164757
164756
164760
164765
164764
164759
164754
164756
164758
164757
164755
164753
164758
164763
164764
164759
164756
164758
164762
164762
164759
164758
164761
164765
164765
164761
164759
164763
164768
164768
164763
164760
164761
164764
164764
164761
164758
164761
164764
164763
164760
164758
164761
164765
164764
164761
164758
164762
164767
164769
164767
164765
164769
164773
164772
164768
164764
164766
164772
164773
164771
164771
164775
164779
164778
164773
164769
164770
164772
164771
164766
164761
164763
164767
164767
164764
164762
164765
164769
164771
164767
164763
164764
164766
164764
164761
164758
164762
164769
164771
164769
164766
164768
164771
164770
164765
164762
164764
164768
164769
164765
164762
164765
164769
164769
164766
164763
164767
164772
164774
164771
164766
164767
164772
164773
164770
164767
164770
164774
164773
164770
164767
164769
164772
164772
164769
164767
164770
164775
164774
164770
164765
164767
164771
164771
164768
164766
164769
164773
164773
164770
164767
164771
164776
164776
164772
164770
164773
164777
164778
164774
164770
164771
164773
164770
164765
164763
164767
164772
164775
164772
164769
164770
164773
164773
164769
164765
164768
164771
164770
164765
164762
164767
164774
164776
164772
164768
164769
164771
164770
164766
164765
164770
164777
164779
164775
164771
164773
164776
164774
164769
164765
164767
164771
164772
164769
164766
164769
164774
164775
164772
164768
164768
164772
164772
164769
164766
164770
164775
164776
164770
164766
164766
164770
164770
164767
164766
164768
164771
164770
164767
164765
164769
164773
164773
164767
164763
164766
164772
164772
164768
164765
164769
164773
164772
164768
164763
164766
164770
164771
164767
164764
164768
164772
164771
164766
164763
164766
164770
164771
164768
164764
164765
164768
164767
164763
164761
164764
164769
164770
164766
164764
164767
164770
164769
164766
164763
164766
164770
164770
164767
164764
164766
164771
164773
164770
164768
164769
164771
164771
164767
164765
164769
164774
164775
164772
164768
164769
164771
164770
164765
164760
164762
164766
164766
164762
164759
164762
164767
164766
164763
164761
164764
164767
164768
164765
164762
164763
164767
164769
164766
164763
164767
164772
164773
164770
164767
164768
164770
164769
164765
164762
164765
164770
164771
164768
164764
164766
164769
164769
164766
164763
164768
164772
164773
164770
164768
164770
164772
164770
164767
164764
164768
164772
164771
164768
164766
164768
164772
164773
164769
164766
164768
164770
164769
164766
164764
164769
164773
164774
164770
164765
164766
164768
164765
164761
164759
164762
164765
164765
164761
164757
164760
164763
164763
164757
164754
164755
164758
164759
164757
164756
164761
164766
164765
164761
164757
164758
164760
164759
164756
164756
164759
164763
164762
164760
164757
164760
164764
164763
164757
164752
164753
164755
164753
164748
164747
164752
164757
164758
164755
164751
164752
164754
164754
164751
164748
164753
164757
164757
164753
164750
164753
164757
164756
164752
164749
164752
164756
164757
164755
164754
164758
164764
164765
164762
164760
164763
164766
164763
164758
164755
164759
164763
164764
164760
164756
164760
164764
164764
164760
164757
164759
164763
164763
164759
164756
164760
164765
164765
164760
164758
164760
164762
164762
164759
164757
164761
164766
164768
164765
164762
164766
164768
164766
164761
164758
164761
164765
164765
164762
164761
164765
164769
164770
164768
164765
164769
164773
164773
164771
164767
164768
164771
164770
164764
164760
164761
164765
164765
164763
164760
164763
164768
164769
164766
164763
164766
164769
164768
164763
164760
164763
164768
164769
164765
164762
164761
164760
164756
164751
164749
164755
164762
164765
164764
164762
164763
164766
164765
164760
164758
164762
164767
164767
164763
164761
164763
164763
164762
164757
164754
164755
164760
164760
164757
164753
164754
164757
164755
164750
164746
164749
164754
164755
164752
164751
164756
164760
164759
164755
164751
164753
164756
164755
164751
164747
164751
164755
164754
164751
164748
164751
164754
164752
164747
164745
164748
164751
164750
164746
164744
164747
164751
164748
164742
164739
164741
164744
164745
164743
164740
164742
164745
164744
164741
164740
164744
164749
164749
164746
164744
164747
164750
164750
164746
164741
164745
164750
164750
164748
164744
164744
164746
164744
164738
164734
164737
164739
164740
164738
164737
164741
164745
164744
164740
164737
164741
164744
164744
164740
164738
164740
164744
164745
164741
164737
164741
164745
164745
164741
164739
164743
164747
164747
164744
164742
164744
164748
164745
164739
164736
164740
164746
164747
164745
164745
164749
164753
164751
164745
164740
164741
164744
164745
164741
164739
164744
164749
164749
164745
164741
164741
164742
164738
164734
164731
164735
164741
164741
164740
164738
164740
164743
164742
164738
164736
164739
164743
164744
164741
164739
164741
164745
164745
164742
164739
164741
164745
164745
164743
164741
164745
164750
164751
164748
164746
164749
164753
164753
164748
164745
164748
164752
164750
164745
164741
164743
164747
164746
164742
164740
164743
164748
164747
164743
164741
164744
164747
164745
164742
164740
164743
164747
164748
164745
164742
164745
164746
164744
164740
164736
164739
164743
164743
164739
164736
164738
164742
164742
164739
164737
164742
164746
164747
164744
164742
164743
164747
164747
164745
164743
164747
164751
164749
164745
164743
164746
164750
164751
164747
164742
164744
164747
164746
164742
164740
164743
164747
164747
164743
164741
164744
164747
164747
164745
164743
164746
164749
164749
164745
164742
164744
164748
164747
164743
164738
164741
164746
164748
164746
164744
164746
164747
164744
164739
164735
164736
164740
164741
164739
164738
164742
164747
164748
164743
164739
164741
164744
164744
164741
164740
164744
164749
164748
164745
164741
164745
164749
164749
164745
164741
164743
164746
164744
164739
164735
164738
164742
164742
164737
164734
164736
164740
164741
164738
164737
164742
164747
164747
164744
164739
164739
164741
164741
164738
164736
164740
164743
164742
164739
164735
164736
164737
164737
164734
164734
164739
164744
164744
164740
164737
164738
164741
164741
164738
164737
164741
164745
164744
164741
164739
164743
164746
164744
164738
164735
164737
164740
164741
164739
164737
164740
164744
164744
164741
164737
164740
164746
164746
164743
164742
164746
164750
164750
164746
164744
164745
164748
164747
164743
164741
164746
164751
164752
164749
164746
164748
164752
164749
164744
164742
164745
164748
164749
164747
164745
164749
164754
164755
164750
164747
164748
164750
164749
164745
164744
164749
164755
164756
164754
164752
164756
164758
164755
164750
164746
164750
164755
164755
164750
164746
164747
164749
164749
164746
164743
164748
164752
164751
164746
164744
164748
164752
164752
164748
164745
164748
164752
164752
164750
164750
164754
164758
164756
164751
164748
164751
164754
164753
164750
164747
164751
164756
164757
164753
164750
164751
164752
164750
164744
164742
164745
164749
164751
164749
164748
164751
164755
164754
164750
164746
164748
164751
164750
164746
164743
164747
164751
164752
164749
164746
164749
164752
164751
164746
164743
164746
164751
164751
164749
164749
164752
164756
164754
164749
164748
164751
164755
164753
164748
164745
164747
164749
164748
164745
164743
164746
164750
164749
164746
164744
164747
164752
164752
164747
164744
164746
164750
164750
164747
164746
164748
164751
164749
164745
164743
164745
164749
164748
164745
164744
164747
164751
164751
164748
164746
164749
164753
164751
164747
164744
164749
164756
164759
164757
164755
164758
164760
164758
164753
164748
164749
164752
164751
164747
164746
164751
164756
164758
164755
164753
164757
164761
164759
164755
164753
164758
164764
164763
164759
164756
164758
164762
164762
164759
164758
164762
164767
164767
164765
164762
164764
164766
164762
164756
164753
164756
164759
164759
164757
164755
164758
164761
164760
164754
164751
164753
164755
164756
164753
164752
164757
164761
164761
164756
164753
164756
164760
164759
164756
164754
164757
164761
164760
164758
164757
164760
164762
164761
164758
164755
164760
164765
164766
164764
164763
164765
164768
164766
164762
164760
164763
164766
164764
164761
164760
164765
164771
164772
164770
164768
164771
164775
164775
164770
164768
164771
164775
164774
164769
164766
164768
164770
164769
164766
164766
164771
164777
164778
164773
164770
164772
164775
164773
164769
164767
164769
164772
164771
164768
164767
164770
164774
164773
164770
164768
164772
164775
164774
164771
164769
164772
164776
164775
164772
164770
164773
164775
164772
164768
164764
164766
164770
164771
164770
164769
164773
164778
164778
164774
164771
164774
164779
164779
164774
164770
164772
164776
164777
164776
164776
164781
164786
164784
164778
164774
164776
164780
164780
164779
164779
164783
164787
164784
164777
164771
164772
164776
164777
164775
164775
164779
164782
164781
164778
164775
164778
164781
164780
164775
164772
164775
164778
164779
164777
164777
164782
164786
164784
164778
164774
164777
164781
164782
164781
164780
164783
164786
164783
164778
164775
164778
164782
164783
164781
164781
164786
164790
164789
164784
164780
164782
164784
164783
164779
164776
164779
164783
164782
164779
164778
164782
164786
164784
164780
164776
164779
164783
164783
164782
164781
164787
164793
164793
164789
164785
164787
164790
164789
164785
164782
164785
164789
164787
164781
164779
164783
164787
164785
164781
164779
164783
164788
164786
164782
164780
164783
164786
164786
164784
164781
164786
164791
164789
164787
164784
164787
164791
164788
164783
164780
164783
164787
164787
164786
164785
164789
164794
164792
164786
164782
164784
164787
164786
164784
164783
164786
164791
164792
164789
164786
164792
164798
164799
164795
164792
164793
164796
164795
164791
164788
164792
164798
164800
164796
164794
164794
164797
164796
164792
164790
164793
164797
164796
164792
164789
164793
164797
164797
164794
164794
164798
164801
164799
164794
164791
164793
164796
164796
164792
164789
164795
164800
164799
164795
164792
164794
164797
164795
164791
164790
164795
164800
164801
164798
164797
164800
164804
164804
164801
164798
164802
164806
164806
164804
164803
164806
164809
164806
164802
164799
164803
164806
164803
164799
164797
164800
164803
164803
164799
164796
164800
164805
164805
164802
164801
164804
164807
164805
164800
164797
164799
164803
164804
164801
164801
164806
164810
164810
164806
164805
164809
164814
164814
164811
164809
164811
164813
164811
164808
164806
164809
164813
164813
164811
164810
164813
164817
164816
164811
164808
164811
164815
164814
164810
164808
164811
164813
164812
164808
164807
164812
164815
164813
164811
164809
164813
164817
164817
164813
164811
164814
164818
164817
164814
164813
164817
164821
164821
164817
164815
164818
164822
164820
164817
164815
164818
164822
164822
164820
164818
164821
164825
164824
164820
164819
164822
164824
164822
164818
164815
164819
164822
164821
164819
164818
164822
164825
164822
164816
164812
164815
164820
164820
164818
164816
164820
164825
164825
164823
164822
164825
164827
164826
164823
164821
164824
164829
164830
164827
164826
164829
164832
164830
164825
164822
164825
164829
164829
164827
164826
164828
164830
164826
164820
164816
164820
164823
164822
164819
164818
164823
164827
164826
164821
164818
164821
164825
164824
164822
164820
164823
164827
164826
164822
164819
164823
164828
164828
164825
164824
164827
164830
164829
164826
164825
164828
164831
164829
164825
164825
164828
164831
164828
164822
164819
164821
164824
164823
164820
164819
164823
164828
164829
164825
164824
164829
164834
164833
164831
164829
164832
164835
164834
164830
164829
164833
164837
164836
164832
164830
164834
164836
164835
164832
164830
164831
164833
164832
164831
164832
164838
164843
164841
164837
164835
164838
164842
164841
164837
164835
164839
164845
164845
164841
164840
164843
164846
164845
164840
164837
164840
164844
164843
164838
164834
164837
164840
164839
164835
164833
164836
164840
164838
164835
164834
164838
164842
164841
164837
164835
164838
164843
164844
164842
164841
164845
164850
164849
164844
164841
164843
164846
164844
164841
164840
164845
164849
164849
164846
164842
164843
164845
164843
164839
164838
164843
164847
164846
164841
164839
164843
164847
164846
164843
164843
164847
164851
164850
164846
164845
164849
164854
164855
164852
164850
164854
164857
164853
164849
164846
164850
164853
164851
164847
164844
164848
164851
164849
164845
164844
164848
164851
164850
164847
164846
164849
164852
164852
164850
164848
164852
164857
164857
164854
164851
164854
164860
164860
164854
164852
164855
164857
164855
164851
164848
164850
164853
164852
164848
164843
164845
164848
164847
164845
164846
164850
164854
164853
164851
164851
164856
164861
164860
164858
164857
164860
164864
164863
164859
164856
164859
164862
164862
164858
164855
164857
164860
164860
164856
164853
164856
164860
164857
164853
164853
164857
164861
164861
164857
164854
164855
164858
164858
164856
164856
164861
164866
164865
164862
164861
164862
164865
164863
164857
164855
164859
164863
164860
164855
164853
164856
164858
164857
164855
164855
164859
164864
164865
164861
164859
164864
164866
164865
164861
164860
164865
164868
164868
164864
164862
164864
164867
164866
164862
164859
164861
164864
164863
164860
164861
164865
164869
164867
164862
164859
164862
164866
164864
164861
164860
164864
164869
164866
164860
164858
164862
164866
164866
164862
164861
164865
164870
164871
164868
164865
164868
164872
164871
164867
164864
164867
164869
164868
164865
164865
164870
164875
164873
164869
164867
164871
164874
164872
164867
164866
164868
164870
164869
164865
164864
164869
164874
164873
164870
164869
164873
164877
164875
164870
164866
164867
164870
164870
164867
164865
164870
164874
164875
164871
164869
164873
164876
164873
164870
164869
164872
164875
164873
164869
164868
164872
164875
164874
164870
164869
164873
164877
164876
164873
164871
164874
164878
164877
164873
164872
164877
164881
164878
164874
164872
164876
164880
164879
164876
164873
164874
164875
164874
164870
164869
164874
164879
164878
164875
164873
164877
164881
164879
164875
164872
164873
164875
164874
164869
164867
164871
164876
164875
164872
164870
164873
164875
164872
164867
164864
164867
164871
164871
164868
164867
164872
164877
164876
164872
164871
164872
164874
164872
164870
164870
164874
164879
164879
164875
164872
164874
164877
164873
164869
164867
164872
164876
164876
164872
164869
164873
164878
164878
164874
164871
164873
164875
164874
164871
164871
164876
164881
164880
164875
164872
164873
164876
164876
164874
164874
164876
164878
164877
164872
164870
164872
164874
164870
164865
164863
164868
164873
164873
164871
164870
164873
164876
164873
164869
164868
164870
164873
164872
164867
164865
164870
164875
164874
164871
164869
164872
164875
164873
164868
164866
164869
164872
164870
164867
164866
164869
164874
164872
164867
164865
164868
164871
164870
164867
164866
164869
164870
164867
164864
164864
164870
164875
164874
164870
164868
164870
164873
164872
164870
164868
164870
164873
164871
164869
164869
164873
164878
164878
164876
164874
164876
164878
164877
164873
164872
164876
164878
164876
164871
164868
164872
164875
164872
164870
164868
164871
164874
164872
164870
164869
164872
164875
164873
164870
164869
164874
164878
164878
164874
164870
164871
164872
164870
164865
164865
164871
164875
164875
164872
164870
164874
164876
164872
164868
164867
164872
164880
164880
164876
164874
164876
164877
164874
164868
164867
164871
164875
164875
164872
164869
164872
164876
164874
164870
164869
164872
164876
164873
164868
164867
164872
164878
164878
164874
164873
164873
164874
164872
164870
164868
164871
164875
164874
164870
164868
164870
164873
164872
164871
164871
164875
164877
164875
164871
164869
164873
164877
164876
164873
164872
164874
164878
164877
164874
164874
164878
164880
164877
164873
164871
164874
164878
164875
164871
164870
164874
164877
164875
164870
164868
164870
164874
164873
164870
164869
164873
164877
164874
164869
164866
164869
164873
164873
164870
164868
164872
164876
164875
164871
164868
164872
164875
164874
164871
164871
164875
164879
164878
164874
164872
164876
164878
164876
164873
164872
164876
164880
164879
164875
164872
164873
164876
164876
164873
164872
164877
164882
164881
164878
164876
164878
164881
164880
164877
164875
164877
164880
164879
164876
164874
164876
164879
164878
164873
164871
164875
164878
164876
164872
164870
164873
164875
164874
164870
164868
164872
164876
164877
164875
164874
164878
164882
164878
164874
164873
164877
164879
164876
164872
164870
164873
164877
164876
164872
164870
164874
164878
164877
164872
164869
164870
164872
164870
164868
164869
164872
164876
164874
164869
164867
164870
164874
164873
164870
164869
164873
164876
164874
164870
164869
164871
164874
164872
164869
164868
164873
164877
164876
164872
164871
164873
164876
164874
164870
164868
164872
164875
164873
164868
164866
164869
164874
164874
164870
164867
164869
164871
164868
164865
164865
164870
164874
164873
164870
164868
164870
164871
164868
164864
164865
164870
164874
164874
164870
164869
164873
164876
164874
164870
164868
164873
164879
164880
164877
164875
164879
164882
164880
164876
164874
164877
164879
164876
164871
164870
164873
164876
164872
164868
164864
164865
164868
164869
164868
164867
164871
164874
164871
164865
164862
164866
164870
164868
164866
164865
164868
164869
164864
164858
164855
164859
164863
164863
164861
164862
164866
164868
164864
164861
164862
164866
164870
164870
164867
164866
164868
164871
164870
164867
164866
164870
164873
164871
164868
164867
164872
164875
164872
164867
164864
164866
164870
164868
164865
164864
164868
164871
164869
164863
164860
164863
164866
164865
164862
164862
164866
164871
164870
164865
164862
164864
164868
164867
164864
164865
164870
164874
164872
164867
164865
164869
164871
164869
164864
164862
164865
164868
164864
164857
164856
164860
164865
164864
164862
164862
164865
164867
164864
164859
164856
164858
164861
164860
164858
164858
164861
164864
164863
164859
164855
164856
164859
164856
164852
164851
164856
164861
164860
164857
164856
164860
164863
164861
164857
164855
164857
164858
164856
164852
164851
164855
164859
164857
164852
164851
164853
164856
164854
164853
164856
164863
164868
164866
164861
164859
164862
164865
164863
164860
164858
164860
164862
164859
164856
164856
164860
164864
164860
164856
164856
164859
164861
164860
164857
164857
164860
164862
164862
164859
164857
164862
164867
164864
164858
164855
164857
164859
164858
164854
164853
164855
164857
164854
164851
164850
164855
164859
164857
164854
164853
164857
164862
164861
164857
164855
164855
164856
164853
164850
164850
164855
164861
164861
164857
164854
164856
164858
164856
164852
164852
164857
164861
164858
164853
164851
164853
164855
164852
164849
164850
164855
164860
164860
164857
164856
164860
164863
164859
164852
164849
164852
164856
164856
164854
164854
164858
164861
164859
164854
164852
164854
164858
164856
164852
164850
164855
164861
164860
164857
164855
164857
164859
164856
164851
164850
164854
164856
164855
164851
164852
164858
164863
164862
164857
164855
164857
164858
164854
164850
164848
164853
164858
164857
164853
164853
164859
164863
164860
164854
164852
164856
164859
164856
164852
164852
164856
164860
164857
164851
164848
164853
164857
164857
164853
164852
164855
164856
164852
164847
164847
164848
164851
164850
164847
164846
164848
164851
164850
164848
164847
164850
164853
164852
164848
164846
164850
164853
164851
164848
164847
164851
164854
164853
164848
164846
164848
164852
164850
164845
164843
164847
164852
164851
164846
164846
164851
164855
164854
164852
164852
164853
164855
164852
164849
164848
164851
164853
164850
164847
164846
164848
164849
164846
164843
164842
164846
164851
164850
164846
164845
164849
164852
164851
164848
164848
164852
164856
164853
164848
164847
164850
164853
164850
164846
164844
164847
164850
164848
164845
164844
164849
164853
164851
164846
164844
164847
164851
164849
164845
164844
164847
164851
164850
164848
164847
164850
164852
164848
164843
164842
164848
164854
164855
164854
164854
164856
164856
164850
164844
164841
164844
164848
164847
164845
164844
164847
164849
164847
164843
164843
164848
164851
164849
164845
164845
164849
164851
164846
164842
164841
164845
164848
164845
164841
164842
164846
164850
164850
164848
164847
164849
164853
164851
164846
164845
164848
164850
164847
164842
164840
164843
164845
164841
164836
164836
164841
164846
164845
164842
164841
164844
164845
164841
164835
164834
164836
164839
164837
164835
164837
164842
164845
164841
164837
164835
164838
164842
164840
164837
164836
164841
164844
164840
164835
164833
164838
164844
164842
164838
164837
164842
164848
164846
164841
164840
164842
164844
164841
164837
164837
164840
164843
164839
164835
164834
164839
164844
164843
164840
164840
164844
164846
164842
164837
164836
164839
164841
164840
164837
164837
164841
164845
164843
164840
164839
164841
164844
164842
164839
164838
164842
164846
164845
164842
164841
164842
164844
164840
164835
164834
164838
164841
164839
164836
164834
164838
164840
164835
164828
164825
164828
164832
164831
164827
164826
164831
164836
164835
164832
164831
164835
164837
164834
164831
164832
164836
164838
164835
164832
164831
164836
164842
164841
164838
164838
164840
164842
164839
164835
164834
164838
164842
164839
164835
164835
164841
164845
164844
164842
164843
164847
164851
164848
164842
164841
164846
164848
164845
164842
164843
164848
164851
164848
164844
164844
164848
164851
164849
164845
164845
164849
164852
164849
164844
164841
164842
164844
164842
164839
164840
164845
164849
164847
164842
164840
164843
164846
164844
164840
164841
164846
164850
164848
164843
164841
164844
164846
164841
164838
164838
164842
164847
164846
164843
164841
164844
164845
164841
164838
164840
164845
164850
164849
164845
164844
164846
164848
164845
164839
164839
164843
164848
164847
164844
164844
164848
164848
164842
164838
164839
164844
164847
164844
164838
164835
164838
164841
164840
164838
164839
164844
164847
164845
164840
164837
164838
164840
164837
164833
164834
164841
164847
164844
164840
164840
164843
164848
164847
164845
164844
164847
164850
164846
164839
164837
164841
164845
164844
164842
164843
164847
164851
164850
164846
164846
164850
164852
164849
164846
164846
164849
164851
164848
164844
164844
164847
164851
164850
164848
164848
164852
164855
164852
164849
164849
164852
164856
164851
164846
164846
164849
164851
164849
164845
164846
164851
164855
164852
164848
164847
164851
164854
164852
164849
164849
164853
164856
164854
164851
164850
164854
164858
164856
164854
164855
164860
164863
164860
164857
164856
164858
164861
164859
164857
164859
164862
164863
164861
164855
164853
164854
164857
164857
164857
164859
164865
164869
164867
164860
164857
164860
164863
164860
164858
164859
164863
164866
164864
164860
164858
164861
164865
164862
164859
164860
164865
164870
164867
164863
164861
164863
164866
164864
164861
164862
164866
164868
164864
164860
164860
164864
164868
164866
164861
164860
164865
164868
164866
164863
164867
164872
164875
164872
164870
164872
164877
164881
164877
164872
164872
164876
164880
164876
164873
164873
164876
164879
164878
164876
164878
164884
164888
164885
164881
164881
164884
164885
164880
164876
164876
164879
164882
164880
164877
164877
164879
164880
164877
164873
164874
164878
164882
164881
164877
164879
164885
164889
164888
164884
164884
164886
164888
164885
164881
164880
164884
164886
164883
164880
164882
164887
164890
164887
164882
164880
164882
164883
164880
164875
164875
164879
164882
164881
164877
164878
164881
164884
164881
164877
164878
164883
164886
164883
164880
164880
164882
164884
164882
164879
164879
164884
164890
164889
164887
164888
164891
164891
164887
164884
164883
164887
164892
164891
164887
164885
164886
164889
164886
164879
164878
164880
164882
164880
164879
164882
164887
164891
164889
164885
164884
164888
164890
164887
164882
164882
164886
164888
164883
164879
164879
164883
164887
164885
164881
164881
164883
164886
164885
164882
164884
164890
164893
164890
164886
164885
164887
164890
164886
164883
164882
164885
164888
164884
164881
164882
164886
164888
164885
164881
164881
164885
164889
164887
164884
164885
164889
164891
164888
164883
164883
164887
164890
164888
164885
164885
164889
164889
164885
164880
164879
164883
164885
164883
164881
164883
164888
164891
164888
164884
164883
164884
164884
164880
164875
164876
164881
164886
164882
164879
164881
164886
164889
164887
164884
164885
164890
164893
164889
164885
164885
164888
164889
164886
164881
164882
164885
164886
164882
164879
164879
164883
164886
164883
164879
164877
164880
164882
164880
164878
164881
164888
164892
164889
164885
164885
164887
164890
164886
164883
164884
164889
164891
164887
164883
164884
164889
164893
164891
164888
164890
164896
164901
164900
164898
164899
164904
164907
164903
164900
164900
164905
164908
164905
164901
164902
164906
164908
164905
164902
164903
164907
164911
164908
164903
164904
164908
164910
164908
164905
164906
164910
164913
164911
164908
164908
164911
164913
164911
164907
164909
164914
164918
164916
164912
164911
164913
164915
164910
164906
164906
164910
164915
164915
164914
164918
164924
164929
164928
164925
164927
164930
164932
164927
164923
164924
164927
164930
164926
164921
164920
164922
164922
164916
164909
164906
164908
164909
164905
164900
164900
164903
164905
164903
164900
164902
164907
164911
164908
164905
164906
164911
164914
164911
164907
164909
164914
164917
164916
164914
164916
164921
164925
164923
164921
164920
164922
164924
164920
164916
164917
164923
164926
164922
164918
164917
164920
164922
164918
164914
164915
164918
164919
164916
164912
164913
164918
164922
164918
164913
164913
164915
164917
164914
164909
164909
164913
164916
164914
164911
164911
164913
164914
164911
164907
164907
164909
164912
164908
164904
164905
164910
164913
164910
164907
164908
164911
164912
164907
164902
164903
164907
164910
164909
164907
164910
164916
164920
164917
164913
164914
164917
164918
164914
164910
164909
164912
164915
164914
164914
164917
164922
164924
164922
164917
164918
164920
164921
164918
164915
164916
164919
164922
164919
164916
164919
164925
164928
164926
164925
164928
164933
164936
164932
164928
164929
164933
164934
164929
164925
164925
164927
164929
164924
164920
164921
164924
164925
164920
164914
164914
164917
164917
164913
164909
164910
164913
164916
164914
164915
164919
164925
164930
164925
164921
164922
164925
164928
164925
164922
164923
164928
164929
164925
164922
164922
164925
164927
164924
164920
164920
164922
164924
164922
164919
164920
164924
164926
164923
164918
164918
164923
164926
164923
164919
164920
164925
164927
164924
164920
164921
164924
164925
164921
164919
164922
164927
164929
164926
164923
164925
164930
164933
164931
164928
164930
164935
164937
164933
164929
164929
164931
164931
164927
164923
164925
164930
164933
164930
164927
164929
164933
164936
164933
164930
164933
164937
164938
164935
164930
164931
164936
164939
164935
164931
164932
164936
164938
164937
164934
164934
164936
164938
164935
164930
164930
164934
164934
164929
164925
164927
164932
164936
164935
164933
164935
164939
164939
164935
164930
164931
164935
164937
164933
164930
164932
164936
164938
164934
164931
164931
164932
164932
164928
164925
164927
164931
164934
164931
164926
164927
164931
164934
164932
164929
164930
164933
164934
164931
164926
164928
164932
164934
164931
164928
164929
164931
164932
164929
164927
164931
164936
164937
164936
164933
164935
164937
164938
164934
164930
164933
164938
164941
164939
164937
164937
164940
164942
164938
164935
164936
164941
164943
164940
164935
164934
164935
164935
164931
164926
164929
164936
164940
164937
164933
164934
164937
164939
164936
164933
164935
164939
164940
164939
164935
164935
164939
164941
164937
164933
164936
164940
164944
164942
164938
164939
164943
164943
164938
164934
164936
164939
164940
164938
164935
164937
164941
164944
164943
164940
164943
164946
164947
164944
164942
164944
164948
164949
164945
164940
164942
164945
164947
164945
164943
164946
164951
164952
164948
164942
164944
164947
164950
164947
164943
164944
164948
164950
164946
164940
164939
164941
164941
164938
164936
164938
164942
164945
164942
164939
164940
164943
164943
164941
164938
164940
164942
164943
164939
164936
164940
164946
164948
164945
164942
164944
164946
164946
164941
164938
164942
164948
164950
164946
164942
164943
164947
164948
164945
164942
164945
164950
164952
164948
164945
164945
164946
164945
164941
164937
164940
164945
164948
164946
164943
164942
164943
164943
164938
164932
164934
164939
164942
164939
164936
164937
164940
164940
164937
164934
164937
164940
164941
164937
164933
164935
164940
164943
164940
164936
164937
164940
164942
164940
164937
164938
164943
164946
164942
164939
164940
164942
164943
164941
164940
164944
164948
164950
164947
164945
164947
164950
164950
164947
164944
164946
164950
164950
164946
164941
164943
164947
164949
164947
164944
164947
164952
164952
164947
164942
164943
164948
164949
164946
164945
164949
164954
164956
164952
164947
164947
164949
164947
164941
164938
164943
164949
164952
164949
164946
164947
164949
164949
164945
164942
164944
164948
164949
164946
164943
164945
164949
164950
164946
164941
164942
164944
164945
164942
164939
164941
164945
164946
164942
164940
164943
164947
164949
164946
164944
164945
164947
164948
164944
164940
164942
164947
164950
164948
164944
164944
164948
164948
164945
164943
164946
164949
164950
164946
164943
164946
164951
164953
164950
164947
164947
164951
164953
164949
164945
164946
164950
164949
164945
164944
164948
164953
164955
164952
164948
164948
164949
164947
164941
164938
164941
164947
164949
164946
164945
164948
164951
164951
164948
164945
164948
164952
164955
164951
164948
164951
164954
164954
164949
164945
164946
164952
164953
164949
164946
164948
164951
164951
164946
164944
164947
164950
164951
164947
164942
164944
164947
164950
164948
164946
164949
164954
164957
164953
164948
164948
164951
164950
164947
164945
164948
164952
164952
164949
164946
164948
164953
164954
164950
164945
164946
164951
164952
164948
164944
164945
164948
164948
164944
164940
164943
164947
164946
164941
164936
164937
164942
164943
164941
164937
164938
164941
164940
164936
164931
164934
164939
164940
164935
164934
164939
164943
164944
164941
164939
164943
164948
164950
164947
164944
164948
164952
164953
164950
164947
164949
164952
164952
164948
164945
164947
164952
164953
164950
164947
164949
164953
164953
164950
164946
164946
164949
164950
164946
164943
164946
164949
164949
164945
164942
164944
164947
164947
164943
164941
164944
164950
164951
164948
164945
164948
164952
164952
164948
164944
164946
164950
164950
164947
164945
164948
164952
164952
164949
164946
164949
164952
164952
164951
164951
164953
164956
164955
164950
164945
164946
164950
164951
164948
164948
164952
164957
164959
164955
164952
164954
164958
164960
164957
164953
164956
164961
164962
164960
164957
164960
164964
164963
164958
164952
164954
164958
164959
164955
164952
164956
164961
164962
164958
164954
164958
164963
164962
164956
164952
164954
164960
164962
164960
164958
164961
164964
164965
164960
164955
164958
164963
164965
164962
164961
164964
164966
164963
164958
164954
164956
164960
164959
164956
164954
164956
164959
164960
164957
164955
164959
164965
164965
164962
164959
164960
164962
164961
164958
164956
164958
164962
164961
164957
164953
164956
164961
164961
164957
164954
164956
164960
164959
164954
164949
164953
164958
164958
164955
164952
164955
164959
164959
164957
164953
164955
164957
164956
164952
164949
164953
164957
164957
164955
164953
164956
164959
164959
164955
164951
164953
164956
164957
164953
164950
164954
164958
164959
164957
164953
164956
164959
164960
164956
164953
164956
164958
164956
164951
164947
164949
164953
164952
164948
164945
164948
164951
164952
164949
164948
164951
164956
164956
164952
164950
164953
164957
164957
164952
164950
164954
164959
164958
164955
164954
164957
164961
164961
164957
164954
164956
164958
164958
164954
164951
164953
164956
164957
164954
164953
164955
164959
164959
164957
164955
164957
164960
164958
164954
164952
164956
164960
164958
164954
164951
164953
164956
164955
164950
164947
164952
164956
164956
164954
164951
164954
164956
164955
164951
164947
164949
164953
164955
164952
164949
164952
164955
164954
164949
164946
164948
164952
164953
164950
164947
164950
164954
164954
164949
164947
164949
164951
164950
164947
164945
164950
164953
164952
164948
164946
164949
164952
164952
164948
164946
164950
164955
164955
164950
164947
164949
164952
164951
164947
164945
164948
164953
164953
164950
164947
164948
164952
164952
164948
164945
164949
164952
164952
164947
164945
164949
164953
164951
164946
164943
164947
164952
164952
164949
164946
164948
164950
164950
164947
164943
164947
164951
164952
164949
164947
164949
164952
164950
164945
164942
164945
164949
164947
164943
164941
164945
164949
164948
164944
164942
164946
164950
164949
164944
164942
164945
164950
164951
164948
164946
164950
164953
164953
164948
164945
164947
164951
164952
164949
164947
164950
164954
164953
164949
164946
164948
164951
164950
164945
164941
164944
164949
164948
164944
164941
164943
164946
164946
164943
164941
164944
164948
164948
164945
164943
164947
164951
164951
164949
164948
164950
164951
164950
164949
164949
164953
164957
164955
164950
164947
164949
164952
164948
164943
164941
164946
164950
164948
164944
164941
164945
164948
164948
164944
164941
164944
164946
164945
164942
164943
164948
164953
164952
164947
164944
164947
164950
164949
164945
164944
164947
164952
164952
164949
164946
164948
164952
164952
164948
164946
164949
164954
164954
164951
164948
164950
164953
164949
164944
164941
164944
164947
164947
164945
164944
164948
164950
164947
164942
164941
164946
164950
164950
164946
164944
164947
164950
164948
164944
164942
164946
164950
164950
164946
164946
164949
164952
164949
164944
164942
164944
164947
164945
164942
164941
164945
164949
164950
164948
164947
164949
164952
164949
164944
164940
164941
164945
164945
164944
164945
164950
164954
164951
164946
164942
164943
164945
164942
164939
164940
164945
164951
164951
164947
164945
164948
164950
164946
164941
164938
164941
164945
164945
164943
164944
164949
164952
164947
164941
164938
164942
164945
164943
164939
164939
164942
164944
164941
164937
164935
164938
164942
164941
164939
164940
164944
164949
164948
164944
164943
164947
164950
164948
164944
164944
164947
164951
164948
164943
164940
164943
164947
164946
164943
164941
164943
164945
164943
164940
164937
164939
164943
164942
164939
164937
164940
164943
164941
164937
164936
164940
164943
164941
164936
164935
164939
164943
164942
164939
164939
164943
164946
164944
164939
164939
164944
164948
164945
164940
164939
164942
164944
164942
164939
164938
164942
164945
164942
164937
164934
164936
164939
164937
164936
164937
164942
164945
164942
164938
164936
164938
164940
164937
164934
164933
164936
164940
164938
164935
164934
164938
164941
164941
164940
164940
164944
164949
164946
164942
164940
164943
164945
164943
164940
164939
164942
164944
164940
164936
164936
164941
164946
164945
164942
164941
164944
164946
164943
164938
164936
164938
164941
164939
164937
164937
164942
164946
164944
164940
164938
164941
164945
164943
164940
164940
164944
164946
164944
164940
164938
164939
164941
164938
164934
164934
164939
164943
164941
164936
164934
164937
164938
164935
164931
164931
164937
164942
164941
164937
164936
164937
164938
164934
164928
164926
164930
164934
164933
164930
164930
164934
164938
164935
164930
164929
164933
164935
164934
164930
164930
164935
164941
164941
164939
164938
164939
164941
164939
164934
164933
164937
164940
164937
164933
164932
164936
164941
164941
164938
164937
164939
164942
164939
164935
164934
164938
164942
164940
164935
164933
164936
164938
164936
164933
164936
164942
164948
164947
164944
164943
164945
164950
164949
164945
164942
164945
164948
164947
164943
164942
164943
164946
164943
164938
164938
164943
164946
164943
164938
164937
164940
164943
164941
164939
164939
164943
164947
164945
164941
164940
164944
164948
164945
164941
164939
164942
164946
164945
164942
164944
164948
164951
164946
164941
164940
164943
164945
164942
164938
164938
164942
164946
164942
164938
164938
164942
164945
164943
164940
164940
164943
164946
164943
164941
164941
164943
164946
164945
164942
164942
164944
164945
164942
164937
164937
164941
164945
164943
164940
164941
164945
164948
164947
164946
164948
164952
164953
164949
164945
164944
164947
164947
164944
164940
164940
164942
164945
164941
164936
164935
164939
164942
164939
164934
164933
164936
164938
164933
164928
164927
164931
164934
164930
164924
164922
164925
164928
164926
164924
164925
164929
164933
164930
164926
164925
164927
164930
164928
164924
164925
164930
164933
164929
164922
164920
164923
164925
164921
164915
164915
164920
164924
164923
164921
164924
164929
164934
164932
164928
164927
164930
164931
164928
164925
164926
164930
164933
164930
164927
164928
164931
164933
164931
164930
164933
164940
164945
164944
164940
164938
164941
164944
164942
164937
164937
164940
164940
164937
164933
164932
164936
164940
164938
164936
164937
164941
164942
164939
164935
164934
164938
164940
164938
164935
164937
164942
164947
164947
164945
164947
164952
164955
164952
164946
164945
164948
164951
164948
164945
164947
164951
164953
164951
164948
164947
164952
164956
164955
164953
164955
164961
164965
164962
164955
164952
164953
164954
164951
164947
164947
164952
164956
164954
164949
164950
164953
164956
164954
164952
164954
164958
164961
164958
164954
164952
164956
164958
164955
164950
164952
164959
164964
164962
164960
164961
164964
164966
164964
164960
164962
164965
164967
164962
164956
164956
164959
164962
164960
164958
164959
164961
164962
164958
164954
164955
164959
164961
164956
164953
164954
164959
164963
164961
164957
164958
164962
164964
164960
164954
164955
164959
164961
164959
164956
164957
164961
164963
164961
164958
164959
164963
164965
164962
164958
164959
164963
164965
164963
164959
164960
164963
164966
164962
164957
164956
164959
164962
164960
164958
164960
164963
164965
164961
164954
164952
164953
164955
164951
164948
164951
164957
164961
164958
164955
164957
164962
164965
164963
164960
164961
164966
164967
164963
164959
164961
164964
164966
164963
164958
164959
164962
164963
164960
164956
164956
164958
164961
164958
164954
164956
164962
164965
164963
164959
164958
164961
164963
164960
164956
164957
164962
164964
164961
164958
164958
164961
164963
164961
164959
164962
164966
164967
164962
164956
164954
164957
164959
164956
164953
164954
164958
164962
164960
164958
164959
164964
164967
164963
164959
164960
164963
164965
164962
164959
164959
164963
164964
164960
164956
164959
164964
164966
164963
164959
164961
164965
164967
164962
164959
164961
164964
164966
164961
164957
164960
164965
164968
164964
164961
164963
164968
164971
164968
164964
164965
164968
164969
164964
164958
164959
164963
164964
164960
164955
164956
164960
164963
164961
164960
164963
164968
164970
164966
164963
164965
164969
164971
164968
164963
164964
164966
164967
164963
164959
164959
164963
164965
164963
164961
164963
164968
164971
164967
164964
164966
164973
164976
164973
164970
164972
164976
164977
164975
164974
164978
164983
164985
164981
164976
164977
164980
164980
164977
164972
164973
164976
164978
164975
164972
164974
164977
164980
164977
164973
164975
164978
164978
164973
164970
164972
164976
164977
164973
164971
164975
164979
164980
164976
164971
164972
164975
164977
164974
164969
164971
164976
164977
164974
164969
164971
164973
164973
164969
164966
164968
164972
164976
164976
164976
164979
164982
164982
164978
164975
164976
164978
164978
164975
164971
164971
164975
164977
164975
164972
164976
164980
164981
164978
164976
164979
164986
164988
164985
164982
164983
164985
164984
164979
164975
164978
164981
164980
164977
164974
164977
164981
164981
164977
164973
164976
164981
164982
164976
164972
164975
164980
164983
164982
164981
164985
164990
164992
164988
164983
164983
164986
164985
164980
164974
164974
164975
164976
164974
164973
164977
164984
164987
164986
164983
164984
164987
164987
164983
164979
164981
164985
164985
164982
164978
164978
164979
164980
164977
164975
164978
164982
164982
164977
164972
164974
164979
164982
164980
164977
164979
164982
164981
164976
164973
164976
164979
164979
164977
164974
164976
164979
164979
164975
164973
164976
164981
164981
164978
164975
164978
164983
164985
164981
164979
164982
164987
164988
164985
164982
164984
164987
164987
164985
164983
164986
164990
164992
164989
164985
164987
164989
164989
164986
164983
164986
164990
164991
164987
164984
164986
164990
164990
164986
164982
164984
164987
164986
164982
164979
164982
164987
164990
164989
164987
164988
164991
164991
164986
164982
164985
164990
164992
164990
164988
164991
164994
164995
164992
164989
164991
164993
164994
164991
164988
164990
164994
164993
164987
164983
164985
164989
164989
164985
164983
164986
164992
164993
164988
164985
164987
164989
164989
164984
164981
164984
164987
164988
164986
164984
164987
164993
164994
164992
164990
164993
164997
164997
164993
164989
164991
164995
164995
164991
164988
164991
164994
164993
164990
164986
164987
164990
164991
164990
164990
164997
165005
165008
165005
165001
165002
165003
165001
164998
164997
165001
165005
165004
165000
164999
165002
165006
165007
165003
165000
165002
165006
165005
165000
164997
165001
165005
165005
165001
164998
165000
165004
165002
164996
164991
164992
164995
164996
164995
164996
165002
165007
165006
165000
164996
164997
164999
164998
164995
164993
164997
165002
165004
165002
165000
165003
165007
165006
165001
164997
164999
165002
165001
164997
164992
164994
164997
164998
164995
164994
164997
165000
165000
164996
164992
164993
164997
164996
164992
164989
164991
164996
164996
164994
164993
164997
165000
164998
164993
164990
164994
164997
164997
164994
164993
164997
165001
165000
164994
164990
164994
164999
164999
164996
164992
164993
164997
164996
164991
164990
164994
164998
164997
164994
164993
164997
165000
164998
164994
164991
164993
164997
164998
164995
164994
164998
165003
165002
164998
164994
164996
164998
164997
164993
164990
164992
164997
164997
164994
164991
164994
164998
164998
164995
164993
164994
164996
164995
164994
164993
164997
165002
165002
164999
164998
165002
165006
165006
165002
164999
165002
165005
165003
164999
164997
164999
165002
165001
164998
164997
165001
165005
165005
165001
164997
164999
165003
165002
164998
164995
164999
165003
165002
164999
164997
165001
165006
165005
165001
164999
165002
165007
165008
165005
165003
165005
165010
165010
165007
165006
165009
165011
165007
165000
164996
164999
165003
165002
164998
164995
164997
165000
164999
164997
164997
165003
165009
165009
165006
165004
165006
165010
165008
165003
165000
165003
165007
165006
165001
164997
165001
165004
165003
165000
164997
164999
165003
165002
164999
164997
165001
165005
165003
165000
164997
165000
165005
165004
165001
165000
165004
165007
165004
164997
164995
165000
165004
165002
164996
164993
164995
164999
164998
164994
164992
164995
164999
164999
164997
164997
165001
165005
165003
164997
164995
165000
165003
165000
164996
164995
164999
165004
165004
165001
164998
165002
165005
165004
165001
165000
165003
165007
165006
165003
165003
165005
165007
165004
165000
164999
165005
165010
165008
165005
165003
165005
165008
165004
164998
164996
165000
165004
165005
165003
165003
165007
165011
165008
165002
164999
165003
165007
165006
165003
165002
165006
165010
165010
165006
165005
165009
165013
165012
165008
165007
165010
165013
165012
165010
165010
165012
165014
165011
165006
165003
165007
165011
165009
165007
165007
165010
165012
165009
165002
165000
165004
165009
165010
165009
165009
165013
165016
165012
165007
165003
165004
165006
165002
164997
164996
165001
165005
165003
164999
164998
165001
165004
165002
165000
165001
165005
165008
165007
165004
165005
165010
165014
165010
165005
165003
165005
165007
165004
164999
164998
165003
165007
165006
165003
165003
165007
165010
165007
165003
165002
165006
165009
165007
165003
165002
165005
165008
165007
165004
165005
165009
165011
165011
165008
165008
165012
165016
165012
165007
165005
165007
165009
165005
165001
165000
165004
165008
165006
165001
164999
165000
165001
164998
164994
164994
164998
165004
165005
165003
165005
165009
165010
165005
164999
164997
165001
165007
165006
165003
165002
165006
165010
165007
165002
165000
165003
165005
165002
164998
164998
165001
165003
165001
164999
165001
165006
165010
165008
165005
165004
165007
165010
165006
165000
164998
165002
165006
165003
164999
164999
165001
165003
165000
164996
164995
164999
165002
164999
164996
164995
164999
165004
165003
165001
165002
165006
165010
165007
165002
164999
165003
165006
165003
164998
164996
164998
165000
164997
164995
164998
165002
165005
165001
164995
164993
164995
164997
164996
164993
164994
164999
165004
165004
164999
164999
165002
165005
165003
164999
164999
165003
165006
165006
165003
165002
165005
165005
165000
164994
164992
164994
164997
164995
164991
164990
164994
164997
164995
164992
164993
164998
165002
164998
164994
164993
164996
165000
164997
164993
164994
164998
165002
165001
164999
165000
165003
165005
165001
164997
164996
164999
165002
165001
165000
165001
165004
165006
165004
165002
165002
165006
165009
165003
164998
164998
165002
165003
165000
164995
164995
164998
165001
164998
164993
164994
164997
165000
164998
164994
164995
164999
165001
164999
164995
164995
164999
165003
165001
164998
164998
165000
165002
164999
164997
164997
165002
165006
165005
165001
165001
165004
165005
165002
164998
164999
165003
165006
165003
165000
164999
165002
165005
165001
164997
164997
165000
165004
165002
164998
164997
164998
165001
164998
164996
164997
165001
165006
165005
165002
165002
165006
165009
165005
164999
164997
164999
165001
164997
164993
164995
164999
165003
165001
164999
164999
165002
165002
164998
164994
164994
164999
165002
164999
164995
164997
165000
165002
164998
164994
164996
165001
165005
165002
164998
164999
165002
165005
165002
164998
164998
165002
165006
165002
164996
164997
165003
165006
165002
164999
165000
165005
165008
165004
164998
164996
164996
164997
164993
164990
164992
164996
164999
164998
164996
164998
165001
165002
164998
164993
164994
164997
165000
164998
164993
164993
164996
164999
164996
164993
164994
164998
165001
164998
164995
164997
165002
165004
165000
164995
164994
164996
164998
164996
164994
164996
165001
165003
165000
164997
164998
165002
165004
164999
164994
164994
164998
165002
165002
165000
165000
165003
165004
164999
164994
164995
164999
165003
165002
165000
165000
165003
165004
165001
164997
164998
165002
165005
165001
164997
164998
165000
165000
164997
164993
164992
164995
164999
164998
164996
164998
165001
165002
164998
164993
164994
164998
165000
164998
164995
164996
164998
164999
164994
164989
164990
164995
164997
164993
164989
164991
164995
164997
164994
164992
164996
164999
165002
164998
164994
164995
164999
165000
164996
164992
164992
164995
164996
164994
164990
164992
164996
164999
164994
164989
164989
164993
164994
164990
164987
164989
164994
164996
164994
164991
164993
164998
165000
164998
164994
164995
164998
164999
164994
164988
164987
164991
164993
164991
164989
164992
164995
164998
164995
164993
164995
164999
165001
164997
164992
164992
164994
164996
164993
164989
164991
164993
164993
164988
164985
164986
164992
164998
164996
164992
164993
164998
165001
164999
164996
164997
164999
165000
164996
164992
164993
164995
164996
164991
164984
164983
164985
164986
164982
164978
164981
164986
164989
164987
164986
164988
164993
