166105
166109
166107
166103
166105
166109
166109
166106
166102
166104
166108
166112
166112
166111
166110
166108
166108
166103
166098
166097
166101
166105
166104
166099
166095
166099
166102
166101
166097
166098
166102
166106
166103
166094
166092
166098
166104
166103
166099
166099
166102
166103
166098
166093
166092
166097
166100
166099
166097
166094
166095
166099
166097
166093
166093
166096
166101
166098
166091
166093
166098
166103
166098
166094
166094
166098
166102
166098
166096
166097
166101
166103
166101
166097
166098
166102
166103
166100
166098
166100
166107
166110
166108
166104
166102
166105
166108
166105
166102
166102
166106
166111
166106
166100
166100
166103
166103
166100
166100
166104
166111
166112
166110
166105
166103
166107
166112
166107
166105
166101
166103
166107
166105
166104
166105
166110
166114
166114
166105
166101
166105
166108
166104
166100
166099
166104
166108
166102
166097
166096
166102
166107
166106
166103
166104
166104
166102
166096
166090
166088
166093
166096
166095
166093
166090
166093
166095
166095
166093
166094
166097
166103
166101
166096
166096
166100
166103
166099
166096
166098
166102
166103
166097
166093
166094
166096
166097
166094
166092
166092
166093
166094
166094
166090
166090
166095
166101
166100
166092
166092
166098
166102
166096
166092
166091
166094
166096
166093
166093
166094
166098
166102
166101
166096
166093
166094
166098
166095
166092
166093
166097
166098
166092
166088
166092
166097
166101
166100
166100
166098
166099
166102
166101
166096
166093
166095
166100
166101
166097
166100
166106
166110
166108
166107
166109
166112
166115
166112
166108
166111
166115
166119
166120
166119
166117
166120
166124
166123
166118
166118
166122
166126
166124
166118
166117
166120
166122
166119
166114
166114
166118
166122
166116
166112
166114
166122
166126
166123
166122
166124
166124
166125
166120
166118
166119
166122
166128
166126
166121
166123
166129
166131
166126
166122
166123
166126
166131
166124
166117
166117
166120
166121
166119
166112
166112
166121
166122
166117
166113
166113
166119
166121
166118
166115
166116
166113
166112
166108
166105
166104
166107
166110
166112
166110
166109
166114
166118
166118
166113
166113
166117
166119
166115
166107
166103
166105
166107
166102
166097
166098
166105
166109
166104
166100
166101
166106
166112
166108
166105
166109
166111
166110
166108
166104
166105
166110
166112
166109
166106
166105
166107
166110
166106
166103
166103
166107
166113
166109
166102
166103
166108
166111
166109
166106
166107
166113
166116
166112
166106
166106
166110
166111
166109
166108
166110
166110
166111
166109
166107
166106
166109
166112
166112
166110
166110
166112
166116
166114
166109
166109
166114
166116
166115
166112
166113
166119
166123
166121
166117
166117
166120
166122
166116
166109
166109
166111
166112
166109
166108
166111
166111
166111
166105
166101
166105
166110
166115
166115
166114
166118
166127
166125
166118
166116
166117
166121
166123
166121
166119
166120
166120
166121
166119
166112
166112
166116
166119
166118
166118
166117
166119
166124
166123
166119
166118
166118
166118
166113
166107
166102
166105
166107
166103
166099
166102
166106
166112
166109
166107
166112
166116
166123
166123
166120
166121
166126
166128
166123
166116
166119
166122
166125
166123
166121
166126
166133
166134
166134
166134
166136
166137
166140
166137
166134
166135
166140
166137
166130
166128
166130
166135
166140
166137
166136
166141
166145
166144
166140
166137
166138
166141
166144
166143
166140
166139
166142
166140
166134
166130
166130
166133
166137
166137
166137
166144
166147
166146
166142
166136
166135
166138
166141
166139
166137
166138
166138
166138
166134
166130
166133
166139
166141
166139
166138
166139
166141
166143
166140
166136
166138
166139
166138
166134
166131
166129
166129
166131
166130
166127
166129
166133
166135
166133
166129
166128
166131
166134
166132
166126
166125
166127
166130
166128
166120
166118
166122
166123
166120
166115
166118
166123
166129
166128
166123
166125
166129
166134
166132
166128
166130
166133
166134
166127
166120
166120
166122
166124
166119
166114
166118
166121
166124
166121
166116
166118
166124
166127
166126
166125
166125
166128
166129
166122
166116
166116
166118
166119
166114
166107
166108
166113
166113
166106
166102
166104
166109
166112
166110
166110
166115
166124
166127
166124
166121
166124
166127
166128
166123
166117
166119
166123
166124
166118
166114
166114
166117
166120
166118
166116
166117
166119
166122
166121
166117
166119
166124
166126
166123
166121
166121
166122
166123
166117
166113
166115
166118
166118
166116
166114
166114
166118
166121
166118
166116
166119
166124
166128
166124
166116
166120
166125
166126
166124
166123
166123
166125
166129
166121
166115
166114
166117
166120
166118
166114
166116
166120
166123
166119
166117
166121
166126
166127
166123
166120
166124
166128
166128
166124
166120
166119
166121
166122
166118
166114
166116
166115
166114
166110
166106
166107
166113
166115
166111
166111
166114
166118
166121
166115
166112
166113
166115
166117
166119
166115
166116
166121
166123
166121
166116
166117
166120
166123
166120
166115
166117
166122
166127
166125
166119
166119
166125
166129
166122
166117
166118
166120
166120
166115
166110
166111
166115
166119
166114
166111
166113
166118
166122
166121
166121
166126
166129
166125
166118
166111
166110
166114
166115
166112
166109
166114
166119
166119
166113
166109
166112
166115
166118
166116
166116
166117
166119
166122
166119
166116
166118
166123
166126
166124
166120
166122
166127
166127
166123
166118
166117
166120
166123
166117
166113
166115
166118
166119
166118
166114
166117
166126
166127
166123
166121
166123
166127
166128
166127
166124
166124
166127
166128
166124
166120
166123
166127
166130
166129
166121
166121
166122
166122
166117
166112
166113
166118
166118
166112
166104
166105
166109
166111
166108
166105
166108
166114
166113
166106
166101
166104
166108
166109
166107
166106
166108
166109
166111
166110
166107
166108
166111
166111
166111
166108
166110
166114
166118
166116
166111
166111
166117
166118
166112
166108
166110
166116
166120
166117
166114
166117
166118
166115
166111
166107
166109
166115
166117
166113
166111
166109
166111
166113
166111
166107
166109
166115
166118
166116
166110
166109
166115
166116
166112
166110
166114
166121
166124
166117
166113
166116
166120
166122
166120
166119
166124
166129
166127
166124
166120
166121
166125
166126
166122
166118
166121
166121
166124
166120
166114
166116
166120
166122
166120
166115
166116
166121
166122
166117
166113
166114
166116
166118
166115
166113
166119
166124
166125
166120
166117
166120
166122
166118
166112
166107
166110
166115
166119
166119
166119
166120
166123
166123
166118
166115
166119
166124
166128
166126
166119
166120
166125
166127
166124
166121
166121
166125
166125
166118
166114
166116
166119
166121
166120
166119
166123
166125
166123
166119
166115
166117
166119
166120
166117
166113
166111
166114
166114
166112
166110
166116
166124
166127
166121
166116
166119
166124
166125
166119
166114
166116
166121
166122
166119
166117
166118
166122
166123
166122
166122
166126
166126
166126
166122
166118
166120
166125
166126
166124
166118
166119
166120
166115
166110
166107
166110
166118
166120
166117
166115
166120
166124
166121
166114
166111
166115
166119
166117
166114
166113
166118
166123
166126
166121
166117
166117
166119
166121
166119
166118
166123
166126
166129
166129
166128
166127
166127
166128
166123
166116
166115
166118
166119
166114
166108
166110
166115
166116
166114
166112
166116
166120
166118
166116
166113
166117
166123
166126
166123
166121
166122
166125
166127
166123
166119
166120
166123
166125
166123
166116
166117
166124
166126
166122
166121
166128
166133
166130
166124
166120
166122
166123
166121
166116
166113
166109
166110
166111
166106
166100
166103
166107
166106
166101
166095
166097
166101
166101
166097
166095
166097
166103
166103
166098
166093
166094
166097
166096
166094
166094
166101
166105
166107
166106
166107
166113
166116
166116
166115
166116
166115
166119
166122
166119
166115
166116
166119
166120
166116
166109
166109
166112
166110
166106
166102
166104
166108
166111
166107
166103
166106
166109
166110
166107
166106
166110
166114
166111
166106
166105
166109
166114
166112
166107
166105
166109
166109
166107
166105
166104
166106
166111
166113
166110
166109
166110
166112
166113
166110
166110
166114
166120
166123
166122
166120
166119
166120
166122
166121
166121
166124
166130
166135
166130
166127
166131
166135
166136
166132
166129
166134
166141
166139
166136
166133
166137
166140
166140
166134
166131
166130
166128
166126
166123
166120
166123
166126
166125
166122
166116
166115
166119
166121
166121
166121
166128
166133
166134
166129
166122
166124
166127
166124
166118
166115
166117
166119
166118
166110
166107
166108
166112
166114
166111
166107
166111
166116
166114
166112
166111
166113
166115
166115
166112
166108
166107
166106
166104
166101
166100
166104
166111
166113
166107
166101
166102
166107
166107
166100
166098
166101
166106
166108
166101
166097
166098
166103
166104
166100
166097
166103
166108
166108
166107
166104
166106
166110
166108
166104
166098
166098
166102
166103
166100
166098
166102
166109
166111
166108
166106
166111
166115
166114
166112
166111
166112
166116
166114
166108
166107
166111
166114
166113
166110
166106
166111
166113
166111
166110
166109
166114
166118
166120
166116
166112
166110
166112
166111
166106
166103
166105
166109
166111
166112
166105
166104
166109
166113
166114
166113
166119
166125
166126
166115
166108
166108
166109
166106
166099
166096
166100
166105
166102
166100
166099
166104
166110
166112
166108
166107
166110
166112
166113
166110
166106
166105
166104
166101
166096
166087
166083
166083
166082
166080
166077
166082
166091
166096
166093
166094
166100
166107
166109
166106
166102
166105
166106
166100
166094
166089
166089
166091
166088
166081
166080
166082
166087
166089
166089
166092
166099
166107
166113
166113
166109
166112
166117
166116
166112
166109
166110
166114
166112
166103
166100
166104
166109
166112
166112
166113
166122
166130
166130
166131
166132
166135
166138
166138
166132
166130
166131
166133
166130
166126
166123
166126
166129
166129
166125
166122
166122
166124
166124
166121
166120
166124
166129
166129
166127
166121
166122
166127
166126
166123
166120
166123
166127
166125
166122
166116
166120
166127
166132
166132
166132
166138
166143
166143
166137
166133
166134
166135
166134
166128
166123
166128
166130
166127
166121
166114
166116
166122
166124
166123
166123
166129
166131
166127
166123
166118
166118
166119
166118
166113
166108
166106
166109
166105
166098
166094
166097
166102
166101
166100
166098
166102
166110
166107
166103
166102
166106
166110
166108
166103
166099
166105
166107
166104
166099
166097
166102
166105
166106
166102
166102
166106
166106
166106
166103
166101
166105
166111
166109
166101
166096
166098
166096
166094
166091
166089
166093
166099
166102
166100
166098
166103
166105
166102
166099
166097
166102
166105
166104
166100
166098
166100
166104
166101
166097
166094
166096
166099
166097
166092
166089
166092
166096
166095
166095
166096
166102
166107
166107
166105
166104
166108
166108
166106
166104
166102
166103
166107
166106
166104
166100
166103
166106
166104
166100
166099
166104
166109
166110
166108
166108
166109
166111
166110
166105
166100
166100
166103
166101
166099
166095
166095
166098
166097
166093
166090
166090
166094
166094
166089
166083
166082
166083
166080
166074
166070
166071
166073
166072
166067
166060
166060
166060
166057
166052
166049
166052
166056
166057
166052
166049
166055
166064
166066
166065
166065
166071
166077
166078
166072
166069
166073
166077
166077
166074
166075
166082
166088
166087
166086
166090
166098
166107
166111
166114
166117
166124
166129
166131
166127
166124
166128
166136
166137
166134
166135
166139
166143
166146
166144
166141
166146
166150
166149
166144
166143
166145
166150
166151
166149
166145
166150
166154
166154
166148
166145
166147
166148
166146
166141
166138
166142
166148
166150
166144
166140
166143
166146
166146
166144
166140
166143
166149
166145
166138
166135
166138
166139
166137
166131
166127
166131
166132
166127
166124
166123
166128
166133
166132
166129
166128
166134
166136
166133
166129
166126
166130
166135
166135
166132
166131
166135
166136
166133
166128
166125
166127
166129
166128
166126
166123
166122
166125
166125
166122
166120
166126
166131
166130
166126
166121
166122
166124
166122
166118
166114
166115
166118
166115
166105
166102
166103
166107
166109
166105
166102
166107
166110
166106
166101
166101
166105
166107
166106
166101
166098
166101
166103
166100
166094
166091
166095
166099
166098
166094
166092
166096
166095
166093
166090
166090
166093
166098
166097
166095
166093
166095
166100
166099
166095
166094
166100
166104
166103
166097
166094
166099
166103
166099
166097
166096
166103
166105
166103
166099
166098
166103
166105
166104
166100
166099
166100
166102
166101
166099
166096
166100
166104
166104
166101
166098
166104
166108
166109
166107
166105
166107
166112
166110
166105
166104
166106
166109
166109
166104
166101
166107
166111
166107
166104
166102
166107
166112
166109
166103
166103
166107
166110
166107
166101
166098
166104
166107
166106
166104
166102
166104
166108
166108
166104
166102
166105
166111
166110
166103
166100
166104
166107
166106
166102
166100
166103
166104
166101
166098
166100
166105
166109
166108
166107
166104
166105
166109
166107
166104
166104
166109
166112
166107
166102
166099
166102
166105
166104
166099
166099
166106
166105
166101
166098
166099
166103
166107
166105
166101
166103
166103
166104
166104
166102
166101
166106
166111
166112
166110
166108
166111
166114
166112
166108
166107
166110
166116
166113
166105
166104
166108
166112
166110
166107
166104
166108
166111
166110
166108
166106
166109
166112
166111
166110
166108
166112
166115
166115
166113
166113
166116
166121
166122
166114
166108
166110
166116
166115
166109
166107
166111
166115
166111
166106
166103
166108
166113
166111
166110
166109
166107
166111
166109
166105
166103
166107
166111
166113
166108
166104
166105
166108
166107
166102
166100
166103
166108
166104
166101
166098
166101
166106
166104
166099
166100
166103
166104
166101
166096
166093
166097
166102
166102
166102
166098
166099
166103
166103
166099
166099
166103
166107
166108
166103
166098
166104
166109
166108
166103
166100
166103
166108
166103
166100
166100
166104
166106
166105
166100
166096
166099
166102
166100
166099
166099
166103
166107
166109
166103
166097
166102
166107
166107
166104
166104
166109
166114
166112
166107
166106
166109
166112
166111
166108
166107
166111
166113
166111
166108
166107
166112
166115
166112
166110
166108
166110
166114
166114
166112
166111
166114
166116
166116
166110
166105
166109
166112
166112
166108
166108
166115
166118
166115
166112
166109
166111
166114
166114
166111
166110
166111
166113
166113
166111
166109
166112
166118
166117
166114
166112
166115
166119
166117
166112
166111
166116
166121
166121
166115
166112
166115
166120
166120
166116
166114
166118
166118
166114
166108
166108
166114
166119
166117
166116
166117
166117
166120
166117
166113
166111
166117
166122
166123
166119
166115
166117
166121
166118
166112
166110
166114
166119
166119
166114
166112
166117
166122
166121
166117
166116
166118
166121
166120
166116
166114
166119
166122
166121
166117
166116
166118
166119
166118
166116
166115
166119
166124
166124
166123
166120
166125
166128
166124
166120
166119
166121
166125
166125
166119
166116
166117
166121
166118
166113
166112
166117
166122
166117
166114
166112
166115
166117
166116
166112
166111
166116
166117
166115
166112
166111
166116
166119
166116
166115
166112
166111
166115
166115
166113
166113
166118
166124
166128
166123
166119
166122
166128
166128
166124
166123
166129
166133
166129
166125
166124
166132
166135
166133
166131
166132
166136
166136
166134
166129
166129
166132
166133
166130
166126
166123
166123
166126
166126
166125
166123
166128
166136
166133
166127
166127
166130
166134
166136
166133
166133
166140
166141
166138
166134
166131
166134
166136
166136
166134
166134
166138
166142
166139
166134
166132
166132
166136
166136
166134
166130
166131
166134
166129
166126
166126
166130
166131
166130
166124
166122
166128
166131
166130
166126
166124
166127
166135
166132
166125
166124
166128
166132
166131
166130
166129
166134
166137
166134
166130
166126
166129
166132
166130
166126
166126
166128
166129
166128
166123
166124
166128
166131
166131
166130
166128
166130
166133
166130
166124
166121
166126
166131
166128
166117
166112
166112
166113
166111
166108
166108
166113
166118
166114
166107
166104
166107
166110
166108
166104
166102
166105
166106
166103
166098
166097
166099
166102
166100
166098
166100
166105
166108
166105
166101
166101
166106
166109
166106
166102
166102
166104
166107
166104
166101
166100
166104
166106
166105
166100
166097
166098
166101
166101
166097
166096
166099
166106
166101
166096
166097
166102
166104
166103
166100
166103
166108
166112
166112
166111
166111
166117
166117
166113
166109
166107
166106
166110
166110
166107
166105
166108
166114
166110
166104
166100
166101
166103
166100
166097
166097
166104
166116
166113
166109
166111
166119
166125
166123
166120
166119
166125
166125
166121
166116
166112
166114
166116
166113
166109
166112
166116
166118
166117
166118
166123
166129
166134
166134
166135
166134
166137
166140
166138
166134
166133
166135
166134
166131
166125
166119
166120
166123
166121
166117
166118
166124
166129
166124
166122
166123
166127
166131
166128
166120
166117
166113
166112
166109
166101
166099
166102
166106
166104
166102
166099
166102
166107
166107
166106
166107
166111
166117
166114
166107
166104
166108
166111
166110
166106
166107
166114
166119
166115
166112
166113
166119
166124
166125
166124
166123
166129
166129
166126
166123
166121
166122
166123
166122
166118
166117
166119
166122
166122
166121
166120
166123
166130
166132
166129
166129
166130
166133
166132
166128
166125
166127
166130
166130
166125
166121
166123
166128
166127
166123
166125
166130
166134
166133
166127
166126
166129
166130
166125
166121
166119
166118
166120
166118
166115
166115
166118
166122
166121
166117
166113
166115
166117
166117
166116
166117
166119
166122
166122
166114
166110
166110
166110
166107
166105
166105
166108
166111
166110
166103
166102
166109
166115
166117
166116
166119
166125
166131
166127
166120
166117
166118
166119
166116
166112
166108
166114
166119
166115
166111
166112
166119
166124
166125
166125
166126
166133
166135
166129
166120
166112
166112
166112
166107
166102
166100
166100
166106
166109
166109
166110
166117
166124
166126
166127
166126
166129
166131
166127
166121
166115
166115
166114
166109
166103
166100
166105
166111
166113
166114
166117
166125
166137
166138
166135
166137
166142
166147
166145
166141
166136
166136
166136
166128
166123
166123
166128
166132
166133
166132
166135
166145
166152
166149
166149
166151
166155
166158
166154
166148
166147
166145
166139
166132
166125
166123
166124
166126
166123
166122
166123
166124
166128
166131
166131
166132
166138
166144
166145
166142
166138
166141
166142
166137
166132
166131
166130
166128
166122
166114
166111
166115
166116
166113
166113
166117
166122
166129
166129
166129
166131
166138
166143
166139
166139
166137
166136
166135
166129
166121
166117
166117
166116
166112
166109
166107
166110
166114
166115
166114
166115
166120
166125
166125
166119
166118
166125
166132
166134
166135
166138
166143
166148
166146
166139
166137
166142
166148
166147
166144
166143
166147
166152
166148
166140
166138
166141
166142
166139
166133
166129
166133
166133
166126
166118
166116
166121
166123
166122
166119
166121
166125
166131
166133
166131
166133
166138
166142
166140
166138
166134
166131
166129
166123
166116
166109
166104
166102
166097
166092
166087
166089
166092
166091
166090
166091
166097
166102
166104
166103
166102
166106
166110
166109
166103
166100
166101
166102
166101
166093
166090
166090
166094
166094
166091
166093
166098
166105
166104
166097
166095
166097
166099
166095
166088
166085
166088
166091
166084
166077
166075
166077
166079
166078
166076
166074
166078
166080
166075
166070
166070
166074
166079
166080
166079
166083
166089
166089
166086
166081
166079
166082
166084
166081
166077
166077
166076
166079
166076
166069
166066
166072
166079
166075
166072
166073
166079
166084
166081
166075
166076
166083
166083
166079
166077
166077
166081
166085
166082
166079
166084
166090
166090
166088
166084
166084
166089
166093
166091
166087
166083
166084
166084
166078
166074
166074
166079
166082
166078
166073
166074
166078
166083
166083
166081
166082
166088
166089
166087
166085
166086
166090
166093
166090
166088
166088
166093
166095
166091
166090
166089
166093
166097
166095
166094
166097
166100
166099
166094
166089
166088
166089
166092
166090
166087
166085
166088
166092
166089
166085
166084
166089
166095
166093
166086
166088
166093
166096
166094
166091
166088
166092
166096
166090
166084
166084
166087
166089
166085
166083
166085
166087
166090
166084
166079
166079
166084
166087
166085
166082
166084
166091
166091
166088
166084
166082
166087
166090
166084
166081
166084
166086
166088
166086
166082
166085
166090
166092
166088
166088
166090
166093
166096
166094
166090
166088
166091
166096
166094
166089
166086
166089
166091
166089
166085
166086
166089
166092
166091
166086
166085
166088
166091
166087
166083
166083
166087
166090
166082
166077
166078
166081
166085
166081
166079
166083
166091
166094
166090
166087
166089
166093
166096
166093
166090
166092
166092
166092
166089
166087
166087
166090
166096
166096
166096
166098
166100
166101
166099
166096
166096
166099
166101
166100
166095
166092
166097
166101
166101
166095
166096
166103
166108
166107
166101
166101
166105
166112
166110
166106
166105
166110
166114
166110
166106
166106
166110
166113
166110
166104
166105
166113
166112
166107
166103
166104
166107
166112
166109
166106
166109
166112
166115
166113
166112
166112
166117
166120
166117
166117
166117
166120
166124
166123
166119
166118
166121
166122
166120
166115
166112
166117
166118
166115
166111
166114
166116
166116
166116
166111
166109
166113
166117
166115
166111
166111
166114
166120
166116
166108
166107
166110
166112
166108
166104
166104
166110
166109
166105
166100
166098
166102
166106
166103
166101
166103
166103
166106
166104
166099
166101
166108
166111
166109
166110
166109
166113
166115
166111
166108
166108
166111
166115
166117
166109
166106
166109
166112
166109
166104
166104
166110
166117
166112
166108
166110
166113
166115
166114
166111
166110
166113
166113
166106
166102
166102
166104
166108
166106
166105
166102
166104
166106
166103
166100
166099
166100
166101
166100
166095
166092
166096
166099
166098
166096
166096
166100
166104
166102
166098
166096
166096
166099
166097
166094
166093
166097
166101
166097
166091
166091
166095
166098
166095
166090
166092
166097
166098
166096
166092
166093
166098
166100
166097
166094
166094
166096
166102
166101
166100
166102
166106
166106
166101
166098
166096
166096
166099
166096
166094
166094
166096
166099
166098
166092
166089
166093
166099
166097
166094
166096
166102
166105
166100
166097
166098
166103
166105
166101
166097
166098
166101
166098
166091
166085
166087
166091
166093
166092
166093
166094
166098
166102
166099
166096
166099
166102
166105
166105
166100
166097
166100
166101
166098
166094
166095
166100
166104
166099
166093
166095
166100
166105
166105
166104
166105
166109
166107
166102
166098
166101
166104
166106
166104
166101
166098
166100
166102
166096
166091
166091
166095
166098
166094
166088
166088
166092
166093
166092
166089
166089
166094
166098
166092
166087
166088
166092
166095
166092
166089
166093
166099
166099
166096
166094
166095
166098
166098
166093
166092
166091
166093
166095
166092
166090
166092
166097
166099
166099
166093
166093
166096
166098
166095
166093
166094
166097
166100
166094
166087
166085
166087
166089
166087
166083
166084
166087
166086
166082
166079
166080
166084
166089
166089
166089
166088
166091
166094
166093
166091
166091
166097
166103
166099
166093
166092
166096
166099
166097
166091
166092
166098
166101
166093
166088
166090
166092
166093
166089
166085
166090
166094
166093
166092
166091
166093
166095
166098
166094
166090
166091
166090
166091
166089
166086
166087
166091
166095
166094
166092
166092
166096
166100
166099
166096
166097
166103
166106
166101
166097
166097
166100
166103
166099
166093
166095
166100
166098
166092
166088
166089
166092
166096
166092
166090
166095
166098
166098
166094
166088
166088
166094
166094
166090
166083
166081
166087
166090
166088
166085
166087
166091
166093
166086
166084
166083
166086
166086
166084
166082
166085
166090
166089
166085
166082
166085
166091
166092
166089
166089
166093
166093
166096
166093
166089
166091
166093
166094
166091
166088
166085
166085
166086
166083
166079
166081
166084
166087
166084
166079
166082
166085
166086
166084
166080
166081
166087
166089
166084
166081
166083
166088
166091
166087
166083
166086
166091
166090
166085
166080
166080
166085
166086
166083
166080
166080
166081
166082
166079
166076
166078
166082
166084
166084
166079
166077
166080
166081
166078
166076
166078
166085
166085
166081
166081
166083
166089
166093
166092
166086
166087
166088
166089
166087
166084
166086
166089
166091
166089
166086
166086
166092
166093
166089
166087
166091
166097
166101
166095
166093
166098
166103
166104
166101
166098
166100
166103
166102
166098
166095
166097
166101
166101
166099
166095
166094
166097
166095
166088
166084
166083
166088
166090
166083
166078
166080
166087
166090
166088
166087
166090
166090
166090
166087
166083
166086
166089
166090
166087
166080
166081
166085
166086
166083
166080
166082
166085
166088
166082
166078
166080
166084
166085
166083
166080
166082
166086
166084
166081
166078
166081
166087
166090
166091
166092
166092
166094
166096
166091
166088
166090
166094
166099
166094
166086
166087
166092
166092
166086
166082
166085
166087
166086
166083
166080
166081
166085
166086
166085
166084
166081
166084
166086
166083
166081
166085
166091
166094
166093
166088
166090
166094
166095
166094
166092
166093
166097
166096
166090
166085
166088
166093
166093
166089
166087
166089
166089
166090
166087
166082
166084
166087
166091
166085
166080
166083
166086
166087
166084
166082
166088
166089
166089
166087
166083
166085
166089
166091
166090
166089
166088
166089
166091
166088
166084
166087
166092
166096
166093
166084
166086
166092
166094
166091
166088
166090
166096
166096
166089
166086
166086
166089
166090
166089
166086
166088
166089
166090
166088
166085
166087
166089
166090
166088
166086
166086
166089
166092
166090
166087
166091
166096
166099
166094
166087
166086
166091
166091
166090
166086
166088
166096
166094
166089
166086
166088
166092
166093
166090
166089
166091
166093
166092
166090
166087
166089
166092
166096
166090
166083
166084
166089
166089
166084
166082
166084
166089
166088
166083
166079
166081
166086
166088
166085
166082
166081
166083
166085
166082
166079
166082
166084
166087
166084
166078
166081
166085
166086
166081
166078
166085
166090
166090
166086
166082
166085
166088
166090
166083
166082
166084
166088
166091
166088
166085
166088
166092
166094
166093
166089
166092
166097
166097
166094
166090
166093
166097
166098
166093
166088
166089
166096
166097
166093
166090
166093
166092
166092
166090
166086
166089
166095
166097
166097
166098
166098
166104
166110
166109
166106
166110
166114
166115
166109
166103
166104
166107
166106
166101
166095
166098
166100
166101
166096
166093
166095
166099
166102
166100
166095
166098
166103
166106
166103
166101
166106
166109
166106
166103
166098
166100
166107
166110
166109
166111
166112
166113
166114
166110
166105
166107
166109
166109
166109
166102
166102
166108
166111
166108
166106
166109
166113
166116
166110
166106
166108
166112
166112
166108
166105
166107
166111
166108
166102
166093
166092
166094
166092
166087
166084
166084
166089
166090
166088
166086
166087
166090
166092
166090
166085
166088
166094
166096
166093
166089
166091
166095
166091
166084
166079
166080
166080
166079
166072
166070
166072
166071
166072
166071
166071
166078
166085
166089
166088
166088
166087
166091
166090
166086
166084
166086
166089
166090
166087
166080
166079
166079
166079
166073
166069
166073
166080
166079
166074
166071
166074
166075
166076
166072
166069
166074
166077
166077
166076
166077
166082
166086
166088
166088
166086
166087
166088
166089
166086
166083
166081
166083
166084
166076
166071
166072
166072
166070
166066
166061
166063
166069
166067
166063
166062
166067
166072
166073
166069
166065
166068
166071
166072
166070
166067
166071
166074
166076
166072
166063
166061
166064
166065
166063
166060
166063
166070
166069
166064
166061
166065
166071
166073
166071
166070
166070
166073
166075
166074
166071
166076
166080
166083
166080
166075
166077
166079
166079
166074
166070
166074
166078
166075
166071
166071
166076
166082
166082
166080
166074
166071
166073
166072
166065
166060
166064
166071
166072
166069
166068
166072
166080
166085
166085
166081
166085
166093
166092
166086
166079
166078
166080
166077
166071
166065
166068
166071
166070
166067
166063
166069
166076
166080
166081
166082
166088
166090
166089
166085
166081
166080
166080
166079
166075
166069
166067
166071
166069
166067
166064
166068
166075
166080
166079
166075
166080
166085
166085
166083
166082
166085
166088
166089
166080
166076
166078
166082
166082
166080
166076
166080
166087
166088
166085
166085
166092
166098
166099
166094
166090
166094
166094
166093
166089
166086
166089
166093
166094
166092
166092
166093
166096
166098
166094
166091
166094
166098
166098
166093
166090
166090
166091
166092
166088
166082
166084
166087
166088
166087
166080
166082
166088
166089
166086
166084
166089
166092
166090
166085
166076
166078
166081
166084
166080
166077
166082
166086
166088
166083
166078
166079
166083
166085
166084
166083
166086
166090
166090
166082
166078
166080
166082
166082
166076
166071
166075
166084
166085
166080
166078
166083
166089
166092
166089
166089
166093
166095
166095
166090
166088
166088
166090
166088
166083
166081
166078
166079
166080
166077
166076
166081
166088
166089
166088
166084
166085
166088
166087
166082
166078
166079
166083
166083
166077
166075
166075
166077
166077
166072
166070
166074
166076
166077
166075
166074
166080
166086
166084
166081
166080
166082
166084
166082
166077
166073
166074
166077
166077
166068
166064
166067
166071
166071
166068
166066
166070
166074
166075
166076
166070
166070
166075
166077
166074
166070
166071
166075
166075
166069
166064
166067
166069
166065
166062
166061
166066
166071
166072
166069
166066
166069
166073
166075
166074
166068
166070
166074
166070
166064
166059
166060
166060
166057
166051
166048
166052
166052
166050
166047
166047
166052
166058
166059
166057
166055
166058
166063
166066
166065
166059
166061
166065
166064
166059
166056
166058
166059
166057
166051
166049
166054
166055
166053
166051
166048
166051
166056
166058
166057
166056
166062
166070
166075
166071
166064
166064
166065
166063
166058
166054
166055
166057
166057
166052
166045
166046
166049
166049
166045
166043
166048
166053
166054
166052
166051
166056
166061
166063
166055
166050
166049
166050
166047
166039
166034
166035
166038
166039
166033
166030
166034
166038
166039
166037
166035
166037
166039
166041
166041
166038
166039
166046
166048
166046
166045
166048
166051
166050
166045
166040
166044
166048
166050
166048
166048
166051
166054
166053
166048
166045
166050
166052
166052
166050
166049
166051
166056
166058
166057
166056
166060
166063
166059
166054
166052
166056
166060
166061
166058
166058
166061
166067
166070
166067
166062
166066
166070
166069
166064
166061
166064
166067
166068
166065
166062
166065
166069
166070
166069
166068
166073
166078
166078
166072
166070
166073
166075
166073
166071
166069
166072
166077
166078
166075
166073
166078
166082
166083
166076
166071
166073
166079
166082
166080
166081
166086
166090
166090
166089
166086
166085
166088
166086
166084
166083
166085
166088
166086
166082
166082
166085
166086
166086
166083
166080
166082
166085
166084
166081
166080
166084
166085
166082
166076
166073
166077
166081
166080
166078
166076
166079
166085
166082
166079
166079
166085
166088
166087
166083
166080
166086
166090
166087
166084
166080
166082
166086
166086
166083
166082
166084
166088
166082
166075
166071
166073
166075
166072
166068
166066
166068
166072
166070
166064
166062
166067
166075
166076
166074
166075
166082
166085
166085
166082
166082
166084
166084
166082
166078
166074
166076
166076
166070
166064
166059
166060
166063
166061
166057
166055
166056
166055
166052
166049
166048
166050
166053
166052
166051
166048
166049
166052
166052
166049
166046
166052
166058
166060
166057
166052
166055
166059
166059
166056
166054
166057
166060
166059
166053
166049
166050
166055
166056
166053
166052
166058
166068
166068
166061
166059
166064
166067
166065
166060
166056
166057
166061
166055
166048
166047
166050
166055
166057
166054
166053
166060
166066
166063
166060
166057
166059
166061
166057
166051
166049
166051
166052
166049
166045
166044
166047
166052
166049
166045
166045
166051
166054
166052
166049
166047
166050
166053
166051
166048
166047
166046
166049
166052
166049
166049
166058
166066
166069
166070
166069
166068
166071
166070
166066
166063
166066
166067
166065
166056
166049
166049
166052
166050
166047
166046
166052
166059
166063
166059
166058
166063
166069
166070
166069
166069
166074
166076
166071
166067
166062
166062
166064
166061
166057
166053
166059
166061
166057
166057
166058
166063
166068
166067
166066
166067
166067
166070
166068
166066
166065
166070
166071
166070
166065
166061
166065
166071
166071
166071
166072
166078
166086
166087
166083
166081
166085
166088
166087
166084
166082
166088
166090
166085
166082
166079
166082
166087
166087
166080
166076
166079
166084
166082
166079
166077
166080
166086
166084
166082
166082
166087
166090
166088
166084
166083
166084
166086
166086
166084
166083
166087
166092
166095
166090
166086
166086
166088
166084
166079
166076
166077
166081
166079
166071
166068
166069
166073
166074
166070
166068
166075
166077
166074
166072
166070
166074
166081
166081
166077
166077
166078
166081
166079
166072
166069
166073
166077
166076
166071
166065
166068
166073
166074
166071
166069
166075
166080
166077
166072
166070
166074
166077
166075
166073
166074
166074
166075
166072
166067
166063
166065
166069
166068
166063
166063
166069
166074
166073
166070
166066
166069
166073
166071
166070
166070
166074
166077
166075
166071
166069
166071
166074
166073
166071
166072
166077
166080
166079
166075
166068
166069
166073
166073
166069
166066
166070
166073
166073
166066
166062
166067
166072
166072
166069
166066
166068
166070
166069
166067
166068
166073
166079
166079
166078
166076
166078
166083
166078
166072
166069
166070
166073
166072
166065
166060
166064
166068
166070
166066
166064
166070
166077
166076
166072
166075
166081
166086
166085
166081
166078
166079
166074
166070
166067
166063
166066
166069
166068
166066
166066
166070
166075
166074
166072
166071
166076
166080
166079
166077
166074
166075
166078
166077
166071
166066
166070
166071
166069
166066
166062
166065
166069
166068
166067
166068
166073
166079
166080
166077
166076
166080
166085
166083
166077
166075
166080
166081
166079
166075
166073
166079
166084
166085
166084
166080
166081
166085
166082
166077
166075
166074
166077
166079
166074
166071
166073
166076
166073
166068
166063
166068
166072
166072
166067
166067
166071
166075
166075
166071
166068
166071
166075
166070
166064
166063
166065
166067
166064
166059
166058
166063
166066
166064
166061
166062
166066
166070
166069
166063
166063
166070
166076
166074
166071
166068
166070
166073
166073
166069
166068
166071
166073
166071
166067
166067
166072
166078
166077
166074
166075
166077
166077
166073
166068
166066
166070
166072
166068
166065
166063
166069
166071
166069
166065
166064
166068
166070
166069
166068
166068
166069
166070
166067
166065
166065
166066
166069
166069
166067
166069
166070
166071
166070
166066
166063
166064
166067
166065
166063
166059
166064
166069
166068
166064
166061
166064
166069
166072
166063
166060
166064
166068
166067
166065
166065
166071
166075
166074
166070
166068
166069
166071
166068
166066
166067
166072
166080
166078
166074
166073
166075
166077
166073
166070
166068
166073
166075
166071
166067
166067
166071
166076
166074
166069
166068
166074
166076
166074
166072
166073
166077
166081
166078
166072
166074
166079
166077
166074
166071
166069
166072
166077
166077
166074
166073
166079
166081
166077
166074
166074
166076
166080
166079
166075
166075
166080
166083
166080
166075
166071
166074
166077
166073
166069
166068
166069
166071
166072
166071
166073
166076
166079
166075
166070
166069
166072
166073
166070
166065
166064
166068
166075
166073
166069
166069
166070
166075
166072
166067
166065
166069
166075
166074
166070
166072
166076
166079
166079
166076
166075
166078
166082
166080
166077
166080
166082
166082
166080
166077
166077
166082
166087
166087
166084
166086
166088
166092
166092
166088
166088
166092
166095
166092
166089
166087
166085
166085
166081
166075
166071
166074
166075
166075
166075
166073
166077
166080
166080
166077
166078
166082
166082
166081
166079
166077
166078
166082
166079
166074
166073
166077
166082
166084
166084
166081
166086
166092
166092
166089
166089
166094
166096
166094
166092
166087
166090
166092
166091
166087
166086
166090
166092
166091
166086
166084
166089
166092
166090
166085
166086
166088
166089
166089
166083
166082
166086
166090
166087
166083
166082
166084
166088
166085
166078
166076
166078
166080
166078
166077
166075
166079
166086
166084
166080
166080
166082
166087
166085
166081
166080
166085
166092
166086
166081
166079
166081
166083
166080
166076
166077
166079
166081
166078
166077
166076
166080
166083
166081
166077
166077
166080
166081
166079
166076
166076
166081
166086
166084
166079
166080
166080
166082
166079
166075
166074
166076
166080
166077
166073
166073
166073
166075
166073
166069
166068
166070
166073
166071
166069
166068
166073
166077
166075
166073
166074
166077
166080
166080
166078
166076
166078
166080
166079
166076
166071
166075
166079
166078
166072
166072
166077
166080
166079
166074
166074
166077
166078
166075
166067
166065
166069
166074
166072
166071
166071
166078
166085
166084
166078
166077
166081
166083
166083
166079
166078
166084
166087
166081
166078
166078
166080
166079
166077
166073
166074
166081
166085
166080
166076
166074
166075
166079
166077
166073
166074
166081
166082
166077
166072
166070
166072
166075
166074
166073
166076
166078
166079
166077
166073
166073
166077
166082
166085
166087
166084
166088
166093
166090
166084
166080
166084
166090
166091
166086
166083
166086
166089
166088
166084
166083
166088
166092
166090
166084
166083
166087
166090
166089
166086
166087
166091
166095
166090
166084
166084
166088
166093
166092
166088
166087
166091
166097
166093
166087
166085
166089
166091
166088
166084
166083
166088
166091
166089
166085
166084
166088
166090
166087
166080
166082
166086
166088
166086
166083
166085
166088
166091
166089
166085
166083
166087
166090
166088
166084
166081
166083
166087
166086
166082
166080
166083
166087
166084
166080
166081
166087
166091
166088
166082
166081
166085
166089
166088
166085
166085
166090
166093
166087
166082
166082
166086
166090
166090
166088
166091
166095
166096
166089
166084
166084
166089
166091
166086
166083
166083
166088
166087
166084
166081
166082
166088
166092
166091
166087
166083
166084
166085
166083
166080
166081
166086
166089
166088
166084
166086
166091
166092
166089
166087
166089
166094
166097
166095
166092
166091
166091
166095
166092
166089
166091
166093
166094
166094
166089
166087
166091
166094
166091
166089
166088
166095
166101
166094
166091
166093
166097
166100
166096
166091
166089
166093
166092
166088
166086
166085
166089
166091
166090
166086
166088
166089
166088
166083
166080
166081
166085
166090
166089
166088
166088
166089
166090
166088
166085
166083
166086
166091
166090
166082
166076
166078
166082
166079
166076
166076
166079
166083
166081
166072
166069
166072
166075
166072
166070
166071
166077
166083
166080
166077
166077
166079
166082
166080
166079
166079
166083
166087
166082
166078
166080
166083
166084
166082
166079
166082
166086
166085
166080
166077
166078
166083
166089
166085
166081
166084
166085
166088
166087
166084
166086
166090
166093
166090
166089
166086
166087
166091
166090
166086
166087
166092
166097
166100
166094
166090
166093
166098
166096
166094
166095
166101
166103
166099
166095
166095
166095
166095
166092
166086
166087
166092
166093
166090
166087
166088
166093
166095
166094
166091
166091
166095
166096
166092
166089
166091
166097
166104
166101
166096
166099
166100
166099
166095
166091
166091
166095
166098
166097
166096
166096
166100
166103
166101
166097
166094
166094
166097
166095
166089
166088
166093
166097
166094
166091
166093
166097
166102
166100
166095
166096
166098
166102
166102
166099
166098
166102
166104
166099
166093
166090
166092
166095
166092
166086
166088
166096
166096
166094
166090
166091
166095
166096
166094
166090
166093
166095
166095
166091
166086
166088
166094
166095
166092
166090
166094
166098
166101
166100
166097
166098
166103
166107
166102
166103
166103
166108
166111
166108
166103
166104
166106
166107
166104
166098
166094
166095
166100
166100
166098
166100
166104
166106
166103
166098
166097
166096
166096
166094
166092
166096
166099
166102
166096
166087
166088
166092
166098
166098
166096
166099
166104
166110
166106
166099
166102
166106
166109
166106
166101
166102
166105
166106
166099
166095
166098
166102
166105
166103
166102
166107
166114
166113
166107
166102
166103
166104
166104
166100
166098
166097
166097
166097
166089
166086
166087
166090
166095
166096
166097
166098
166102
166104
166102
166100
166098
166099
166103
166103
166097
166096
166100
166102
166098
166096
166096
166101
166106
166102
166096
166098
166102
166105
166102
166100
166098
166103
166103
166095
166089
166088
166090
166093
166091
166089
166094
166101
166103
166102
166099
166100
166104
166106
166101
166096
166097
166098
166096
166090
166087
166088
166093
166097
166096
166094
166097
166105
166110
166109
166106
166111
166117
166123
166119
166111
166110
166113
166112
166106
166102
166099
166101
166103
166097
166093
166094
166099
166102
166102
166100
166104
166113
166114
166114
166110
166108
166112
166110
166103
166096
166098
166100
166100
166099
166099
166101
166105
166110
166109
166109
166109
166110
166113
166110
166106
166105
166108
166109
166104
166099
166094
166097
166101
166097
166094
166097
166104
166110
166111
166108
166107
166113
166116
166113
166110
166112
166115
166117
166115
166107
166106
166109
166111
166108
166104
166106
166110
166113
166108
166106
166107
166112
166116
166115
166113
166111
166107
166106
166103
166098
166096
166097
166100
166099
166093
166094
166099
166100
166096
166093
166097
166102
166109
166104
166099
166100
166104
166106
166103
166097
166094
166100
166099
166092
166087
166089
166094
166096
166092
166092
166096
166100
166105
166104
166103
166104
166106
166108
166101
166095
166091
166092
166094
166091
166087
166087
166093
166094
166088
166083
166083
166090
166095
166095
166091
166095
166101
166101
166095
166089
166092
166095
166097
166095
166088
166085
166086
166088
166086
166083
166084
166090
166098
166092
166091
166094
166100
166101
166101
166100
166101
166102
166100
166096
166093
166095
166099
166100
166097
166092
166091
166094
166095
166091
166089
166094
166105
166104
166099
166098
166099
166103
166106
166105
166100
166099
166102
166101
166093
166087
166087
166090
166094
166090
166089
166094
166102
166109
166110
166110
166112
166113
166116
166111
166104
166103
166106
166106
166101
166096
166094
166096
166098
166095
166091
166094
166099
166099
166097
166097
166101
166108
166116
166113
166106
166105
166106
166106
166101
166096
166095
166099
166102
166094
166087
166088
166095
166093
166088
166087
166093
166101
166107
166107
166106
166108
166110
166109
166106
166105
166108
166111
166111
166107
166100
166100
166100
166098
166094
166092
166091
166095
166099
166098
166098
166103
166111
166116
166113
166111
166113
166116
166119
166115
166110
166109
166112
166113
166110
166105
166102
166102
166104
166101
166100
166104
166111
166116
166115
166114
166116
166121
166123
166119
166117
166118
166121
166121
166120
166113
166113
166117
166119
166116
166114
166118
166126
166126
166120
166115
166116
166119
166122
166118
166113
166115
166121
166120
166116
166112
166111
166112
166112
166107
166098
166098
166101
166098
166094
166090
166093
166098
166101
166102
166102
166102
166108
166112
166110
166108
166108
166111
166112
166106
166096
166094
166098
166096
166091
166087
166086
166089
166092
166089
166085
166089
166096
166100
166100
166100
166102
166104
166104
166094
166088
166088
166092
166091
166085
166080
166085
166091
166094
166087
166084
166088
166093
166094
166093
166090
166090
166093
166094
166088
166084
166085
166087
166087
166083
166078
166082
166088
166087
166081
166077
166078
166081
166083
166080
166074
166076
166080
166078
166074
166072
166075
166082
166087
166085
166080
166084
166086
166086
166081
166079
166082
166086
166088
166085
166080
166083
166084
166084
166082
166078
166079
166084
166087
166084
166081
166086
166088
166089
166084
166080
166082
166086
166088
166082
166078
166080
166080
166078
166073
166070
166076
166083
166086
166088
166086
166086
166091
166091
166087
166083
166085
166089
166088
166085
166082
166080
166083
166084
166080
166078
166078
166083
166086
166085
166083
166080
166080
166081
166077
166074
166077
166082
166082
166079
166080
166080
166080
166081
166077
166070
166069
166071
166071
166069
166065
166065
166071
166072
166069
166067
166068
166070
166071
166068
166061
166062
166068
166069
166066
166062
166062
166066
166069
166062
166056
166059
166065
166069
166068
166065
166068
166075
166076
166070
166065
166068
166073
166074
166067
166062
166063
166068
166065
166059
166055
166058
166063
166064
166062
166060
166064
166068
166067
166066
166064
166067
166069
166068
166062
166060
166060
166061
166062
166057
166053
166055
166060
166062
166061
166060
166059
166062
166063
166061
166059
166061
166065
166066
166063
166056
166055
166058
166056
166053
166050
166052
166058
166059
166051
166046
166047
166050
166051
166047
166045
166049
166056
166058
166054
166050
166051
166054
166052
166048
166045
166048
166053
166053
166051
166048
166051
166057
166057
166053
166052
166058
166060
166061
166059
166056
166057
166060
166058
166051
166050
166051
166055
166055
166050
166046
166047
166049
166051
166048
166044
166044
166048
166048
166044
166041
166043
166048
166054
166050
166045
166046
166051
166051
166047
166043
166045
166050
166048
166040
166034
166037
166043
166044
166041
166039
166045
166048
166049
166047
166045
166048
166051
166052
166046
166044
166043
166045
166046
166042
166037
166040
166045
166046
166044
166039
166041
166048
166050
166048
166046
166048
166053
166053
166048
166043
166042
166045
166044
166039
166033
166036
166041
166038
166034
166032
166037
166041
166042
166038
166034
166037
166037
166037
166035
166034
166038
166043
166040
166037
166034
166034
166036
166038
166036
166033
166034
166037
166038
166037
166032
166030
166031
166032
166028
166024
166027
166034
166036
166033
166029
166030
166034
166036
166031
166028
166031
166033
166034
166028
166022
166027
166034
166037
166035
166030
166032
166037
166035
166028
166026
166028
166033
166033
166030
166026
166028
166031
166028
166024
166020
166022
166026
166025
166021
166016
166020
166026
166026
166023
166020
166025
166029
166029
166025
166019
166020
166025
166023
166018
166016
166019
166019
166018
166015
166010
166012
166018
166019
166012
166008
166012
166018
166023
166022
166019
166022
166029
166029
166022
166016
166018
166022
166022
166020
166017
166023
166027
166023
166018
166017
166021
166026
166027
166024
166021
166022
166026
166026
166019
166013
166014
166019
166020
166016
166012
166017
166021
166018
166015
166013
166019
166022
166022
166020
166017
166022
166025
166021
166015
166010
166015
166018
166018
166014
166009
166010
166011
166009
166007
166006
166010
166017
166020
166018
166016
166020
166021
166023
166019
166015
166019
166021
166019
166014
166010
166008
166008
166010
166008
166006
166012
166018
166019
166017
166019
166019
166019
166016
166010
166005
166005
166010
166010
166008
166009
166011
166014
166014
166014
166009
166011
166015
166017
166015
166011
166010
166012
166013
166010
166005
166006
166012
166011
166008
166008
166008
166012
166012
166010
166008
166011
166019
166021
166019
166019
166020
166024
166026
166023
166020
166023
166030
166031
166029
166025
166026
166031
166032
166030
166024
166025
166031
166032
166030
166023
166024
166029
166031
166029
166026
166028
166034
166035
166029
166026
166031
166037
166038
166035
166031
166032
166037
166036
166030
166026
166029
166034
166037
166033
166028
166032
166036
166033
166028
166025
166028
166032
166032
166030
166028
166031
166036
166033
166026
166020
166022
166027
166026
166023
166019
166022
166023
166021
166018
166016
166020
166027
166028
166025
166024
166023
166027
166029
166026
166025
166031
166037
166037
166032
166030
166031
166032
166030
166025
166022
166024
166026
166023
166020
166020
166023
166029
166032
166031
166028
166028
166030
166028
166025
166022
166024
166028
166028
166023
166019
166020
166022
166022
166019
166015
166017
166021
166022
166020
166017
166020
166025
166024
166017
166015
166019
166023
166021
166018
166016
166020
166027
166026
166020
166017
166020
166023
166021
166017
166015
166016
166020
166016
166011
166008
166011
166015
166015
166010
166007
166011
166018
166016
166012
166011
166013
166017
166020
166017
166015
166020
166023
166022
166018
166015
166017
166022
166021
166015
166016
166019
166021
166018
166013
166011
166014
166017
166014
166009
166009
166011
166013
166013
166010
166008
166011
166016
166015
166011
166008
166009
166013
166014
166011
166009
166011
166014
166013
166010
166005
166008
166013
166013
166008
166005
166010
166016
166017
166014
166007
166009
166013
166013
166010
166008
166013
166017
166016
166012
166010
166015
166018
166015
166011
166008
166011
166014
166015
166012
166010
166014
166020
166021
166018
166016
166019
166022
166023
166016
166013
166017
166023
166024
166020
166020
166024
166028
166023
166018
166019
166023
166028
166028
166024
166022
166027
166032
166031
166026
166023
166024
166026
166026
166021
166017
166021
166026
166025
166023
166021
166026
166033
166033
166028
166028
166033
166034
166030
166027
166024
166028
166034
166034
166031
166031
166036
166038
166036
166032
166028
166030
166034
166035
166031
166031
166033
166034
166032
166030
166027
166030
166033
166035
166034
166033
166034
166037
166037
166034
166033
166036
166042
166038
166036
166035
166035
166040
166041
166039
166036
166038
166042
166043
166042
166034
166032
166037
166038
166035
166034
166037
166038
166037
166034
166032
166033
166039
166040
166034
166030
166033
166035
166035
166034
166030
166033
166037
166038
166034
166033
166036
166036
166033
166030
166026
166028
166031
166031
166029
166029
166031
166034
166034
166033
166028
166026
166029
166028
166025
166022
166027
166030
166031
166028
166023
166026
166031
166032
166026
166021
166024
166028
166028
166023
166017
166017
166021
166021
166019
166017
166019
166025
166026
166020
166019
166023
166027
166025
166021
166019
166024
166029
166023
166017
166016
166020
166026
166026
166024
166024
166029
166031
166028
166023
166020
166025
166030
166031
166028
166029
166030
166032
166027
166020
166018
166019
166021
166023
166021
166018
166023
166028
166028
166024
166020
166021
166027
166026
166020
166021
166027
166029
166028
166027
166026
166031
166036
166034
166032
166031
166035
166039
166039
166035
166032
166030
166033
166034
166028
166024
166027
166032
166035
166030
166023
166025
166030
166029
166027
166026
166030
166038
166037
166031
166030
166033
166034
166031
166026
166024
166029
166032
166031
166030
166029
166032
166037
166037
166039
166039
166041
166046
166043
166037
166035
166038
166042
166041
166035
166033
166038
166043
166040
166033
166028
166031
166035
166031
166028
166027
166032
166040
166040
166039
166041
166042
166042
166040
166037
166034
166037
166041
166041
166035
166028
166030
166033
166031
166026
166025
166030
166036
166037
166032
166031
166035
166040
166039
166036
166036
166042
166044
166041
166035
166032
166037
166040
166036
166033
166029
166029
166034
166035
166033
166033
166040
166046
166047
166040
166035
166039
166045
166044
166041
166042
166048
166054
166048
166044
166043
166045
166048
166048
166046
166047
166051
166051
166049
166047
166046
166050
166052
166051
166052
166049
166049
166053
166050
166047
166044
166045
166049
166049
166042
166039
166042
166046
166047
166043
166041
166047
166048
166045
