166135
166139
166143
166136
166131
166133
166138
166141
166139
166137
166140
166148
166149
166141
166135
166136
166140
166143
166140
166136
166138
166143
166143
166138
166134
166136
166142
166144
166143
166141
166142
166147
166147
166142
166139
166141
166144
166145
166143
166141
166141
166140
166139
166136
166134
166137
166142
166145
166144
166142
166140
166142
166145
166141
166135
166136
166142
166146
166145
166140
166139
166142
166140
166135
166132
166134
166139
166143
166138
166131
166132
166137
166139
166136
166133
166135
166140
166141
166134
166131
166133
166139
166141
166134
166128
166129
166134
166132
166129
166127
166130
166134
166137
166136
166134
166137
166138
166138
166135
166132
166133
166136
166138
166138
166135
166133
166136
166137
166132
166128
166129
166133
166133
166130
166124
166125
166132
166137
166134
166131
166132
166133
166136
166132
166128
166130
166133
166135
166134
166128
166126
166131
166133
166128
166124
166125
166130
166130
166126
166121
166124
166130
166129
166126
166122
166125
166130
166132
166129
166125
166129
166132
166130
166126
166124
166126
166128
166129
166125
166124
166126
166129
166133
166131
166127
166128
166132
166133
166128
166127
166129
166128
166128
166123
166120
166121
166125
166129
166127
166126
166125
166127
166130
166125
166120
166121
166125
166130
166131
166129
166127
166131
166134
166133
166130
166132
166136
166140
166138
166132
166132
166135
166135
166133
166129
166130
166134
166139
166135
166128
166131
166136
166138
166137
166133
166131
166134
166138
166133
166128
166130
166133
166136
166136
166134
166134
166137
166141
166137
166130
166131
166134
166136
166134
166131
166130
166135
166141
166136
166129
166128
166134
166138
166134
166130
166132
166137
166145
166143
166133
166130
166135
166137
166134
166131
166132
166136
166144
166141
166134
166134
166138
166140
166138
166135
166136
166142
166148
166141
166134
166134
166139
166141
166137
166133
166133
166139
166141
166136
166132
166133
166139
166142
166138
166136
166137
166143
166145
166142
166139
166140
166145
166147
166144
166141
166144
166146
166144
166141
166137
166137
166143
166148
166147
166142
166143
166145
166148
166144
166141
166144
166149
166152
166147
166144
166144
166145
166148
166147
166146
166146
166151
166154
166149
166145
166147
166147
166147
166142
166139
166140
166140
166144
166141
166139
166139
166140
166142
166138
166138
166139
166143
166147
166144
166142
166141
166143
166146
166142
166135
166132
166134
166136
166138
166137
166132
166136
166139
166137
166134
166133
166138
166143
166141
166138
166135
166136
166139
166134
166130
166131
166134
166137
166135
166127
166122
166124
166129
166127
166123
166124
166130
166135
166135
166130
166129
166132
166136
166134
166130
166128
166130
166132
166132
166127
166125
166129
166135
166135
166133
166136
166140
166145
166141
166135
166135
166141
166144
166142
166139
166137
166142
166147
166142
166137
166137
166141
166144
166142
166137
166138
166145
166150
166147
166143
166141
166146
166151
166149
166145
166144
166149
166153
166148
166144
166146
166151
166153
166150
166146
166147
166153
166154
166148
166144
166144
166150
166154
166154
166148
166146
166151
166149
166144
166142
166143
166146
166149
166146
166139
166136
166143
166143
166140
166138
166138
166143
166147
166145
166138
166137
166142
166143
166139
166136
166137
166142
166147
166146
166142
166146
166148
166147
166144
166140
166139
166144
166149
166146
166143
166146
166148
166149
166147
166144
166143
166146
166150
166148
166145
166146
166150
166154
166154
166150
166147
166149
166152
166149
166146
166148
166149
166149
166147
166145
166146
166150
166151
166148
166145
166145
166145
166146
166144
166141
166140
166144
166147
166143
166138
166140
166141
166144
166142
166136
166136
166141
166145
166146
166143
166143
166145
166146
166143
166137
166138
166143
166147
166144
166140
166143
166143
166145
166144
166141
166142
166149
166153
166150
166146
166146
166149
166149
166146
166143
166144
166148
166152
166150
166148
166146
166146
166150
166149
166144
166141
166142
166145
166142
166139
166140
166141
166144
166145
166143
166140
166142
166144
166143
166141
166140
166141
166145
166144
166143
166141
166141
166143
166142
166141
166139
166145
166147
166145
166142
166141
166145
166147
166147
166145
166142
166148
166153
166150
166145
166144
166146
166150
166149
166143
166140
166145
166148
166146
166143
166141
166144
166149
166148
166140
166137
166139
166142
166141
166137
166136
166140
166146
166145
166141
166140
166142
166146
166144
166141
166140
166147
166154
166151
166147
166147
166154
166156
166152
166150
166148
166150
166152
166144
166139
166138
166142
166146
166143
166138
166138
166145
166149
166145
166142
166142
166146
166149
166148
166146
166145
166149
166149
166145
166141
166140
166142
166148
166149
166148
166148
166152
166153
166148
166144
166143
166147
166152
166152
166149
166150
166155
166151
166146
166142
166141
166147
166151
166147
166143
166145
166146
166149
166146
166144
166144
166147
166152
166151
166149
166147
166148
166151
166151
166149
166147
166149
166152
166150
166148
166144
166144
166147
166146
166142
166140
166144
166149
166149
166142
166140
166145
166149
166148
166144
166144
166148
166154
166152
166147
166144
166147
166151
166151
166147
166146
166152
166160
166157
166150
166149
166156
166161
166156
166148
166144
166147
166150
166147
166142
166143
166149
166156
166156
166153
166153
166157
166158
166155
166151
166150
166155
166160
166160
166158
166159
166158
166157
166155
166150
166148
166152
166158
166158
166157
166159
166162
166163
166159
166153
166152
166156
166159
166159
166157
166152
166155
166158
166152
166147
166145
166148
166153
166155
166150
166146
166150
166155
166155
166153
166153
166158
166164
166162
166158
166157
166161
166165
166164
166160
166160
166163
166165
166161
166156
166154
166157
166160
166156
166148
166146
166151
166151
166149
166143
166140
166145
166149
166147
166144
166145
166148
166153
166152
166150
166151
166156
166158
166155
166155
166154
166155
166157
166155
166149
166147
166148
166148
166148
166145
166142
166147
166152
166150
166146
166144
166147
166154
166151
166144
166143
166149
166153
166151
166147
166145
166151
166154
166150
166146
166141
166145
166150
166151
166148
166150
166154
166158
166160
166155
166153
166154
166157
166157
166156
166155
166157
166161
166161
166159
166160
166163
166168
166172
166174
166173
166174
166179
166179
166176
166173
166179
166186
166187
166181
166178
166182
166184
166182
166178
166175
166176
166180
166181
166175
166172
166174
166178
166176
166170
166170
166173
166179
166176
166168
166163
166165
166167
166166
166162
166160
166164
166164
166160
166154
166152
166154
166158
166159
166156
166153
166155
166155
166154
166153
166154
166156
166159
166158
166155
166155
166156
166161
166161
166161
166161
166163
166166
166166
166162
166157
166159
166164
166164
166157
166152
166153
166155
166151
166143
166137
166138
166142
166139
166134
166133
166135
166137
166135
166133
166131
166134
166137
166136
166135
166134
166138
166144
166143
166139
166137
166143
166150
166151
166150
166150
166156
166159
166157
166152
166148
166150
166153
166151
166148
166146
166150
166155
166157
166157
166160
166164
166166
166167
166163
166159
166161
166164
166163
166159
166159
166159
166159
166160
166156
166155
166161
166168
166172
166171
166168
166173
166180
166178
166174
166174
166177
166180
166181
166178
166174
166177
166184
166184
166180
166179
166184
166191
166189
166185
166181
166183
166185
166180
166174
166169
166171
166171
166168
166163
166161
166168
166174
166177
166173
166172
166175
166178
166178
166176
166173
166177
166183
166185
166183
166175
166172
166173
166173
166169
166166
166169
166171
166170
166168
166165
166170
166176
166177
166175
166174
166178
166184
166186
166179
166173
166174
166178
166176
166170
166164
166165
166171
166168
166162
166160
166167
166172
166173
166171
166169
166174
166180
166179
166176
166173
166176
166178
166177
166170
166167
166168
166165
166164
166160
166157
166161
166169
166172
166173
166176
166181
166189
166195
166192
166190
166195
166200
166200
166194
166183
166180
166178
166173
166166
166160
166161
166165
166166
166159
166157
166162
166168
166173
166174
166176
166183
166191
166191
166187
166183
166185
166185
166183
166175
166169
166169
166170
166166
166161
166159
166163
166167
166171
166170
166171
166174
166180
166184
166186
166185
166189
166194
166192
166190
166185
166180
166181
166177
166171
166167
166169
166172
166174
166171
166166
166167
166173
166177
166177
166174
166180
166187
166190
166187
166185
166189
166193
166193
166188
166187
166187
166188
166189
166184
166178
166180
166183
166185
166185
166181
166185
166193
166191
166187
166185
166187
166189
166187
166181
166176
166181
166183
166180
166173
166167
166167
166170
166171
166169
166169
166171
166173
166176
166173
166170
166172
166178
166179
166178
166178
166178
166183
166183
166181
166175
166174
166176
166176
166176
166170
166170
166176
166178
166175
166174
166178
166182
166188
166186
166179
166183
166189
166190
166188
166184
166184
166189
166187
166178
166175
166177
166179
166178
166174
166174
166179
166181
166180
166177
166174
166176
166180
166181
166180
166181
166184
166188
166189
166186
166183
166185
166187
166186
166185
166184
166182
166186
166189
166186
166182
166184
166189
166191
166188
166182
166184
166189
166189
166186
166182
166186
166191
166192
166186
166181
166182
166185
166186
166183
166183
166184
166187
166188
166183
166179
166182
166184
166186
166185
166185
166188
166193
166192
166187
166183
166185
166186
166189
166188
166188
166192
166197
166196
166194
166193
166197
166203
166206
166202
166202
166204
166206
166206
166201
166198
166201
166206
166210
166210
166207
166207
166210
166212
166208
166203
166206
166208
166209
166208
166202
166203
166207
166209
166204
166197
166196
166198
166197
166194
166187
166185
166187
166189
166186
166184
166187
166190
166191
166191
166186
166187
166191
166193
166191
166188
166189
166193
166194
166192
166187
166188
166192
166194
166191
166187
166187
166192
166196
166189
166183
166183
166187
166190
166187
166183
166184
166188
166190
166188
166181
166183
166186
166186
166184
166182
166184
166188
166190
166190
166186
166186
166189
166191
166189
166187
166188
166190
166190
166186
166176
166174
166179
166182
166179
166176
166177
166178
166181
166180
166174
166175
166181
166184
166181
166179
166180
166183
166189
166184
166178
166180
166184
166185
166181
166176
166178
166183
166187
166180
166173
166176
166181
166182
166178
166174
166174
166179
166184
166176
166171
166171
166174
166178
166176
166172
166175
166181
166179
166175
166174
166176
166180
166181
166177
166174
166175
166180
166180
166176
166174
166176
166181
166184
166184
166182
166185
166192
166191
166188
166186
166188
166192
166195
166192
166191
166190
166191
166194
166190
166187
166188
166192
166191
166186
166182
166181
166180
166182
166181
166177
166180
166183
166185
166185
166184
166185
166190
166196
166196
166195
166198
166204
166206
166205
166203
166199
166199
166201
166197
166194
166196
166202
166208
166205
166197
166198
166201
166205
166203
166201
166205
166211
166218
166216
166210
166211
166216
166219
166215
166210
166211
166213
166215
166211
166203
166204
166206
166207
166203
166199
166198
166201
166207
166205
166201
166202
166206
166208
166205
166202
166202
166205
166209
166205
166198
166199
166204
166209
166207
166201
166202
166207
166210
166205
166202
166203
166207
166212
166209
166205
166207
166211
166208
166204
166198
166198
166205
166210
166207
166205
166210
166216
166217
166213
166204
166203
166208
166208
166204
166202
166206
166207
166210
166208
166206
166207
166210
166212
166210
166208
166210
166209
166211
166208
166204
166205
166208
166212
166209
166204
166204
166204
166205
166201
166199
166202
166206
166209
166208
166207
166206
166207
166207
166206
166204
166204
166208
166212
166212
166205
166206
166209
166212
166210
166206
166205
166208
166211
166208
166202
166202
166207
166211
166209
166206
166208
166213
166217
166210
166205
166205
166210
166212
166208
166204
166206
166212
166216
166211
166208
166211
166217
166221
166219
166217
166220
166220
166222
166220
166214
166211
166214
166218
166218
166214
166211
166215
166218
166215
166212
166212
166217
166221
166216
166212
166214
166220
166223
166220
166217
166221
166225
166223
166219
166217
166219
166222
166222
166220
166218
166221
166222
166223
166221
166216
166214
166215
166219
166218
166217
166217
166219
166220
166217
166215
166216
166220
166223
166222
166217
166214
166217
166220
166218
166215
166216
166222
166228
166227
166220
166220
166224
166228
166226
166221
166219
166224
166227
166222
166216
166218
166222
166221
166218
166214
166216
166218
166220
166218
166213
166217
166222
166224
166220
166218
166217
166218
166221
166216
166213
166213
166216
166220
166220
166216
166217
166222
166223
166220
166215
166212
166214
166220
166218
166218
166220
166223
166229
166226
166219
166217
166221
166220
166214
166210
166211
166216
166217
166212
166209
166213
166215
166219
166220
166218
166218
166222
166227
166228
166223
166220
166224
166228
166225
166223
166225
166227
166231
166229
166224
166225
166230
166232
166229
166223
166222
166228
166232
166228
166225
166223
166225
166229
166227
166223
166226
166231
166231
166229
166225
166223
166225
166230
166227
166222
166220
166221
166223
166218
166212
166212
166216
166219
166220
166219
166221
166223
166226
166225
166222
166223
166227
166231
166231
166226
166226
166228
166230
166230
166228
166229
166233
166236
166232
166228
166228
166233
166237
166236
166235
166238
166241
166244
166242
166237
166236
166242
166247
166242
166241
166241
166244
166248
166246
166243
166244
166250
166256
166257
166252
166246
166247
166250
166248
166248
166251
166257
166264
166261
166252
166253
166257
166258
166256
166251
166251
166254
166259
166254
166248
166247
166250
166251
166247
166244
166246
166250
166253
166248
166245
166247
166253
166257
166255
166251
166252
166255
166257
166254
166249
166248
166251
166253
166248
166243
166244
166245
166247
166243
166240
166242
166247
166251
166248
166244
166243
166245
166247
166245
166242
166243
166246
166252
166253
166250
166250
166252
166257
166255
166249
166247
166254
166257
166253
166251
166251
166253
166255
166253
166252
166255
166255
166256
166252
166247
166247
166250
166253
166250
166247
166245
166247
166252
166252
166248
166248
166253
166262
166258
166251
166250
166255
166257
166254
166251
166254
166259
166261
166258
166253
166252
166256
166262
166261
166258
166260
166262
166262
166259
166255
166255
166260
166263
166262
166261
166257
166258
166264
166260
166255
166254
166259
166263
166260
166251
166248
166250
166253
166251
166247
166247
166250
166248
166244
166242
166241
166244
166249
166249
166248
166245
166247
166252
166252
166248
166248
166254
166259
166262
166258
166254
166260
166263
166263
166260
166258
166262
166264
166256
166250
166248
166251
166257
166256
166252
166252
166256
166261
166257
166252
166251
166257
166260
166258
166253
166251
166257
166259
166255
166252
166252
166256
166258
166253
166249
166249
166249
166254
166252
166247
166248
166253
166259
166258
166256
166253
166255
166259
166256
166251
166247
166249
166252
166250
166243
166241
166245
166249
166247
166244
166245
166250
166255
166253
166248
166250
166254
166257
166257
166254
166254
166261
166264
166260
166258
166260
166266
166271
166271
166269
166268
166271
166268
166266
166262
166260
166262
166264
166261
166257
166257
166258
166259
166260
166258
166258
166264
166269
166268
166266
166268
166269
166273
166271
166266
166265
166267
166269
166267
166265
166263
166264
166268
166266
166261
166257
166261
166263
166261
166261
166258
166259
166262
166261
166257
166254
166256
166259
166260
166254
166249
166254
166259
166255
166248
166243
166242
166244
166246
166244
166242
166248
166254
166253
166252
166251
166254
166261
166262
166256
166254
166259
166264
166264
166261
166259
166263
166271
166266
166258
166257
166259
166264
166261
166256
166256
166263
166268
166260
166256
166255
166260
166263
166263
166258
166258
166261
166258
166253
166250
166250
166255
166260
166260
166258
166260
166264
166267
166267
166265
166264
166268
166273
166271
166269
166267
166268
166272
166272
166266
166262
166262
166266
166265
166263
166261
166264
166270
166270
166266
166264
166266
166270
166267
166259
166256
166258
166261
166259
166254
166253
166256
166260
166257
166253
166253
166258
166260
166258
166255
166253
166260
166268
166262
166258
166257
166261
166264
166262
166256
166255
166259
166258
166254
166252
166249
166250
166253
166251
166249
166253
166258
166259
166259
166257
166256
166259
166262
166262
166257
166256
166258
166258
166254
166248
166246
166249
166252
166250
166248
166247
166249
166251
166249
166244
166241
166244
166249
166249
166247
166249
166252
166255
166252
166246
166244
166247
166251
166252
166251
166249
166248
166249
166247
166244
166245
166248
166252
166255
166254
166252
166256
166261
166262
166258
166256
166259
166262
166259
166251
166243
166243
166245
166244
166242
166241
166244
166252
166256
166251
166247
166253
166258
166260
166259
166260
166267
166271
166270
166263
166259
166262
166266
166264
166260
166256
166257
166259
166256
166251
166248
166252
166255
166255
166249
166244
166249
166251
166250
166247
166244
166248
166254
166253
166247
166244
166244
166243
166241
166235
166232
166234
166237
166237
166237
166231
166231
166235
166235
166233
166233
166236
166241
166241
166236
166232
166238
166244
166246
166244
166242
166245
166249
166250
166242
166237
166241
166242
166242
166240
166235
166238
166245
166245
166239
166236
166238
166241
166240
166237
166235
166239
166244
166239
166236
166234
166236
166240
166240
166238
166237
166242
166244
166244
166242
166242
166244
166250
166250
166246
166245
166249
166251
166250
166244
166237
166238
166240
166237
166232
166231
166232
166232
166231
166229
166224
166226
166230
166231
166229
166228
166231
166234
166233
166229
166226
166228
166232
166230
166224
166217
166218
166221
166218
166213
166209
166211
166214
166214
166211
166207
166209
166212
166211
166208
166207
166210
166211
166212
166206
166200
166202
166207
166206
166202
166200
166203
166209
166207
166202
166199
166205
166211
166212
166207
166201
166207
166213
166212
166209
166207
166209
166213
166213
166210
166207
166210
166211
166209
166205
166204
166209
166214
166214
166215
166213
166215
166220
166221
166218
166217
166222
166226
166227
166228
166225
166226
166228
166227
166225
166223
166225
166231
166234
166230
166225
166226
166229
166229
166226
166221
166225
166232
166233
166227
166225
166230
166237
166239
166235
166234
166238
166244
166242
166235
166233
166237
166243
166243
166243
166242
166246
166250
166248
166247
166246
166252
166259
166260
166257
166256
166264
166268
166266
166260
166258
166263
166267
166266
166264
166262
166260
166260
166258
166255
166249
166251
166254
166253
166251
166250
166250
166253
166253
166249
166246
166245
166246
166245
166242
166241
166242
166246
166247
166242
166239
166243
166247
166245
166240
166237
166236
166239
166237
166231
166227
166227
166230
166228
166223
166219
166217
166220
166222
166219
166216
166219
166223
166223
166219
166211
166212
166216
166215
166211
166210
166213
166218
166221
166219
166213
166216
166219
166220
166218
166215
166216
166221
166222
166215
166208
166211
166215
166216
166214
166213
166217
166224
166223
166219
166216
166218
166221
166219
166213
166206
166207
166211
166208
166202
166198
166198
166201
166200
166195
166192
166195
166200
166196
166191
166190
166192
166196
166195
166194
166194
166198
166201
166201
166198
166194
166197
166201
166200
166196
166194
166198
166204
166205
166199
166197
166201
166204
166205
166204
166197
166196
166198
166200
166199
166192
166189
166191
166190
166187
166186
166189
166197
166196
166189
166186
166190
166195
166195
166192
166188
166191
166194
166192
166187
166184
166187
166191
166193
166190
166188
166192
166196
166196
166194
166192
166195
166198
166200
166197
166191
166197
166198
166198
166196
166194
166198
166202
166202
166197
166196
166198
166203
166203
166197
166193
166197
166203
166204
166201
166195
166198
166204
166203
166201
166200
166204
166209
166208
166206
166205
166209
166212
166214
166212
166210
166208
166210
166210
166207
166203
166208
166213
166214
166212
166213
166211
166213
166215
166212
166211
166216
166219
166220
166218
166213
166212
166216
166219
166217
166212
166213
166216
166216
166212
166206
166206
166210
166212
166209
166207
166212
166215
166216
166212
166206
166207
166209
166210
166207
166201
166203
166206
166207
166203
166200
166203
166203
166203
166199
166194
166200
166208
166211
166206
166201
166204
166206
166208
166206
166203
166205
166210
166208
166200
166198
166201
166204
166207
166206
166199
166199
166204
166207
166203
166201
166205
166210
166212
166211
166209
166209
166213
166214
166210
166207
166210
166209
166208
166204
166200
166203
166209
166212
166210
166207
166212
166212
166207
166203
166200
166204
166209
166209
166204
166203
166208
166208
166208
166205
166201
166205
166209
166210
166209
166210
166214
166214
166212
166208
166203
166201
166203
166204
166202
166199
166199
166204
166209
166208
166205
166206
166211
166212
166208
166199
166199
166204
166206
166202
166197
166198
166203
166208
166208
166201
166203
166207
166207
166202
166198
166201
166207
166211
166207
166198
166200
166202
166201
166197
166192
166193
166198
166204
166198
166193
166196
166201
166204
166201
166199
166201
166204
166209
166204
166199
166199
166202
166203
166200
166196
166199
166203
166207
166202
166195
166198
166201
166202
166198
166196
166201
166207
166213
166207
166200
166202
166206
166208
166205
166201
166202
166208
166211
166203
166198
166201
166204
166209
166208
166203
166205
166213
166214
166208
166204
166206
166209
166209
166203
166195
166195
166202
166204
166196
166193
166196
166201
166204
166200
166193
166194
166199
166198
166188
166180
166181
166183
166180
166173
166166
166169
166172
166174
166167
166160
166162
166166
166169
166168
166166
166172
166179
166183
166179
166176
166180
166184
166186
166181
166176
166178
166182
166184
166181
166177
166177
166181
166183
166179
166176
166179
166184
166188
166181
166176
166178
166180
166183
166178
166174
166178
166180
166181
166180
166179
166182
166189
166192
166190
166189
166194
166194
166192
166187
166181
166182
166186
166187
166182
166179
166180
166180
166182
166182
166185
166189
166194
166199
166198
166197
166201
166206
166206
166202
166199
166200
166203
166203
166198
166191
166194
166199
166197
166191
166186
166186
166188
166188
166184
166181
166183
166189
166193
166189
166186
166188
166194
166197
166196
166195
166197
166203
166206
166203
166197
166199
166203
166204
166202
166199
166198
166198
166199
166196
166189
166189
166195
166200
166198
166195
166199
166208
166214
166215
166210
166209
166211
166211
166204
166198
166196
166197
166196
166192
166189
166188
166190
166191
166190
166186
166186
166191
166195
166195
166191
166189
166193
166194
166190
166183
166183
166187
166182
166177
166173
166172
166176
166178
166176
166174
166177
166184
166186
166183
166179
166181
166186
166187
166182
166175
166174
166176
166177
166175
166168
166167
166170
166172
166169
166167
166172
166177
166180
166179
166180
166179
166184
166188
166185
166181
166180
166180
166177
166168
166162
166163
166163
166161
166154
166149
166149
166155
166161
166162
166165
166169
166173
166178
166177
166177
166179
166181
166184
166183
166177
166174
166177
166174
166167
166160
166160
166163
166164
166161
166156
166157
166165
166169
166167
166165
166170
166177
166179
166176
166173
166173
166176
166177
166175
166169
166170
166176
166179
166179
166178
166181
166187
166193
166195
166188
166186
166191
166193
166188
166181
166178
166177
166176
166170
166166
166162
166166
166171
166171
166169
166170
166177
166183
166183
166177
166178
166182
166184
166180
166176
166176
166181
166182
166178
166174
166172
166174
166177
166175
166173
166176
166182
166187
166185
166182
166186
166192
166192
166188
166185
166188
166191
166192
166188
166185
166186
166189
166190
166186
166179
166179
166182
166185
166182
166178
166180
166185
166188
166185
166184
166184
166187
166190
166188
166183
166182
166184
166185
166181
166175
166174
166178
166177
166173
166166
166165
166170
166174
166172
166170
166172
166175
166180
166178
166171
166173
166179
166183
166180
166177
166178
166181
166184
166180
166177
166176
166176
166180
166177
166175
166176
166179
166183
166183
166182
166183
166190
166191
166188
166185
166186
166191
166193
166190
166187
166188
166193
166198
166194
166188
166190
166195
166199
166199
166197
166199
166202
166206
166206
166200
166198
166201
166203
166198
166192
166189
166190
166190
166186
166177
166176
166178
166179
166175
166170
166170
166173
166176
166176
166172
166171
166176
166180
166176
166170
166169
166172
166176
166172
166165
166163
166165
166166
166163
166159
166159
166161
166164
166165
166163
166164
166169
166173
166171
166168
166170
166176
166179
166179
166176
166174
166176
166175
166170
166163
166161
166162
166162
166159
166152
166150
166152
166154
166151
166147
166148
166152
166157
166158
166156
166155
166159
166162
166162
166156
166155
166157
166158
166155
166155
166155
166158
166162
166162
166162
166164
166169
166172
166172
166169
166171
166175
166177
166173
166169
166168
166171
166173
166170
166167
166167
166169
166173
166171
166168
166167
166170
166172
166170
166170
166170
166171
166175
166174
166171
166171
166176
166179
166174
166172
166174
166179
166180
166177
166175
166177
166184
166188
166187
166182
166181
166186
166189
166183
166177
166176
166179
166181
166179
166176
166175
166178
166183
166180
166173
166173
166178
166182
166178
166176
166177
166184
166184
166180
166175
166175
166178
166178
166174
166171
166170
166176
166178
166174
166173
166175
166179
166182
166178
166174
166173
166176
166182
166177
166168
166168
166170
166171
166167
166164
166167
166170
166170
166169
166166
166165
166169
166173
166170
166167
166166
166170
166173
166173
166167
166165
166170
166173
166172
166169
166167
166171
166175
166171
166162
166158
166160
166161
166155
166149
166150
166155
166159
166155
166152
166153
166158
166163
166161
166159
166157
166156
166157
166153
166147
166145
166147
166150
166148
166146
166147
166146
166149
166148
166145
166147
166154
166161
166162
166160
166162
166165
166168
166166
166163
166164
166167
166172
166171
166168
166168
166168
166170
166166
166164
166167
166172
166175
166175
166176
166179
166180
166183
166182
166176
166176
166180
166180
166175
166171
166169
166172
166174
166172
166168
166169
166174
166178
166176
166173
166172
166176
166181
166180
166176
166174
166179
166180
166174
166169
166165
166167
166172
166170
166166
166165
166169
166172
166172
166166
166164
166168
166172
166170
166166
166166
166171
166173
166173
166171
166166
166166
166167
166163
166157
166156
166160
166164
166161
166159
166157
166158
166162
166162
166160
166161
166165
166169
166166
166166
166165
166165
166165
166161
166156
166154
166157
166161
166160
166159
166156
166158
166159
166155
166151
166151
166156
166161
166160
166159
166158
166160
166162
166159
166156
166155
166160
166163
166161
166159
166156
166158
166162
166157
166153
166152
166155
166159
166158
166158
166155
166158
166163
166160
166157
166157
166161
166166
166169
166166
166164
166167
166168
166164
166160
166159
166163
166165
166164
166160
166158
166160
166164
166163
166157
166157
166161
166165
166165
166160
166158
166164
166168
166166
166161
166159
166163
166166
166163
166161
166156
166159
166162
166159
166155
166156
166160
166165
166164
166163
166162
166162
166164
166162
166158
166156
166156
166157
166156
166154
166151
166151
166155
166153
166150
166150
166152
166156
166157
166156
166159
166161
166163
166161
166158
166159
166162
166166
166165
166164
166165
166164
166164
166161
166157
166157
166159
166162
166161
166159
166159
166159
166162
166159
166154
166151
166155
166160
166159
166158
166155
166155
166158
166157
166154
166154
166159
166163
166163
166161
166157
166160
166161
166157
166151
166150
166154
166157
166155
166152
166147
166150
166154
166153
166149
166151
166155
166157
166154
166152
166149
166152
166156
166153
166148
166147
166151
166154
166152
166152
166151
166150
166154
166154
166150
166152
166157
166160
166159
166157
166152
166153
166158
166157
166153
166152
166157
166161
166160
166157
166154
166159
166163
166162
166161
166161
166167
166169
166166
166164
166160
166164
166167
166166
166162
166163
166165
166169
166169
166166
166163
166164
166168
166168
166167
166168
166172
166177
166177
166171
166168
166170
166173
166173
166170
166165
166167
166171
166171
166166
166164
166167
166170
166170
166166
166164
166170
166175
166171
166166
166165
166169
166173
166174
166172
166171
166176
166178
166177
166174
166172
166173
166175
166173
166169
166169
166170
166171
166172
166171
166170
166173
166176
166176
166174
166174
166175
166179
166179
166176
166175
166181
166187
166185
166180
166175
166173
166175
166173
166169
166169
166174
166178
166175
166170
166165
166169
166172
166169
166168
166166
166169
166172
166171
166167
166161
166164
166166
166164
166163
166161
166163
166165
166165
166160
166155
166157
166159
166157
166153
166150
166153
166159
166157
166153
166148
166150
166154
166154
166150
166150
166156
166160
166161
166158
166154
166156
166160
166159
166156
166155
166158
166162
166163
166159
166157
166164
166169
166169
166165
166163
166168
166173
166172
166164
166160
166162
166164
166160
166156
166154
166155
166157
166152
166148
166147
166151
166157
166159
166158
166161
166168
166177
166178
166175
166174
166180
166189
166191
166191
166192
166196
166201
166200
166194
166191
166195
166198
166193
166186
166182
166185
166188
166185
166182
166178
166181
166184
166184
166180
166176
166183
166188
166182
166176
166177
166181
166186
166185
166182
166183
166188
166187
166184
166179
166177
166180
166184
166184
166179
166179
166178
166177
166173
166167
166164
166169
166173
166172
166168
166166
166169
166169
166164
166159
166157
166159
166161
166159
166155
166156
166162
166161
166157
166152
166148
166150
166154
166153
166152
166151
166157
166158
166156
166154
166153
166158
166164
166165
166161
166159
166165
166168
166166
166163
166160
166161
166164
166163
166160
166158
166163
166164
166164
166162
166161
166164
166167
166166
166161
166159
166163
166163
166162
166159
166157
166160
166162
166160
166157
166156
166160
166162
166161
166157
166153
166154
166158
166156
166152
166151
166158
166160
166158
166157
166156
166156
166159
166158
166155
166153
166158
166159
166155
166152
166150
166153
166156
166154
166151
166151
166153
166155
166156
166154
166154
166160
166167
166167
166161
166159
166157
166156
166153
166149
166148
166150
166153
166152
166150
166150
166152
166158
166161
166162
166162
166168
166175
166176
166176
166176
166177
166178
166172
166165
166161
166161
166160
166157
166153
166153
166155
166159
166159
166158
166158
166161
166167
166167
166168
166170
166171
166173
166173
166167
166163
166164
166165
166160
166151
166148
166153
166155
166155
166154
166154
166160
166163
166161
166158
166158
166164
166165
166163
166161
166158
166160
166163
166161
166157
166155
166161
166164
166159
166153
166149
166151
166154
166153
166151
166151
166156
166163
166162
166157
166156
166159
166165
166165
166161
166158
166162
166165
166165
166162
166156
166157
166161
166160
166157
166154
166155
166158
166157
166155
166151
166152
166157
166157
166151
166145
166148
166151
166152
166146
166141
166145
166149
166147
166142
166139
166144
166149
166151
166144
166141
166146
166152
166153
166149
166146
166147
166149
166147
166145
166142
166144
166146
166148
166146
166146
166153
166161
166166
166167
166165
166171
166177
166179
166176
166174
166174
166175
166174
166168
166160
166161
166164
166162
166159
166159
166166
166172
166175
166179
166179
166187
166193
166197
166195
166194
166197
166201
166200
166196
166190
166185
166183
166179
166173
166167
166168
166172
166174
166176
166176
166179
166186
166187
166186
166186
166191
166196
166197
166196
166193
166195
166199
166198
166195
166195
166199
166204
166207
166206
166201
166204
166205
166203
166199
166193
166195
166198
166193
166190
166184
166183
166185
166183
166179
166176
166180
166184
166189
166186
166181
166185
166190
166191
166190
166188
166189
166197
166195
166189
166186
166186
166186
166183
166178
166175
166179
166185
166183
166176
166173
166178
166182
166183
166179
166176
166180
166187
166184
166180
166178
166179
166185
166185
166177
166170
166171
166174
166174
166170
166168
166171
166175
166176
166170
166166
166168
166171
166171
166166
166164
166168
166173
166169
166164
166160
166162
166164
166162
166158
166155
166160
166161
166159
166154
166150
166152
166157
166157
166155
166158
166164
166166
166167
166164
166159
166163
166167
166170
166165
166159
166160
166164
166165
166162
166157
166158
166165
166165
166158
166155
166159
166166
166165
166161
166160
166164
166171
166174
166168
166164
166167
166170
166168
166164
166160
166164
166164
166161
166158
166156
166157
166159
166157
166153
166152
166155
166155
166155
166151
166148
166151
166157
166156
166151
166149
166150
166155
166156
166153
166151
166153
166155
166155
166154
166150
166153
166159
166161
166158
166156
166159
166166
166170
166162
166158
166159
166161
166161
166157
166154
166158
166164
166162
166154
166150
166155
166161
166161
166157
166157
166164
166171
166171
166169
166167
166172
166177
166178
166177
166176
166181
166183
166181
166177
166176
166180
166183
166180
166176
166174
166174
166175
166177
166175
166173
166176
166181
166183
166175
166169
166170
166176
166177
166177
166176
166179
166181
166182
166180
166179
166184
166191
166190
166183
166181
166184
166188
166188
166183
166178
166178
166182
166177
166167
166161
166160
166160
166160
166154
166152
166157
166163
166161
166158
166157
166159
166165
166167
166166
166163
166164
166168
166171
166170
166169
166172
166175
166174
166168
166162
166164
166168
166170
166170
166171
166174
166178
166179
166175
166169
166171
166174
166174
166169
166166
166167
166171
166172
166164
166158
166161
166164
166164
166163
166160
166157
166159
166161
166159
166156
166158
166163
166166
166165
166164
166164
166168
166168
166167
166164
166166
166171
166173
166171
166163
166166
166171
166171
166166
166161
166164
166167
166166
166163
166161
166165
166171
166174
166173
166173
166176
166173
166173
166171
166168
166171
166174
166173
166168
166167
166164
166166
166169
166163
166158
166162
166165
166168
166167
166162
166162
166165
166165
166162
166159
166162
166165
166168
166162
166160
166165
166172
166176
166174
166172
166175
166178
166179
166172
166166
166167
166171
166170
166164
166161
166164
166168
166167
166163
166160
166166
166172
166172
166168
166170
166174
166176
166177
166174
166171
166175
166176
166174
166168
166164
166163
166162
166160
166158
166156
166158
166162
166163
166163
166165
166170
166174
166176
166173
166170
166173
166175
166177
166174
166166
166168
166172
166172
166167
166162
166163
166168
166174
166171
166168
166172
166177
166181
166179
166178
166183
166191
166192
166188
166185
166188
166190
166189
166182
166177
166180
166185
166188
166182
166175
166177
166181
166184
166184
166183
166185
166191
166188
166180
166175
166177
166177
166175
166169
166165
166169
166171
166171
166169
166167
166170
166177
166182
166179
166179
166183
166185
166188
166185
166180
166180
166182
166179
166174
166171
166169
166168
166169
166166
166162
166165
166171
166173
166174
166172
166172
166180
166182
166176
166176
166180
166184
166187
166185
166178
166179
166183
166181
166177
166172
166172
166176
166179
166174
166171
166175
166178
166180
166178
166175
166177
166181
166182
166178
166173
166176
166180
166184
166182
166178
166178
166184
166186
166179
166173
166174
166178
166181
166176
166173
166178
166185
166186
166182
166179
166181
166186
166185
166181
166180
166183
166183
166183
166178
166173
166174
166178
166179
166175
166174
166175
166176
166178
166175
166174
166177
166181
166182
166181
166179
166176
166179
166179
166174
166171
166172
166175
166180
166178
166169
166169
166172
166172
166171
166167
166168
166172
166174
166172
166167
166168
166171
166171
166167
166163
166164
166166
166168
166163
166155
166156
166162
166165
166162
166159
166160
166167
166172
166166
166162
166167
166173
166176
166175
166173
166176
166181
166181
166175
166171
166176
166181
166182
166177
166172
166173
166179
166180
166174
166169
166171
166174
166174
166168
166163
166165
166171
166171
166166
166165
166169
166174
166175
166174
166173
166179
166183
166181
166178
166178
166179
166185
166191
166190
166187
166188
166189
166190
166189
166186
166187
166193
166196
166194
166193
166191
166194
166198
166194
166193
166198
166204
166206
166206
166204
166206
166210
166209
166204
166200
166201
166205
166206
166203
166204
166203
166204
166206
166202
166198
166200
166204
166206
166203
166202
166201
166202
166204
166201
166199
166201
166205
166207
166202
166201
166200
166200
166201
166198
166196
166197
166201
166204
166201
166198
166199
166205
166208
166207
166206
166209
166213
166214
166210
166206
166202
166202
166204
166202
166201
166204
166209
166210
166208
166205
166201
166204
166207
166204
166202
166203
166206
166208
166208
166204
166203
166207
166210
166212
166207
166207
166210
166213
166211
166204
166203
166207
166212
166208
166203
166203
166208
166213
166209
166203
166202
166204
166204
166200
166196
166198
166203
166205
166199
166193
166194
166198
166199
166195
166191
166191
166198
166200
166192
166187
166187
166190
166191
166188
166186
166190
166196
166200
166192
166186
166187
166190
166190
166185
166181
166183
166189
166194
166188
166184
166185
166190
166193
166191
166188
166188
166191
166194
166191
166184
166184
166188
166189
166187
166186
166188
166192
166197
166192
166183
166183
166188
166191
166189
166186
166186
166190
166196
166191
166186
166187
166191
166195
166192
166188
166188
166192
166194
166192
166185
166183
166186
166189
166186
166183
166184
166186
166191
166188
166179
166178
166182
166185
166183
166182
166187
166195
166202
166200
166192
166192
166198
166201
166198
166193
166195
166197
166196
166193
166188
166188
166193
166194
166189
166187
166188
166191
166194
166193
166187
166189
166195
166197
166195
166193
166192
166196
166197
166196
166195
166193
166195
166196
166195
166194
166196
166199
166199
166198
166193
166191
166196
166200
166196
166192
166192
166193
166195
166192
166184
166184
166188
166191
166189
166183
166183
166187
166192
166188
166182
166184
166187
166189
166187
166181
166182
166186
166186
166181
166178
166180
166185
166189
166186
166181
166186
166191
166190
166187
166185
166186
166188
166190
166184
166178
166180
166184
166184
166181
166176
166177
166182
166184
166180
166175
166178
166182
166184
166181
166177
166178
166181
166184
166182
166178
166180
166186
166187
166183
166177
166177
166181
166182
166177
166174
166177
166180
166183
166183
166182
166184
166188
166189
166185
166182
166186
166188
166189
166186
166181
166182
166185
166185
166182
166182
166183
166182
166182
166178
166174
166175
166180
166184
166184
166186
166185
166187
166190
166189
166184
166183
166185
166188
166186
166185
166181
166183
166185
166182
166179
166177
166180
166184
166183
166179
166179
166185
166189
166187
166184
166183
166188
166194
166192
166189
166190
166194
166195
166191
166187
166187
166193
166196
166194
166191
166192
166196
166199
166195
166189
166188
166192
166192
166190
166185
166186
166191
166194
166190
166186
166186
166186
166187
166184
166181
166183
166189
166191
166188
166188
166186
166189
166193
166189
166185
166185
166187
166190
166190
166186
166184
166188
166192
166189
166185
166185
166190
166193
166188
166185
166186
166190
166193
166191
166185
166185
166191
166190
166184
166179
166179
166181
166184
166183
166181
166178
166180
166184
166181
166179
166180
166183
166188
166187
166179
166177
166180
166183
166182
166178
166180
166183
166186
166184
166177
166173
166177
166182
166182
166180
166179
166184
166188
166187
166179
166178
166182
166186
166183
166179
166177
166178
166181
166179
166173
166171
166173
166179
166178
166176
166178
166183
166190
166184
166176
166177
166181
166185
166184
166180
166181
166186
166191
166187
166183
166183
166185
166187
166183
166179
166181
166186
166191
166185
166180
166180
166184
166187
166183
166179
166180
166185
166183
166178
166174
166175
166181
166188
166186
166181
166183
166183
166182
166180
166179
166182
166187
166192
166191
166184
166181
166182
166185
166184
166180
166181
166187
166192
166186
166177
166177
166180
166182
166178
166172
166172
166178
166180
166175
166171
166170
166174
166179
166177
166175
166176
166182
166184
166178
166176
166179
166184
166188
166186
166182
166185
166188
166189
166185
166181
166182
166186
166189
166186
166183
166182
166181
166182
166181
166179
166180
166182
166186
166185
166182
166179
166182
166184
166182
166180
166179
166184
166186
166184
166177
166175
166176
166179
166178
166175
166176
166181
166186
166185
166179
166178
166181
166181
166177
166174
166174
166177
166180
166178
166173
166175
166177
166180
166179
166177
166176
166178
166184
166180
166172
166170
166174
166178
166175
166171
166171
166177
166183
166177
166168
166168
166173
166177
166176
166175
166176
166183
166182
166177
166172
166170
166173
166176
166173
166167
166168
166173
166173
166170
166169
166170
166173
166174
166172
166169
166172
166176
166176
166174
166172
166171
166174
166176
166176
166172
166172
166176
166178
166177
166174
166171
166171
166172
166168
166161
166162
166164
166167
166165
166163
166165
166171
166176
166174
166170
166172
166175
166178
166176
166171
166171
166174
166178
166177
166174
166175
166175
166176
166175
166172
166174
166179
166184
166179
166174
166177
166180
166181
166180
166177
166176
166180
166183
166183
166182
166185
166186
166190
166190
166187
166185
166188
166192
166192
166186
166181
166186
166192
166190
166185
166184
166188
166191
166189
166185
166180
166183
166187
166183
166179
166178
166182
166182
166179
166174
166169
166173
166178
166179
166178
166181
166186
166192
166193
166187
166183
166185
166187
166184
166180
166178
166181
166184
166184
166178
166177
166183
166188
166183
166179
166178
166182
166186
166183
166175
166173
166175
166177
166175
166173
166172
166176
166179
166180
166175
166173
166176
166178
166178
166174
166173
166177
166181
166182
166179
166174
166176
166178
166176
166172
166170
166174
166179
166176
166170
166167
166170
166175
166171
166167
166164
166167
166171
166172
166168
166164
166167
166173
166173
166170
166170
166171
166174
166172
166169
166166
166167
166170
166168
166163
166162
166166
166171
166169
166165
166161
166166
166171
166169
166165
166166
166172
166176
166176
166176
166171
166171
166173
166172
166170
166171
166178
166181
166179
166176
166173
166178
166182
166177
166172
166173
166176
166178
166177
166175
166174
166178
166181
166180
166178
166179
166181
166181
166178
166173
166173
166175
166175
166176
166175
166175
166178
166181
166177
166170
166170
166174
166176
166177
166175
166175
166178
166183
166182
166178
166179
166186
166185
166180
166178
166179
166184
166187
166185
166181
166179
166184
166185
166180
166177
166174
166174
166177
166175
166171
166173
166178
166179
166177
166172
166169
166171
166173
166173
166168
166168
166172
166173
166170
166165
166162
166164
166165
166164
166158
166158
166164
166166
166164
166161
166161
166165
166169
166170
166167
166166
166172
166180
166178
166171
166167
166171
166174
166172
166170
166169
166174
166180
166178
166170
166167
166170
166174
166171
166167
166167
166172
166176
166175
166172
166173
166176
166176
166174
166172
166173
166178
166183
166182
166178
166175
166178
166180
166177
166172
166170
166173
166177
166176
166173
166169
166170
166172
166171
166168
166167
166169
166172
166171
166169
166168
166173
166178
166173
166166
166162
166166
166169
166167
166163
166161
166166
166171
166169
166165
166164
166170
166171
166167
166164
166163
166167
166169
166167
166163
166162
166164
166167
166169
166165
166161
166165
166168
166163
166156
166153
166155
166157
166158
166154
166151
166152
166157
166154
166148
166146
166151
166156
166156
166156
166150
166151
166155
166152
166149
166147
166150
166154
166153
166151
166153
166156
166156
166155
166154
166153
166159
166165
166165
166161
166157
166161
166162
166156
166150
166147
166150
166153
166153
166150
166149
166155
166162
166163
166156
166152
166153
166156
166156
166152
166149
166152
166156
166154
166150
166144
166144
166148
166146
166143
166142
166146
166150
166151
166148
166149
166154
166155
166151
166146
166143
166146
166149
166148
166143
166142
166149
166152
166150
166146
166144
166149
166154
166156
166151
166147
166152
166160
166156
166148
166145
166147
166149
166145
166139
166136
166139
166141
166140
166133
166131
166136
166139
166137
166134
166134
166138
166143
166145
166138
166133
166136
166138
166137
166132
166130
166134
166139
166137
166130
166128
166131
166135
166134
166129
166127
166129
166132
166130
166122
166119
166120
166123
166123
166121
166120
166125
166132
166131
166126
166125
166129
166134
166132
166127
166126
166132
166138
166133
166129
166130
166135
166140
166140
166135
166132
166137
166142
166138
166132
166131
166136
166140
166142
166142
166144
166153
166161
166160
166157
166159
166166
166171
166171
166171
166174
166182
166190
166188
166184
166183
166187
166190
166188
166181
166180
166182
166181
166176
166172
166169
166171
166175
166174
166169
166169
166174
166174
166174
166171
166171
166176
166179
166180
166177
166174
166174
166174
166171
166166
166164
166168
166172
166173
166173
166170
166173
166177
166178
166173
166172
166177
166179
166178
166176
166174
166174
166176
166171
166166
166161
166163
166164
166162
166156
166150
166153
166158
166158
166153
166151
166155
166161
166162
166162
166157
166158
166164
166166
166163
166162
166165
166166
166164
166161
166154
166154
166156
166153
166147
166142
166147
166151
166151
166148
166147
166146
166149
166149
166145
166144
166146
166151
166150
166144
166141
166145
166143
166140
166135
166130
166132
166134
166133
166128
166125
166130
166133
166133
166131
166132
166136
166143
166147
166143
166140
166144
166150
166145
166140
166139
166141
166143
166142
166138
166137
166142
166149
166148
166143
166141
166147
166152
166153
166151
166150
166154
166159
166161
166156
166150
166153
166154
166154
166148
166141
166141
166143
166138
166131
166127
166128
166132
166132
166129
166127
166131
166137
166139
166130
166124
166126
166130
166130
166123
166117
166118
166121
166122
166119
166113
166118
166126
166127
166122
166121
166125
166130
166132
166127
166121
166127
166130
166129
166125
166120
166121
166123
166122
166117
166113
166115
166119
166120
166117
166114
166118
166124
166129
166130
166128
166136
166142
166143
166143
166139
166140
166145
166144
166137
166132
166135
166137
166137
166136
166133
166136
166140
166142
166142
166138
166142
166146
166145
166143
166140
166142
166145
166146
166147
166143
166144
166150
166151
166150
166148
166153
166158
166160
166160
166159
166160
166162
166162
166158
166155
166156
166157
166156
166151
166146
166144
166145
166145
166140
166137
166138
166142
166144
166145
166142
166144
166150
166152
166150
166149
166153
166157
166157
166154
166148
166146
166148
166147
166142
166138
166140
166143
166143
166139
166138
166142
166140
166138
166133
166130
166133
166139
166139
166136
166134
166138
166139
166139
166135
166129
166131
166135
166135
166132
166131
166134
166134
166135
166132
166130
166134
166137
166139
166137
166137
166137
166139
166138
166134
166130
166133
166139
166144
166139
166133
166137
166141
166141
166136
166130
166130
166135
166136
166135
166129
166134
166138
166136
166132
166128
166131
166133
166133
166131
166127
166127
166129
166129
166126
166123
166124
166131
166132
166126
166126
166129
166132
166132
166129
166127
166129
166136
166140
166133
166130
166132
166134
166133
166129
166127
166128
166133
166134
166125
166122
166124
166127
166127
166123
166120
166123
166129
166129
166123
166122
166124
166129
166131
166127
166123
166125
166132
166134
166131
166130
166134
166141
166142
166138
166135
166137
166141
166140
166136
166134
166136
166140
166140
166134
166129
166132
166130
166132
166130
166126
166129
166134
166136
166133
166129
166134
166136
166135
166130
166126
166128
166130
166130
166126
166123
166127
166131
166128
166124
166123
166128
166134
166136
166134
166131
166132
166138
166137
166132
166128
166131
166135
166135
166132
166129
166129
166133
166129
166122
166118
166121
166125
166125
166124
166123
166124
166130
166129
166123
166120
166124
166128
166129
166125
166122
166124
166131
166130
166124
166121
166124
166128
166128
166126
166121
166123
166130
166130
166123
166120
166123
166126
166127
166123
166119
166122
166130
166131
166125
166123
166125
166127
166128
166124
166121
166124
166130
166132
166128
166122
166124
166128
166129
166125
166121
166123
166128
166131
166130
166124
166122
166126
166126
166123
166121
166124
166130
166131
166129
166127
166127
166128
166128
166126
166122
166124
166128
166128
166125
166122
166122
166127
166130
166125
166122
166126
166129
166130
166126
166122
166127
166130
166132
166129
166128
166128
166129
166131
166129
166127
166131
166132
166132
166130
166127
166130
166135
166136
166131
166128
166132
166137
166138
166135
166131
166132
166135
166137
166131
166127
166133
166140
166138
166132
166130
166133
166136
166137
166133
166131
166137
166142
166138
166131
166128
166129
166133
166134
166129
166125
166129
166133
166130
166128
166128
166131
166134
166134
166130
166128
166132
166138
166137
166133
166127
166126
166128
166128
166125
166122
166126
166131
166131
166127
166121
166123
166126
166126
166121
166116
166119
166121
166118
166110
166104
166106
166109
166110
166106
166104
166107
166113
166113
166106
166103
166105
166111
166114
166112
166111
166115
166120
166125
166120
166114
166116
166120
166121
166115
166112
166115
166119
166122
166118
166113
166115
166120
166122
166119
166118
166124
166130
166131
166126
166120
166122
166126
166126
166120
166115
166117
166121
166126
166124
166121
166122
166125
166128
166126
166126
166132
166138
166143
166141
166136
166138
166144
166147
166144
166140
166143
166146
166150
166145
166137
166137
166141
166139
166136
166133
166134
166139
166143
166138
166133
166136
166140
166144
166142
166141
166142
166148
166151
166148
166141
166140
166144
166144
166141
166138
166139
166143
166145
166144
166136
166135
166138
166140
166138
166135
166137
166143
166147
166148
166145
166144
166148
166149
166144
166140
166139
166143
166143
166140
166132
166129
166132
166132
166128
166125
166126
166131
166136
166137
166133
166131
166136
166137
166134
166131
166133
166139
166142
166138
166133
166129
166132
166134
166131
166129
166129
166133
166136
166136
166133
166132
166134
166135
166129
166124
166126
166131
166136
166137
166134
166133
166136
166137
166133
166128
166130
166134
166133
166129
166124
166124
166125
166125
166122
166117
166118
166122
166124
166124
166119
166117
166121
166123
166120
166117
166119
166125
166128
166127
166126
166124
166125
166125
166120
166114
166116
166122
166126
166126
166125
166125
166129
166133
166133
166130
166130
166135
166137
166137
166134
166133
166135
166136
166133
166128
166130
166134
166134
166132
166127
166126
166130
166132
166128
166125
166128
166131
166133
166130
166126
166123
166127
166132
166130
166128
166130
166134
166138
166138
166135
166132
166136
166139
166135
166130
166131
166134
166134
166131
166124
166124
166128
166130
166128
166126
166127
166131
166134
166132
166125
166124
166127
166129
166127
166124
166126
166132
166133
166130
166125
166123
166126
166127
166124
166121
166123
166126
166128
166129
166123
166122
166126
166129
166127
166125
166128
166131
166133
166131
166124
166121
166125
166130
166127
166125
166125
166127
166129
166128
166123
166123
166128
166131
166130
166126
166126
166128
166132
166126
166119
166119
166123
166126
166123
166118
166119
166126
166131
166126
166123
166124
166129
166129
166124
166119
166120
166126
166127
166120
166115
166114
166116
166117
166116
166113
166114
166118
166119
166118
166117
166120
166127
166132
166131
166128
166128
166129
166127
166120
166115
166113
166113
166111
166107
166105
166107
166114
166120
166117
166114
166114
166116
166118
166115
166113
166112
166111
166112
166109
166105
166105
166108
166110
166107
166103
166104
166108
166110
166108
166108
166110
166116
166120
166117
166115
166114
166116
166118
166116
166109
166108
166112
166116
166115
166113
166115
166119
166126
166128
166128
166130
166134
166140
166137
166135
166136
