166089
166088
166088
166084
166081
166078
166076
166077
166073
166066
166064
166067
166068
166064
166062
166060
166062
166066
166066
166063
166064
166072
166075
166074
166076
166074
166077
166081
166079
166073
166072
166076
166078
166074
166070
166070
166071
166073
166072
166068
166067
166068
166072
166068
166062
166062
166062
166062
166061
166057
166055
166059
166061
166056
166054
166052
166053
166057
166057
166056
166055
166058
166062
166058
166052
166052
166056
166058
166057
166055
166054
166058
166061
166059
166055
166053
166056
166058
166057
166054
166053
166056
166061
166060
166054
166057
166063
166066
166067
166067
166070
166077
166082
166080
166075
166073
166076
166076
166072
166069
166067
166069
166072
166071
166069
166069
166072
166072
166070
166066
166064
166068
166070
166067
166062
166061
166064
166065
166060
166054
166051
166053
166054
166051
166045
166042
166047
166053
166049
166041
166039
166042
166045
166045
166041
166038
166040
166044
166042
166030
166026
166028
166033
166032
166029
166026
166031
166036
166037
166030
166025
166026
166029
166028
166024
166022
166027
166032
166034
166034
166031
166033
166035
166034
166031
166030
166035
166039
166037
166033
166031
166032
166035
166033
166031
166030
166035
166041
166044
166045
166046
166052
166057
166055
166052
166051
166053
166054
166051
166047
166046
166045
166045
166038
166031
166027
166027
166028
166024
166020
166021
166022
166023
166020
166015
166013
166015
166018
166015
166011
166010
166015
166016
166013
166010
166011
166015
166020
166022
166023
166026
166029
166033
166032
166030
166030
166033
166035
166031
166023
166019
166020
166018
166014
166009
166006
166010
166017
166022
166022
166022
166030
166034
166030
166025
166021
166021
166024
166022
166018
166018
166025
166026
166026
166026
166027
166033
166040
166042
166040
166041
166046
166046
166040
166032
166025
166025
166026
166024
166021
166020
166027
166035
166036
166036
166039
166046
166055
166057
166056
166053
166056
166060
166055
166043
166036
166036
166037
166032
166027
166024
166026
166030
166032
166027
166027
166032
166039
166040
166040
166041
166045
166048
166048
166040
166034
166034
166036
166035
166034
166032
166038
166047
166047
166040
166036
166037
166038
166034
166029
166024
166027
166034
166032
166029
166030
166030
166032
166029
166024
166020
166022
166026
166026
166017
166013
166016
166021
166022
166021
166019
166021
166023
166018
166006
166000
166002
166006
166008
166008
166008
166013
166019
166014
166006
166002
165999
166000
165999
165993
165989
165992
165994
165986
165980
165976
165979
165982
165979
165973
165970
165974
165979
165975
165969
165967
165973
165980
165981
165979
165980
165986
165995
165997
165993
165989
165992
165998
165996
165992
165989
165992
165997
165998
165991
165987
165991
165995
165996
165997
165998
166000
166006
166009
166004
166000
166002
166004
166000
165997
165997
166002
166007
166009
166007
166005
166009
166014
166015
166013
166011
166014
166018
166020
166013
166007
166008
166011
166009
166004
165999
166002
166005
166005
166006
166000
166000
166006
166007
166004
166002
166007
166010
166009
166007
166003
166006
166011
166011
166009
166008
166011
166012
166009
166006
166002
166003
166007
166004
166001
165998
165999
166002
166003
166002
165999
166000
166006
166004
166001
166001
166006
166009
166009
166008
166005
166005
166007
166006
166003
166000
166001
166005
166006
166007
166004
166006
166009
166010
166009
166007
166009
166011
166010
166008
166005
166005
166009
166010
166008
166007
166011
166014
166012
166011
166012
166014
166018
166020
166016
166013
166017
166023
166025
166024
166021
166022
166024
166021
166016
166012
166017
166020
166021
166022
166020
166021
166025
166025
166021
166017
166019
166022
166020
166016
166018
166020
166020
166019
166014
166013
166017
166020
166020
166018
166017
166024
166025
166021
166016
166014
166019
166022
166021
166018
166016
166023
166030
166026
166021
166018
166019
166024
166026
166024
166023
166028
166035
166033
166029
166031
166036
166042
166044
166042
166040
166043
166049
166049
166039
166033
166033
166035
166032
166028
166023
166022
166023
166021
166018
166012
166013
166017
166016
166013
166012
166014
166017
166017
166015
166010
166008
166011
166011
166005
166000
165998
165998
165997
165990
165987
165992
165994
165993
165992
165991
165992
165994
165995
165992
165991
165995
166000
166003
165998
165995
165996
165996
165995
165992
165988
165989
165994
165992
165986
165983
165983
165987
165987
165985
165985
165991
165996
165998
165997
165992
165993
165997
166000
165995
165989
165992
165997
165998
165996
165989
165988
165991
165993
165991
165988
165991
165997
165999
165998
165996
165996
165998
165997
165994
165990
165991
165993
165995
165993
165992
165993
165997
165997
165994
165989
165991
165996
165997
165994
165988
165991
165995
165996
165995
165994
165994
165997
165998
165996
165991
165993
166000
166000
165998
165997
165997
166000
166000
165997
165994
165993
165994
165993
165990
165988
165988
165990
165989
165985
165985
165990
165991
165991
165988
165984
165985
165989
165988
165985
165982
165983
165985
165986
165985
165982
165985
165991
165994
165992
165991
165992
165995
165998
165995
165993
165996
166000
166001
165997
165996
166001
166003
166000
165996
165992
165994
165998
166001
165997
165995
165998
165999
165996
165991
165989
165990
165996
165998
165996
165996
165999
165999
165998
165995
165993
165995
165999
166002
166002
166002
166003
166007
166007
166006
166005
166006
166010
166011
166006
166002
166002
166004
166003
166000
165996
165997
166002
166004
166000
165994
165996
165997
165997
165994
165992
165993
165997
166000
165996
165992
165995
166000
166000
165995
165993
165997
166000
166001
165996
165991
165996
166001
166001
165998
165998
165997
166000
165998
165990
165987
165988
165992
165995
165993
165992
165999
166005
166002
165996
165992
165993
165997
165995
165993
165990
165994
165998
165998
165993
165991
165994
165997
165999
165997
165997
166001
166004
166007
166003
165999
166000
166004
166005
166002
166001
165999
166002
166005
166002
165997
165998
166004
166006
166005
166002
166005
166010
166012
166008
166003
166007
166012
166014
166012
166005
166005
166007
166008
166004
166000
166003
166007
166010
166007
166000
166001
166005
166004
166000
165999
166003
166010
166010
166001
165999
166001
166006
166007
166004
166002
166008
166016
166015
166010
166009
166012
166017
166018
166015
166012
166016
166018
166017
166014
166008
166010
166011
166010
166007
166007
166011
166009
166009
166004
165998
165999
166002
166005
166003
165999
165999
166003
166006
166004
166002
166004
166006
166006
166003
165996
165997
166001
166003
166000
165998
165999
166003
166005
165999
165994
165996
166001
166002
165999
165998
166001
166006
166012
166007
166000
166002
166008
166010
166007
166005
166009
166015
166017
166011
166005
166008
166011
166010
166005
166001
166004
166010
166010
166003
165998
166000
166003
166004
166001
166001
166005
166008
166010
166007
166004
166008
166014
166016
166014
166011
166010
166014
166014
166010
166002
166002
166004
166004
166002
165994
165993
165996
165997
165993
165990
165990
165992
165995
165989
165981
165982
165988
165989
165986
165984
165986
165992
165995
165990
165987
165990
165996
165999
165995
165995
165997
165998
165998
165994
165991
165992
165996
165999
165999
165998
165999
166002
166002
165996
165992
165994
165999
166000
165999
165992
165991
165996
165996
165993
165993
165998
166003
166006
166006
166003
166002
166005
166006
166001
165999
166004
166007
166008
166002
165997
165999
166005
166005
166001
165996
165996
166002
166004
165997
165993
165997
166003
166005
166002
165998
166000
166006
166007
166002
165998
166002
166007
166008
166005
166005
166012
166016
166016
166012
166009
166012
166017
166019
166016
166014
166018
166019
166021
166019
166014
166016
166020
166022
166018
166017
166018
166019
166020
166017
166015
166016
166021
166022
166020
166019
166018
166021
166020
166016
166012
166015
166015
166014
166013
166010
166012
166015
166017
166013
166013
166016
166017
166019
166018
166015
166015
166019
166021
166019
166017
166017
166022
166020
166014
166010
166012
166017
166020
166019
166017
166021
166022
166021
166019
166016
166016
166017
166017
166013
166010
166012
166014
166014
166010
166007
166012
166015
166016
166010
166004
166005
166007
166008
166002
165996
165996
166000
166002
165992
165984
165985
165989
165991
165989
165989
165993
166001
166007
166003
166001
166006
166015
166018
166014
166010
166008
166012
166011
166002
165996
165996
166000
166001
165998
165996
166001
166006
166007
166006
166003
166007
166011
166012
166007
166000
166002
166001
165998
165991
165986
165987
165989
165991
165988
165987
165993
165996
165999
166000
166001
166008
166017
166020
166015
166014
166012
166008
166005
166000
165995
165997
166002
166002
166001
166002
166003
166006
166009
166008
166007
166012
166020
166022
166017
166014
166014
166015
166014
166009
166003
166005
166006
166007
166004
166000
166002
166006
166010
166009
166008
166011
166018
166018
166014
166011
166009
166007
166004
165996
165990
165986
165986
165982
165973
165966
165967
165971
165972
165969
165970
165972
165979
165986
165986
165987
165991
165995
165997
165995
165995
165994
165995
165997
165991
165986
165987
165995
165995
165988
165988
165991
165994
165996
165991
165986
165989
165996
165996
165992
165988
165990
165995
165998
165996
165992
165997
166005
166007
166009
166013
166018
166025
166029
166025
166020
166020
166024
166022
166015
166007
166002
165997
165994
165991
165988
165993
166003
166008
166009
166012
166018
166026
166029
166028
166026
166028
166034
166033
166024
166018
166020
166019
166016
166010
166004
166004
166010
166015
166011
166008
166011
166019
166024
166020
166018
166020
166027
166030
166025
166021
166023
166027
166032
166031
166030
166030
166040
166047
166044
166040
166042
166047
166051
166050
166048
166047
166051
166052
166044
166038
166037
166040
166040
166037
166035
166037
166039
166040
166037
166037
166041
166048
166050
166049
166049
166048
166050
166051
166045
166040
166039
166041
166045
166044
166045
166048
166053
166056
166053
166051
166054
166062
166067
166069
166069
166071
166073
166073
166072
166071
166073
166078
166079
166076
166074
166075
166076
166080
166077
166072
166076
166083
166086
166082
166079
166083
166084
166084
166080
166076
166076
166076
166077
166073
166070
166074
166076
166077
166074
166070
166072
166078
166083
166078
166075
166079
166083
166085
166082
166077
166077
166081
166080
166074
166070
166070
166072
166071
166068
166064
166068
166074
166077
166077
166074
166075
166083
166084
166077
166071
166071
166074
166076
166072
166069
166072
166077
166076
166068
166063
166064
166066
166066
166063
166058
166058
166065
166066
166058
166055
166056
166061
166061
166057
166053
166053
166056
166060
166052
166046
166048
166050
166051
166049
166044
166045
166049
166053
166045
166038
166041
166043
166044
166040
166037
166038
166041
166043
166036
166027
166028
166033
166032
166027
166024
166027
166030
166032
166028
166021
166022
166028
166030
166023
166018
166020
166028
166028
166023
166019
166022
166026
166028
166021
166014
166016
166019
166021
166017
166013
166018
166025
166027
166023
166021
166022
166028
166030
166025
166021
166024
166029
166033
166033
166029
166029
166035
166041
166036
166034
166037
166041
166045
166042
166037
166036
166040
166045
166042
166037
166038
166042
166047
166043
166037
166040
166043
166047
166043
166039
166041
166045
166050
166047
166044
166043
166045
166047
166040
166034
166035
166039
166043
166040
166037
166037
166042
166049
166046
166040
166042
166047
166050
166048
166047
166049
166053
166056
166057
166051
166052
166056
166057
166053
166049
166052
166057
166060
166058
166052
166054
166057
166059
166056
166053
166053
166056
166056
166054
166048
166046
166050
166055
166053
166051
166052
166058
166064
166061
166053
166050
166053
166056
166052
166049
166051
166054
166058
166048
166037
166036
166039
166041
166036
166033
166035
166041
166044
166037
166031
166033
166037
166038
166034
166033
166038
166046
166048
166045
166045
166046
166049
166052
166051
166049
166050
166051
166053
166052
166048
166047
166050
166053
166050
166047
166047
166048
166051
166050
166048
166045
166049
166052
166049
166048
166050
166054
166056
166055
166050
166051
166057
166061
166060
166059
166062
166061
166064
166061
166056
166055
166058
166059
166057
166056
166059
166062
166065
166059
166054
166056
166059
166060
166057
166053
166051
166056
166061
166061
166059
166060
166065
166066
166065
166060
166056
166060
166064
166062
166057
166056
166059
166064
166065
166060
166057
166063
166067
166066
166062
166065
166070
166069
166065
166060
166062
166065
166066
166065
166060
166062
166068
166073
166067
166064
166067
166072
166073
166069
166066
166068
166074
166078
166070
166065
166065
166068
166068
166063
166059
166060
166066
166067
166064
166062
166063
166069
166070
166065
166061
166065
166071
166072
166069
166066
166064
166065
166066
166063
166058
166059
166062
166064
166063
166058
166058
166061
166064
166062
166059
166061
166064
166066
166061
166053
166048
166051
166053
166052
166052
166053
166053
166055
166051
166046
166044
166046
166047
166043
166040
166036
166036
166036
166032
166029
166028
166028
166029
166028
166025
166023
166024
166026
166024
166021
166023
166027
166031
166031
166030
166030
166033
166034
166031
166027
166028
166031
166034
166032
166025
166024
166028
166032
166028
166025
166027
166031
166033
166031
166025
166024
166027
166030
166026
166023
166023
166026
166030
166030
166025
166027
166032
166035
166033
166031
166031
166036
166041
166039
166032
166031
166036
166040
166035
166030
166030
166036
166042
166039
166035
166033
166033
166035
166031
166027
166029
166035
166035
166032
166029
166030
166033
166037
166036
166032
166034
166038
166038
166035
166032
166035
166038
166039
166035
166034
166035
166035
166036
166033
166031
166032
166034
166035
166031
166029
166031
166034
166037
166035
166032
166034
166038
166040
166038
166036
166034
166037
166041
166039
166037
166037
166038
166041
166038
166034
166032
166036
166037
166034
166033
166034
166037
166038
166037
166033
166033
166036
166040
166037
166032
166032
166035
166037
166033
166027
166026
166030
166032
166029
166025
166024
166028
166029
166024
166019
166018
166021
166024
166021
166015
166013
166013
166014
166010
166005
166005
166009
166012
166010
166006
166008
166012
166011
166005
166002
166003
166005
166008
166004
166001
166003
166010
166013
166008
166005
166006
166011
166017
166017
166015
166019
166027
166030
166029
166027
166027
166032
166036
166037
166035
166036
166042
166044
166040
166035
166036
166038
166041
166040
166038
166040
166047
166050
166046
166042
166043
166047
166049
166048
166043
166041
166049
166054
166050
166047
166048
166054
166059
166057
166052
166051
166058
166063
166057
166053
166050
166054
166057
166054
166049
166051
166056
166059
166056
166053
166055
166061
166064
166062
166058
166058
166063
166063
166060
166058
166059
166065
166069
166066
166062
166066
166072
166074
166071
166069
166069
166073
166078
166077
166072
166073
166078
166077
166071
166063
166059
166060
166063
166058
166051
166051
166053
166054
166052
166046
166044
166047
166049
166048
166046
166047
166049
166050
166049
166046
166046
166049
166052
166049
166045
166049
166053
166051
166046
166042
166042
166045
166050
166048
166045
166047
166051
166052
166048
166044
166044
166047
166052
166051
166049
166051
166054
166057
166055
166051
166050
166054
166057
166053
166048
166048
166050
166055
166050
166044
166042
166045
166048
166042
166037
166037
166037
166039
166037
166032
166030
166033
166035
166030
166025
166026
166025
166027
166027
166024
166020
166021
166022
166017
166013
166015
166015
166017
166015
166011
166012
166012
166013
166011
166009
166010
166013
166014
166011
166007
166008
166012
166011
166008
166006
166007
166008
166008
166005
166003
166005
166009
166017
166016
166012
166015
166019
166019
166015
166011
166009
166012
166015
166014
166010
166011
166013
166015
166013
166011
166012
166017
166021
166018
166015
166018
166020
166020
166016
166012
166013
166018
166020
166020
166020
166023
166031
166034
166033
166031
166033
166037
166039
166038
166035
166038
166044
166049
166044
166040
166041
166047
166052
166050
166048
166050
166055
166063
166059
166052
166050
166052
166054
166051
166046
166046
166051
166054
166053
166048
166044
166046
166048
166046
166042
166042
166046
166052
166053
166048
166044
166047
166052
166052
166049
166048
166052
166058
166060
166055
166051
166054
166055
166051
166049
166050
166054
166055
166051
166048
166046
166044
166046
166044
166041
166040
166042
166046
166043
166040
166040
166041
166043
166040
166037
166037
166040
166043
166044
166042
166043
166048
166047
166042
166036
166037
166042
166045
166044
166042
166045
166049
166047
166040
166034
166033
166037
166041
166038
166035
166036
166044
166050
166049
166048
166048
166053
166058
166054
166050
166049
166056
166065
166063
166058
166059
166064
166065
166061
166056
166053
166055
166058
166057
166055
166051
166053
166058
166055
166050
166049
166051
166054
166052
166050
166052
166053
166052
166049
166046
166045
166049
166055
166050
166045
166044
166051
166054
166051
166047
166046
166050
166054
166051
166047
166046
166049
166052
166046
166039
166039
166045
166050
166048
166046
166047
166051
166056
166050
166043
166042
166044
166048
166046
166042
166044
166051
166057
166061
166061
166057
166060
166064
166062
166059
166059
166063
166067
166067
166061
166059
166063
166065
166063
166060
166060
166066
166071
166070
166069
166067
166070
166073
166071
166065
166064
166068
166075
166076
166076
166079
166080
166082
166079
166076
166077
166078
166083
166085
166082
166082
166088
166088
166082
166076
166076
166081
166083
166081
166078
166076
166082
166083
166078
166073
166071
166074
166078
166078
166073
166074
166079
166080
166077
166072
166072
166076
166078
166078
166077
166076
166080
166082
166078
166074
166073
166076
166079
166079
166077
166075
166081
166083
166081
166078
166076
166079
166082
166078
166075
166073
166076
166080
166076
166071
166072
166075
166078
166080
166078
166079
166085
166090
166087
166080
166080
166085
166090
166089
166087
166087
166089
166091
166086
166082
166080
166083
166088
166087
166084
166085
166092
166094
166091
166087
166086
166091
166095
166094
166089
166091
166095
166092
166088
166084
166083
166090
166093
166090
166086
166085
166091
166092
166083
166077
166076
166080
166083
166081
166078
166079
166088
166092
166089
166085
166083
166088
166092
166090
166088
166090
166098
166099
166096
166094
166094
166094
166095
166092
166089
166090
166094
166095
166093
166090
166090
166093
166097
166096
166092
166091
166090
166091
166091
166087
166085
166088
166091
166090
166089
166087
166087
166090
166089
166084
166082
166085
166090
166088
166085
166080
166081
166083
166079
166073
166071
166074
166078
166078
166077
166076
166080
166086
166085
166083
166083
166087
166090
166089
166090
166087
166088
166090
166085
166078
166078
166082
166079
166073
166083
166070
166068
166067
166075
166069
166072
166083
166087
166087
166083
166079
166083
166088
166087
166085
166086
166091
166095
166094
166092
166091
166094
166097
166094
166089
166087
166089
166089
166085
166080
166078
166081
166084
166082
166079
166077
166081
166086
166081
166075
166074
166078
166081
166081
166078
166077
166081
166085
166082
166079
166079
166081
166079
166073
166069
166067
166068
166070
166065
166057
166053
166050
166045
166038
166029
166025
166026
166027
166020
166014
166009
166008
166011
166008
166004
166004
166010
166014
166012
166009
166009
166016
166020
166018
166013
166014
166018
166021
166017
166012
166011
166015
166021
166018
166012
166012
166018
166021
166018
166014
166015
166023
166030
166028
166023
166023
166029
166033
166030
166028
166022
166022
166024
166021
166018
166017
166021
166025
166025
166023
166023
166024
166028
166028
166026
166026
166030
166034
166035
166032
166030
166033
166037
166039
166037
166038
166041
166045
166043
166040
166041
166042
166046
166044
166038
166036
166041
166046
166047
166044
166040
166044
166046
166042
166037
166035
166039
166043
166044
166040
166036
166039
166042
166042
166040
166041
166046
166050
166048
166041
166041
166046
166048
166047
166045
166042
166046
166050
166045
166041
166039
166042
166046
166045
166039
166040
166048
166052
166053
166051
166051
166055
166060
166059
166054
166054
166057
166060
166059
166057
166058
166063
166071
166074
166074
166077
166081
166084
166083
166081
166082
166084
166088
166086
166086
166082
166082
166086
166086
166083
166083
166089
166095
166098
166101
166099
166102
166109
166112
166109
166109
166113
166116
166115
166110
166103
166104
166104
166099
166093
166088
166090
166092
166091
166084
166083
166085
166086
166084
166080
166078
166083
166085
166079
166072
166069
166069
166071
166067
166063
166063
166071
166077
166080
166081
166086
166097
166106
166109
166110
166110
166115
166113
166108
166102
166097
166098
166100
166097
166092
166088
166093
166095
166090
166084
166080
166082
166086
166085
166082
166082
166086
166086
166083
166079
166074
166077
166081
166080
166076
166076
166081
166085
166084
166082
166076
166077
166079
166077
166071
166067
166069
166070
166066
166060
166059
166062
166063
166059
166056
166053
166058
166061
166059
166055
166055
166060
166060
166058
166055
166056
166061
166065
166064
166063
166063
166066
166072
166068
166064
166065
166070
166076
166076
166076
166076
166079
166086
166086
166080
166077
166078
166079
166076
166069
166065
166068
166070
166074
166068
166068
166080
166089
166088
166086
166087
166093
166099
166095
166087
166086
166089
166091
166088
166082
166075
166073
166073
166067
166061
166059
166064
166068
166070
166065
166063
166067
166072
166070
166068
166065
166064
166067
166065
166060
166056
166061
166064
166059
166055
166055
166060
166067
166068
166067
166070
166076
166084
166086
166088
166086
166090
166095
166094
166090
166089
166090
166088
166080
166071
166065
166062
166063
166061
166059
166060
166066
166074
166077
166076
166076
166084
166091
166091
166090
166092
166096
166098
166097
166092
166090
166094
166093
166086
166081
166078
166080
166080
166078
166075
166074
166078
166082
166082
166080
166080
166088
166089
166086
166081
166076
166077
166079
166078
166076
166075
166075
166078
166079
166077
166080
166089
166095
166093
166092
166093
166098
166104
166103
166099
166102
166106
166109
166108
166105
166103
166104
166108
166100
166093
166090
166094
166098
166097
166096
166095
166100
166106
166101
166098
166098
166103
166107
166107
166103
166102
166105
166104
166100
166096
166092
166093
166095
166094
166090
166087
166085
166085
166082
166077
166073
166077
166079
166076
166073
166071
166072
166073
166070
166064
166061
166063
166067
166064
166060
166056
166060
166065
166066
166063
166063
166067
166072
166073
166067
166068
166072
166075
166074
166072
166072
166075
166081
166084
166079
166078
166083
166088
166088
166085
166084
166090
166097
166097
166093
166091
166096
166104
166105
166102
166103
166110
166111
166109
166107
166104
166109
166112
166110
166108
166107
166110
166108
166102
166096
166094
166097
166100
166098
166096
166098
166102
166101
166099
166096
166094
166097
166101
166101
166096
166092
166093
166092
166090
166082
166077
166078
166080
166076
166071
166069
166074
166075
166073
166069
166066
166071
166075
166075
166073
166074
166080
166079
166076
166074
166071
166075
166080
166076
166072
166072
166081
166081
166075
166070
166067
166070
166073
166073
166071
166064
166063
166065
166064
166062
166061
166068
166073
166067
166063
166063
166066
166070
166071
166071
166073
166078
166085
166087
166080
166077
166081
166084
166082
166080
166080
166085
166087
166085
166084
166084
166086
166090
166090
166088
166090
166094
166098
166099
166097
166096
166100
166105
166104
166101
166097
166098
166100
166099
166096
166094
166096
166101
166099
166090
166086
166090
166093
166093
166090
166089
166094
166095
166090
166083
166080
166084
166089
166089
166087
166089
166093
166093
166090
166087
166085
166087
166093
166093
166091
166090
166092
166094
166091
166089
166086
166088
166092
166092
166091
166088
166089
166094
166092
166086
166084
166088
166091
166093
166089
166085
166090
166094
166094
166090
166090
166093
166096
166095
166091
166084
166086
166088
166086
166084
166085
166088
166093
166095
166092
166087
166091
166095
166094
166090
166086
166089
166095
166090
166083
166081
166085
166088
166086
166083
166083
166088
166092
166091
166088
166086
166088
166091
166090
166088
166088
166090
166093
166093
166088
166085
166087
166089
166089
166087
166084
166088
166095
166094
166088
166087
166090
166093
166092
166090
166089
166091
166093
166093
166091
166090
166093
166098
166098
166096
166096
166095
166094
166092
166086
166085
166090
166098
166096
166089
166088
166091
166096
166096
166093
166089
166093
166100
166101
166094
166092
166098
166103
166100
166096
166095
166099
166105
166107
166103
166098
166102
166108
166108
166106
166105
166109
166115
166115
166109
166105
166108
166113
166112
166108
166105
166109
166112
166106
166098
166096
166101
166103
166100
166097
166097
166102
166105
166102
166098
166094
166097
166101
166098
166093
166091
166093
166097
166091
166084
166082
166085
166091
166092
166087
166084
166091
166097
166094
166090
166089
166093
166100
166101
166098
166097
166103
166103
166098
166092
166088
166090
166093
166093
166088
166087
166094
166096
166093
166089
166087
166093
166099
166097
166093
166094
166096
166096
166095
166092
166090
166093
166095
166094
166092
166090
166090
166093
166093
166090
166089
166095
166100
166104
166100
166097
166098
166099
166096
166091
166087
166091
166095
166090
166084
166080
166082
166085
166085
166082
166080
166085
166093
166091
166082
166077
166078
166081
166080
166076
166074
166078
166083
166078
166074
166073
166075
166079
166078
166075
166073
166079
166084
166082
166080
166080
166084
166088
166088
166085
166082
166087
166090
166086
166082
166081
166083
166087
166086
166082
166079
166085
166088
166085
166082
166080
166083
166087
166086
166084
166081
166085
166087
166081
166076
166074
166076
166077
166075
166070
166068
166075
166082
166078
166074
166072
166077
166080
166077
166073
166071
166076
166076
166073
166067
166064
166065
166069
166068
166062
166061
166060
166061
166058
166054
166052
166053
166058
166056
166050
166049
166048
166050
166048
166042
166039
166040
166046
166048
166043
166038
166039
166041
166040
166036
166035
166039
166043
166043
166040
166034
166036
166039
166038
166034
166033
166036
166041
166040
166032
166026
166028
166032
166032
166029
166028
166032
166039
166038
166031
166029
166032
166037
166036
166031
166029
166035
166042
166037
166033
166029
166032
166035
166034
166032
166030
166036
166037
166035
166030
166030
166036
166037
166035
166034
166035
166040
166044
166043
166042
166042
166044
166045
166043
166040
166040
166040
166043
166044
166040
166039
166042
166048
166045
166039
166036
166042
166043
166039
166034
166033
166038
166041
166041
166039
166036
166038
166044
166040
166035
166033
166036
166041
166042
166040
166037
166041
166043
166040
166035
166033
166035
166038
166036
166029
166028
166029
166030
166030
166029
166030
166036
166041
166040
166037
166038
166043
166044
166043
166041
166041
166044
166048
166048
166046
166041
166044
166048
166045
166041
166039
166043
166048
166047
166046
166044
166047
166052
166052
166048
166046
166049
166053
166054
166054
166052
166052
166055
166054
166053
166050
166051
166053
166052
166048
166045
166045
166048
166045
166042
166043
166046
166049
166047
166046
166046
166047
166052
166053
166050
166049
166054
166061
166059
166055
166052
166054
166057
166055
166051
166049
166053
166057
166059
166056
166049
166051
166054
166052
166047
166043
166045
166048
166047
166045
166042
166042
166048
166048
166043
166040
166044
166048
166047
166043
166042
166043
166046
166044
166035
166032
166034
166037
166034
166029
166027
166032
166036
166033
166027
166027
166029
166030
166028
166024
166021
166023
166025
166020
166013
166011
166016
166024
166025
166026
166025
166025
166028
166029
166027
166025
166027
166028
166026
166022
166019
166021
166025
166024
166018
166014
166016
166021
166019
166017
166016
166017
166019
166021
166018
166011
166011
166014
166011
166008
166006
166013
166020
166021
166021
166021
166022
166026
166025
166021
166019
166020
166023
166023
166022
166020
166025
166030
166027
166025
166022
166024
166026
166025
166023
166020
166024
166028
166027
166021
166020
166023
166028
166024
166018
166016
166018
166022
166019
166015
166016
166017
166017
166013
166010
166009
166014
166019
166020
166016
166013
166018
166025
166021
166015
166014
166018
166022
166022
166019
166016
166019
166023
166021
166013
166010
166015
166020
166018
166016
166015
166020
166025
166027
166025
166016
166016
166021
166020
166015
166013
166017
166022
166020
166017
166015
166021
166023
166023
166021
166018
166022
166025
166026
166024
166022
166028
166033
166029
166026
166023
166026
166030
166028
166019
166013
166012
166013
166012
166008
166003
166007
166014
166015
166012
166012
166017
166020
166019
166016
166010
166013
166015
166012
166008
166005
166007
166013
166011
166003
166002
166006
166012
166012
166010
166013
166020
166026
166025
166019
166018
166020
166025
166024
166020
166020
166024
166030
166027
166023
166021
166025
166028
166028
166024
166020
166027
166031
166028
166025
166023
166028
166035
166036
166033
166033
166037
166038
166036
166031
166028
166030
166033
166031
166027
166025
166025
166028
166027
166025
166024
166027
166032
166030
166027
166022
166027
166031
166028
166024
166023
166028
166031
166031
166025
166023
166026
166029
166027
166025
166025
166030
166037
166033
166024
166020
166023
166026
166023
166020
166019
166025
166028
166025
166021
166018
166022
166026
166025
166024
166025
166027
166030
166029
166026
166023
166027
166032
166031
166030
166029
166031
166035
166034
166032
166032
166040
166043
166040
166037
166034
166039
166043
166041
166035
166035
166039
166043
166038
166035
166034
166038
166042
166040
166037
166035
166039
166047
166044
166036
166032
166034
166039
166039
166037
166037
166043
166046
166043
166040
166038
166041
166046
166046
166044
166046
166051
166053
166050
166044
166042
166047
166052
166050
166045
166045
166047
166050
166047
166041
166039
166042
166046
166045
166044
166039
166040
166043
166041
166037
166036
166040
166046
166046
166041
166037
166041
166044
166040
166034
166033
166042
166047
166044
166041
166040
166043
166047
166045
166041
166041
166042
166042
166041
166038
166035
166039
166045
166045
166043
166038
166038
166043
166043
166040
166038
166042
166046
166047
166043
166038
166044
166049
166047
166044
166044
166049
166055
166051
166047
166047
166053
166058
166057
166054
166055
166061
166063
166058
166053
166050
166054
166059
166059
166054
166054
166058
166060
166057
166052
166047
166049
166052
166051
166051
166051
166048
166051
166052
166050
166049
166052
166057
166058
166057
166058
166060
166063
166062
166060
166059
166063
166068
166067
166067
166064
166068
166071
166068
166062
166060
166063
166067
166070
166066
166063
166066
166071
166071
166067
166065
166068
166073
166076
166071
166066
166069
166074
166076
166074
166072
166076
166082
166078
166073
166071
166075
166080
166079
166074
166071
166073
166073
166072
166071
166071
166075
166079
166080
166079
166078
166077
166080
166080
166077
166077
166081
166087
166090
166082
166080
166085
166091
166092
166089
166087
166094
166097
166094
166090
166089
166091
166095
166094
166088
166086
166090
166091
166090
166087
166085
166092
166097
166093
166086
166087
166090
166091
166090
166087
166087
166091
166096
166096
166096
166094
166091
166093
166092
166090
166088
166092
166098
166100
166095
166089
166090
166092
166090
166086
166085
166087
166093
166090
166082
166077
166077
166078
166075
166073
166070
166075
166079
166072
166066
166063
166064
166067
166066
166064
166064
166069
166073
166070
166066
166066
166067
166069
166069
166066
166066
166069
166070
166067
166062
166060
166064
166069
166067
166064
166066
166070
166072
166071
166068
166066
166071
166076
166074
166069
166068
166069
166074
166073
166070
166070
166073
166078
166079
166077
166074
166076
166080
166078
166074
166073
166075
166080
166082
166076
166071
166072
166075
166074
166069
166069
166077
166081
166077
166073
166073
166077
166081
166080
166077
166078
166086
166089
166088
166086
166086
166092
166095
166091
166088
166088
166087
166090
166088
166085
166084
166089
166092
166090
166087
166085
166089
166093
166093
166091
166091
166097
166102
166101
166096
166096
166099
166104
166103
166098
166098
166103
166109
166106
166101
166100
166104
166109
166108
166103
166103
166106
166108
166107
166101
166099
166102
166104
166101
166099
166093
166092
166095
166094
166092
166091
166094
166097
166098
166091
166087
166090
166092
166090
166089
166088
166092
166099
166098
166094
166095
166100
166104
166102
166099
166098
166102
166103
166095
166090
166088
166090
166094
166093
166090
166092
166097
166096
166093
166089
166088
166092
166097
166097
166097
166095
166096
166099
166096
166093
166093
166099
166105
166105
166104
166102
166102
166103
166102
166098
166097
166100
166106
166104
166100
166101
166108
166115
166115
166111
166112
166119
166121
166118
166114
166110
166113
166117
166116
166110
166109
166111
166112
166110
166105
166101
166105
166109
166105
166102
166098
166097
166099
166096
166092
166090
166096
166102
166103
166098
166095
166100
166104
166105
166101
166102
166109
166116
166118
166113
166111
166114
166119
166118
166113
166112
166116
166120
166115
166110
166109
166114
166116
166112
166109
166110
166116
166118
166116
166111
166110
166113
166116
166114
166112
166108
166109
166112
166112
166108
166107
166110
166114
166114
166110
166110
166116
166120
166119
166113
166110
166111
166113
166107
166100
166096
166098
166100
166096
166093
166093
166099
166102
166103
166101
166103
166109
166113
166112
166107
166105
166109
166110
166106
166102
166102
166103
166103
166100
166097
166096
166099
166105
166106
166105
166107
166111
166116
166115
166112
166108
166109
166112
166109
166103
166104
166106
166107
166105
166102
166101
166108
166115
166118
166119
166122
166130
166134
166130
166125
166124
166127
166130
166130
166129
166129
166135
166142
166139
166136
166138
166144
166149
166150
166147
166150
166157
166160
166160
166156
166150
166152
166154
166149
166142
166141
166141
166141
166141
166138
166137
166144
166151
166149
166149
166148
166150
166154
166150
166143
166140
166139
166135
166132
166126
166119
166123
166127
166127
166126
166128
166135
166146
166144
166139
166142
166146
166148
166144
166137
166133
166135
166138
166129
166121
166118
166120
166122
166120
166117
166119
166126
166129
166129
166131
166134
166139
166144
166142
166138
166138
166142
166141
166137
166133
166133
166135
166136
166133
166129
166128
166131
166132
166130
166125
166125
166130
166133
166130
166129
166129
166130
166131
166127
166121
166119
166121
166125
166123
166117
166111
166114
166119
166117
166115
166114
166117
166124
166127
166121
166119
166124
166129
166126
166120
166116
166116
166117
166114
166104
166099
166101
166103
166102
166099
166099
166104
166113
166114
166111
166115
166122
166126
166124
166120
166121
166126
166131
166127
166123
166122
166126
166128
166123
166118
166116
166120
166126
166125
166120
166121
166127
166135
166134
166131
166132
166136
166140
166134
166128
166124
166126
166129
166127
166121
166120
166126
166128
166126
166123
166123
166128
166133
166133
166133
166135
166137
166142
166145
166144
166144
166149
166154
166152
166146
166143
166146
166147
166144
166141
166140
166144
166149
166147
166141
166142
166146
166150
166150
166145
166145
166151
166153
166151
166150
166150
166154
166158
166156
166153
166155
166154
166152
166152
166149
166147
166149
166150
166147
166145
166143
166142
166144
166140
166136
166134
166135
166137
166137
166133
166130
166134
166138
166134
166131
166129
166130
166134
166133
166126
166125
166131
166136
166136
166135
166136
166143
166150
166145
166136
166136
166142
166145
166143
166140
166141
166147
166148
166145
166139
166138
166145
166148
166147
166146
166151
166154
166158
166158
166155
166157
166161
166161
166157
166153
166153
166153
166156
166152
166149
166150
166152
166153
166150
166150
166146
166146
166148
166146
166144
166147
166151
166155
166156
166149
166148
166151
166154
166152
166147
166146
166149
166152
166148
166141
166140
166144
166148
166148
166145
166144
166147
166149
166144
166140
166143
166148
166153
166153
166152
166155
166161
166161
166156
166152
166152
166154
166158
166156
166154
166151
166153
166156
166155
166151
166150
166154
166159
166158
166151
166149
166152
166154
166151
166148
166150
166155
166156
166152
166149
166150
166155
166157
166153
166148
166149
166153
166151
166149
166147
166149
166155
166160
166160
166158
166157
166158
166162
166159
166156
166156
166160
166164
166162
166156
166156
166159
166165
166165
166162
166161
166166
166165
166158
166154
166153
166154
166159
166159
166158
166159
166160
166161
166161
166158
166157
166161
166165
166164
166163
166163
166164
166167
166165
166160
166159
166164
166166
166163
166160
166157
166159
166163
166160
166157
166156
166160
166163
166163
166159
166155
166155
166157
166156
166152
166152
166158
166162
166161
166155
166156
166162
166163
166161
166157
166157
166160
166165
166160
166153
166154
166159
166165
166164
166164
166164
166166
166169
166161
166152
166150
166153
166157
166154
166151
166153
166159
166158
166153
166147
166147
166152
166155
166152
166149
166153
166158
166159
166156
166154
166155
166157
166160
166156
166150
166151
166151
166149
166147
166145
166145
166150
166153
166152
166150
166149
166150
166153
166150
166146
166146
166148
166152
166150
166149
166147
166149
166151
166145
166138
166137
166140
166143
166142
166137
166135
166137
166139
166137
166136
166134
166137
166142
166144
166140
166139
166143
166145
166144
166141
166140
166146
166153
166149
166144
166144
166147
166151
166149
166147
166146
166152
166155
166149
166146
166145
166148
166151
166148
166144
166148
166155
166155
166151
166146
166145
166147
166147
166144
166142
166148
166152
166152
166151
166148
166148
166153
166158
166155
166153
166150
166150
166154
166151
166148
166148
166151
166155
166152
166149
166153
166153
166153
166149
166146
166149
166155
166158
166156
166155
166152
166152
166153
166149
166144
166144
166147
166149
166149
166149
166149
166151
166153
166149
166145
166147
166151
166153
166153
166148
166148
166152
166155
166155
166151
166151
166154
166158
166157
166147
166145
166148
166148
166143
166140
166141
166145
166152
166150
166142
166143
166148
166147
166142
166138
166138
166143
166148
166142
166137
166138
166141
166143
166137
166132
166132
166139
166142
166139
166136
166137
166141
166145
166144
166141
166140
166145
166145
166144
166139
166139
166141
166143
166140
166138
166142
166142
166140
166136
166130
166130
166134
166136
166134
166131
166134
166136
166134
166130
166126
166125
166128
166128
166124
166121
166122
166125
166128
166126
166121
166119
166122
166123
166121
166120
166118
166121
166123
166118
166113
166111
166114
166119
166112
166106
166106
166109
166113
166112
166108
166107
166114
166118
166112
166107
166108
166111
166111
166108
166105
166107
166114
166114
166108
166104
166106
166110
166114
166110
166107
166107
166110
166112
166111
166107
166109
166116
166121
166119
166117
166121
166123
166122
166118
166114
166113
166117
166119
166116
166114
166114
166118
166122
166120
166119
166119
166121
166122
166121
166118
166118
166121
166124
166122
166119
166119
166124
166126
166121
166117
166114
166116
166118
166115
166111
166113
166118
166121
166122
166121
166118
166120
166120
166116
166114
166115
166120
166122
166121
166118
166117
166119
166121
166118
166115
166116
166117
166119
166119
166113
166109
166112
166116
166111
166106
166106
166108
166111
166110
166104
166102
166107
166112
166110
166110
166114
166118
166120
166114
166109
166111
166116
166120
166120
166119
166120
166124
166129
166124
166118
166118
166122
166124
166122
166122
166123
166126
166130
166126
166122
166122
166126
166128
166125
166120
166120
166124
166129
166125
166118
166119
166123
166125
166119
166113
166114
166118
166123
166118
166112
166113
166119
166122
166119
166114
166116
166120
166124
166119
166115
166118
166123
166124
166120
166118
166124
166130
166134
166131
166130
166131
166135
166138
166134
166128
166129
166135
166133
166127
166124
166121
166122
166122
166117
166112
166114
166121
166122
166118
166113
166116
166118
166118
166115
166114
166115
166117
166120
166117
166116
166118
166121
166125
166117
166112
166115
166117
166117
166115
166112
166115
166119
166121
166116
166114
166114
166118
166120
166118
166115
166118
166120
166120
166118
166115
166115
166118
166121
166121
166118
166119
166123
166125
166123
166120
166121
166120
166119
166115
166112
166113
166118
166122
166119
166112
166112
166113
166113
166110
166107
166111
166117
166117
166114
166113
166118
166124
166130
166129
166126
166131
166139
166137
166132
166127
166125
166127
166128
166124
166120
166121
166122
166123
166120
166117
166119
166122
166124
166122
166122
166121
166122
166124
166121
166119
166123
166128
166129
166125
166121
166118
166121
166125
166120
166115
166118
166122
166124
166121
166114
166114
166117
166120
166116
166114
166114
166118
166123
166120
166114
166114
166119
166121
166116
166110
166111
166117
166117
166110
166107
166109
166113
166115
166111
166106
166107
166111
166109
166106
166104
166106
166110
166111
166110
166111
166116
166119
166118
166116
166112
166113
166115
166116
166113
166111
166115
166116
166117
166117
166117
166121
166126
166130
166126
166127
166128
166132
166137
166136
166133
166138
166144
166144
166146
166144
166146
166153
166156
166153
166150
166152
166155
166156
166151
166147
166150
166156
166159
166155
166152
166154
166160
166160
166154
166150
166151
166155
166160
166159
166158
166160
166162
166164
166161
166157
166158
166163
166168
166168
166164
166167
166171
166173
166171
166170
166173
166180
166182
166178
166176
166180
166184
166186
166184
166181
166182
166184
166181
166178
166174
166174
166176
166177
166174
166173
166176
166177
166179
166176
166173
166176
166180
166182
166180
166178
166178
166181
166182
166179
166176
166177
166179
166182
166182
166177
166177
166180
166180
166174
166169
166166
166166
166169
166161
166152
166150
166151
166151
166145
166139
166139
166141
166142
166136
166131
166132
166136
166138
166138
166138
166140
166147
166151
166147
166143
166146
166150
166152
166148
166143
166144
166146
166143
166137
166131
166132
166133
166133
166127
166121
166125
166130
166127
166125
166124
166129
166136
166140
166140
166137
166142
166144
166144
166144
166141
166142
166147
166148
166145
166143
166147
166148
166148
166143
166139
166140
166142
166144
166141
166140
166143
166147
166151
166149
166147
166151
166157
166160
166154
166153
166154
166157
166159
166157
166152
166154
166156
166157
166155
166149
166153
166159
166163
166160
166159
166165
166171
166174
166167
166160
166160
166163
166163
166159
166156
166161
166168
166167
166161
166157
166158
166161
166164
166164
166162
166163
166167
166165
166161
166160
166163
166166
166167
166164
166160
166164
166163
166158
166152
166148
166151
166157
166159
166158
166157
166157
166159
166161
166159
166157
166162
166169
166172
166171
166171
166177
166178
166177
166174
166171
166175
166182
166182
166176
166175
166177
166178
166179
166176
166175
166183
166191
166193
166192
166192
166189
166191
166190
166185
166181
166182
166186
166189
166190
166186
166184
166186
166185
166180
166176
166179
166182
166184
166182
166178
166181
166187
166188
166184
166181
166183
166188
166190
166184
166178
166178
166181
166182
166181
166179
166183
166188
166190
166184
166180
166184
166189
166192
166190
166188
166194
166199
166199
166193
166186
166185
166187
166184
166177
166171
166174
166176
166178
166176
166175
166179
166185
166189
166188
166187
166188
166190
166192
166187
166184
166188
166192
166192
166190
166188
166189
166195
166194
166190
166189
166193
166198
166202
166200
166196
166197
166203
166201
166194
166191
166194
166197
166197
166190
166185
166190
166193
166189
166186
166184
166186
166190
166189
166185
166183
166189
166196
166196
166191
166187
166188
166193
166195
166192
166189
166192
166199
166197
166191
166189
166191
166194
166193
166191
166187
166191
166200
166200
166197
166195
166200
166206
166206
166202
166199
166206
166210
166207
166202
166197
166201
166206
166206
166203
166196
166199
166204
166202
166198
166197
166199
166204
166205
166200
166195
166199
166204
166202
166195
166193
166196
166198
166196
166191
166187
166191
166193
166191
166187
166185
166186
166190
166190
166186
166184
166187
166187
166188
166187
166186
166188
166190
166186
166180
166178
166181
166181
166180
166178
166175
166178
166183
166184
166185
166183
166187
166190
166189
166187
166185
166189
166195
166198
166198
166199
166205
166207
166204
166199
166195
166197
166199
166198
166191
166186
166193
166194
166190
166188
166187
166191
166196
166199
166197
166195
166197
166204
166202
166198
166198
166203
166204
166203
166203
166201
166204
166210
166212
166204
166200
166202
166205
166204
166201
166198
166201
166206
166206
166206
166204
166206
166209
166211
166209
166210
166216
166219
166219
166218
166219
166219
166221
166222
166219
166216
166219
166223
166223
166220
166219
166224
166221
166219
166215
166213
166215
166220
166220
166217
166215
166219
166221
166218
166213
166209
166211
166215
166214
166210
166206
166211
166219
166215
166212
166209
166211
166215
166216
166212
166209
166212
166218
166217
166212
166208
166212
166217
166216
166212
166210
166212
166216
166214
166211
166205
166203
166204
166201
166198
166194
166196
166199
166197
166192
166188
166193
166196
166192
166187
166185
166190
166196
166195
166190
166188
166191
166196
166198
166194
166191
166196
166202
166203
166202
166203
166209
166217
166218
166215
166216
166222
166225
166227
166227
166226
166229
166234
166234
166231
166231
166235
166241
166240
166234
166232
166235
166241
166243
166242
166240
166243
166246
166246
166242
166237
166238
166240
166240
166236
166235
166238
166241
166239
166236
166237
166240
166242
166243
166242
166239
166241
166245
166243
166240
166238
166243
166244
166240
166235
166234
166236
166239
166238
166236
166233
166238
166244
166242
166238
166236
166237
166241
166238
166234
166233
166237
166244
166243
166237
166234
166236
166238
166237
166235
166233
166237
166242
166244
166238
166231
166233
166237
166238
166233
166229
166233
166238
166238
166235
166231
166233
166237
166237
166234
166234
166238
166241
166239
166237
166233
166234
166236
166236
166232
166232
166235
166238
166238
166237
166233
166234
166238
166238
166235
166232
166234
166237
166234
166231
166232
166234
166236
166233
166229
166229
166234
166238
166238
166233
166230
166235
166241
166236
166230
166228
166232
166236
166237
166233
166228
166234
166239
166237
166233
166230
166234
166237
166236
166234
166234
166236
166236
166234
166229
166226
166228
166231
166230
166228
166228
166230
166231
166230
166229
166225
166226
166231
166233
166227
166222
166226
166229
166226
166223
166220
166222
166226
166225
166221
166214
166217
166222
166219
166215
166212
166216
166221
166220
166218
166214
166217
166223
166222
166218
166216
166219
166225
166223
166218
166215
166218
166220
166217
166213
166211
166214
166221
166220
166214
166213
166217
166222
166222
166219
166219
166224
166230
166228
166224
166224
166230
166231
166228
166224
166223
166226
166230
166229
166221
166219
166223
166227
166225
166221
166219
166222
166227
166222
166217
166217
166223
166226
166222
166217
166214
166217
166225
166220
166213
166211
166216
166221
166221
166219
166220
166228
166234
166231
166227
166226
166230
166234
166231
166226
166225
166229
166233
166226
166219
166218
166220
166221
166217
166214
166213
166218
166225
166224
166218
166215
166219
166222
166222
166220
166216
166222
166227
166223
166218
166217
166220
166221
166218
166212
166210
166213
166216
166209
166205
166203
166206
166211
166211
166208
166207
166214
166217
166214
166214
166210
166212
166216
166215
166211
166210
166216
166218
166215
166213
166212
166213
166215
166213
166209
166210
166214
166222
166219
166215
166215
166220
166226
166226
166220
166218
166222
166227
166223
166220
166219
166223
166226
166224
166221
166222
166228
166230
166228
166225
166221
166224
166227
166224
166221
166222
166226
166228
166224
166221
166221
166224
166228
166228
166225
166226
166230
166231
166228
166225
166227
166232
166234
166231
166227
166229
166233
166232
166230
166227
166226
166229
166232
166229
166225
166227
166230
166231
166229
166226
166226
166228
166231
166228
166224
166224
166227
166225
166221
166216
166217
166222
166227
166228
166226
166228
166228
166227
166222
166216
166215
166217
166219
166216
166213
166213
166215
166214
166211
166208
166209
166215
166219
166217
166212
166213
166216
166217
166212
166206
166204
166209
166213
166210
166207
166206
166208
166212
166210
166206
166205
166208
166212
166211
166212
166212
166215
166219
166219
166216
166215
166220
166222
166221
166219
166217
166220
166224
166222
166221
166223
166225
166227
166227
166221
166218
166221
166223
166222
166217
166216
166217
166220
166220
166213
166211
166213
166213
166211
166205
166204
166209
166214
166212
166204
166204
166208
166212
166209
166204
166205
166211
166216
166212
166203
166200
166204
166207
166206
166204
166206
166213
166213
166210
166207
166206
166207
166212
166209
166208
166209
166211
166216
166213
166208
166210
166214
166220
166222
166217
166216
166220
166225
166223
166220
166221
166227
166227
166225
166221
166222
166225
166229
166226
166225
166224
166223
166225
166223
166220
166219
166222
166225
166224
166215
166212
166217
166220
166215
166210
166211
166217
166223
166222
166217
166217
166224
166228
166222
166218
166217
166222
166222
166218
166215
166220
166231
166235
166232
166230
166234
166239
166238
166233
166230
166232
166235
166235
166230
166227
166224
166226
166229
166230
166230
166230
166234
166239
166240
166241
166240
166244
166249
166249
166245
166244
166247
166249
166245
166237
166234
166235
166237
166236
166234
166238
166244
166248
166242
166236
166238
166241
166244
166242
166239
166238
166240
166241
166236
166233
166234
166239
166244
166243
166238
166240
166243
166245
166243
166238
166238
166242
166245
166236
166231
166232
166234
166233
166228
166223
166225
166229
166231
166222
166216
166216
166219
166221
166217
166211
166211
166214
166212
166207
166204
166205
166204
166206
166205
166200
166200
166204
166205
166202
166199
166201
166205
166207
166200
166195
166196
166202
166207
166205
166205
166205
166205
166207
166204
166199
166203
166207
166209
166201
166194
166196
166199
166199
166195
166190
166192
166198
166198
166192
166187
166189
166196
166201
166199
166197
166199
166202
166205
166202
166199
166202
166209
166213
166207
166205
166203
166205
166208
166206
166205
166210
166217
166222
166218
166210
166211
166213
166213
166208
166205
166208
166213
166210
166204
166203
166205
166208
166211
166210
166207
166211
166216
166214
166210
166206
166207
166211
166213
166211
166211
166215
166215
166213
166209
166204
166206
166210
166212
166213
166215
166216
166219
166221
166218
166217
166220
166224
166228
166223
166215
166215
166218
166216
166212
166208
166210
166218
166221
166219
166217
166220
166223
166224
166220
166218
166218
166220
166223
166218
166217
166220
166222
166224
166220
166212
166212
166215
166216
166212
166211
166213
166219
166221
166219
166218
166221
166225
166226
166220
166219
166220
166221
166219
166216
166214
166216
166220
166223
166217
166211
166211
166213
166215
166212
166209
166212
166218
166217
166211
166206
166207
166210
166210
166204
166198
166199
166201
166201
166197
166194
166197
166201
166202
166195
166192
166195
166199
166203
166202
166196
166199
166203
166202
166196
166193
166194
166199
166203
166200
166192
166192
166194
166193
166188
166184
166185
166190
166194
166189
166182
166183
166187
166187
166182
166179
166183
166187
166185
166181
166179
166183
166187
166192
166188
166181
166184
166187
166188
166184
166182
166185
166189
166185
166179
166174
166174
166177
166179
166177
166173
166179
166186
166183
166178
166172
166172
166175
166174
166170
166168
166172
166173
166175
166170
166165
166167
166172
166174
166174
166174
166175
166181
166186
166183
166182
166183
166184
166186
166185
166180
166182
166186
166186
166183
166179
166182
166187
166187
166180
166177
