166178
166181
166181
166177
166173
166175
166178
166180
166173
166166
166168
166173
166176
166172
166169
166178
166181
166178
166175
166172
166175
166178
166177
166174
166169
166168
166172
166172
166165
166162
166166
166170
166171
166164
166160
166164
166170
166169
166167
166165
166169
166170
166168
166166
166163
166167
166172
166173
166169
166164
166164
166168
166170
166171
166168
166167
166168
166167
166161
166158
166160
166163
166163
166163
166158
166155
166157
166157
166153
166148
166147
166151
166151
166144
166140
166142
166145
166146
166141
166138
166143
166149
166144
166138
166137
166139
166141
166141
166140
166138
166140
166144
166146
166143
166142
166146
166150
166152
166151
166145
166149
166153
166152
166148
166146
166146
166154
166153
166146
166141
166143
166145
166143
166140
166139
166144
166143
166140
166135
166132
166137
166142
166143
166141
166132
166133
166138
166137
166133
166131
166131
166133
166133
166128
166125
166128
166131
166131
166130
166129
166129
166133
166134
166130
166124
166127
166132
166129
166122
166118
166122
166129
166130
166123
166118
166122
166126
166125
166124
166122
166122
166128
166125
166122
166121
166127
166135
166132
166126
166123
166125
166129
166128
166125
166125
166127
166128
166127
166123
166120
166122
166127
166127
166120
166116
166119
166125
166128
166123
166120
166126
166130
166125
166120
166119
166124
166129
166124
166121
166117
166122
166124
166122
166119
166117
166117
166119
166117
166115
166116
166119
166123
166125
166123
166122
166126
166130
166131
166131
166127
166126
166128
166128
166123
166121
166126
166127
166122
166118
166118
166120
166123
166123
166119
166118
166119
166121
166121
166117
166113
166115
166121
166120
166115
166110
166113
166118
166117
166112
166111
166116
166122
166120
166116
166114
166118
166120
166119
166117
166114
166115
166116
166115
166112
166111
166114
166120
166123
166116
166114
166120
166125
166123
166119
166119
166121
166126
166126
166119
166115
166118
166119
166116
166112
166109
166115
166117
166115
166110
166105
166106
166108
166106
166100
166100
166103
166106
166103
166098
166097
166100
166102
166102
166097
166093
166096
166098
166096
166093
166091
166095
166103
166102
166096
166094
166097
166100
166097
166094
166094
166099
166104
166102
166099
166098
166103
166106
166104
166101
166100
166103
166103
166100
166096
166092
166095
166100
166096
166093
166094
166096
166098
166098
166096
166099
166105
166111
166112
166109
166107
166113
166118
166117
166114
166114
166118
166124
166119
166111
166109
166112
166114
166112
166109
166111
166117
166120
166116
166113
166113
166117
166121
166121
166121
166116
166117
166122
166122
166119
166116
166119
166123
166122
166116
166115
166119
166123
166122
166120
166120
166125
166130
166124
166120
166120
166125
166129
166127
166122
166121
166127
166127
166123
166120
166120
166124
166127
166123
166121
166123
166127
166128
166125
166123
166123
166127
166133
166132
166128
166127
166127
166130
166128
166123
166121
166125
166128
166123
166118
166116
166117
166119
166117
166114
166116
166118
166115
166110
166106
166105
166109
166113
166113
166111
166108
166111
166116
166112
166106
166105
166109
166112
166110
166104
166103
166106
166109
166108
166105
166108
166110
166110
166107
166103
166100
166104
166110
166108
166105
166105
166108
166110
166107
166103
166104
166109
166112
166106
166097
166096
166101
166104
166102
166099
166101
166106
166111
166105
166101
166101
166106
166109
166106
166103
166105
166109
166109
166107
166104
166105
166109
166112
166105
166101
166099
166102
166107
166108
166107
166109
166116
166117
166110
166106
166105
166109
166112
166108
166104
166108
166108
166106
166104
166102
166105
166112
166117
166114
166108
166105
166108
166112
166108
166104
166104
166111
166117
166113
166106
166103
166106
166110
166107
166104
166105
166109
166109
166106
166106
166110
166117
166120
166114
166110
166111
166111
166114
166113
166109
166109
166114
166117
166113
166106
166105
166110
166114
166113
166109
166112
166116
166119
166118
166115
166119
166126
166131
166130
166128
166125
166127
166130
166129
166126
166126
166130
166136
166136
166129
166127
166129
166132
166129
166126
166127
166133
166137
166132
166126
166128
166133
166136
166134
166133
166129
166129
166134
166134
166131
166132
166137
166141
166140
166136
166133
166136
166139
166139
166136
166137
166144
166146
166140
166137
166138
166144
166148
166145
166140
166143
166144
166146
166141
166136
166137
166140
166140
166135
166133
166133
166133
166134
166130
166124
166122
166127
166125
166119
166114
166114
166115
166115
166110
166105
166107
166107
166109
166108
166105
166104
166107
166108
166106
166099
166097
166099
166101
166098
166096
166098
166104
166111
166107
166102
166105
166109
166112
166109
166105
166105
166112
166118
166115
166109
166106
166108
166111
166109
166106
166102
166101
166102
166097
166092
166088
166089
166090
166090
166083
166080
166082
166082
166080
166077
166079
166084
166086
166085
166080
166078
166079
166083
166083
166082
166084
166088
166090
166082
166077
166077
166081
166084
166079
166080
166080
166080
166083
166082
166079
166082
166086
166090
166092
166090
166090
166095
166097
166094
166092
166097
166102
166100
166097
166091
166091
166094
166097
166095
166091
166094
166099
166096
166093
166091
166093
166098
166100
166098
166097
166100
166101
166100
166097
166095
166097
166102
166103
166100
166095
166099
166104
166101
166093
166087
166089
166094
166097
166094
166091
166096
166101
166100
166093
166090
166093
166096
166098
166091
166084
166087
166093
166092
166088
166083
166084
166087
166088
166083
166078
166078
166083
166088
166084
166079
166079
166085
166091
166089
166084
166085
166090
166092
166092
166089
166089
166093
166099
166096
166091
166095
166100
166101
166096
166091
166092
166095
166098
166090
166083
166084
166086
166087
166084
166080
166081
166085
166090
166086
166080
166081
166086
166087
166082
166078
166079
166086
166088
166080
166076
166080
166086
166087
166083
166084
166092
166098
166099
166096
166092
166095
166099
166101
166095
166089
166091
166091
166089
166084
166081
166083
166089
166091
166088
166088
166093
166101
166099
166093
166091
166093
166099
166101
166100
166098
166103
166109
166106
166102
166103
166110
166119
166126
166128
166129
166135
166140
166136
166130
166125
166125
166125
166123
166118
166115
166120
166123
166123
166120
166119
166127
166136
166140
166142
166143
166146
166148
166147
166143
166142
166144
166149
166153
166151
166144
166146
166151
166157
166160
166161
166167
166174
166178
166177
166171
166171
166174
166173
166170
166164
166166
166172
166174
166168
166166
166171
166178
166182
166182
166181
166186
166191
166193
166187
166182
166180
166181
166179
166174
166170
166170
166175
166174
166169
166167
166171
166179
166184
166185
166186
166191
166198
166197
166192
166188
166190
166191
166190
166185
166179
166182
166187
166185
166179
166178
166184
166192
166196
166197
166197
166202
166206
166206
166197
166188
166188
166188
166185
166178
166172
166172
166175
166177
166174
166172
166178
166185
166188
166186
166182
166183
166182
166179
166171
166161
166158
166162
166163
166161
166158
166161
166164
166166
166164
166160
166164
166171
166175
166176
166178
166180
166186
166189
166185
166178
166178
166178
166175
166170
166165
166167
166172
166175
166169
166164
166170
166176
166177
166176
166176
166182
166187
166191
166183
166175
166175
166177
166172
166159
166148
166145
166144
166143
166136
166130
166135
166142
166142
166139
166139
166144
166152
166157
166152
166149
166153
166159
166157
166152
166149
166153
166158
166159
166151
166149
166155
166162
166163
166164
166167
166175
166186
166191
166190
166190
166195
166200
166200
166196
166191
166195
166201
166195
166188
166183
166184
166187
166187
166186
166186
166191
166202
166205
166202
166203
166211
166217
166219
166216
166212
166216
166220
166217
166209
166202
166202
166205
166205
166202
166200
166203
166209
166206
166203
166205
166211
166216
166218
166218
166218
166220
166224
166220
166215
166213
166219
166224
166219
166213
166210
166213
166218
166215
166211
166212
166217
166223
166227
166226
166226
166233
166240
166236
166231
166227
166229
166231
166230
166224
166217
166218
166222
166216
166208
166205
166206
166208
166207
166202
166200
166206
166213
166210
166207
166204
166205
166210
166209
166203
166201
166204
166205
166203
166198
166195
166200
166205
166207
166208
166206
166208
166214
166217
166213
166212
166218
166224
166221
166215
166210
166211
166215
166212
166206
166203
166207
166208
166204
166200
166200
166203
166204
166203
166200
166197
166201
166206
166205
166203
166200
166202
166205
166206
166198
166195
166198
166200
166197
166191
166190
166196
166202
166200
166192
166190
166194
166198
166196
166194
166194
166199
166203
166202
166196
166193
166196
166197
166194
166191
166192
166198
166200
166196
166192
166188
166192
166196
166197
166197
166199
166202
166204
166204
166200
166198
166202
166207
166207
166206
166206
166208
166212
166210
166207
166203
166205
166206
166203
166199
166198
166201
166200
166197
166194
166192
166194
166198
166196
166193
166193
166199
166201
166197
166194
166193
166195
166199
166197
166193
166193
166198
166199
166198
166195
166193
166196
166199
166198
166198
166200
166203
166203
166202
166198
166196
166200
166205
166208
166203
166199
166202
166205
166204
166201
166198
166202
166207
166209
166205
166203
166208
166213
166215
166211
166209
166215
166222
166217
166212
166211
166214
166216
166215
166211
166212
166215
166220
166218
166214
166212
166216
166220
166220
166218
166217
166222
166225
166221
166218
166215
166217
166218
166215
166210
166212
166218
166218
166213
166208
166204
166204
166208
166209
166203
166202
166207
166210
166207
166204
166202
166206
166210
166211
166208
166206
166211
166217
166214
166209
166208
166212
166215
166210
166208
166210
166215
166221
166221
166216
166216
166223
166227
166224
166222
166224
166231
166236
166235
166231
166231
166236
166238
166237
166234
166235
166239
166242
166244
166241
166241
166241
166244
166242
166236
166235
166238
166241
166238
166238
166236
166235
166236
166231
166224
166222
166224
166226
166224
166223
166218
166218
166221
166218
166213
166213
166217
166220
166219
166214
166211
166214
166218
166217
166213
166213
166220
166226
166224
166221
166222
166225
166229
166228
166224
166223
166230
166234
166230
166228
166229
166232
166237
166236
166234
166234
166241
166247
166241
166236
166236
166238
166240
166237
166232
166230
166234
166239
166233
166226
166225
166228
166230
166226
166224
166226
166233
166240
166235
166230
166230
166234
166236
166236
166235
166232
166234
166240
166239
166235
166237
166241
166244
166239
166235
166236
166235
166231
166226
166222
166223
166227
166228
166229
166227
166224
166229
166233
166230
166227
166225
166227
166231
166226
166225
166223
166223
166227
166225
166221
166221
166223
166228
166224
166218
166218
166223
166224
166222
166219
166219
166223
166229
166229
166222
166222
166228
166230
166226
166223
166221
166223
166226
166219
166213
166216
166220
166222
166218
166216
166219
166219
166223
166221
166220
166222
166225
166228
166224
166221
166221
166219
166221
166219
166219
166220
166223
166226
166223
166223
166222
166223
166223
166220
166216
166216
166215
166210
166197
166190
166189
166193
166195
166194
166192
166195
166203
166208
166203
166200
166201
166208
166213
166212
166208
166209
166212
166209
166204
166199
166198
166197
166197
166189
166182
166179
166181
166183
166180
166175
166175
166179
166179
166172
166163
166163
166166
166167
166165
166164
166165
166167
166168
166165
166164
166163
166168
166172
166172
166172
166175
166178
166181
166179
166174
166174
166177
166178
166176
166171
166167
166171
166172
166167
166164
166165
166171
166176
166174
166166
166165
166168
166172
166171
166168
166168
166172
166175
166172
166164
166160
166159
166157
166149
166140
166137
166140
166141
166133
166125
166125
166128
166131
166130
166132
166139
166149
166153
166154
166152
166155
166161
166166
166165
166162
166164
166169
166165
166153
166146
166145
166149
166151
166149
166147
166150
166155
166155
166151
166149
166153
166160
166166
166167
166168
166173
166176
166176
166170
166165
166165
166168
166170
166165
166161
166163
166162
166161
166159
166156
166158
166163
166168
166168
166167
166169
166171
166174
166173
166170
166169
166173
166174
166173
166172
166171
166173
166174
166171
166170
166171
166173
166179
166179
166173
166174
166179
166184
166183
166181
166183
166184
166185
166182
166178
166178
166180
166182
166175
166166
166165
166167
166169
166166
166163
166165
166170
166177
166176
166168
166170
166177
166180
166177
166176
166179
166186
166188
166182
166178
166179
166181
166183
166178
166176
166182
166184
166184
166181
166177
166181
166183
166184
166184
166184
166184
166188
166191
166189
166186
166188
166190
166193
166193
166192
166191
166193
166193
166187
166183
166186
166192
166194
166193
166191
166193
166198
166201
166199
166198
166199
166199
166196
166191
166185
166184
166190
166191
166186
166181
166181
166184
166185
166182
166179
166183
166191
166196
166196
166193
166196
166201
166204
166202
166201
166205
166214
166214
166209
166207
166210
166215
166216
166214
166212
166215
166215
166210
166203
166197
166196
166197
166196
166192
166191
166194
166196
166196
166195
166192
166198
166206
166211
166210
166209
166211
166214
166213
166208
166204
166207
166213
166215
166214
166208
166207
166209
166206
166202
166201
166205
166208
166212
166210
166204
166204
166208
166209
166206
166203
166207
166213
166218
166213
166209
166210
166214
166216
166214
166210
166213
166221
166222
166217
166215
166216
166220
166222
166216
166211
166214
166223
166224
166220
166217
166220
166225
166227
166223
166221
166228
166233
166233
166227
166224
166228
166231
166229
166224
166222
166222
166222
166221
166219
166217
166219
166224
166225
166222
166221
166220
166222
166226
166226
166223
166227
166233
166232
166230
166223
166220
166223
166225
166222
166221
166224
166229
166231
166224
166219
166223
166227
166229
166229
166228
166228
166233
166233
166227
166224
166226
166229
166230
166226
166223
166224
166227
166224
166219
166215
166218
166223
166225
166222
166218
166223
166231
166228
166224
166222
166228
166234
166235
166232
166231
166234
166239
166237
166229
166224
166225
166227
166228
166224
166220
166225
166227
166226
166226
166224
166226
166230
166231
166227
166227
166230
166233
166233
166230
166229
166233
166236
166237
166237
166236
166235
166239
166241
166236
166235
166239
166242
166245
166242
166240
166240
166244
166244
166239
166238
166240
166243
166243
166241
166240
166241
166244
166244
166243
166241
166245
166253
166256
166255
166251
166253
166256
166259
166254
166251
166254
166261
166263
166262
166256
166257
166261
166262
166257
166253
166257
166260
166261
166254
166248
166253
166257
166257
166254
166251
166254
166259
166261
166257
166252
166253
166259
166258
166252
166249
166252
166259
166262
166256
166249
166252
166257
166255
166250
166247
166251
166254
166254
166247
166243
166247
166252
166251
166248
166246
166247
166250
166249
166240
166236
166241
166247
166248
166245
166240
166242
166245
166244
166238
166234
166238
166242
166244
166241
166237
166240
166246
166247
166242
166239
166242
166246
166245
166241
166237
166238
166243
166240
166232
166230
166232
166234
166233
166230
166228
166233
166237
166235
166231
166230
166233
166239
166240
166238
166236
166243
166250
166248
166242
166238
166241
166244
166241
166238
166236
166240
166245
166238
166232
166228
166230
166233
166232
166228
166228
166234
166240
166236
166232
166229
166230
166233
166233
166231
166229
166234
166235
166231
166224
166218
166220
166223
166222
166217
166215
166217
166218
166219
166214
166210
166213
166214
166213
166210
166210
166210
166214
166216
166212
166210
166216
166222
166223
166223
166223
166224
166224
166222
166219
166215
166217
166219
166217
166213
166206
166202
166202
166199
166193
166189
166189
166191
166189
166185
166181
166182
166186
166185
166180
166176
166174
166175
166175
166173
166170
166170
166174
166173
166170
166170
166174
166176
166177
166174
166169
166171
166175
166175
166170
166168
166170
166172
166172
166169
166166
166170
166177
166179
166177
166177
166185
166188
166190
166188
166186
166190
166193
166192
166188
166186
166186
166190
166190
166185
166183
166188
166195
166197
166196
166196
166201
166207
166205
166199
166198
166201
166206
166206
166201
166198
166205
166210
166204
166197
166196
166200
166205
166205
166201
166200
166208
166214
166212
166207
166207
166212
166216
166216
166215
166215
166220
166227
166223
166215
166212
166214
166218
166217
166213
166213
166218
166225
166226
166219
166218
166223
166229
166231
166228
166228
166234
166237
166235
166230
166226
166230
166234
166234
166230
166232
166236
166238
166240
166238
166236
166242
166249
166250
166250
166251
166254
166258
166259
166255
166251
166255
166258
166258
166255
166252
166253
166258
166257
166252
166250
166255
166260
166260
166256
166252
166254
166255
166252
166246
166241
166241
166242
166239
166234
166228
166230
166232
166229
166225
166220
166222
166224
166223
166216
166211
166213
166217
166216
166212
166209
166213
166217
166217
166213
166209
166212
166216
166217
166214
166210
166216
166222
166219
166214
166213
166218
166222
166220
166212
166207
166208
166211
166206
166197
166194
166197
166200
166196
166192
166193
166196
166202
166197
166190
166189
166193
166199
166199
166196
166197
166204
166210
166206
166201
166199
166203
166205
166201
166196
166195
166200
166203
166197
166193
166194
166200
166206
166204
166202
166202
166208
166211
166209
166208
166207
166212
166215
166215
166215
166214
166214
166218
166220
166215
166213
166216
166218
166217
166214
166208
166210
166215
166214
166209
166205
166207
166211
166213
166207
166205
166209
166214
166212
166209
166210
166216
166221
166214
166207
166207
166209
166211
166209
166205
166206
166209
166210
166209
166209
166209
166213
166218
166218
166216
166217
166225
166224
166221
166216
166214
166219
166221
166217
166212
166213
166218
166215
166211
166207
166205
166210
166212
166209
166208
166209
166215
166220
166217
166212
166210
166213
166216
166215
166210
166206
166209
166212
166208
166203
166201
166204
166210
166205
166202
166205
166210
166213
166213
166208
166205
166204
166206
166199
166192
166192
166194
166197
166194
166189
166189
166196
166196
166193
166191
166191
166194
166200
166201
166199
166201
166202
166202
166200
166196
166194
166199
166203
166201
166198
166198
166198
166197
166195
166192
166190
166194
166199
166197
166196
166198
166201
166206
166206
166203
166202
166205
166209
166211
166203
166198
166200
166200
166197
166194
166193
166196
166203
166202
166198
166202
166207
166210
166209
166207
166207
166213
166216
166213
166209
166207
166210
166210
166208
166208
166207
166207
166210
166208
166203
166203
166208
166212
166212
166207
166204
166210
166215
166213
166208
166208
166215
166224
166219
166212
166213
166219
166222
166218
166214
166214
166221
166225
166221
166218
166220
166224
166225
166223
166220
166223
166225
166225
166223
166222
166225
166228
166229
166226
166223
166223
166223
166224
166219
166215
166214
166216
166218
166217
166212
166213
166216
166219
166218
166216
166219
166225
166230
166226
166221
166222
166226
166227
166223
166218
166218
166222
166224
166219
166214
166212
166217
166222
166219
166212
166213
166216
166217
166214
166207
166205
166208
166213
166213
166208
166212
166214
166217
166214
166207
166205
166209
166212
166211
166207
166205
166211
166215
166212
166210
166210
166211
166213
166212
166204
166202
166206
166208
166207
166205
166207
166209
166211
166204
166197
166197
166202
166206
166203
166200
166201
166208
166209
166202
166198
166201
166207
166213
166213
166214
166219
166222
166223
166217
166214
166217
166224
166228
166226
166225
166223
166225
166227
166224
166219
166220
166223
166224
166222
166218
166217
166219
166221
166219
166214
166214
166220
166223
166218
166212
166210
166216
166216
166212
166210
166213
166219
166224
166223
166219
166220
166225
166227
166224
166221
166222
166228
166231
166223
166216
166218
166220
166222
166221
166219
166220
166227
166230
166224
166222
166223
166229
166233
166230
166229
166230
166235
166234
166229
166222
166221
166224
166223
166218
166215
166215
166216
166216
166212
166209
166211
166216
166220
166220
166217
166217
166224
166227
166223
166218
166217
166220
166222
166218
166210
166212
166216
166216
166211
166207
166207
166212
166218
166215
166212
166216
166219
166222
166221
166220
166222
166228
166226
166219
166214
166213
166217
166218
166216
166214
166219
166223
166223
166220
166217
166220
166225
166229
166225
166221
166219
166221
166221
166216
166212
166212
166215
166218
166217
166210
166210
166213
166215
166213
166212
166216
166224
166228
166226
166219
166218
166220
166220
166217
166215
166215
166218
166222
166218
166213
166216
166222
166226
166227
166223
166223
166228
166230
166227
166224
166224
166225
166224
166215
166208
166208
166211
166214
166211
166210
166216
166224
166225
166222
166218
166220
166227
166230
166228
166227
166231
166229
166224
166220
166217
166219
166224
166226
166226
166227
166231
166232
166232
166230
166227
166230
166236
166240
166238
166237
166234
166233
166232
166225
166218
166218
166221
166222
166222
166222
166222
166226
166230
166228
166230
166235
166240
166245
166243
166236
166237
166238
166235
166230
166224
166224
166224
166224
166214
166207
166207
166209
166212
166209
166204
166206
166210
166210
166205
166199
166200
166204
166207
166202
166201
166204
166203
166200
166196
166191
166192
166198
166199
166196
166197
166201
166204
166208
166208
166204
166206
166211
166210
166203
166199
166200
166202
166203
166197
166192
166194
166200
166200
166196
166193
166196
166202
166206
166205
166203
166210
166218
166218
166215
166214
166217
166221
166223
166219
166218
166218
166217
166216
166212
166209
166212
166216
166218
166217
166221
166227
166229
166228
166225
166222
166225
166230
166233
166233
166234
166232
166230
166231
166228
166225
166226
166230
166233
166236
166235
166235
166238
166239
166236
166235
166237
166241
166244
166246
166241
166244
166248
166249
166245
166241
166241
166243
166246
166244
166239
166242
166248
166251
166250
166249
166253
166256
166258
166254
166248
166248
166251
166252
166250
166245
166247
166248
166248
166241
166234
166234
166235
166232
166227
166227
166230
166234
166235
166228
166224
166225
166227
166226
166220
166216
166218
166224
166227
166220
166216
166219
166223
166222
166219
166216
166219
166226
166227
166224
166222
166225
166226
166227
166225
166222
166225
166230
166234
166229
166225
166226
166228
166227
166223
166222
166224
166227
166229
166227
166227
166233
166235
166235
166230
166226
166230
166233
166233
166230
166229
166235
166238
166237
166231
166226
166229
166233
166234
166230
166225
166228
166230
166228
166226
166224
166227
166231
166232
166229
166225
166229
166233
166229
166226
166224
166224
166229
166230
166227
166226
166235
166240
166239
166235
166230
166231
166235
166234
166231
166228
166233
166238
166239
166231
166230
166234
166235
166234
166229
166226
166229
166233
166237
166230
166226
166228
166231
166228
166222
166218
166220
166224
166222
166218
166215
166214
166214
166210
166202
166195
166193
166195
166192
166189
166186
166188
166190
166190
166186
166180
166182
166187
166188
166186
166181
166186
166190
166188
166185
166182
166184
166189
166191
166187
166182
166186
166193
166192
166188
166188
166192
166197
166198
166196
166197
166198
166201
166204
166202
166200
166206
166211
166213
166211
166210
166212
166213
166213
166210
166207
166212
166217
166216
166212
166209
166215
166221
166220
166217
166215
166220
166224
166225
166223
166222
166227
166233
166234
166228
166227
166229
166233
166234
166233
166229
166230
166235
166239
166234
166230
166231
166235
166237
166236
166232
166233
166237
166238
166238
166235
166235
166238
166241
166239
166239
166244
166247
166246
166246
166245
166246
166249
166249
166244
166241
166244
166250
166249
166245
166246
166254
166257
166256
166254
166252
166253
166258
166257
166252
166251
166253
166259
166257
166251
166248
166251
166254
166251
166247
166245
166250
166253
166253
166247
166243
166246
166249
166247
166241
166236
166238
166239
166240
166237
166230
166230
166232
166231
166226
166223
166227
166231
166231
166230
166228
166227
166229
166228
166225
166222
166223
166225
166223
166219
166219
166221
166221
166220
166217
166216
166219
166222
166220
166217
166215
166218
166219
166218
166218
166217
166220
166227
166226
166221
166218
166220
166224
166225
166217
166215
166220
166224
166222
166217
166215
166218
166225
166224
166218
166217
166222
166227
166229
166227
166224
166226
166231
166233
166226
166223
166227
166230
166227
166222
166219
166221
166223
166223
166218
166215
166218
166223
166222
166220
166220
166224
166229
166229
166230
166228
166228
166234
166233
166227
166224
166228
166233
166233
166232
166228
166229
166234
166232
166228
166226
166230
166234
166236
166230
166226
166229
166232
166230
166226
166223
166223
166226
166225
166223
166220
166221
166225
166225
166222
166220
166225
166232
166231
166228
166222
166224
166228
166225
166223
166221
166226
166230
166229
166228
166233
166233
166235
166234
166233
166232
166237
166244
166244
166241
166239
166238
166238
166236
166229
166225
166226
166228
166223
166217
166210
166210
166215
166212
166205
166203
166208
166212
166213
166213
166208
166209
166212
166211
166208
166204
166208
166210
166211
166208
166204
166206
166209
166209
166207
166208
166212
166213
166211
166210
166205
166205
166207
166204
166200
166198
166203
166205
166200
166198
166194
166192
166196
166195
166190
166188
166193
166197
166198
166194
166191
166194
166198
166197
166195
166193
166195
166198
166194
166188
166187
166193
166195
166191
166188
166189
166195
166201
166200
166196
166195
166200
166203
166202
166196
166196
166202
166206
166205
166198
166196
166201
166206
166206
166203
166200
166205
166214
166214
166210
166211
166218
166225
166222
166217
166213
166217
166219
166210
166202
166197
166198
166199
166197
166192
166192
166198
166199
166195
166191
166191
166197
166204
166203
166195
166195
166198
166198
166195
166190
166190
166195
166197
166194
166186
166185
166187
166190
166190
166190
166193
166202
166209
166210
166210
166208
166207
166207
166204
166198
166196
166199
166202
166200
166197
166196
166193
166194
166193
166191
166193
166199
166205
166204
166204
166204
166204
166209
166209
166206
166203
166207
166210
166207
166207
166205
166210
166215
166213
166211
166212
166216
166220
166220
166216
166212
166215
166217
166213
166209
166206
166208
166209
166207
166202
166197
166198
166204
166203
166201
166201
166207
166212
166207
166201
166202
166210
166217
166215
166211
166210
166217
166221
166217
166213
166214
166219
166223
166222
166216
166216
166222
166223
166217
166212
166209
166213
166215
166212
166206
166200
166203
166204
166197
166191
166190
166194
166196
166193
166189
166191
166197
166202
166197
166192
166192
166198
166201
166201
166198
166197
166203
166206
166201
166197
166199
166203
166207
166207
166203
166204
166209
166214
166211
166206
166207
166214
166219
166215
166210
166210
166214
166216
166214
166213
166215
166220
166223
166221
166218
166219
166220
166222
166221
166219
166218
166222
166222
166218
166215
166215
166217
166220
166216
166210
166210
166214
166216
166217
166212
166211
166216
166220
166220
166217
166218
166222
166224
166223
166217
166213
166217
166217
166212
166207
166208
166210
166214
166210
166203
166204
166209
166211
166207
166203
166205
166210
166212
166204
166200
166200
166203
166208
166205
166200
166203
166207
166206
166202
166199
166199
166203
166206
166202
166199
166200
166206
166205
166200
166196
166195
166199
166204
166201
166197
166196
166201
166202
166199
166195
166193
166197
166200
166198
166195
166196
166203
166206
166204
166202
166204
166210
166214
166211
166206
166208
166211
166212
166209
166206
166208
166215
166220
166219
166215
166215
166219
166224
166224
166223
166226
166232
166236
166236
166232
166232
166237
166241
166239
166234
166233
166237
166239
166234
166225
166223
166227
166230
166227
166224
166226
166229
166233
166233
166228
166228
166233
166236
166235
166233
166234
166237
166244
166243
166238
166238
166243
166249
166249
166247
166248
166255
166259
166257
166256
166257
166260
166263
166260
166256
166261
166269
166270
166267
166263
166266
166269
166269
166266
166263
166264
166266
166265
166260
166256
166256
166259
166260
166252
166247
166250
166251
166251
166249
166246
166245
166249
166251
166245
166242
166244
166247
166248
166244
166242
166241
166246
166251
166248
166243
166244
166243
166243
166239
166234
166235
166240
166242
166236
166232
166228
166230
166232
166229
166224
166225
166228
166228
166228
166227
166221
166223
166226
166225
166222
166224
166230
166232
166232
166227
166223
166225
166225
166220
166213
166212
166216
166219
166212
166206
166206
166208
166211
166208
166205
166206
166210
166212
166205
166200
166199
166203
166208
166205
166201
166202
166206
166207
166204
166197
166196
166199
166200
166198
166195
166189
166188
166190
166184
166176
166176
166180
166183
166179
166177
166175
166176
166175
166167
166162
166162
166165
166167
166165
166163
166158
166158
166159
166155
166149
166149
166151
166153
166151
166147
166146
166148
166151
166148
166147
166150
166153
166156
166155
166156
166156
166160
166164
166163
166164
166166
166171
166176
166175
166175
166174
166179
166184
166182
166179
166182
166187
166192
166190
166185
166185
166190
166195
166194
166193
166194
166194
166196
166189
166180
166180
166183
166186
166184
166181
166183
166187
166193
166186
166179
166179
166183
166186
166185
166182
166183
166190
166192
166182
166177
166178
166180
166179
166172
166167
166167
166172
166173
166167
166164
166169
166176
166177
166175
166172
166177
166185
166184
166182
166181
166184
166191
166196
166194
166191
166195
166203
166205
166202
166201
166206
166213
166219
166220
166217
166218
166222
166220
166214
166209
166209
166210
166208
166202
166197
166198
166205
166208
166204
166204
166212
166218
166221
166220
166218
166222
166232
166231
166227
166227
166230
166235
166241
166243
166243
166247
166258
166263
166257
166255
166260
166265
166268
166267
166266
166268
166275
166276
166272
166268
166269
166272
166273
166267
166264
166267
166274
166272
166267
166265
166266
166268
166268
166263
166256
166256
166260
166258
166251
166248
166251
166257
166259
166256
166254
166259
166269
166271
166268
166268
166273
166279
166282
166279
166275
166278
166283
166282
166278
166274
166276
166280
166283
166278
166273
166275
166276
166276
166269
166263
166263
166265
166263
166256
166251
166251
166250
166245
166238
166232
166234
166237
166238
166235
166234
166240
166245
166243
166237
166233
166234
166238
166238
166233
166229
166233
166235
166231
166224
166220
166220
166223
166225
166222
166219
166223
166228
166227
166223
166221
166221
166223
166223
166219
166214
166217
166223
166223
166218
166213
166214
166218
166217
166213
166209
166210
166215
166215
166210
166206
166208
166213
166215
166213
166207
166208
166213
166213
166207
166204
166204
166205
166207
166206
166202
166203
166207
166206
166202
166198
166201
166205
166207
166205
166204
166206
166209
166208
166203
166200
166201
166203
166203
166199
166194
166197
166201
166198
166194
166190
166194
166200
166202
166199
166198
166203
166206
166206
166202
166199
166201
166206
166209
166206
166205
166210
166210
166208
166206
166203
166205
166209
166208
166203
166199
166202
166203
166202
166200
166200
166202
166204
166204
166199
166196
166201
166202
166201
166197
166193
166195
166197
166196
166193
166189
166193
166195
166195
166195
166193
166197
166202
166203
166202
166201
166206
166211
166211
166207
166205
166209
166213
166214
166212
166211
166217
166220
166217
166213
166212
166213
166215
166215
166211
166210
166215
166215
166212
166210
166208
166212
166215
166214
166212
166211
166215
166217
166214
166211
166207
166209
166214
166214
166212
166208
166210
166214
166215
166213
166212
166216
166218
166217
166215
166208
166208
166211
166211
166206
166204
166207
166211
166211
166206
166199
166200
166204
166206
166202
166198
166201
166204
166204
166202
166195
166191
166194
166193
166186
166180
166183
166187
166185
166178
166172
166174
166178
166178
166176
166174
166179
166186
166184
166176
166173
166175
166178
166178
166174
166171
166174
166180
166176
166170
166167
166169
166173
166175
166173
166172
166178
166185
166183
166177
166174
166179
166187
166189
166186
166185
166188
166195
166193
166184
166181
166183
166187
166187
166181
166177
166180
166184
166180
166174
166171
166176
166180
166182
166181
166178
166182
166191
166190
166184
166181
166186
166191
166194
166192
166191
166195
166201
166201
166194
166191
166193
166195
166193
166188
166185
166188
166192
166189
166184
166180
166185
166191
166192
166188
166186
166191
166198
166202
166197
166191
166197
166202
166203
166200
166199
166205
166211
166211
166208
166204
166207
166209
166207
166203
166201
166205
166210
166211
166209
166205
166203
166206
166204
166196
166192
166191
166193
166193
166188
166186
166188
166191
166192
166189
166187
166188
166191
166192
166188
166188
166189
166192
166192
166189
166187
166189
166191
166190
166183
166178
166182
166182
166179
166175
166172
166174
166178
166177
166173
166170
166174
166182
166181
166177
166177
166182
166189
166190
166186
166185
166189
166195
166197
166192
166188
166192
166197
166196
166192
166191
166194
166199
166201
166198
166195
166198
166202
166201
166196
166193
166195
166199
166197
166194
166190
166189
166192
166191
166186
166183
166185
166189
166187
166182
166182
166183
166186
166184
166181
166178
166182
166186
166185
166183
166182
166185
166187
166186
166182
166179
166183
166186
166184
166181
166180
166185
166190
166187
166181
166179
166184
166189
166188
166186
166185
166187
166193
166191
166187
166184
166189
166193
166193
166190
166191
166198
166207
166208
166205
166204
166207
166211
166207
166199
166195
166197
166199
166198
166190
166185
166189
166196
166196
166190
166187
166190
166196
166196
166189
166186
166190
166192
166191
166188
166185
166188
166194
166192
166186
166183
166186
166187
166186
166182
166179
166182
166188
166187
166180
166179
166182
166185
166184
166180
166176
166178
166185
166185
166177
166174
166176
166180
166180
166178
166176
166180
166187
166183
166176
166177
166183
166188
166188
166186
166186
166193
166199
166201
166197
166197
166202
166206
166205
166205
166205
166212
166219
166216
166214
166214
166220
166227
166226
166226
166227
166235
166242
166241
166238
166237
166242
166247
166248
166242
166240
166245
166249
166243
166236
166234
166238
166243
166244
166242
166239
166240
166246
166242
166236
166234
166238
166243
166241
166237
166236
166239
166246
166243
166237
166235
166239
166242
166240
166236
166234
166237
166243
166243
166235
166233
166236
166240
166240
166237
166235
166238
166242
166237
166231
166229
166234
166238
166235
166231
166230
166234
166233
166226
166223
166223
166228
166233
166230
166225
166226
166231
166235
166234
166231
166230
166235
166239
166239
166238
166238
166241
166247
166242
166236
166233
166235
166238
166237
166234
166234
166239
166243
166237
166234
166234
166238
166242
166241
166239
166240
166246
166254
166249
166244
166245
166249
166251
166248
166244
166244
166249
166256
166250
166242
166242
166246
166250
166247
166243
166240
166241
166250
166246
166239
166237
166242
166245
166244
166241
166243
166247
166249
166247
166242
166241
166245
166250
166249
166244
166242
166246
166248
166244
166240
166238
166241
166244
166242
166237
166237
166243
166246
166241
166238
166240
166242
166244
166243
166236
166235
166240
166243
166240
166238
166236
166241
166244
166242
166240
166237
166238
166239
166233
166227
166225
166226
166224
166219
166212
166206
166208
166211
166209
166205
166207
166213
166219
166220
166214
166211
166215
166218
166217
166215
166213
166215
166219
166216
166208
166206
166209
166212
166211
166209
166211
166216
166222
166219
166212
166212
166214
166215
166213
166210
166209
166215
166221
166216
166211
166212
166217
166220
166219
166218
166219
166225
166231
166224
166218
166215
166217
166217
166214
166210
166209
166211
166208
166203
166198
166196
166199
166202
166203
166202
166206
166211
166215
166213
166209
166211
166216
166220
166219
166219
166218
166222
166225
166221
166216
166218
166224
166229
166232
166227
166227
166231
166236
166235
166230
166227
166232
166236
166239
166236
166233
166237
166241
166238
166234
166235
166241
166248
166246
166240
166238
166242
166246
166241
166235
166235
166240
166246
166241
166237
166238
166243
166247
166247
166243
166243
166249
166251
166247
166242
166242
166245
166249
166248
166249
166249
166248
166249
166246
166242
166242
166245
166248
166246
166246
166249
166252
166254
166249
166244
166246
166250
166252
166249
166248
166246
166247
166248
166249
166244
166243
166247
166250
166250
166249
166245
166248
166252
166251
166249
166249
166252
166258
166259
166255
166254
166258
166259
166254
166250
166246
166249
166251
166244
166238
166237
166240
166243
166242
166239
166239
166248
166257
166256
166252
166250
166254
166257
166254
166250
166250
166254
166256
166250
166247
166249
166254
166255
166251
166247
166250
166253
166255
166253
166250
166250
166255
166256
166251
166249
166245
166245
166248
166245
166242
166243
166248
166250
166251
166246
166246
166250
166252
166249
166245
166249
166250
166251
166248
166243
166242
166246
166245
166239
166234
166234
166236
166234
166225
166220
166220
166222
166225
166222
166219
166222
166224
166224
166219
166215
166216
166219
166222
166222
166219
166219
166226
166228
166225
166222
166223
166227
166231
166232
166225
166222
166224
166227
166224
166222
166224
166230
166237
166233
166230
166232
166237
166243
166243
166241
166243
166251
166254
166248
166240
166238
166242
166246
166243
166239
166243
166248
166249
166246
166244
166247
166252
166257
166253
166245
166243
166244
166243
166240
166233
166233
166236
166237
166228
166219
166213
166213
166212
166205
166198
166197
166197
166196
166191
166185
166183
166186
166187
166182
166177
166175
166177
166176
166169
166165
166166
166171
166171
166168
166165
166165
166169
166172
166169
166163
166167
166171
166173
166169
166166
166169
166174
166178
166176
166171
166168
166171
166173
166172
166170
166172
166178
166183
166179
166171
166170
166176
166180
166178
166175
166177
166182
166189
166184
166179
166182
166186
166189
166189
166187
166190
166196
166197
166193
166189
166189
166194
166198
166198
166196
166195
166201
166204
166200
166196
166200
166202
166205
166203
166195
166195
166198
166199
166195
166190
166191
166195
166196
166191
166188
166189
166193
166198
166198
166196
166195
166200
166203
166202
166200
166201
166204
166209
166210
166206
166208
166214
166216
166214
166212
166214
166222
166226
166222
166219
166220
166222
166224
166219
166218
166222
166226
166225
166221
166213
166211
166212
166213
166207
166205
166205
166205
166206
166201
166197
166201
166206
166206
166203
166201
166207
166210
166211
166206
166203
166205
166207
166208
166206
166202
166202
166203
166204
166204
166201
166204
166212
166214
166212
166210
166212
166217
166220
166219
166218
166218
166219
166220
166213
166208
166209
166213
166215
166214
166209
166208
166210
166208
166203
166197
166197
166199
166200
166196
166192
166194
166199
166200
166198
166196
166199
166203
166205
166204
166203
166202
166204
166208
166206
166204
166207
166210
166213
166212
166208
166205
166209
166213
166211
166208
166211
166218
166224
166222
166219
166220
166225
166226
166224
166219
166219
166224
166226
166221
166219
166222
166225
166227
166224
166219
166222
166227
166227
166223
166221
166222
166227
166230
166229
166226
166230
166238
166240
166235
166229
166233
166240
166242
166241
166240
166243
166245
166247
166243
166238
166242
166246
166248
166246
166243
166248
166250
166251
166248
166247
166249
166253
166254
166251
166250
166250
166249
166249
166247
166245
166248
166251
166250
166246
166244
166249
166250
166251
166248
166245
166247
166248
166247
166243
166239
166237
166239
166241
166238
166236
166239
166246
166249
166244
166241
166241
166245
166250
166250
166250
166253
166260
166262
166257
166251
166248
166250
166251
166247
166243
166244
166248
166250
166247
166237
166235
166240
166242
166237
166235
166237
166241
166242
166236
166228
166230
166233
166234
166231
166226
166229
166237
166242
166235
166231
166235
166241
166243
166240
166236
166240
166246
166248
166242
166238
166240
166244
166247
166245
166243
166247
166256
166258
166250
166245
166247
166249
166246
166241
166236
166238
166245
166245
166238
166234
166237
166241
166241
166238
166236
166238
166246
166248
166245
166243
166246
166248
166249
166246
166245
166246
166247
166248
166246
166243
166243
166245
166245
166240
166235
166238
166239
166235
166232
166228
166228
166229
166228
166222
166219
166224
166223
166221
166217
166212
166213
166214
166210
166206
166202
166201
166206
166208
166206
166204
166209
166215
166219
166220
166214
166215
166220
166219
166215
166212
166215
166220
166222
166221
166218
166221
166222
166222
166219
166215
166217
166220
166222
166221
166216
166221
166226
166224
166220
166217
166220
166225
166227
166220
166214
166217
166224
166225
166222
166222
166225
166232
166231
166225
166222
166226
166231
166232
166230
166226
166229
166234
166230
166224
166222
166225
166228
166229
166225
166222
166228
166234
166232
166226
166225
166230
166237
166238
166236
166234
166238
166244
166239
166231
166227
166229
166232
166233
166228
166225
166228
166232
166233
166228
166223
166222
166225
166226
166223
166223
166228
166233
166232
166229
166226
166227
166231
166230
166225
166224
166230
166233
166231
166228
166227
166231
166234
166234
166229
166228
166233
166234
166233
166231
166227
166228
166228
166225
166220
166217
166221
166221
166219
166214
166211
166214
166218
166218
166214
166210
166214
166214
166214
166213
166211
166213
166219
166222
166217
166208
166207
166209
166210
166205
166201
166202
166206
166208
166203
166197
166199
166203
166205
166204
166204
166210
166217
166220
166215
166214
166218
166220
166220
166215
166209
166212
166218
166220
166212
166205
166206
166210
166210
166206
166202
166206
166213
166211
166206
166204
166207
166212
166211
166209
166208
166213
166217
166215
166210
166207
166209
166214
166214
166210
166207
166211
166210
166204
166198
166194
166196
166200
166200
166197
166197
166202
166202
166200
166197
166197
166204
166210
166211
166211
166211
166211
166212
166211
166204
166198
166199
166201
166199
166197
166193
166189
166190
166187
166181
166177
166178
166181
166182
166175
166169
166172
166174
166175
166174
166172
166171
166174
166173
166170
166168
166171
166173
166171
166170
166170
166170
166172
166173
166169
166168
166174
166181
166183
166183
166176
166176
166179
166178
166173
166172
166175
166180
166182
166178
166173
166176
166181
166185
166186
166188
166194
166203
166204
166198
166194
166198
166204
166205
166204
166203
166204
166208
166204
166195
166191
166195
166199
166199
166196
166195
166198
166201
166198
166192
166191
166196
166202
166203
166201
166201
166205
166209
166210
166206
166205
166209
166216
166218
166218
166215
166216
166220
166217
166211
166208
166214
166220
166219
166218
166217
166221
166227
166226
166224
166225
166228
166232
166234
166230
166226
166230
166235
166235
166232
166226
166228
166236
166239
166237
166237
166245
166255
166253
166248
166245
166245
166247
166243
166233
166226
166231
166232
166225
166217
166214
166214
166216
166217
166218
166222
166231
166235
166236
166236
166234
166236
166239
166237
166232
166231
166232
166232
166229
166224
166222
166225
166227
166225
166219
166216
166219
166224
166222
166216
166211
166211
166211
166205
166200
166191
166187
166185
166179
166169
166162
166164
166167
166167
166167
166164
166168
166174
166173
166169
166166
166168
166171
166173
166167
166163
166165
166167
166165
166159
166155
166160
166163
166161
166158
166158
166163
166168
166167
166163
166163
166164
166166
166165
166159
166152
166154
166157
166152
166144
166140
166142
166148
166149
166146
166145
166151
166158
166160
166157
166153
166156
166162
166161
166155
166151
166154
166153
166147
166140
166136
166140
166147
166148
166147
166151
166160
166164
166165
166168
166168
166171
166175
166174
166171
166171
166176
166175
166171
166169
166168
166171
166173
166172
166171
166169
166169
166172
166170
166169
166170
166172
166173
166173
166170
166165
166163
166163
166158
166152
166150
166153
166155
166154
166151
166147
166150
166157
166157
166154
166154
166161
166165
166164
166158
166154
166157
166159
166157
166153
166150
166152
166159
166155
166150
166149
166153
166159
166162
166163
166164
166171
166180
166175
166168
166166
166171
166175
166173
166169
166167
166173
166176
166171
166166
166163
166166
166170
166171
166168
166170
166176
166176
166176
166173
166171
166174
166178
166174
166172
166171
166169
166170
166171
166171
166173
166180
166189
166192
166193
166194
166195
166199
166199
166198
166199
166201
166203
166202
166199
166195
166192
166195
166193
166190
166186
166188
166193
166196
166192
166188
166194
166198
166194
166190
166189
166191
166191
166184
166179
166176
166179
166183
166179
166176
166177
166180
166179
166176
166174
166174
166181
166187
166186
166185
166187
166186
166188
166186
166182
166179
166186
166191
166191
166188
166185
166188
166193
166193
166190
166194
166201
166208
166207
166205
166205
166210
166213
166208
166202
166201
166207
166210
166206
166203
166204
166210
166214
166212
166206
166206
166210
166210
166206
166204
166205
166210
166219
166221
166220
166220
166224
166228
166225
166221
166217
166219
166224
166224
166216
166213
166215
166220
166220
166216
166216
166222
166228
166230
166226
166222
166222
166224
166222
166216
166214
166218
166222
166222
166218
166217
166219
166221
166218
166213
166211
166214
166216
166215
166208
166204
166206
166206
166202
166197
166193
166195
166200
166199
166191
166188
166190
166193
166192
166190
166189
166193
166199
166196
166193
166195
166199
166205
166206
166202
166200
166206
166212
166204
166200
166201
166206
166214
166216
166211
166210
166213
166221
166218
166215
166217
166222
166227
166228
166227
166228
166231
166232
166230
166228
166228
166231
166234
166233
166231
166234
166235
166236
166233
166230
166231
166235
166237
166233
166232
166231
166232
166235
166230
166226
166225
166229
166232
166230
166232
166232
166233
166238
166235
166229
166228
166233
166237
166235
166235
166233
166235
166240
166239
166235
166236
166239
166241
166238
166238
166235
166237
166241
166240
166234
166231
166237
166241
166238
166235
166231
166232
166235
166233
166230
166229
166233
166238
166238
166234
166228
166230
166234
166230
166223
166221
166221
166222
166220
166216
166212
166213
166215
166210
166203
166202
166206
166213
166211
166207
166206
166209
166213
166210
166204
166202
166209
166213
166207
166202
166201
166203
166203
166199
166192
166188
166193
166198
166191
166187
166188
166192
166199
166201
166200
166201
166209
166214
166212
166209
166210
166215
166222
166221
166219
166220
166223
166222
166219
166215
166215
166218
166220
166216
166213
166216
166216
166214
166212
166210
166210
166216
166221
166219
166218
166218
166218
166218
166213
166209
166210
166215
166218
166219
166216
166213
166217
166218
166217
166215
166217
166222
166227
166228
166222
166220
166225
166229
166227
166223
166225
166231
166233
166226
166222
166221
166227
166233
166228
166223
166224
166226
166223
166218
166213
166211
166216
166221
166222
166216
166212
166215
166217
166214
166209
166210
166215
166220
166221
166214
166211
166215
166218
166214
166208
166207
166213
166217
166216
166206
166201
166203
166206
166203
166199
166200
166204
166212
166207
166195
166193
166197
166199
166195
166191
166192
166201
166207
166201
166197
166196
166197
166199
166197
166194
166195
166200
166199
166193
166189
166190
166192
166196
166195
166192
166195
166199
166198
166195
166189
166189
166197
166203
166201
166200
166202
166205
166209
166207
166204
166205
166209
166212
166210
166207
166205
166205
166209
166209
166208
166211
166217
166223
166222
166219
166219
166221
166225
166224
166222
166222
166224
166229
166226
166222
166221
166228
166234
166235
166232
166233
166238
166244
166247
166242
166240
166245
166250
166248
166243
166244
166249
166253
166251
166244
166242
166247
166251
166251
166248
166247
166249
166253
166252
166250
166251
166256
166261
166262
166259
166258
166260
166261
166258
166256
166254
166251
166254
166252
166249
166251
166255
166256
166252
166249
166248
166252
166255
166250
166246
166246
166248
166253
166251
166249
166248
166253
166255
166252
166248
166248
166247
166249
166245
166241
166241
166245
166247
166246
166242
166239
166240
166244
166240
166239
166243
166246
166251
166250
166244
166243
166249
166254
166248
166242
166246
166249
166248
166242
166237
166238
166243
166247
166243
166238
166239
166244
166245
166239
166234
166234
166237
166241
166238
166235
166232
166233
166234
166230
166223
166223
166228
166230
166225
166222
166225
166226
166229
166226
166222
166224
166229
166230
166226
166223
166220
166220
166221
166217
166213
166214
166218
166218
166214
166212
166210
166210
166212
166209
166206
166207
166211
166214
166211
166208
166205
166207
166211
166209
166206
166210
166217
166221
166222
166218
166221
166228
166232
166232
166231
166236
166240
166246
166243
166238
166238
166242
166248
166250
166247
166248
166257
166263
166261
166258
166263
166272
166281
166283
166284
166289
166294
166295
166292
166290
166295
166300
166299
166296
166294
166294
166298
166304
166305
166306
166311
166319
166323
166323
166321
166324
166330
166335
166336
166337
166338
166341
166342
166339
166339
166338
166340
166342
166339
166336
166336
166337
166337
166332
166329
166326
166324
166321
166311
166301
166296
166298
166300
166299
166295
166295
166301
166307
166305
166300
166302
166307
166309
166306
166299
166296
166297
166298
166293
166287
166285
166288
166293
166290
166285
166285
166288
166289
166285
166279
166277
166280
166285
166278
166269
166268
166270
166272
166269
166267
166266
166271
166272
166268
166266
166269
166275
166279
166277
166276
166275
166278
166280
166279
166274
166276
166281
166287
166283
166277
166281
166286
166290
166289
166291
166292
166293
166295
166291
166286
166287
166288
166290
166287
166285
166285
166289
166291
166286
166281
166282
166286
166291
166287
166284
166288
166293
166296
166294
166288
166291
166294
166292
166290
166286
166286
166288
166288
166284
166282
166280
166279
166284
166282
166281
166284
166290
166293
166292
166288
166287
166289
166291
166287
166282
166281
166285
166285
166281
166273
166271
166275
166277
166275
166273
166275
166281
166283
166283
166281
166284
166291
166295
166292
166291
166291
166287
166284
166277
166272
166270
166273
166271
166263
166257
166257
166261
166264
166261
166264
166269
166275
166282
166276
166269
166269
166271
166271
166269
166265
166264
166269
166271
166265
166259
166258
166260
166261
166260
166259
166264
166264
166265
166262
166260
166263
166267
166268
166265
166260
166257
166259
166257
166251
166246
166246
166247
166249
166252
166249
166250
166256
166263
166263
166259
166263
166270
166270
166268
166263
166261
166263
166262
166258
166254
166258
166259
166256
166249
166245
166247
166251
166251
166250
166252
166258
166260
166264
166264
166265
166267
166272
166277
166272
166266
166264
166265
166266
166262
166259
166262
166263
166263
166260
166257
166261
166268
166273
166277
166278
166277
166281
166284
166281
166278
166281
166286
166287
166281
166278
166281
166283
166283
166278
166276
166281
166284
166283
166277
166275
166280
166286
166289
166286
166284
166285
166287
166288
166284
166281
166284
166290
166292
166291
166292
166296
166303
166307
166304
166302
166304
166308
166308
166303
166298
166295
166293
166291
166283
166276
166276
166278
166279
166278
166277
166280
166282
166284
166285
166284
166288
166296
166300
166299
166298
166298
166303
166305
166299
166292
166292
166296
166294
166286
166281
166282
166285
166284
166281
166279
166281
166285
166289
166285
166277
166276
166278
166280
166276
166273
166277
166280
166279
166276
166271
166273
166274
166274
166271
166269
166273
166279
166286
166286
166282
166285
166291
166294
166290
166284
166285
166289
166290
166287
166281
166277
166277
166275
166270
166268
166271
166273
166275
166277
166275
166277
166281
166284
166281
166277
166280
166284
166283
166280
166277
166277
166279
166280
166272
166265
166264
166267
166267
166259
166255
166256
166260
166261
166258
166257
166261
