167443
167447
167451
167449
167447
167447
167448
167454
167456
167456
167453
167454
167457
167456
167453
167452
167455
167459
167458
167456
167452
167452
167453
167450
167443
167437
167437
167439
167437
167433
167432
167434
167434
167430
167425
167422
167425
167429
167430
167428
167429
167436
167440
167440
167435
167434
167438
167444
167446
167443
167443
167451
167453
167451
167447
167444
167445
167445
167442
167436
167435
167440
167440
167437
167434
167434
167440
167446
167446
167442
167441
167446
167451
167446
167440
167438
167441
167445
167446
167443
167438
167441
167446
167446
167440
167438
167442
167447
167448
167445
167443
167447
167449
167448
167444
167441
167444
167449
167450
167449
167448
167453
167459
167459
167456
167450
167452
167455
167452
167449
167446
167448
167450
167447
167442
167440
167439
167438
167434
167429
167428
167432
167437
167435
167433
167433
167438
167442
167435
167433
167432
167437
167444
167444
167440
167438
167441
167448
167447
167439
167434
167435
167437
167434
167431
167430
167434
167438
167437
167434
167434
167434
167437
167436
167433
167431
167435
167440
167439
167434
167432
167437
167440
167437
167434
167432
167437
167442
167444
167441
167438
167441
167446
167448
167443
167440
167445
167448
167445
167441
167438
167440
167443
167441
167440
167438
167436
167437
167436
167432
167430
167433
167437
167437
167435
167436
167442
167442
167438
167433
167431
167434
167438
167437
167432
167429
167432
167437
167439
167435
167431
167433
167437
167436
167431
167427
167430
167433
167431
167428
167425
167426
167431
167430
167427
167426
167430
167434
167433
167431
167428
167427
167433
167432
167429
167427
167430
167433
167432
167430
167430
167431
167433
167432
167429
167425
167427
167432
167433
167428
167428
167429
167429
167427
167423
167420
167423
167427
167425
167419
167417
167422
167425
167425
167422
167420
167424
167427
167428
167424
167423
167428
167431
167430
167427
167426
167431
167435
167435
167432
167431
167437
167438
167434
167428
167425
167428
167431
167429
167426
167426
167432
167435
167433
167427
167425
167430
167435
167439
167437
167437
167442
167444
167441
167438
167435
167437
167441
167441
167439
167438
167443
167444
167441
167437
167435
167440
167443
167442
167439
167439
167443
167443
167442
167438
167437
167441
167445
167445
167444
167443
167447
167447
167445
167440
167437
167441
167446
167446
167443
167442
167447
167449
167446
167441
167438
167441
167445
167444
167442
167441
167444
167444
167441
167438
167436
167440
167444
167445
167444
167445
167448
167448
167446
167441
167438
167440
167442
167442
167439
167434
167434
167437
167437
167432
167430
167434
167438
167442
167438
167434
167439
167445
167446
167443
167437
167439
167443
167448
167442
167439
167442
167446
167447
167443
167437
167439
167443
167443
167437
167432
167435
167439
167440
167436
167433
167436
167444
167444
167440
167439
167443
167448
167450
167447
167448
167453
167456
167453
167449
167446
167448
167453
167452
167450
167450
167456
167456
167455
167452
167449
167452
167454
167455
167454
167448
167449
167453
167450
167443
167437
167438
167441
167442
167435
167431
167432
167434
167432
167428
167424
167426
167431
167430
167424
167420
167421
167423
167423
167419
167412
167415
167415
167410
167403
167398
167396
167397
167395
167390
167389
167391
167392
167393
167389
167388
167392
167397
167401
167397
167391
167394
167399
167399
167397
167398
167403
167404
167401
167397
167392
167392
167395
167394
167389
167386
167384
167385
167384
167377
167371
167374
167377
167376
167372
167366
167366
167368
167367
167361
167358
167361
167364
167364
167359
167356
167361
167369
167368
167365
167364
167370
167378
167379
167375
167372
167375
167380
167382
167380
167379
167384
167386
167389
167389
167390
167395
167403
167407
167405
167404
167408
167414
167419
167415
167409
167413
167419
167420
167418
167418
167419
167423
167423
167420
167419
167425
167432
167433
167432
167432
167434
167439
167443
167444
167442
167445
167448
167449
167446
167443
167445
167449
167452
167452
167447
167447
167452
167454
167454
167453
167457
167465
167467
167461
167456
167459
167464
167465
167461
167456
167455
167455
167454
167448
167444
167445
167449
167452
167451
167448
167452
167457
167457
167453
167448
167448
167449
167447
167442
167438
167438
167438
167437
167433
167425
167424
167425
167425
167422
167420
167425
167433
167436
167430
167423
167423
167425
167423
167414
167408
167407
167409
167407
167401
167398
167398
167403
167406
167404
167402
167407
167419
167424
167424
167422
167427
167434
167437
167436
167435
167435
167437
167439
167436
167432
167435
167439
167440
167439
167434
167434
167440
167443
167441
167440
167445
167451
167453
167445
167438
167439
167440
167435
167429
167423
167423
167427
167424
167418
167412
167414
167419
167418
167414
167413
167414
167416
167417
167412
167408
167411
167416
167414
167412
167408
167407
167410
167409
167406
167406
167410
167411
167417
167417
167415
167420
167427
167432
167428
167421
167421
167423
167423
167418
167414
167414
167417
167418
167412
167406
167409
167415
167421
167424
167425
167430
167437
167441
167439
167438
167444
167448
167448
167445
167442
167445
167449
167451
167448
167446
167452
167455
167455
167452
167449
167452
167456
167460
167457
167448
167447
167450
167452
167444
167435
167433
167434
167435
167429
167422
167423
167427
167428
167427
167426
167428
167435
167440
167441
167440
167443
167448
167453
167452
167446
167446
167448
167449
167443
167440
167440
167443
167448
167444
167441
167444
167450
167453
167452
167449
167453
167458
167458
167452
167448
167449
167453
167454
167451
167449
167449
167450
167447
167441
167437
167439
167444
167444
167441
167438
167442
167449
167454
167451
167452
167451
167454
167455
167449
167443
167446
167450
167446
167440
167435
167436
167439
167442
167438
167437
167440
167443
167444
167440
167436
167440
167445
167445
167440
167435
167434
167436
167434
167428
167423
167424
167425
167424
167419
167416
167415
167417
167420
167419
167414
167415
167420
167424
167424
167423
167424
167431
167436
167430
167423
167423
167425
167426
167423
167420
167416
167415
167416
167414
167411
167412
167416
167419
167418
167416
167419
167424
167426
167425
167422
167426
167435
167437
167434
167432
167433
167434
167433
167427
167423
167421
167421
167421
167418
167413
167413
167413
167416
167413
167408
167409
167415
167419
167419
167419
167419
167423
167424
167420
167414
167416
167422
167421
167414
167407
167406
167408
167410
167407
167402
167397
167397
167394
167387
167380
167382
167384
167385
167383
167381
167384
167392
167397
167392
167385
167386
167388
167388
167384
167379
167378
167377
167378
167376
167371
167374
167381
167383
167381
167379
167384
167392
167397
167399
167401
167408
167413
167416
167414
167413
167417
167424
167425
167423
167423
167425
167429
167433
167430
167426
167428
167432
167434
167428
167422
167422
167426
167431
167431
167425
167426
167429
167433
167430
167425
167426
167429
167432
167430
167425
167427
167433
167438
167433
167431
167434
167438
167440
167436
167433
167433
167438
167441
167434
167429
167430
167435
167440
167438
167435
167436
167440
167439
167437
167434
167434
167439
167443
167445
167440
167439
167444
167450
167450
167448
167453
167460
167462
167458
167455
167456
167462
167465
167464
167463
167466
167467
167469
167467
167465
167467
167470
167473
167475
167473
167472
167478
167482
167480
167477
167479
167478
167478
167473
167468
167467
167470
167472
167466
167461
167457
167458
167458
167452
167445
167443
167447
167451
167449
167440
167437
167439
167438
167432
167428
167429
167432
167433
167430
167428
167428
167432
167437
167432
167426
167426
167429
167430
167426
167423
167427
167433
167433
167430
167425
167425
167429
167433
167427
167422
167418
167417
167417
167414
167409
167408
167411
167413
167412
167407
167402
167406
167409
167406
167402
167401
167404
167407
167402
167398
167397
167400
167401
167395
167388
167386
167391
167392
167387
167382
167380
167384
167387
167385
167382
167384
167387
167391
167386
167380
167380
167385
167390
167392
167391
167390
167395
167400
167399
167398
167400
167406
167412
167415
167414
167413
167420
167426
167423
167421
167421
167423
167429
167427
167423
167423
167427
167430
167427
167424
167426
167432
167432
167425
167421
167422
167424
167427
167425
167425
167423
167425
167427
167423
167418
167416
167419
167425
167421
167413
167410
167414
167416
167412
167407
167404
167407
167410
167406
167400
167398
167403
167410
167407
167403
167405
167411
167416
167413
167409
167411
167418
167419
167415
167412
167412
167415
167417
167415
167412
167413
167414
167416
167414
167410
167408
167412
167418
167415
167409
167407
167410
167413
167410
167407
167406
167408
167414
167415
167409
167409
167412
167415
167412
167408
167411
167415
167420
167418
167413
167411
167415
167418
167414
167411
167413
167416
167418
167415
167412
167410
167414
167418
167419
167416
167416
167418
167420
167416
167411
167410
167415
167420
167420
167421
167418
167419
167420
167417
167413
167413
167416
167418
167416
167412
167406
167407
167409
167408
167404
167402
167406
167410
167409
167407
167405
167409
167412
167409
167404
167403
167405
167406
167403
167398
167394
167397
167396
167390
167385
167382
167383
167387
167385
167379
167376
167378
167379
167375
167370
167368
167373
167377
167373
167369
167369
167374
167376
167374
167371
167374
167378
167382
167380
167377
167377
167384
167390
167389
167389
167386
167388
167391
167390
167386
167385
167390
167391
167384
167378
167377
167380
167383
167381
167378
167377
167378
167378
167374
167370
167368
167370
167373
167372
167369
167367
167372
167377
167376
167373
167372
167375
167378
167375
167371
167369
167373
167376
167374
167370
167370
167375
167380
167380
167379
167379
167385
167390
167389
167388
167391
167395
167397
167395
167391
167390
167394
167400
167397
167390
167388
167391
167393
167391
167387
167385
167387
167390
167386
167382
167380
167380
167381
167379
167376
167375
167378
167382
167380
167378
167378
167380
167383
167381
167377
167377
167381
167386
167388
167389
167386
167389
167393
167393
167391
167391
167394
167399
167400
167393
167388
167391
167397
167397
167394
167392
167398
167401
167397
167390
167388
167392
167394
167392
167388
167385
167388
167393
167390
167386
167385
167389
167393
167392
167389
167388
167393
167401
167404
167400
167397
167399
167401
167400
167396
167393
167396
167401
167398
167395
167392
167394
167397
167395
167390
167388
167393
167395
167391
167384
167382
167385
167387
167385
167381
167378
167383
167387
167382
167378
167377
167382
167386
167387
167385
167383
167387
167393
167390
167386
167385
167389
167393
167393
167391
167391
167396
167398
167397
167392
167390
167395
167399
167399
167396
167394
167395
167397
167395
167392
167392
167396
167401
167402
167402
167402
167405
167409
167411
167409
167410
167414
167417
167420
167418
167414
167416
167420
167419
167416
167415
167416
167417
167417
167410
167407
167409
167412
167412
167410
167409
167413
167419
167419
167415
167409
167409
167413
167413
167408
167407
167411
167416
167410
167403
167400
167403
167406
167405
167402
167402
167409
167410
167406
167403
167400
167404
167409
167408
167404
167404
167404
167403
167399
167394
167388
167393
167396
167392
167388
167386
167391
167396
167396
167393
167391
167398
167404
167399
167395
167395
167397
167400
167398
167390
167385
167390
167394
167390
167383
167380
167385
167389
167390
167388
167390
167396
167398
167396
167393
167389
167390
167391
167387
167382
167382
167381
167381
167379
167375
167372
167374
167376
167377
167377
167378
167380
167384
167384
167380
167378
167385
167391
167390
167389
167386
167388
167392
167391
167388
167385
167387
167392
167392
167387
167387
167388
167392
167390
167385
167383
167385
167388
167390
167389
167390
167391
167393
167390
167386
167385
167390
167395
167392
167389
167389
167393
167398
167399
167396
167396
167403
167408
167405
167401
167399
167402
167406
167402
167396
167393
167397
167403
167402
167398
167397
167401
167405
167407
167407
167406
167410
167415
167416
167409
167405
167408
167412
167412
167409
167405
167406
167408
167408
167405
167399
167400
167402
167400
167396
167393
167395
167401
167400
167393
167390
167395
167398
167399
167394
167391
167393
167397
167397
167391
167389
167393
167399
167399
167397
167396
167399
167407
167406
167400
167398
167401
167406
167405
167401
167398
167399
167404
167405
167399
167395
167400
167405
167405
167402
167399
167401
167406
167408
167402
167394
167396
167401
167400
167396
167393
167396
167401
167404
167400
167393
167396
167401
167400
167396
167393
167397
167402
167405
167401
167398
167403
167405
167403
167399
167398
167403
167409
167409
167406
167403
167404
167408
167409
167404
167403
167410
167418
167416
167412
167413
167419
167423
167423
167420
167415
167417
167421
167418
167411
167408
167411
167415
167417
167416
167416
167418
167422
167420
167414
167413
167416
167420
167421
167418
167415
167418
167420
167415
167410
167408
167410
167415
167416
167414
167412
167418
167426
167422
167418
167416
167421
167427
167428
167426
167425
167430
167436
167433
167426
167421
167424
167429
167429
167426
167424
167427
167433
167431
167422
167416
167418
167422
167420
167415
167411
167413
167419
167418
167414
167410
167413
167417
167417
167413
167411
167415
167422
167419
167412
167409
167411
167411
167410
167404
167400
167402
167407
167405
167398
167394
167397
167402
167404
167401
167399
167402
167410
167411
167404
167402
167406
167409
167410
167407
167404
167407
167413
167417
167416
167414
167417
167421
167422
167419
167417
167418
167421
167420
167418
167412
167414
167418
167417
167412
167408
167409
167412
167410
167405
167403
167408
167410
167411
167406
167401
167404
167407
167406
167404
167400
167404
167406
167403
167400
167398
167401
167407
167408
167404
167398
167399
167403
167399
167393
167388
167390
167394
167396
167393
167390
167391
167395
167395
167386
167381
167385
167390
167391
167387
167383
167386
167391
167391
167382
167377
167380
167386
167388
167385
167382
167387
167393
167396
167393
167391
167396
167403
167406
167406
167406
167412
167420
167424
167422
167421
167423
167428
167430
167429
167427
167431
167437
167442
167440
167437
167441
167445
167444
167440
167438
167440
167445
167448
167449
167446
167448
167454
167456
167452
167448
167452
167456
167458
167456
167457
167463
167465
167467
167466
167463
167464
167468
167469
167465
167461
167465
167470
167467
167460
167456
167459
167462
167462
167457
167456
167460
167466
167470
167466
167461
167463
167468
167468
167465
167462
167464
167467
167469
167468
167462
167462
167465
167464
167459
167456
167459
167460
167459
167457
167458
167460
167464
167465
167463
167461
167465
167470
167471
167465
167461
167462
167469
167468
167461
167457
167458
167460
167460
167455
167450
167452
167457
167459
167451
167446
167446
167448
167449
167445
167443
167447
167450
167449
167448
167447
167449
167452
167453
167449
167445
167447
167452
167454
167448
167446
167446
167447
167445
167441
167435
167435
167439
167438
167433
167428
167430
167433
167430
167426
167423
167426
167431
167434
167431
167429
167433
167438
167439
167437
167431
167433
167438
167438
167434
167430
167432
167436
167437
167437
167430
167428
167431
167434
167430
167426
167428
167432
167433
167432
167433
167435
167438
167438
167434
167430
167432
167435
167436
167431
167426
167428
167431
167430
167427
167424
167426
167431
167433
167429
167424
167424
167430
167430
167425
167422
167425
167430
167431
167427
167425
167429
167435
167438
167435
167430
167430
167434
167435
167433
167428
167430
167434
167438
167437
167432
167433
167437
167437
167435
167435
167437
167440
167441
167438
167437
167438
167440
167439
167434
167430
167432
167436
167437
167433
167432
167434
167435
167435
167431
167428
167430
167433
167433
167429
167426
167431
167435
167432
167427
167422
167422
167426
167428
167425
167422
167424
167430
167433
167425
167421
167423
167425
167426
167424
167421
167422
167427
167431
167429
167423
167423
167427
167428
167425
167423
167425
167429
167432
167432
167428
167427
167431
167430
167426
167424
167426
167430
167431
167428
167426
167425
167427
167429
167428
167425
167428
167432
167435
167434
167435
167441
167444
167446
167446
167446
167452
167457
167460
167460
167462
167468
167472
167477
167476
167474
167478
167485
167489
167485
167483
167488
167494
167494
167490
167487
167490
167494
167495
167491
167489
167492
167497
167495
167490
167487
167489
167493
167493
167488
167485
167489
167493
167492
167488
167484
167485
167489
167488
167482
167478
167478
167482
167481
167473
167467
167466
167467
167467
167462
167458
167459
167462
167459
167451
167445
167443
167443
167442
167438
167435
167435
167437
167439
167431
167425
167423
167424
167426
167419
167413
167413
167416
167416
167408
167401
167401
167404
167404
167398
167393
167391
167393
167393
167384
167378
167380
167382
167383
167380
167378
167381
167388
167389
167381
167377
167378
167383
167385
167383
167380
167382
167387
167387
167382
167378
167377
167380
167381
167377
167373
167374
167378
167380
167379
167375
167376
167380
167382
167379
167378
167382
167388
167394
167395
167398
167401
167406
167411
167409
167407
167412
167419
167422
167422
167423
167428
167431
167434
167432
167428
167430
167435
167436
167433
167432
167437
167442
167442
167438
167436
167438
167441
167443
167442
167439
167443
167444
167446
167443
167441
167444
167449
167450
167447
167442
167445
167447
167446
167443
167439
167440
167445
167446
167440
167437
167441
167447
167446
167442
167437
167437
167443
167443
167440
167438
167442
167448
167448
167444
167440
167444
167451
167451
167447
167445
167448
167454
167456
167451
167447
167449
167451
167453
167449
167445
167446
167452
167455
167448
167443
167443
167446
167449
167449
167447
167446
167451
167454
167449
167444
167444
167448
167452
167449
167446
167448
167450
167453
167451
167444
167446
167450
167451
167447
167442
167442
167445
167446
167441
167434
167433
167435
167436
167431
167427
167428
167433
167434
167431
167425
167426
167429
167430
167425
167420
167422
167425
167424
167423
167420
167418
167419
167420
167416
167412
167413
167417
167419
167418
167417
167414
167416
167418
167417
167415
167418
167425
167430
167428
167427
167427
167428
167428
167425
167422
167423
167427
167428
167426
167424
167426
167426
167426
167424
167419
167419
167424
167427
167423
167420
167422
167421
167419
167413
167408
167408
167412
167414
167411
167408
167416
167421
167420
167418
167417
167420
167425
167428
167425
167423
167429
167431
167432
167431
167428
167430
167436
167438
167436
167433
167437
167441
167444
167441
167438
167441
167445
167449
167448
167446
167448
167448
167450
167446
167440
167441
167446
167447
167442
167438
167440
167441
167440
167434
167428
167428
167429
167428
167422
167418
167420
167420
167419
167417
167414
167416
167418
167417
167414
167409
167410
167416
167415
167411
167409
167412
167414
167417
167415
167413
167417
167420
167419
167415
167411
167414
167418
167419
167416
167413
167416
167421
167420
167416
167413
167417
167422
167425
167420
167416
167418
167422
167420
167414
167408
167406
167410
167413
167407
167399
167398
167402
167400
167392
167388
167388
167394
167398
167396
167393
167393
167396
167402
167397
167392
167392
167396
167399
167396
167394
167396
167402
167405
167405
167400
167400
167406
167410
167407
167403
167405
167411
167414
167411
167408
167406
167408
167408
167403
167397
167398
167402
167405
167401
167396
167395
167396
167399
167397
167396
167398
167403
167406
167406
167405
167405
167410
167413
167413
167413
167416
167418
167418
167415
167408
167405
167403
167403
167398
167390
167389
167393
167396
167392
167388
167390
167394
167397
167395
167393
167395
167401
167404
167399
167393
167394
167400
167402
167399
167395
167395
167399
167403
167399
167392
167393
167399
167406
167404
167401
167403
167407
167412
167407
167401
167400
167404
167406
167404
167399
167397
167400
167407
167405
167403
167407
167413
167417
167415
167410
167411
167416
167421
167417
167414
167415
167418
167419
167415
167409
167409
167411
167412
167405
167399
167399
167403
167406
167406
167406
167411
167422
167429
167425
167422
167423
167425
167425
167419
167414
167412
167414
167415
167410
167409
167409
167412
167416
167414
167411
167412
167419
167421
167416
167412
167414
167419
167420
167415
167409
167406
167410
167412
167406
167400
167400
167403
167406
167406
167406
167408
167414
167422
167423
167418
167419
167421
167422
167417
167412
167413
167415
167415
167413
167410
167408
167410
167412
167408
167403
167402
167406
167409
167410
167410
167412
167413
167416
167414
167410
167410
167414
167417
167414
167410
167406
167406
167405
167399
167392
167389
167390
167391
167387
167384
167384
167384
167388
167387
167382
167381
167383
167385
167380
167376
167377
167376
167374
167369
167362
167364
167366
167368
167365
167363
167368
167373
167375
167374
167373
167376
167382
167383
167376
167369
167368
167369
167365
167360
167355
167354
167356
167359
167357
167355
167353
167359
167362
167360
167357
167359
167365
167371
167373
167374
167378
167387
167394
167392
167390
167393
167397
167400
167399
167396
167397
167402
167408
167409
167402
167400
167406
167411
167408
167405
167406
167410
167414
167414
167409
167407
167408
167411
167408
167405
167406
167412
167415
167409
167406
167409
167415
167418
167414
167412
167415
167422
167430
167433
167430
167432
167439
167445
167445
167446
167450
167454
167459
167461
167456
167455
167459
167460
167455
167450
167451
167453
167453
167452
167447
167445
167449
167452
167451
167449
167449
167451
167451
167448
167445
167442
167440
167440
167437
167433
167431
167433
167434
167431
167428
167430
167434
167436
167433
167430
167429
167432
167435
167430
167426
167426
167431
167432
167426
167420
167417
167415
167414
167410
167404
167402
167403
167407
167402
167396
167394
167397
167399
167395
167389
167388
167390
167391
167391
167386
167385
167388
167390
167387
167384
167384
167386
167388
167386
167386
167387
167388
167390
167389
167388
167389
167394
167398
167395
167394
167396
167398
167399
167398
167394
167394
167395
167398
167396
167393
167395
167398
167397
167396
167394
167393
167395
167397
167393
167386
167385
167390
167388
167381
167375
167374
167378
167382
167379
167374
167373
167379
167381
167374
167370
167371
167375
167375
167370
167367
167369
167374
167379
167377
167375
167374
167378
167382
167381
167378
167379
167383
167386
167385
167382
167382
167385
167388
167385
167383
167384
167388
167388
167386
167385
167383
167386
167389
167387
167382
167382
167386
167389
167386
167386
167386
167387
167391
167390
167389
167390
167394
167398
167396
167394
167397
167397
167397
167393
167388
167384
167384
167384
167380
167374
167373
167378
167379
167375
167371
167371
167377
167381
167377
167372
167375
167382
167383
167379
167373
167373
167379
167384
167380
167375
167376
167382
167384
167378
167375
167375
167379
167382
167380
167377
167375
167378
167381
167377
167373
167373
167377
167380
167378
167378
167380
167382
167388
167386
167382
167383
167386
167389
167386
167383
167384
167386
167393
167393
167386
167386
167391
167394
167392
167389
167389
167392
167396
167396
167392
167391
167394
167397
167396
167393
167393
167398
167403
167403
167401
167399
167400
167403
167401
167398
167398
167401
167405
167402
167400
167400
167400
167403
167401
167395
167391
167395
167399
167397
167393
167395
167396
167399
167396
167392
167393
167397
167400
167398
167395
167397
167403
167404
167401
167397
167398
167404
167408
167405
167402
167404
167410
167410
167407
167405
167406
167411
167416
167413
167410
167410
167416
167417
167413
167409
167408
167410
167412
167407
167402
167401
167404
167405
167398
167393
167391
167394
167396
167392
167390
167390
167394
167400
167396
167390
167387
167389
167391
167387
167382
167378
167380
167385
167385
167379
167378
167381
167384
167382
167377
167375
167378
167381
167380
167377
167375
167379
167382
167381
167378
167375
167379
167381
167378
167376
167378
167380
167382
167379
167377
167378
167384
167389
167387
167385
167387
167390
167391
167389
167387
167389
167394
167398
167397
167394
167391
167394
167397
167392
167386
167385
167389
167392
167392
167390
167390
167396
167402
167398
167393
167392
167396
167400
167397
167394
167392
167395
167401
167402
167398
167395
167399
167401
167400
167397
167399
167403
167409
167412
167410
167409
167414
167416
167413
167407
167405
167408
167411
167407
167404
167400
167402
167404
167398
167393
167392
167397
167401
167399
167392
167391
167394
167396
167391
167387
167386
167388
167391
167391
167387
167384
167386
167388
167386
167382
167383
167388
167390
167389
167387
167382
167385
167389
167388
167386
167388
167392
167397
167395
167391
167389
167391
167394
167391
167388
167387
167391
167394
167392
167388
167384
167387
167389
167387
167383
167382
167384
167387
167385
167385
167384
167385
167388
167385
167382
167382
167386
167389
167385
167381
167384
167387
167389
167390
167388
167387
167393
167396
167393
167390
167391
167398
167400
167398
167396
167396
167399
167402
167399
167396
167398
167405
167410
167408
167408
167410
167415
167421
167419
167417
167417
167420
167424
167423
167417
167416
167420
167424
167421
167415
167415
167420
167426
167427
167422
167419
167423
167428
167426
167422
167424
167431
167435
167436
167436
167435
167439
167444
167443
167441
167444
167449
167452
167450
167448
167451
167457
167458
167455
167451
167451
167455
167457
167454
167451
167451
167455
167456
167452
167448
167447
167450
167453
167449
167443
167439
167442
167448
167446
167441
167438
167440
167442
167439
167435
167434
167436
167440
167441
167435
167432
167436
167439
167438
167434
167431
167434
167436
167436
167434
167430
167432
167434
167431
167427
167426
167431
167437
167434
167431
167432
167435
167437
167435
167433
167432
167435
167437
167435
167434
167437
167436
167435
167431
167426
167424
167427
167430
167427
167422
167422
167422
167424
167420
167415
167415
167421
167426
167424
167422
167423
167424
167427
167422
167416
167413
167415
167416
167413
167411
167413
167417
167418
167416
167414
167414
167417
167422
167423
167421
167424
167430
167432
167431
167428
167427
167429
167432
167430
167426
167426
167427
167429
167428
167425
167425
167430
167434
167432
167426
167427
167431
167431
167428
167424
167422
167425
167431
167428
167423
167424
167431
167432
167431
167430
167431
167437
167444
167446
167444
167445
167451
167451
167448
167443
167441
167443
167446
167443
167438
167436
167435
167434
167430
167425
167423
167426
167430
167430
167429
167430
167439
167442
167436
167431
167428
167429
167430
167426
167418
167415
167420
167426
167421
167415
167413
167418
167422
167420
167417
167417
167421
167426
167423
167412
167407
167410
167412
167409
167405
167403
167404
167406
167407
167402
167397
167401
167407
167410
167410
167412
167417
167421
167422
167417
167412
167413
167414
167410
167404
167401
167402
167403
167399
167397
167394
167394
167395
167394
167392
167393
167400
167407
167409
167407
167407
167412
167414
167408
167402
167398
167397
167399
167398
167395
167395
167401
167407
167409
167407
167410
167418
167423
167423
167420
167421
167426
167430
167428
167425
167426
167434
167439
167438
167436
167437
167442
167443
167440
167436
167437
167442
167448
167448
167445
167445
167449
167453
167452
167449
167449
167453
167456
167456
167450
167447
167452
167456
167453
167449
167449
167454
167458
167457
167453
167453
167455
167459
167459
167453
167450
167453
167458
167457
167454
167454
167457
167461
167459
167455
167455
167459
167463
167463
167459
167456
167457
167457
167454
167449
167444
167445
167447
167443
167438
167436
167439
167441
167440
167437
167434
167435
167437
167433
167428
167425
167427
167430
167428
167423
167424
167426
167427
167424
167420
167419
167424
167428
167426
167423
167422
167424
167429
167429
167423
167420
167423
167424
167422
167419
167417
167420
167424
167423
167420
167421
167425
167430
167431
167429
167428
167433
167437
167434
167430
167429
167433
167436
167436
167433
167429
167430
167433
167429
167423
167422
167428
167434
167433
167430
167433
167441
167444
167441
167437
167434
167436
167439
167436
167429
167427
167432
167435
167429
167423
167420
167422
167423
167420
167416
167418
167424
167430
167429
167424
167425
167431
167436
167436
167429
167425
167429
167433
167432
167427
167422
167424
167428
167426
167422
167422
167426
167428
167426
167422
167424
167427
167426
167420
167413
167409
167411
167414
167411
167405
167404
167409
167415
167414
167411
167412
167419
167428
167432
167434
167438
167445
167452
167452
167453
167455
167460
167463
167462
167460
167459
167463
167467
167466
167462
167456
167458
167460
167459
167458
167456
167460
167463
167464
167465
167464
167465
167467
167465
167459
167456
167457
167458
167454
167449
167450
167454
167453
167450
167448
167447
167451
167458
167460
167457
167456
167461
167464
167462
167457
167454
167454
167454
167450
167447
167445
167446
167450
167451
167451
167449
167454
167459
167461
167460
167458
167462
167465
167463
167461
167460
167464
167465
167458
167453
167451
167453
167457
167457
167454
167455
167457
167460
167456
167451
167448
167451
167455
167454
167453
167450
167451
167452
167449
167442
167438
167442
167448
167450
167453
167452
167455
167457
167454
167451
167452
167457
167463
167465
167468
167468
167470
167472
167472
167469
167468
167471
167476
167478
167477
167474
167478
167486
167487
167486
167487
167492
167497
167496
167491
167486
167488
167491
167490
167487
167486
167489
167492
167493
167490
167485
167490
167496
167495
167493
167494
167499
167504
167504
167501
167497
167501
167504
167499
167490
167486
167487
167489
167485
167482
167479
167477
167480
167478
167475
167474
167480
167485
167484
167483
167480
167480
167482
167479
167475
167471
167471
167472
167469
167465
167465
167463
167464
167464
167460
167459
167465
167469
167466
167463
167464
167469
167470
167470
167466
167462
167464
167466
167462
167456
167455
167454
167454
167449
167442
167439
167443
167446
167443
167440
167441
167448
167449
167444
167439
167437
167440
167441
167438
167436
167435
167441
167442
167439
167437
167437
167440
167443
167442
167435
167433
167434
167432
167426
167418
167415
167416
167416
167412
167408
167406
167410
167413
167408
167404
167402
167406
167407
167402
167397
167396
167403
167407
167403
167397
167395
167400
167405
167405
167404
167405
167412
167416
167416
167412
167409
167411
167414
167411
167410
167407
167410
167416
167413
167410
167410
167416
167421
167421
167419
167417
167418
167423
167420
167416
167413
167417
167421
167420
167419
167423
167425
167428
167430
167429
167430
167434
167439
167439
167437
167439
167443
167444
167443
167442
167439
167443
167448
167448
167449
167451
167455
167461
167461
167461
167461
167466
167474
167478
167474
167473
167480
167486
167487
167485
167486
167492
167498
167499
167502
167503
167506
167511
167513
167513
167515
167519
167526
167528
167522
167522
167528
167534
167534
167533
167534
167537
167541
167539
167536
167535
167538
167541
167540
167536
167534
167536
167533
167528
167523
167522
167524
167525
167523
167519
167518
167519
167520
167519
167515
167514
167520
167523
167519
167514
167513
167519
167518
167515
167511
167511
167516
167520
167518
167513
167510
167513
167516
167515
167509
167503
167502
167502
167498
167492
167488
167492
167497
167492
167486
167485
167489
167493
167491
167485
167483
167484
167486
167484
167476
167468
167468
167471
167468
167464
167462
167467
167474
167473
167468
167464
167465
167468
167465
167462
167458
167458
167461
167460
167456
167456
167458
167460
167459
167456
167455
167461
167464
167460
167458
167456
167458
167461
167461
167458
167456
167459
167462
167460
167456
167455
167462
167465
167463
167457
167454
167455
167457
167454
167449
167448
167450
167452
167452
167447
167441
167443
167446
167445
167442
167442
167448
167453
167453
167449
167449
167450
167451
167450
167443
167439
167442
167443
167441
167441
167440
167442
167446
167446
167443
167444
167448
167450
167449
167447
167447
167450
167450
167448
167444
167442
167443
167444
167441
167436
167434
167440
167445
167442
167438
167438
167444
167448
167449
167446
167443
167446
167452
167449
167443
167441
167445
167448
167447
167445
167446
167453
167459
167459
167453
167450
167455
167459
167456
167453
167453
167458
167463
167457
167448
167444
167447
167450
167448
167444
167442
167443
167447
167448
167441
167438
167442
167449
167451
167451
167451
167455
167461
167458
167452
167448
167451
167454
167453
167450
167450
167451
167453
167451
167448
167449
167455
167459
167457
167452
167452
167457
167459
167453
167446
167443
167445
167446
167444
167440
167439
167442
167445
167441
167437
167436
167442
167448
167448
167446
167446
167452
167459
167462
167455
167450
167453
167455
167451
167447
167445
167448
167450
167447
167445
167444
167446
167450
167446
167441
167441
167447
167449
167446
167443
167444
167446
167447
167446
167443
167440
167441
167444
167443
167442
167444
167450
167457
167456
167451
167450
167453
167457
167460
167456
167454
167457
167461
167459
167449
167444
167444
167446
167444
167442
167441
167443
167445
167443
167441
167437
167439
167443
167443
167441
167442
167448
167452
167449
167447
167446
167445
167448
167447
167445
167445
167449
167455
167454
167449
167450
167451
167454
167453
167449
167448
167451
167455
167455
167449
167448
167449
167450
167448
167443
167441
167445
167449
167449
167447
167445
167451
167452
167448
167444
167442
167446
167450
167449
167446
167443
167446
167452
167446
167438
167435
167439
167443
167440
167433
167428
167429
167434
167436
167430
167426
167430
167434
167432
167427
167426
167431
167436
167437
167435
167433
167433
167435
167435
167432
167431
167436
167441
167440
167438
167439
167440
167443
167441
167438
167437
167442
167447
167447
167445
167446
167453
167453
167450
167447
167445
167448
167451
167449
167443
167439
167443
167447
167443
167438
167435
167438
167442
167442
167438
167437
167440
167444
167445
167442
167438
167441
167446
167447
167444
167443
167446
167451
167450
167449
167447
167448
167449
167447
167442
167439
167443
167448
167449
167447
167443
167446
167448
167445
167440
167438
167440
167441
167439
167437
167433
167436
167437
167436
167433
167431
167435
167440
167439
167433
167431
167432
167435
167434
167431
167429
167432
167436
167437
167434
167428
167430
167434
167431
167426
167426
167428
167428
167427
167424
167422
167428
167433
167432
167427
167422
167425
167431
167430
167425
167421
167423
167426
167425
167422
167418
167418
167418
167415
167410
167408
167412
167414
167412
167409
167404
167406
167410
167407
167403
167403
167407
167408
167404
167400
167400
167399
167399
167396
167391
167388
167388
167388
167386
167382
167380
167385
167391
167386
167381
167378
167381
167386
167385
167381
167380
167386
167386
167380
167374
167371
167374
167379
167378
167376
167374
167381
167383
167378
167375
167374
167380
167385
167385
167383
167385
167390
167397
167397
167389
167385
167387
167390
167387
167383
167380
167384
167387
167388
167387
167385
167390
167395
167393
167390
167389
167393
167398
167397
167393
167394
167397
167398
167397
167394
167392
167395
167399
167399
167397
167394
167400
167404
167405
167403
167403
167406
167409
167408
167404
167402
167407
167413
167410
167403
167400
167402
167404
167404
167400
167400
167405
167411
167411
167406
167401
167404
167407
167405
167401
167399
167404
167408
167406
167403
167400
167400
167402
167400
167396
167394
167399
167407
167408
167406
167408
167416
167419
167419
167419
167420
167426
167431
167428
167425
167424
167429
167431
167427
167422
167420
167423
167427
167427
167424
167421
167424
167430
167428
167423
167421
167424
167428
167427
167425
167424
167427
167431
167432
167429
167426
167430
167435
167433
167428
167425
167428
167432
167430
167429
167428
167430
167433
167431
167426
167425
167430
167430
167427
167426
167424
167425
167428
167426
167424
167424
167430
167435
167432
167431
167432
167435
167436
167435
167432
167430
167433
167436
167434
167429
167426
167429
167434
167433
167429
167427
167429
167432
167431
167427
167426
167427
167430
167428
167425
167424
167428
167432
167432
167430
167431
167435
167435
167431
167426
167423
167426
167430
167429
167426
167424
167432
167433
167429
167426
167426
167430
167434
167431
167427
167426
167432
167439
167436
167429
167427
167430
167433
167432
167431
167430
167434
167439
167439
167433
167427
167427
167427
167424
167419
167417
167419
167423
167424
167418
167413
167417
167420
167416
167412
167410
167414
167419
167422
167420
167417
167420
167423
167423
167418
167414
167419
167424
167426
167425
167422
167424
167426
167425
167422
167421
167423
167425
167426
167423
167419
167421
167422
167420
167416
167413
167417
167420
167417
167413
167409
167407
167407
167405
167398
167395
167397
167402
167401
167394
167392
167398
167400
167395
167387
167384
167387
167388
167386
167384
167383
167386
167389
167388
167386
167383
167388
167395
167395
167393
167393
167400
167405
167402
167399
167401
167404
167406
167406
167404
167401
167405
167411
167409
167405
167408
167414
167417
167416
167413
167414
167421
167427
167428
167424
167424
167431
167434
167434
167433
167432
167437
167443
167442
167439
167440
167447
167447
167444
167442
167443
167447
167454
167455
167454
167455
167457
167460
167459
167454
167452
167457
167461
167459
167457
167454
167457
167463
167461
167456
167456
167458
167459
167457
167453
167452
167456
167460
167460
167456
167454
167459
167463
167461
167459
167457
167456
167457
167453
167448
167444
167446
167449
167448
167447
167444
167442
167444
167441
167435
167432
167433
167435
167432
167426
167424
167427
167427
167425
167420
167416
167418
167422
167418
167415
167414
167417
167422
167420
167413
167409
167412
167414
167409
167404
167402
167404
167408
167406
167405
167399
167398
167400
167398
167391
167385
167386
167388
167385
167381
167381
167385
167385
167383
167378
167376
167380
167381
167378
167375
167374
167377
167382
167383
167381
167376
167378
167382
167379
167377
167376
167381
167384
167381
167378
167376
167382
167387
167384
167381
167381
167385
167388
167388
167384
167382
167387
167391
167390
167385
167379
167381
167384
167382
167376
167373
167377
167382
167382
167379
167378
167387
167389
167385
167383
167383
167389
167395
167396
167392
167390
167392
167394
167392
167388
167383
167383
167383
167381
167378
167377
167380
167385
167385
167382
167381
167388
167392
167390
167385
167383
167387
167391
167387
167380
167378
167379
167380
167376
167370
167367
167368
167368
167368
167364
167361
167363
167367
167365
167359
167355
167357
167360
167355
167350
167347
167349
167352
167349
167347
167346
167351
167354
167353
167349
167348
167350
167352
167353
167352
167351
167355
167358
167355
167351
167354
167355
167356
167356
167355
167355
167361
167367
167368
167368
167370
167376
167383
167380
167376
167376
167378
167381
167382
167379
167377
167381
167387
167388
167384
167383
167388
167394
167391
167388
167388
167391
167393
167389
167383
167383
167385
167385
167384
167385
167386
167389
167393
167395
167395
167397
167406
167412
167413
167413
167416
167423
167431
167433
167433
167437
167442
167447
167448
167449
167452
167459
167465
167465
167462
167463
167469
167475
167471
167465
167462
167463
167467
167466
167461
167459
167461
167463
167462
167457
167450
167451
167453
167451
167447
167446
167449
167452
167452
167451
167454
167458
167462
167462
167459
167457
167459
167462
167459
167454
167450
167452
167455
167449
167443
167442
167445
167450
167450
167446
167444
167448
167447
167440
167434
167430
167433
167434
167429
167424
167421
167423
167427
167427
167419
167417
167424
167429
167428
167426
167426
167430
167433
167430
167423
167418
167420
167419
167411
167403
167397
167396
167397
167394
167390
167388
167392
167399
167398
167396
167396
167400
167405
167405
167400
167396
167396
167396
167392
167386
167383
167381
167381
167378
167374
167375
167380
167386
167388
167386
167384
167387
167392
167389
167383
167380
167382
167385
167381
167375
167372
167373
167373
167368
167364
167365
167368
167374
167376
167374
167375
167381
167387
167387
167384
167383
167385
167388
167386
167380
167374
167373
167373
167367
167361
167359
167361
167365
167364
167360
167360
167366
167369
167364
167360
167358
167360
167363
167364
167359
167356
167358
167361
167361
167356
167349
167347
167349
167346
167343
167343
167347
167351
167351
167350
167351
167356
167360
167360
167360
167358
167360
167363
167360
167356
167354
167355
167356
167353
167350
167351
167357
167361
167360
167357
167358
167367
167370
167367
167364
167364
167368
167371
167368
167363
167362
167365
167366
167361
167358
167360
167364
167366
167365
167362
167361
167365
167370
167368
167365
167366
167370
167374
167375
167375
167372
167373
167375
167372
167366
167364
167368
167370
167368
167365
167363
167365
167369
167364
167357
167354
167358
167362
167361
167358
167358
167362
167368
167371
167364
167360
167364
167366
167365
167360
167359
167364
167368
167366
167362
167360
167364
167369
167365
167360
167359
167364
167369
167372
167369
167368
167373
167376
167376
167373
167372
167375
167378
167377
167373
167372
167377
167384
167384
167378
167375
167380
167386
167388
167388
167389
167395
167402
167405
167403
167405
167413
167419
167420
167419
167419
167425
167427
167424
167420
167419
167425
167434
167435
167430
167429
167433
167438
167436
167433
167432
167439
167445
167443
167440
167442
167445
167447
167443
167438
167437
167440
167444
167443
167440
167437
167440
167444
167444
167436
167435
167440
167444
167442
167439
167438
167442
167445
167443
167440
167434
167436
167439
167438
167436
167436
167440
167443
167443
167445
167445
167447
167451
167450
167445
167441
167443
167447
167445
167442
167443
167447
167447
167445
167441
167440
167445
167447
167442
167437
167435
167435
167437
167433
167430
167430
167435
167439
167437
167436
167432
167430
167431
167425
167419
167416
167418
167419
167413
167410
167408
167406
167405
167401
167396
167393
167395
167397
167394
167391
167390
167396
167401
167401
167396
167394
167399
167404
167403
167398
167396
167400
167407
167401
167394
167391
167395
167399
167396
167392
167390
167394
167397
167395
167390
167385
167386
167389
167388
167384
167381
167386
167390
167388
167384
167385
167389
167390
167387
167382
167380
167385
167388
167385
167380
167376
167379
167383
167383
167379
167374
167377
167382
167381
167377
167377
167383
167385
167382
167378
167378
167384
167388
167385
167382
167382
167386
167391
167389
167386
167385
167391
167394
167391
167385
167379
167380
167384
167384
167382
167380
167384
167389
167389
167387
167389
167397
167405
167406
167401
167401
167405
167409
167409
167404
167402
167404
167406
167406
167401
167395
167399
167404
167404
167401
167400
167402
167405
167403
167400
167403
167409
167411
167408
167401
167398
167399
167400
167395
167388
167384
167386
167390
167386
167377
167375
167377
167381
167379
167373
167369
167370
167371
167366
167361
167355
167353
167351
167348
167343
167340
167344
167348
167344
167341
167343
167345
167348
167345
167341
167339
167341
167343
167339
167334
167330
167334
167337
167330
167322
167318
167321
167322
167319
167314
167312
167315
167320
167322
167319
167317
167322
167327
167325
167320
167319
167325
167331
167331
167328
167329
167331
167336
167335
167334
167334
167338
167342
167342
167341
167343
167350
167353
167351
167349
167350
167358
167362
167359
167356
167359
167365
167367
167364
167361
167362
167368
167373
167372
167374
167375
167377
167380
167378
167376
167378
167382
167388
167389
167389
167389
167390
167393
167394
167394
167394
167399
167405
167406
167405
167408
167413
167416
167414
167410
167411
167413
167415
167413
167410
167411
167415
167415
167410
167406
167403
167405
167408
167406
167402
167401
167402
167402
167399
167394
167394
167400
167406
167404
167403
167407
167415
167416
167415
167412
167413
167419
167424
167422
167419
167422
167426
167427
167426
167421
167420
167424
167428
167428
167425
167427
167435
167437
167436
167434
167436
167441
167443
167441
167436
167435
167440
167443
167438
167433
167431
167435
167439
167436
167430
167427
167433
167434
167429
167425
167423
167426
167429
167426
167421
167420
167425
167429
167423
167418
167418
167422
167425
167422
167420
167421
167425
167428
167429
167421
167415
167416
167418
167415
167411
167409
167410
167413
167411
167410
167408
167407
167410
167408
167404
167403
167407
167413
167414
167412
167414
167417
167421
167418
167413
167412
167415
167420
167417
167412
167412
167414
167415
167412
167408
167407
167410
167414
167410
167406
167407
167407
167409
167407
167403
167402
167408
167414
167411
167409
167413
167415
167415
167412
167407
167404
167409
167414
167410
167407
167408
167410
167410
167407
167401
167399
167399
167401
167399
167394
167394
167401
167404
167398
167391
167388
167392
167395
167393
167390
167389
167393
167398
167395
167390
167388
167392
167393
167389
167387
167386
167389
167395
167395
167389
167387
167388
167392
167390
167383
167381
167382
167385
167386
167383
167379
167384
167390
167389
167385
167386
167391
167395
167394
167393
167390
167394
167398
167396
167393
167394
167400
167403
167399
167396
167398
167400
167401
167398
167394
167392
167397
167399
167396
167393
167394
167402
167404
167398
167394
167392
167393
167395
167392
167387
167386
167390
167395
167395
167393
167395
167396
167395
167391
167386
167384
167388
167392
167391
167388
167388
167393
167399
167399
167393
167391
167393
167395
167393
167389
167387
167389
167391
167389
167386
167383
167385
167385
167382
167378
167377
167381
167385
167383
167382
167384
167385
167388
167388
167386
167387
167390
167394
167392
167389
167391
167392
167393
167391
167388
167387
167392
167396
167391
167387
167389
167391
167392
167388
167385
167383
167385
167387
167385
167380
167376
167380
167379
167373
167369
167366
167369
167371
167367
167361
167358
167362
167364
167357
167352
167351
167354
167357
167355
167351
167349
167356
167358
167355
167351
167350
167354
167358
167355
167351
167352
167359
167362
167358
167352
167350
167354
167358
167355
167351
167352
167354
167358
167356
167354
167356
167360
167363
167362
167362
167367
167372
167377
167378
167377
167379
167384
167390
167390
167388
167388
167393
167394
167392
167390
167389
167393
167399
167398
167395
167393
167397
167404
167402
167398
167397
167402
167408
167408
167406
167408
167413
167415
167410
167406
167405
167408
167410
167407
167405
167402
167403
167406
167404
167402
167403
167408
167413
167413
167412
167409
167412
167419
167419
167415
167416
167422
167427
167427
167422
167416
167417
167420
167419
167416
167417
167422
167425
167423
167420
167420
167426
167430
167426
167421
167421
167425
167423
167415
167410
167409
167412
167416
167414
167409
167409
167416
167420
167417
167412
167411
167414
167417
167414
167410
167410
167412
167411
167407
167401
167397
167399
167401
167400
167396
167393
167398
167403
167401
167398
167396
167398
167401
167401
167396
167394
167398
167401
167398
167394
167392
167396
167398
167394
167391
167388
167392
167397
167395
167393
167391
167396
167401
167401
167395
167393
167397
167399
167396
167392
167390
167392
167394
167392
167393
167392
167393
167397
167393
167388
167389
167396
167402
167400
167397
167398
167402
167405
167403
167399
167395
167397
167398
167396
167392
167391
167397
167399
167398
167397
167393
167396
167400
167398
167395
167393
167394
167396
167395
167392
167390
167391
167393
167390
167387
167385
167387
167390
167388
167384
167386
167390
167392
167391
167389
167390
167396
167401
167399
167395
167394
167400
167403
167397
167392
167393
167397
167400
167399
167397
167397
167401
167406
167408
167403
167400
167403
167407
167405
167400
167399
167403
167407
167406
167402
167398
167399
167404
167403
167400
167400
167404
167409
167408
167401
167397
167399
167404
167402
167398
167398
167402
167406
167405
167399
167395
167396
167397
167396
167393
167392
167395
167396
167394
167389
167386
167389
167393
167389
167385
167383
167386
167388
167386
167381
167376
167376
167378
167375
167370
167367
167369
167372
167369
167366
167368
167371
167375
167374
167374
167376
167383
167389
167388
167387
167393
167398
167403
167403
167401
167402
167409
167416
167414
167413
167416
167419
167421
167420
167417
167418
167423
167429
167430
167428
167430
167435
167436
167433
167431
167431
167434
167438
167435
167434
167435
167440
167443
167440
167436
167436
167439
167441
167438
167434
167434
167435
167440
167437
167433
167434
167438
167441
167438
167436
167436
167438
167440
167439
167433
167428
167429
167430
167428
167423
167419
167423
167428
167427
167424
167419
167421
167423
167421
167419
167417
167417
167421
167421
167420
167420
167423
167427
167425
167422
167423
167428
167432
167432
167431
167431
167431
167432
167428
167424
167425
167427
167428
167426
167425
167420
167421
167424
167421
167417
167416
167418
167419
167418
167412
167408
167410
167412
167408
167402
167400
167401
167404
167399
167394
167393
167395
167397
167393
167388
167386
167390
167394
167390
167382
167380
167381
167383
167380
167374
167372
167376
167381
167378
167371
167370
167373
167377
167374
167371
167370
167373
167380
167376
167371
167370
167373
167376
167372
167368
167369
167375
167380
167375
167370
167368
167371
167376
167375
167372
167372
167376
167382
167383
167378
167375
167380
167386
167386
167385
167387
167391
167394
167395
167393
167389
167393
167396
167394
167390
167390
167395
167399
167399
167397
167396
167400
167404
167400
167396
167394
167398
167402
167400
167397
167394
167394
167395
167394
167391
167389
167393
167397
167396
167392
167391
167394
167398
167396
167391
167391
167395
167401
167401
167395
167392
167395
167398
167397
167395
167396
167401
167405
167404
167400
167396
167398
167400
167395
167388
167386
167389
167391
167388
167385
167385
167387
167391
167391
167387
167386
167391
167395
167396
167392
167391
167395
167403
167402
167398
167396
167399
167401
167398
167393
167389
167391
167393
167390
167387
167384
167385
167387
167384
167383
167385
167391
167397
167394
167387
167386
167389
167390
167387
167383
167384
167389
167388
167384
167379
167380
167384
167388
167387
167384
167385
167392
167398
167397
167395
167393
167394
167397
167393
167388
167386
167388
167391
167390
167384
167382
167388
167391
167388
167385
167386
167390
167394
167394
167393
167392
167395
167400
167401
167397
167395
167399
167403
167402
167400
167400
167401
167403
167400
167395
167392
167394
167398
167392
167388
167388
167393
167396
167396
167392
167393
167398
167402
167401
167400
167400
167402
167406
167405
167399
167398
167402
167405
167403
167399
167400
167404
167404
167402
167398
167396
167400
167405
167400
167394
167391
167395
167400
167398
167392
167389
167391
167395
167392
167388
167386
167387
167389
167387
167385
167388
167392
167396
167394
167392
167394
167399
167403
167402
167401
167402
167410
167419
167416
167412
167411
167414
167418
167417
167414
167413
167415
167418
167416
167414
167418
167422
167425
167425
167422
167421
167424
167428
167425
167421
167416
167418
167421
167417
167415
167415
167418
167423
167422
167418
167419
167425
167429
167428
167426
167426
167432
167439
167438
167431
167429
167432
167435
167432
167428
167428
167431
167434
167432
167428
167428
167432
167429
167423
167418
167415
167416
167419
167419
167417
167417
167423
167430
167431
167430
167427
167431
167435
167434
167432
167435
167441
167445
167444
167442
167443
167446
167449
167446
167440
167438
167441
167441
167436
167429
167427
167429
167431
167429
167428
167427
167428
167431
167430
167427
167422
167423
167424
167420
167414
167410
167411
167413
167410
167403
167401
167404
167408
167409
167408
167407
167412
167417
167416
167416
167418
167420
167421
167419
167415
167413
167418
167418
167412
167406
167404
167408
167410
167408
167406
167407
167413
167417
167417
167414
167410
167410
167414
167412
167407
167404
167406
167408
167405
167400
167399
167405
167406
167403
167402
167402
167406
167410
167405
167400
167398
167399
167399
167396
167391
167385
167384
167384
167380
167375
167370
167370
167372
167371
167369
167374
167379
167383
167383
167382
167385
167391
167397
167394
167390
167388
167393
167399
167395
167391
167390
167394
167399
167398
167394
167393
167397
167399
167397
167393
167392
167394
167396
167392
167385
167381
167383
167384
167374
167363
167358
167359
167361
167357
167352
167352
167356
167362
167362
167361
167361
167366
167371
167371
167368
167368
167370
167375
167375
167370
167369
167373
167373
167369
167363
167361
167363
167368
167368
167362
167362
167367
167371
167368
167361
167359
167363
167366
