168242
168241
168239
168239
168240
168240
168240
168241
168243
168247
168248
168250
168251
168254
168257
168259
168259
168257
168256
168254
168252
168249
168248
168249
168251
168252
168252
168252
168252
168253
168254
168254
168254
168257
168259
168260
168260
168260
168261
168260
168260
168258
168256
168257
168257
168257
168256
168255
168256
168255
168253
168251
168250
168252
168255
168255
168254
168254
168256
168257
168258
168259
168260
168263
168265
168263
168260
168256
168255
168254
168251
168249
168248
168250
168252
168252
168252
168252
168255
168259
168260
168261
168262
168264
168266
168266
168265
168264
168263
168263
168262
168261
168260
168261
168261
168261
168259
168259
168260
168260
168258
168257
168256
168258
168261
168263
168262
168261
168261
168260
168257
168253
168250
168250
168251
168252
168252
168252
168255
168258
168259
168258
168258
168259
168258
168254
168250
168247
168246
168245
168243
168242
168241
168243
168247
168251
168253
168255
168258
168263
168266
168268
168270
168272
168273
168272
168270
168266
168263
168259
168253
168245
168237
168231
168226
168219
168213
168207
168204
168204
168205
168206
168209
168215
168222
168228
168232
168236
168242
168247
168251
168253
168253
168256
168258
168258
168256
168253
168251
168249
168244
168238
168232
168227
168222
168217
168210
168205
168204
168203
168201
168197
168195
168194
168192
168190
168189
168188
168188
168189
168188
168187
168186
168189
168191
168193
168194
168195
168198
168201
168202
168204
168205
168207
168207
168205
168203
168200
168199
168199
168198
168196
168194
168195
168196
168195
168195
168197
168200
168203
168205
168206
168207
168208
168209
168208
168206
168204
168206
168208
168210
168211
168211
168213
168216
168218
168218
168218
168220
168223
168225
168225
168227
168230
168233
168234
168233
168231
168231
168231
168231
168230
168227
168226
168225
168223
168222
168222
168225
168228
168229
168229
168232
168236
168242
168245
168247
168249
168252
168254
168255
168255
168255
168256
168258
168257
168256
168255
168256
168259
168259
168259
168260
168261
168264
168266
168267
168269
168273
168276
168276
168276
168276
168278
168281
168281
168280
168277
168276
168274
168270
168266
168262
168259
168257
168255
168253
168252
168253
168253
168253
168253
168254
168256
168258
168259
168257
168257
168258
168258
168257
168254
168252
168253
168252
168250
168249
168249
168251
168253
168253
168254
168255
168258
168259
168259
168257
168256
168256
168255
168253
168251
168250
168251
168251
168251
168250
168250
168252
168253
168253
168253
168253
168255
168256
168255
168254
168253
168254
168255
168255
168253
168252
168253
168254
168254
168254
168252
168252
168254
168254
168253
168251
168252
168253
168253
168253
168252
168253
168253
168253
168253
168253
168253
168255
168255
168256
168256
168257
168257
168255
168255
168253
168253
168255
168254
168252
168250
168250
168252
168252
168251
168251
168251
168252
168251
168249
168249
168250
168250
168249
168249
168247
168247
168248
168249
168248
168246
168246
168245
168244
168243
168242
168243
168243
168243
168242
168240
168241
168244
168244
168244
168244
168244
168245
168245
168244
168244
168244
168247
168248
168247
168247
168248
168249
168248
168247
168247
168248
168250
168251
168250
168250
168250
168249
168248
168246
168246
168248
168248
168247
168246
168244
168243
168243
168241
168240
168238
168238
168239
168237
168236
168234
168233
168233
168232
168230
168230
168230
168232
168232
168232
168232
168233
168236
168235
168233
168232
168234
168235
168235
168234
168234
168235
168234
168234
168234
168233
168233
168234
168234
168233
168232
168234
168236
168237
168237
168237
168239
168242
168241
168240
168240
168241
168241
168242
168241
168240
168240
168240
168240
168240
168242
168245
168248
168249
168249
168250
168251
168253
168254
168253
168250
168250
168250
168249
168248
168246
168245
168245
168245
168244
168243
168246
168248
168248
168246
168245
168245
168246
168246
168244
168243
168244
168245
168245
168243
168243
168243
168244
168244
168242
168240
168240
168241
168242
168241
168241
168242
168243
168242
168240
168240
168240
168241
168241
168239
168239
168240
168241
168241
168240
168239
168240
168241
168240
168239
168239
168240
168241
168241
168239
168239
168241
168242
168240
168238
168237
168238
168241
168243
168244
168247
168250
168252
168251
168251
168252
168254
168255
168255
168253
168251
168250
168249
168248
168246
168245
168246
168246
168245
168244
168244
168245
168247
168249
168248
168247
168249
168250
168249
168249
168249
168248
168249
168249
168248
168248
168247
168247
168246
168245
168245
168247
168248
168250
168250
168249
168249
168251
168252
168252
168252
168253
168254
168253
168252
168250
168250
168250
168249
168247
168247
168247
168247
168247
168247
168246
168248
168250
168250
168249
168248
168249
168252
168253
168253
168253
168254
168254
168252
168251
168250
168250
168250
168250
168250
168249
168249
168251
168249
168246
168245
168245
168246
168245
168244
168245
168247
168248
168246
168244
168244
168245
168247
168250
168250
168251
168252
168253
168251
168249
168248
168249
168250
168250
168248
168248
168248
168248
168249
168249
168250
168253
168255
168255
168256
168257
168258
168258
168258
168258
168257
168257
168256
168253
168251
168250
168251
168253
168253
168251
168251
168253
168255
168256
168256
168257
168258
168260
168259
168257
168256
168255
168253
168250
168248
168247
168247
168247
168246
168245
168245
168248
168250
168251
168251
168252
168255
168257
168258
168258
168259
168259
168260
168259
168257
168255
168254
168254
168253
168252
168252
168254
168256
168257
168257
168258
168258
168258
168259
168259
168259
168260
168259
168256
168252
168250
168250
168251
168251
168251
168251
168252
168252
168250
168248
168248
168248
168248
168248
168247
168246
168247
168248
168246
168243
168242
168243
168245
168244
168243
168244
168246
168248
168247
168245
168245
168246
168245
168245
168244
168244
168245
168244
168243
168242
168242
168242
168242
168241
168239
168239
168240
168241
168241
168240
168240
168241
168242
168243
168242
168242
168245
168246
168246
168246
168247
168247
168247
168247
168246
168246
168247
168248
168246
168245
168246
168249
168250
168249
168248
168248
168248
168248
168248
168248
168247
168248
168248
168247
168246
168246
168247
168248
168247
168246
168245
168246
168248
168250
168250
168249
168250
168250
168248
168246
168245
168245
168246
168245
168244
168244
168245
168246
168246
168247
168248
168250
168252
168251
168250
168250
168251
168251
168248
168245
168244
168244
168246
168248
168248
168248
168251
168253
168254
168253
168254
168256
168259
168259
168258
168257
168257
168256
168252
168250
168249
168251
168252
168250
168247
168246
168247
168247
168247
168247
168247
168247
168247
168246
168246
168247
168249
168249
168248
168248
168246
168246
168247
168247
168247
168248
168249
168250
168249
168248
168248
168251
168253
168254
168255
168255
168257
168258
168257
168256
168255
168255
168255
168257
168258
168259
168260
168260
168258
168255
168255
168256
168258
168258
168257
168258
168260
168259
168255
168251
168248
168246
168246
168245
168245
168246
168248
168249
168248
168249
168252
168253
168255
168253
168250
168250
168251
168251
168251
168250
168251
168253
168254
168255
168255
168256
168258
168259
168258
168258
168258
168259
168259
168258
168257
168257
168258
168258
168257
168255
168254
168254
168254
168253
168251
168251
168252
168254
168253
168253
168253
168255
168256
168255
168255
168256
168258
168260
168259
168259
168259
168260
168260
168258
168255
168255
168255
168255
168253
168251
168250
168250
168251
168250
168249
168248
168248
168249
168248
168246
168247
168248
168248
168247
168246
168247
168249
168249
168247
168244
168242
168240
168239
168236
168233
168230
168229
168228
168226
168225
168226
168229
168232
168234
168236
168238
168240
168243
168245
168245
168246
168247
168247
168246
168244
168243
168243
168244
168242
168239
168237
168238
168239
168240
168240
168242
168245
168248
168250
168252
168253
168254
168257
168258
168260
168262
168266
168269
168270
168272
168274
168276
168278
168277
168276
168275
168275
168274
168272
168272
168272
168274
168275
168274
168272
168271
168271
168270
168267
168265
168265
168266
168266
168267
168267
168269
168272
168274
168275
168275
168276
168277
168278
168276
168276
168277
168278
168279
168279
168279
168278
168278
168280
168280
168280
168280
168281
168281
168281
168280
168279
168280
168280
168280
168278
168278
168280
168282
168282
168283
168283
168285
168286
168285
168285
168283
168281
168280
168278
168276
168275
168276
168278
168278
168279
168279
168282
168284
168285
168286
168287
168290
168292
168291
168288
168286
168284
168282
168278
168275
168273
168272
168270
168267
168263
168260
168260
168261
168260
168259
168259
168261
168264
168263
168262
168261
168261
168262
168261
168261
168262
168265
168265
168264
168263
168261
168259
168258
168255
168253
168252
168251
168250
168247
168246
168244
168244
168246
168248
168249
168251
168254
168255
168253
168253
168252
168253
168254
168253
168251
168250
168251
168251
168249
168247
168245
168244
168243
168241
168240
168242
168243
168244
168242
168241
168242
168244
168246
168246
168246
168247
168248
168249
168248
168248
168248
168249
168250
168251
168252
168253
168255
168255
168254
168252
168252
168252
168251
168248
168243
168242
168243
168244
168244
168241
168240
168242
168244
168245
168245
168246
168248
168249
168248
168247
168248
168250
168252
168251
168250
168249
168248
168245
168242
168239
168238
168240
168243
168244
168244
168246
168249
168250
168248
168246
168245
168245
168245
168244
168242
168242
168242
168243
168243
168242
168244
168247
168249
168249
168251
168253
168256
168258
168258
168257
168257
168260
168260
168259
168256
168255
168253
168251
168247
168242
168240
168240
168240
168238
168236
168237
168240
168244
168245
168247
168251
168257
168262
168263
168263
168264
168267
168267
168266
168265
168266
168267
168269
168268
168265
168263
168263
168261
168259
168258
168259
168262
168263
168262
168260
168259
168260
168261
168260
168260
168261
168264
168268
168270
168273
168277
168282
168285
168287
168290
168292
168293
168293
168292
168291
168290
168290
168288
168285
168281
168277
168272
168267
168261
168257
168256
168258
168260
168262
168266
168271
168276
168278
168278
168278
168279
168281
168282
168281
168280
168280
168279
168278
168277
168274
168272
168272
168271
168270
168269
168271
168274
168275
168275
168275
168276
168279
168281
168282
168282
168285
168287
168290
168290
168288
168286
168285
168284
168282
168280
168280
168280
168280
168280
168279
168279
168279
168279
168276
168274
168272
168270
168267
168263
168261
168263
168265
168265
168264
168261
168261
168262
168262
168261
168259
168259
168262
168264
168266
168268
168271
168274
168273
168271
168269
168267
168266
168264
168262
168260
168259
168260
168260
168260
168258
168258
168258
168257
168256
168256
168257
168258
168258
168257
168256
168257
168257
168258
168258
168257
168257
168257
168257
168256
168256
168258
168259
168259
168256
168254
168252
168252
168252
168250
168247
168248
168250
168252
168253
168254
168255
168255
168254
168252
168250
168250
168250
168248
168246
168246
168249
168250
168250
168250
168251
168252
168255
168256
168257
168258
168261
168263
168264
168264
168264
168265
168265
168265
168263
168260
168259
168257
168256
168254
168251
168252
168254
168255
168254
168253
168253
168254
168254
168253
168253
168254
168256
168257
168257
168257
168259
168260
168261
168259
168257
168258
168258
168257
168254
168251
168251
168251
168250
168248
168246
168245
168246
168246
168246
168245
168246
168247
168246
168246
168246
168248
168251
168252
168250
168248
168246
168246
168243
168240
168237
168236
168236
168234
168231
168229
168229
168228
168226
168223
168223
168227
168230
168230
168230
168231
168233
168234
168233
168231
168230
168230
168230
168226
168222
168219
168216
168212
168209
168206
168203
168203
168205
168206
168207
168208
168212
168216
168219
168220
168222
168225
168227
168228
168229
168229
168229
168231
168234
168234
168234
168235
168235
168235
168233
168231
168230
168230
168229
168227
168226
168227
168228
168231
168231
168233
168235
168239
168243
168245
168248
168251
168253
168254
168253
168253
168254
168254
168254
168253
168250
168248
168246
168243
168240
168239
168239
168241
168241
168240
168240
168242
168247
168250
168251
168252
168254
168257
168259
168259
168261
168263
168266
168267
168267
168269
168270
168272
168273
168272
168271
168269
168268
168266
168265
168264
168264
168265
168265
168265
168266
168270
168274
168277
168279
168281
168284
168288
168290
168291
168293
168296
168299
168300
168299
168299
168300
168299
168297
168294
168292
168291
168291
168288
168283
168279
168277
168276
168274
168272
168271
168274
168278
168278
168277
168277
168279
168280
168281
168280
168278
168278
168279
168278
168278
168277
168277
168277
168277
168275
168272
168270
168270
168270
168268
168266
168266
168267
168265
168264
168264
168265
168266
168264
168262
168259
168258
168258
168258
168257
168255
168255
168256
168255
168254
168254
168255
168255
168254
168252
168250
168250
168250
168250
168250
168249
168251
168252
168251
168249
168248
168249
168250
168249
168249
168249
168250
168251
168251
168249
168248
168249
168249
168248
168246
168246
168247
168249
168250
168248
168246
168245
168245
168242
168240
168238
168239
168242
168242
168242
168239
168240
168242
168241
168241
168242
168242
168243
168242
168241
168242
168243
168244
168244
168244
168245
168246
168248
168248
168245
168242
168243
168245
168245
168244
168246
168248
168250
168251
168250
168249
168249
168249
168247
168246
168246
168248
168251
168252
168251
168249
168248
168247
168244
168240
168236
168237
168239
168240
168241
168243
168246
168249
168252
168252
168253
168254
168257
168256
168255
168254
168255
168254
168251
168248
168246
168248
168249
168250
168251
168253
168256
168259
168260
168260
168261
168263
168264
168263
168262
168260
168259
168259
168256
168252
168250
168250
168251
168252
168252
168252
168254
168256
168257
168259
168260
168262
168265
168266
168264
168261
168258
168255
168251
168247
168246
168247
168247
168246
168246
168247
168248
168250
168251
168252
168252
168253
168254
168253
168250
168248
168248
168246
168243
168240
168238
168238
168239
168239
168239
168241
168243
168247
168248
168248
168249
168252
168254
168253
168252
168251
168251
168252
168250
168247
168244
168242
168241
168239
168235
168234
168235
168237
168239
168240
168242
168245
168248
168248
168246
168246
168248
168248
168246
168244
168243
168243
168245
168246
168246
168246
168248
168249
168249
168250
168251
168252
168254
168254
168253
168253
168253
168252
168249
168244
168241
168239
168238
168235
168233
168231
168231
168229
168228
168226
168226
168230
168233
168236
168238
168240
168245
168248
168248
168247
168245
168246
168246
168244
168241
168239
168239
168240
168240
168240
168241
168244
168247
168249
168251
168253
168255
168257
168256
168252
168249
168246
168244
168240
168236
168234
168235
168236
168235
168233
168232
168232
168232
168232
168231
168232
168237
168243
168247
168250
168253
168257
168259
168258
168257
168256
168255
168254
168252
168249
168247
168246
168246
168244
168241
168240
168242
168244
168244
168245
168247
168250
168252
168250
168249
168249
168251
168251
168248
168246
168245
168246
168246
168245
168242
168239
168239
168239
168241
168243
168245
168248
168253
168254
168256
168258
168262
168264
168264
168264
168264
168263
168263
168262
168259
168256
168255
168255
168254
168252
168251
168250
168250
168249
168248
168248
168249
168251
168253
168255
168256
168256
168256
168255
168252
168249
168248
168246
168244
168241
168242
168243
168245
168245
168244
168243
168244
168245
168243
168241
168241
168242
168244
168243
168241
168241
168241
168240
168240
168239
168239
168240
168240
168241
168241
168242
168245
168247
168247
168246
168245
168246
168248
168248
168248
168249
168251
168251
168249
168247
168245
168244
168244
168242
168238
168235
168235
168237
168238
168239
168240
168241
168241
168240
168239
168239
168242
168244
168246
168245
168245
168246
168247
168246
168245
168244
168243
168242
168241
168240
168240
168243
168245
168244
168243
168243
168244
168244
168244
168246
168248
168250
168250
168247
168244
168243
168244
168244
168244
168243
168243
168242
168241
168238
168236
168236
168239
168240
168240
168241
168242
168242
168241
168241
168240
168238
168238
168238
168237
168236
168236
168237
168240
168239
168239
168241
168242
168243
168242
168239
168239
168240
168242
168242
168242
168242
168242
168243
168243
168241
168240
168240
168239
168238
168236
168235
168236
168238
168236
168236
168236
168237
168236
168235
168233
168232
168234
168237
168238
168239
168240
168242
168242
168242
168240
168241
168242
168243
168242
168239
168238
168238
168237
168235
168231
168228
168227
168227
168224
168223
168222
168222
168222
168221
168220
168219
168219
168219
168217
168216
168215
168214
168213
168211
168209
168209
168209
168210
168210
168209
168208
168210
168211
168212
168210
168210
168211
168212
168211
168209
168208
168208
168208
168206
168205
168206
168206
168206
168204
168202
168201
168202
168202
168201
168199
168200
168201
168202
168203
168203
168204
168206
168209
168209
168209
168209
168211
168212
168211
168211
168212
168214
168214
168212
168211
168209
168209
168209
168206
168204
168205
168207
168208
168208
168210
168214
168219
168222
168222
168221
168220
168222
168222
168220
168219
168219
168220
168220
168218
168216
168215
168215
168214
168213
168212
168213
168215
168216
168216
168217
168220
168223
168227
168229
168231
168234
168237
168239
168239
168239
168238
168238
168237
168236
168234
168236
168239
168240
168239
168237
168236
168235
168234
168233
168231
168230
168230
168230
168229
168226
168225
168226
168225
168225
168225
168226
168230
168232
168232
168231
168233
168236
168237
168236
168235
168235
168235
168235
168233
168231
168230
168230
168230
168229
168226
168225
168227
168228
168227
168225
168225
168227
168226
168223
168222
168223
168225
168227
168228
168227
168226
168226
168226
168225
168225
168225
168227
168227
168226
168225
168225
168224
168224
168221
168218
168219
168220
168220
168221
168222
168223
168224
168225
168224
168223
168222
168221
168219
168216
168215
168216
168217
168217
168217
168216
168217
168218
168219
168218
168216
168216
168217
168218
168218
168218
168220
168223
168223
168223
168223
168225
168228
168229
168228
168225
168223
168223
168223
168222
168220
168220
168221
168222
168221
168220
168220
168219
168219
168217
168217
168218
168221
168222
168220
168218
168219
168222
168222
168221
168220
168219
168220
168220
168219
168218
168218
168218
168219
168219
168218
168219
168219
168220
168220
168219
168219
168220
168220
168219
168218
168219
168220
168220
168220
168218
168217
168217
168217
168216
168215
168216
168217
168218
168216
168215
168216
168217
168218
168218
168218
168220
168221
168221
168221
168221
168224
168226
168225
168224
168221
168221
168223
168225
168225
168224
168224
168224
168224
168222
168222
168223
168223
168223
168222
168220
168220
168221
168221
168220
168218
168217
168218
168220
168220
168218
168218
168219
168219
168217
168215
168216
168216
168215
168214
168213
168213
168213
168212
168210
168207
168207
168207
168208
168206
168204
168203
168203
168203
168200
168198
168198
168198
168197
168196
168194
168194
168194
168194
168193
168190
168190
168192
168192
168192
168192
168194
168196
168197
168197
168198
168199
168200
168200
168198
168196
168197
168196
168195
168193
168192
168194
168197
168197
168197
168197
168198
168199
168199
168198
168197
168199
168200
168200
168198
168195
168195
168196
168196
168196
168195
168195
168197
168198
168198
168198
168198
168199
168200
168200
168200
168202
168204
168206
168206
168206
168207
168208
168209
168210
168209
168209
168210
168211
168209
168208
168209
168209
168209
168208
168207
168207
168208
168209
168207
168205
168205
168205
168206
168204
168203
168204
168206
168207
168208
168209
168212
168216
168219
168222
168224
168228
168231
168232
168232
168233
168237
168241
168244
168245
168245
168248
168251
168253
168253
168253
168254
168254
168255
168255
168255
168255
168256
168257
168257
168257
168259
168261
168261
168261
168261
168263
168264
168263
168262
168263
168264
168268
168270
168271
168271
168272
168274
168274
168273
168272
168273
168275
168276
168276
168276
168277
168279
168280
168280
168281
168283
168285
168286
168285
168285
168287
168289
168289
168288
168287
168287
168288
168287
168287
168285
168287
168289
168290
168290
168290
168291
168292
168291
168289
168287
168288
168289
168288
168288
168288
168288
168287
168285
168283
168281
168279
168277
168275
168272
168269
168270
168270
168267
168265
168263
168262
168261
168260
168257
168255
168255
168255
168255
168254
168254
168255
168254
168254
168251
168248
168248
168248
168247
168245
168242
168241
168241
168241
168238
168235
168234
168232
168229
168226
168222
168220
168220
168219
168217
168215
168214
168213
168211
168209
168206
168205
168205
168206
168206
168205
168205
168206
168207
168206
168205
168206
168205
168204
168203
168201
168200
168199
168198
168196
168196
168198
168200
168199
168197
168194
168194
168195
168194
168193
168192
168192
168193
168194
168192
168192
168193
168194
168195
168195
168195
168197
168199
168200
168200
168199
168200
168203
168204
168204
168204
168206
168207
168207
168204
168200
168198
168198
168197
168196
168196
168197
168198
168197
168196
168195
168196
168198
168200
168200
168200
168202
168204
168204
168203
168203
168204
168205
168206
168205
168206
168205
168206
168205
168203
168202
168204
168206
168208
168209
168210
168212
168213
168213
168212
168211
168211
168212
168211
168211
168211
168213
168212
168212
168211
168210
168210
168211
168210
168210
168212
168214
168215
168214
168211
168210
168211
168212
168211
168209
168208
168207
168207
168207
168206
168205
168207
168207
168206
168203
168202
168201
168202
168203
168203
168203
168204
168206
168205
168205
168205
168207
168209
168211
168210
168210
168212
168212
168210
168207
168206
168207
168207
168206
168204
168202
168203
168204
168204
168203
168203
168205
168207
168207
168205
168204
168204
168206
168206
168207
168209
168211
168213
168212
168212
168212
168213
168212
168209
168206
168204
168202
168202
168202
168202
168202
168202
168204
168204
168203
168202
168205
168207
168208
168208
168208
168207
168206
168206
168204
168203
168202
168203
168201
168199
168198
168198
168198
168196
168192
168190
168191
168191
168190
168189
168189
168189
168189
168188
168186
168185
168186
168187
168188
168188
168188
168190
168191
168190
168190
168191
168192
168193
168194
168193
168192
168191
168192
168192
168190
168189
168190
168192
168192
168192
168191
168193
168195
168196
168197
168198
168199
168200
168199
168199
168198
168200
168202
168202
168201
168201
168202
168202
168201
168199
168199
168199
168201
168200
168199
168199
168199
168201
168201
168201
168201
168201
168201
168200
168200
168199
168199
168199
168198
168198
168198
168200
168201
168199
168198
168197
168199
168201
168202
168201
168200
168200
168199
168198
168196
168195
168195
168196
168196
168196
168197
168199
168201
168201
168199
168198
168201
168203
168202
168200
168199
168201
168202
168201
168198
168195
168195
168195
168195
168193
168195
168197
168198
168198
168197
168197
168198
168199
168198
168196
168195
168196
168197
168196
168195
168194
168195
168196
168197
168196
168195
168195
168197
168196
168195
168195
168196
168197
168196
168194
168193
168193
168193
168193
168192
168191
168193
168195
168194
168194
168194
168195
168196
168195
168192
168189
168188
168188
168186
168183
168183
168185
168187
168187
168186
168186
168187
168189
168189
168188
168188
168189
168190
168188
168185
168184
168184
168183
168180
168178
168176
168178
168180
168180
168181
168182
168183
168183
168182
168182
168182
168184
168186
168185
168184
168183
168182
168180
168179
168177
168177
168178
168178
168178
168176
168175
168175
168176
168176
168178
168180
168183
168185
168186
168185
168184
168184
168184
168183
168182
168181
168181
168183
168184
168184
168186
168190
168192
168191
168190
168190
168192
168194
168195
168196
168197
168199
168202
168202
168201
168200
168200
168200
168200
168199
168198
168199
168199
168198
168197
168196
168197
168198
168199
168199
168199
168200
168202
168203
168203
168204
168207
168208
168206
168205
168205
168205
168204
168203
168202
168203
168205
168207
168207
168205
168205
168206
168206
168205
168203
168201
168200
168200
168197
168196
168196
168197
168198
168197
168197
168199
168201
168205
168208
168212
168215
168219
168221
168219
168216
168214
168212
168209
168205
168199
168195
168194
168191
168188
168185
168184
168183
168182
168181
168179
168178
168180
168183
168184
168184
168185
168188
168190
168190
168190
168192
168195
168195
168195
168193
168192
168194
168194
168191
168188
168186
168184
168181
168177
168173
168170
168170
168169
168168
168167
168165
168165
168164
168162
168160
168158
168158
168159
168158
168157
168157
168159
168160
168160
168161
168162
168164
168166
168166
168164
168163
168164
168166
168167
168169
168171
168173
168174
168175
168173
168172
168171
168170
168168
168164
168162
168163
168163
168161
168160
168161
168163
168167
168170
168173
168179
168184
168189
168191
168192
168193
168195
168195
168191
168186
168182
168179
168175
168170
168166
168163
168161
168159
168157
168155
168154
168156
168157
168158
168159
168161
168163
168166
168167
168166
168168
168172
168175
168177
168178
168180
168183
168185
168185
168184
168185
168186
168187
168186
168186
168185
168184
168184
168183
168182
168183
168187
168190
168191
168192
168195
168198
168200
168201
168201
168201
168201
168202
168202
168201
168201
168202
168203
168203
168203
168204
168206
168209
168210
168210
168210
168209
168209
168207
168204
168202
168202
168202
168199
168197
168197
168199
168200
168199
168197
168196
168196
168196
168194
168191
168189
168188
168189
168188
168185
168186
168189
168189
168189
168190
168191
168193
168195
168193
168191
168190
168189
168188
168185
168182
168180
168180
168180
168178
168177
168176
168174
168173
168170
168168
168168
168169
168171
168173
168175
168179
168181
168182
168182
168181
168182
168183
168183
168182
168181
168180
168179
168176
168171
168167
168164
168163
168162
168160
168159
168158
168159
168161
168160
168160
168161
168165
168168
168171
168171
168171
168172
168175
168175
168176
168179
168179
168180
168180
168180
168183
168185
168185
168184
168184
168185
168186
168186
168184
168181
168180
168179
168178
168176
168174
168174
168175
168176
168176
168174
168174
168175
168175
168173
168173
168174
168177
168179
168180
168181
168182
168186
168187
168187
168186
168187
168190
168190
168188
168185
168185
168186
168188
168187
168185
168186
168188
168188
168188
168188
168190
168192
168193
168193
168193
168196
168198
168199
168197
168195
168193
168191
168189
168186
168184
168184
168183
168182
168181
168181
168182
168185
168188
168190
168192
168197
168202
168205
168206
168207
168210
168212
168213
168214
168214
168214
168214
168212
168207
168204
168204
168203
168202
168201
168200
168200
168202
168202
168200
168199
168200
168200
168201
168202
168203
168203
168203
168203
168202
168200
168199
168199
168198
168196
168194
168196
168197
168199
168199
168201
168203
168204
168204
168204
168204
168205
168205
168205
168202
168200
168199
168200
168200
168197
168195
168195
168195
168195
168194
168194
168195
168199
168201
168202
168201
168203
168202
168201
168197
168193
168191
168191
168190
168188
168186
168188
168191
168193
168194
168193
168192
168193
168193
168191
168189
168189
168190
168190
168187
168184
168184
168184
168183
168180
168179
168178
168180
168180
168180
168180
168182
168185
168187
168188
168189
168191
168194
168194
168192
168190
168190
168189
168187
168184
168180
168180
168180
168180
168176
168175
168178
168179
168180
168180
168181
168183
168185
168185
168184
168182
168182
168182
168182
168179
168176
168176
168177
168177
168176
168174
168175
168175
168177
168178
168180
168183
168187
168186
168186
168183
168181
168182
168182
168178
168178
168180
168181
168181
168181
168179
168182
168181
168182
168182
168181
168180
168181
168183
168183
168185
168187
168188
168188
168189
168188
168188
168189
168188
168184
168184
168184
168184
168184
168182
168182
168184
168184
168185
168185
168184
168186
168188
168187
168186
168186
168185
168188
168187
168187
168187
168187
168189
168189
168187
168185
168186
168187
168188
168186
168185
168186
168188
168188
168185
168186
168186
168186
168187
168183
168181
168178
168178
168178
168178
168176
168177
168177
168178
168176
168176
168176
168178
168180
168181
168182
168183
168184
168185
168185
168183
168183
168185
168186
168186
168186
168186
168188
168189
168187
168186
168185
168184
168184
168181
168181
168181
168181
168180
168179
168179
168181
168184
168186
168186
168185
168187
168189
168189
168188
168187
168187
168187
168187
168186
168186
168187
168187
168188
168189
168188
168187
168187
168188
168187
168186
168187
168189
168189
168188
168186
168188
168187
168188
168186
168186
168187
168188
168188
168187
168183
168184
168185
168184
168184
168184
168186
168187
168186
168187
168183
168186
168187
168185
168184
168184
168186
168188
168185
168185
168185
168188
168188
168188
168187
168184
168185
168185
168186
168183
168181
168182
168181
168179
168179
168180
168180
168182
168185
168184
168183
168183
168185
168185
168185
168183
168181
168184
168185
168185
168183
168184
168186
168185
168184
168184
168184
168185
168185
168185
168183
168184
168186
168186
168184
168182
168182
168184
168180
168179
168177
168178
168179
168178
168177
168177
168178
168181
168182
168182
168182
168184
168183
168182
168180
168180
168182
168183
168182
168180
168179
168179
168179
168180
168181
168180
168182
168184
168186
168186
168187
168190
168193
168195
168196
168196
168196
168194
168191
168186
168183
168181
168177
168174
168173
168171
168172
168174
168176
168177
168178
168179
168177
168177
168176
168174
168175
168176
168176
168175
168175
168173
168175
168177
168177
168177
168179
168178
168178
168176
168176
168174
168175
168175
168173
168173
168175
168174
168170
168170
168170
168173
168174
168173
168174
168174
168175
168176
168177
168174
168172
168171
168173
168171
168169
168169
168169
168171
168172
168172
168171
168170
168171
168171
168170
168169
168168
168170
168169
168168
168168
168170
168172
168173
168175
168175
168176
168176
168176
168175
168174
168174
168175
168175
168175
168175
168176
168177
168178
168177
168175
168175
168176
168174
168172
168171
168172
168173
168171
168169
168168
168170
168169
168170
168172
168171
168172
168173
168171
168169
168167
168168
168169
168169
168169
168168
168170
168172
168172
168171
168171
168171
168172
168171
168171
168170
168170
168170
168171
168170
168170
168172
168174
168176
168176
168175
168176
168178
168176
168175
168175
168175
168177
168177
168178
168178
168178
168180
168179
168177
168177
168179
168180
168180
168179
168180
168181
168182
168182
168182
168181
168182
168182
168182
168180
168179
168178
168179
168178
168178
168177
168177
168178
168177
168176
168175
168174
168174
168173
168171
168170
168172
168174
168176
168174
168174
168176
168178
168181
168182
168184
168187
168188
168188
168186
168183
168181
168181
168179
168176
168175
168175
168176
168176
168175
168176
168179
168182
168181
168179
168177
168176
168175
168173
168170
168171
168173
168175
168175
168174
168175
168175
168176
168174
168173
168174
168177
168179
168180
168180
168180
168181
168182
168180
168180
168179
168179
168180
168180
168179
168179
168180
168182
168181
168181
168181
168182
168183
168182
168177
168173
168174
168175
168175
168175
168175
168176
168178
168178
168175
168174
168176
168177
168177
168175
168174
168175
168176
168176
168175
168176
168177
168178
168177
168176
168176
168178
168179
168178
168177
168177
168178
168179
168178
168176
168175
168176
168177
168176
168175
168175
168176
168178
168178
168176
168174
168174
168175
168175
168173
168173
168175
168176
168175
168172
168171
168173
168175
168175
168176
168176
168179
168180
168178
168176
168175
168174
168175
168174
168173
168171
168170
168170
168170
168169
168169
168171
168173
168172
168171
168171
168173
168174
168173
168172
168173
168176
168179
168182
168183
168183
168182
168181
168179
168178
168177
168177
168178
168178
168177
168178
168180
168181
168180
168180
168180
168183
168184
168183
168180
168179
168179
168180
168180
168180
168179
168179
168182
168183
168182
168182
168183
168183
168180
168178
168177
168177
168178
168178
168178
168179
168180
168180
168181
168182
168184
168188
168193
168196
168197
168199
168201
168203
168204
168204
168205
168205
168205
168203
168198
168194
168194
168192
168191
168189
168189
168192
168197
168201
168204
168207
168212
168216
168219
168221
168224
168230
168236
168240
168244
168249
168254
168258
168259
168259
168261
168263
168266
168267
168267
168267
168269
168271
168272
168272
168272
168273
168274
168272
168271
168271
168271
168274
168275
168276
168279
168283
168286
168287
168289
168292
168296
168298
168298
168297
168297
168298
168300
168300
168298
168297
168297
168296
168292
168287
168282
168279
168278
168276
168274
168271
168271
168271
168268
168263
168258
168254
168251
168246
168241
168239
168240
168241
168240
168240
168241
168243
168244
168244
168243
168242
168243
168243
168240
168238
168235
168233
168232
168229
168225
168223
168221
168221
168220
168217
168215
168214
168213
168210
168207
168205
168204
168204
168202
168199
168197
168197
168198
168198
168197
168198
168200
168202
168203
168203
168201
168201
168201
168200
168199
168198
168198
168197
168194
168194
168193
168192
168192
168189
168187
168185
168185
168183
168181
168178
168176
168175
168173
168171
168169
168170
168172
168174
168175
168174
168174
168176
168177
168176
168175
168175
168176
168176
168175
168175
168175
168176
168177
168176
168177
168178
168181
168184
168186
168186
168187
168186
168186
168184
168183
168183
168185
168186
168187
168186
168188
168190
168191
168190
168188
168188
168190
168190
168189
168188
168188
168188
168189
168187
168184
168183
168184
168186
168185
168184
168184
168185
168185
168184
168184
168184
168185
168186
168185
168184
168184
168184
168184
168182
168179
168179
168180
168181
168180
168179
168180
168180
168181
168179
168176
168176
168177
168177
168178
168179
168180
168183
168185
168185
168184
168184
168185
168186
168185
168183
168183
168184
168185
168185
168186
168188
168191
168194
168195
168196
168195
168195
168197
168197
168197
168198
168199
168199
168198
168196
168196
168197
168198
168198
168196
168196
168197
168199
168197
168195
168195
168194
168194
168193
168192
168192
168192
168193
168193
168194
168195
168196
168197
168198
168197
168199
168200
168202
168204
168204
168206
168207
168206
168204
168201
168199
168199
168198
168198
168198
168199
168201
168202
168201
168201
168202
168204
168205
168206
168207
168209
168212
168212
168211
168210
168211
168211
168212
168211
168211
168212
168213
168212
168210
168207
168206
168206
168204
168202
168200
168200
168202
168204
168204
168206
168209
168211
168211
168210
168208
168207
168207
168207
168206
168205
168204
168204
168205
168204
168201
168200
168203
168204
168205
168205
168206
168209
168211
168211
168212
168214
168217
168219
168218
168216
168215
168213
168210
168206
168203
168201
168200
168200
168198
168196
168196
168198
168200
168200
168200
168201
168202
168200
168198
168195
168193
168193
168192
168191
168190
168189
168190
168191
168190
168190
168190
168192
168193
168192
168192
168193
168195
168197
168199
168200
168202
168205
168208
168207
168205
168203
168203
168204
168204
168204
168206
168208
168210
168211
168210
168210
168211
168212
168212
168211
168211
168212
168212
168208
168205
168205
168206
168206
168206
168205
168205
168207
168208
168207
168208
168209
168210
168211
168209
168207
168206
168206
168207
168205
168206
168208
168210
168213
168214
168213
168213
168214
168214
168212
168210
168209
168208
168207
168206
168206
168208
168209
168210
168209
168208
168208
168210
168209
168207
168206
168206
168207
168208
168208
168207
168208
168210
168211
168212
168212
168213
168215
168215
168214
168214
168213
168213
168214
168212
168210
168208
168207
168205
168203
168199
168199
168201
168202
168201
168199
168197
168197
168198
168197
168197
168198
168198
168196
168194
168194
168193
168195
168196
168196
168194
168196
168198
168198
168196
168195
168195
168194
168193
168192
168190
168190
168190
168190
168189
168188
168187
168188
168189
168189
168189
168190
168192
168194
168193
168192
168193
168194
168192
168190
168189
168188
168188
168187
168183
168179
168178
168179
168179
168178
168175
168176
168177
168177
168175
168174
168176
168177
168177
168176
168176
168176
168179
168178
168177
168177
168177
168178
168179
168178
168175
168175
168175
168175
168172
168170
168168
168167
168166
168164
168162
168164
168165
168166
168166
168167
168170
168172
168174
168174
168172
168173
168175
168175
168173
168172
168172
168172
168171
168170
168168
168169
168171
168172
168172
168173
168175
168177
168177
168175
168173
168174
168174
168175
168174
168174
168174
168176
168178
168178
168180
168183
168185
168185
168183
168182
168183
168185
168184
168180
168178
168176
168177
168176
168175
168174
168174
168175
168176
168175
168176
168179
168182
168185
168185
168186
168189
168190
168191
168190
168189
168190
168192
168193
168193
168192
168192
168191
168191
168189
168188
168189
168191
168193
168193
168193
168193
168193
168194
168193
168193
168194
168195
168195
168194
168194
168195
168196
168197
168198
168198
168198
168200
168202
168202
168202
168204
168207
168206
168204
168202
168204
168205
168204
168204
168204
168206
168207
168207
168206
168205
168206
168209
168208
168207
168207
168207
168207
168208
168207
168206
168208
168211
168213
168213
168213
168214
168215
168216
168216
168216
168217
168218
168219
168218
168217
168217
168220
168221
168219
168219
168221
168222
168221
168220
168219
168219
168221
168220
168220
168218
168218
168218
168215
168213
168212
168212
168213
168215
168214
168214
168214
168216
168216
168215
168214
168215
168216
168216
168217
168218
168219
168222
168225
168226
168227
168230
168233
168234
168234
168234
168236
168238
168239
168239
168238
168240
168243
168244
168244
168243
168244
168244
168243
168241
168238
168237
168237
168236
168235
168235
168237
168239
168240
168241
168243
168246
168246
168245
168245
168245
168244
168245
168243
168239
168236
168235
168234
168232
168229
168226
168226
168228
168227
168226
168225
168223
168223
168222
168220
168218
168220
168222
168222
168221
168220
168220
168220
168217
168214
168211
168209
168208
168207
168205
168204
168205
168206
168206
168206
168205
168206
168206
168207
168207
168208
168208
168210
168209
168208
168206
168207
168208
168208
168206
168205
168206
168206
168203
168199
168194
168191
168187
168184
168181
168178
168178
168179
168180
168180
168181
168182
168184
168185
168183
168181
168182
168182
168181
168181
168180
168182
168183
168181
168178
168178
168180
168181
168182
168183
168184
168187
168191
168192
168193
168193
168195
168196
168194
168193
168191
168192
168193
168192
168190
168187
168186
168186
168184
168181
168180
168181
168184
168186
168188
168192
168197
168201
168203
168203
168201
168201
168201
168199
168196
168195
168195
168196
168195
168193
168191
168191
168191
168189
168189
168189
168189
168191
168192
168193
168195
168198
168200
168200
168199
168198
168198
168198
168196
168195
168194
168197
168199
168201
168202
168202
168203
168204
168206
168206
168206
168206
168206
168205
168202
168201
168201
168202
168203
168205
168208
168210
168211
168211
168211
168210
168212
168214
168215
168215
168215
168217
168219
168219
168218
168219
168220
168222
168223
168222
168220
168220
168223
168223
168224
168224
168224
168226
168228
168227
168228
168229
168231
168231
168229
168228
168228
168227
168226
168223
168222
168221
168221
168220
168220
168218
168219
168220
168219
168218
168219
168218
168218
168217
168216
168215
168217
168218
168219
168219
168218
168219
168222
168221
168220
168220
168221
168221
168222
168221
168221
168222
168223
168223
168222
168221
168222
168221
168219
168218
168219
168223
168227
168227
168225
168225
168225
168226
168225
168223
168221
168222
168223
168223
168223
168223
168226
168227
168227
168226
168226
168227
168227
168226
168224
168224
168224
168225
168224
168223
168222
168221
168222
168222
168220
168218
168220
168220
168219
168218
168218
168219
168222
168223
168222
168222
168225
168227
168228
168228
168229
168230
168232
168232
168231
168230
168231
168231
168229
168227
168227
168228
168229
168229
168228
168229
168231
168233
168232
168231
168229
168230
168230
168228
168224
168220
168220
168220
168221
168221
168221
168224
168227
168227
168225
168225
168226
168227
168227
168228
168231
168233
168235
168236
168236
168237
168237
168239
168239
168237
168235
168237
168237
168235
168234
168232
168231
168231
168231
168229
168227
168229
168230
168230
168227
168227
168229
168230
168229
168227
168226
168227
168227
168226
168227
168227
168228
168229
168229
168229
168229
168229
168230
168228
168225
168224
168223
168222
168220
168218
168216
168217
168219
168218
168218
168216
168217
168218
168216
168214
168213
168213
168214
168213
168211
168211
168213
168215
168214
168212
168213
168213
168214
168213
168212
168211
168214
168216
168216
168214
168214
168214
168215
168216
168215
168216
168217
168218
168219
168219
168217
168218
168219
168219
168218
168218
168217
168215
168213
168212
168211
168210
168209
168206
168204
168201
168200
168199
168196
168193
168191
168190
168189
168186
168182
168179
168175
168173
168168
168165
168162
168161
168162
168162
168160
168161
168164
168164
168164
168164
168163
168164
168167
168169
168168
168168
168170
168171
168173
168172
168174
168175
168177
168178
168178
168174
168176
168177
168177
168178
168177
168179
168182
168183
168183
168182
168182
168186
168187
168187
168187
168189
168194
168193
168191
168190
168190
168191
168188
168187
168185
168188
168191
168190
168190
168190
168191
168189
168187
168187
168188
168187
168188
168189
168191
168192
168193
168196
168197
168197
168201
168203
168206
168208
168210
168212
168210
168209
168207
168205
168205
168206
168210
168211
168209
168212
168214
168217
168224
168227
168226
168227
168231
168231
168229
168227
168226
168228
168229
168228
168227
168227
168230
168227
168229
168231
168233
168239
168240
168239
168240
168242
168242
168241
168237
168234
168235
168233
168229
168224
168225
168226
168228
168227
168227
168232
168232
168240
168243
168241
168243
168245
168244
168241
168237
168237
168236
168233
168230
168227
168221
168221
168220
168216
168213
168215
168216
168214
168218
168217
168219
168222
168222
168225
168227
168230
168235
168239
168241
168243
168243
168247
168252
168255
168258
168260
168263
168264
168266
168263
168261
168260
168262
168260
168257
168255
168254
168254
168251
168246
168246
168245
168245
168241
168238
168237
168238
168239
168239
168238
168240
168242
168243
168244
168245
168246
168246
168247
168250
168249
168246
168248
168251
168247
168251
168252
168252
168253
168252
168248
168248
168247
168245
168242
168236
168234
168236
168235
168232
168228
168233
168230
168231
168227
168230
168234
168233
168233
168234
168238
168230
168229
168230
168229
168225
168221
168220
168218
168215
168216
168220
168213
168217
168221
168220
168224
168221
168218
168221
168222
168217
168211
168209
168211
168215
168211
168209
168209
168207
168205
168205
168203
168204
168198
168202
168196
168200
168207
168193
168199
168204
168210
168205
168205
168211
168212
168217
168208
168203
168214
168222
168229
168226
168220
168209
168218
168230
168211
168214
168222
168219
168212
168228
168223
168213
168213
168224
168230
168225
168220
168213
168223
168220
168233
168217
168241
168217
168222
168235
168242
168238
168223
168216
168226
168227
168218
168209
168219
168202
168204
168210
168211
168211
168203
168213
168208
168213
168225
168231
168223
168211
168215
168226
168225
168236
168215
168214
168218
168223
168220
168210
168210
168226
168219
168204
168212
168212
168204
168209
168200
168197
168200
168208
168197
168199
168204
168196
168199
168200
168189
168193
168190
168196
168185
168171
168173
168174
168174
168171
168170
168171
168174
168178
168180
168181
168184
168190
168193
168194
168195
168196
168199
168203
168203
168202
168202
168201
168200
168198
168195
168193
168193
168193
168190
168188
168187
168188
168190
168190
168190
168191
168194
168194
168194
168194
168194
168193
168192
168192
168190
168191
168194
168198
168199
168200
168202
168205
168206
168208
168210
168212
168213
168216
168218
168218
168218
168220
168220
168217
168214
168214
168214
168211
168208
168204
168205
168208
168207
168208
168207
168210
168213
168214
168215
168216
168220
168221
168221
168221
168219
168217
168215
168211
168204
168200
168194
168192
168190
168181
168185
168188
168184
168183
168187
168187
168191
168194
168196
168198
168199
168202
168199
168198
168193
168189
168183
168184
168184
168183
168176
168169
168172
168176
168175
168176
168177
168187
168204
168183
168187
168200
168191
168200
168197
168194
168200
168217
168207
168215
168206
168210
168213
168186
168196
168205
168200
168199
168180
168198
168210
168199
168194
168215
168208
168192
168190
168206
168208
168210
168210
168227
168240
168196
168217
168229
168216
168225
168235
168199
168175
168218
168228
168209
168198
168208
168249
168206
168181
168197
168231
168233
168205
168174
168189
168212
168213
168200
168207
168201
168178
168186
168190
168192
168214
168198
168184
168190
168201
168219
168161
168172
168209
168197
168191
168186
168203
168200
168204
168204
168200
168191
168218
168203
168196
168206
168216
168217
168205
168215
168217
168220
168206
168206
168210
168217
168203
168206
168209
168207
168200
168205
168205
168211
168213
168217
168216
168213
168204
168213
168215
168206
168208
168216
168214
168206
168206
168218
168219
168214
168204
168194
168210
168230
168217
168216
168218
168212
168211
168213
168206
168206
168209
168208
168206
168205
168215
168210
168210
168208
168204
168202
168201
168198
168199
168203
168201
168203
168200
168204
168202
168200
168199
168208
168207
168207
168199
168199
168212
168204
168202
168207
168203
168206
168208
168204
168205
168207
168205
168204
168206
168206
168209
168204
168200
168200
168197
168195
168198
168204
168201
168200
168203
168206
168203
168203
168197
168200
168201
168194
168191
168190
168192
168195
168188
168191
168191
168191
168193
168192
168187
168190
168191
168191
168192
168189
168184
168192
168178
168186
168178
168168
168177
168184
168183
168174
168181
168171
168183
168185
168194
168182
168180
168184
168177
168183
168184
168198
168186
168169
168183
168191
168200
168196
168176
168193
168188
168191
168182
168189
168179
168170
168192
168188
168181
168176
168185
168187
168197
168200
168192
168199
168191
168202
168181
168195
168203
168193
168179
168182
168188
168185
168188
168187
168199
168186
168173
168186
168190
168190
168187
168186
168185
168186
168183
168175
168170
168189
168188
168189
168186
168181
168195
168198
168193
168186
168184
168190
168194
168187
168167
168183
168177
168185
168197
168188
168198
168185
168174
168174
168190
168171
168198
168169
168167
168191
168181
168170
168197
168190
168173
168177
168189
168202
168183
168186
168179
168188
168149
168156
168220
168143
168174
168179
168156
168174
168127
168150
168136
168156
168169
168155
168155
168154
168162
168155
168155
168142
168145
168157
168152
168143
168160
168146
168150
168160
168163
168148
168146
168138
168151
168158
168167
168134
168154
168155
168140
168137
168163
168133
168155
168135
168134
168120
168144
168163
168160
168147
168174
168173
168167
168141
168163
168155
168151
168163
168167
168165
168170
168155
168149
168162
168150
168150
168131
168142
168137
168132
168134
168136
168166
168146
168128
168153
168151
168148
168148
168151
168152
168167
168155
168139
168141
168149
168150
168149
168117
168130
168138
168120
168106
168150
168145
168128
168146
168130
168132
168134
168166
168131
168137
168149
168152
168159
168153
168140
168136
168163
168144
168125
168150
168166
168148
168154
168149
168146
168158
168156
168160
168154
168169
168136
168147
168157
168142
168147
168150
168124
168121
168131
168137
168132
168148
168121
168132
168143
168138
168127
168145
168166
168144
168150
168146
168142
168155
168155
168129
168136
168138
168101
168119
168131
168109
168116
168126
168103
168118
168125
168124
168115
168116
168136
168132
168136
168148
168164
168135
168145
168155
168173
168140
168118
168142
168110
168140
168131
168130
168129
168125
168117
168139
168149
168149
168163
168155
168154
168163
168174
168174
168145
168144
168130
168138
168136
168150
168124
168150
168127
168121
168130
168138
168120
168134
168149
168139
168158
168155
168158
168142
168137
168142
168137
168160
168158
168123
168122
168132
168124
168098
168116
168115
168126
168094
168097
168143
168145
168125
168118
168121
168136
168139
168130
168153
168146
168150
168129
168135
168153
168135
168108
168106
168122
168148
168142
168116
168143
168159
168148
168138
168139
168152
168158
168162
168157
168158
168143
168155
168163
168138
168164
168157
168146
168148
168162
168162
168166
168167
168152
168169
168176
168192
168182
168155
168136
168132
168149
168160
168156
168177
168160
168164
168174
168161
168146
168157
168166
168163
168162
168172
168158
168162
168172
168178
168164
168158
168173
168169
168163
168152
168158
168165
168170
168176
168173
168173
168171
168180
168183
168179
168170
168156
168161
168176
168178
168164
168162
168164
168160
168165
168170
168163
168173
168175
168178
168178
168172
168180
168180
168193
168196
168188
168176
168188
168183
168182
168182
168182
168175
168160
168142
168133
168140
168137
168125
168129
168130
168144
168132
168116
168138
168146
168158
168164
168160
168166
168161
168159
168157
168150
168150
168163
168170
168165
168153
168150
168159
168163
168171
168169
168175
168163
168166
168159
168146
168153
168147
168141
168153
168147
168145
168142
168135
168155
168138
168108
168108
168115
168124
168126
168134
168137
168141
168140
168150
168148
168158
168159
168155
168148
168159
168157
168149
168146
168134
168130
168115
168135
168131
168120
168118
168115
168130
168130
168117
168118
168126
168120
168133
168144
168152
168150
168136
168132
168134
168133
168134
168134
168131
168130
168130
168128
168136
168139
168140
168135
168131
168124
168128
168121
168114
168123
168125
168132
168136
168134
168123
168130
168129
168129
168136
168142
168144
168140
168140
168144
168139
168135
168131
168131
168129
168124
168126
168132
168128
168128
168127
168134
168142
168138
168134
168140
168143
168146
168146
168141
168151
168150
168147
168147
168155
168152
168150
168147
168157
168157
168156
168149
168148
168156
168152
168149
168149
168154
168153
168150
168154
168162
168156
168163
168168
168170
168168
168168
168166
168164
168162
168165
168162
168160
168160
168166
168166
168164
168158
168161
168168
168167
168168
168167
168166
168170
168171
168176
168180
168171
168181
168179
168173
168170
168174
168173
168173
168174
168173
168166
168172
168177
168175
168171
168175
168174
168173
168171
168178
168177
168170
168183
168183
168181
168182
168189
168190
168189
168188
168184
168185
168189
168184
168180
168177
168180
168184
168176
168181
168180
168176
168174
168174
168175
168172
168172
168168
168164
168163
168161
168152
168157
168157
168155
168156
168158
168161
168164
168159
168159
168164
168164
168167
168167
168166
168166
168174
168167
168174
168170
168166
168159
168166
168164
168166
168155
168160
168169
168164
168165
168164
168168
168169
168168
168165
168177
168179
168182
168180
168173
168183
168190
168192
168188
168181
168186
168191
168195
168199
168197
168199
168204
168207
168203
168201
168207
168208
168212
168205
168212
168209
168215
168214
168212
168213
168215
168215
168214
168211
168214
168217
168208
168210
168212
168213
168211
168213
168216
168219
168218
168221
168222
168218
168218
168226
168223
168219
168227
168226
168221
168214
168217
168217
168222
168224
168221
168218
168219
168216
168212
168204
168206
168211
168205
168201
168205
168207
168208
168204
168210
168210
168213
168223
168224
168226
168229
168235
168229
168227
168218
168224
168228
168225
168222
168216
168216
168213
168222
168225
168214
168210
168209
168211
168211
168211
168212
168211
168213
168213
168212
168207
168211
168213
168214
168214
168214
168213
168210
168211
168208
168211
168211
168213
168214
168219
168224
168223
168224
168221
168217
168217
168218
168217
168213
168212
168213
168219
168213
168211
168217
168216
168213
168214
168217
168211
168215
168224
168222
168225
168221
168218
168221
168229
168227
168222
168220
168227
168227
