168781
168782
168779
168780
168771
168768
168771
168770
168764
168778
168773
168770
168776
168777
168776
168773
168772
168776
168780
168774
168774
168776
168778
168784
168778
168780
168780
168782
168781
168784
168784
168779
168777
168765
168778
168779
168780
168786
168780
168766
168763
168774
168773
168771
168771
168771
168772
168768
168777
168783
168780
168773
168765
168770
168772
168768
168768
168773
168774
168776
168773
168774
168773
168772
168764
168767
168768
168766
168767
168769
168770
168771
168766
168769
168770
168771
168769
168767
168765
168767
168768
168770
168766
168769
168767
168760
168762
168768
168770
168767
168765
168770
168765
168762
168778
168783
168779
168780
168777
168761
168763
168780
168795
168787
168761
168751
168762
168775
168775
168780
168782
168774
168774
168769
168772
168775
168783
168780
168778
168771
168767
168770
168770
168763
168757
168756
168759
168759
168761
168759
168750
168755
168758
168758
168753
168748
168749
168747
168745
168748
168748
168752
168752
168746
168744
168744
168742
168743
168738
168727
168730
168735
168737
168739
168736
168737
168742
168744
168751
168741
168739
168740
168744
168742
168737
168741
168736
168733
168731
168727
168730
168736
168734
168735
168736
168734
168738
168738
168736
168739
168738
168741
168736
168730
168734
168737
168737
168735
168738
168737
168739
168742
168739
168739
168738
168743
168745
168738
168740
168742
168744
168747
168746
168747
168751
168747
168745
168752
168754
168768
168775
168782
168792
168797
168796
168796
168807
168813
168816
168821
168823
168829
168833
168837
168835
168841
168843
168849
168852
168852
168854
168855
168855
168858
168860
168864
168865
168862
168868
168869
168867
168862
168859
168865
168870
168869
168866
168861
168865
168868
168874
168877
168871
168869
168872
168871
168870
168866
168864
168862
168863
168872
168873
168864
168870
168872
168870
168867
168868
168874
168871
168869
168872
168871
168875
168877
168874
168872
168879
168875
168867
168868
168870
168870
168873
168875
168878
168875
168877
168873
168871
168874
168877
168880
168875
168877
168880
168881
168879
168876
168871
168876
168886
168883
168878
168874
168874
168875
168874
168871
168869
168864
168867
168866
168862
168860
168863
168860
168857
168851
168851
168859
168861
168858
168852
168850
168850
168852
168849
168850
168851
168851
168852
168849
168851
168853
168850
168853
168850
168847
168844
168848
168850
168847
168850
168847
168848
168844
168843
168843
168844
168846
168847
168845
168848
168846
168844
168840
168847
168849
168856
168859
168866
168872
168874
168873
168869
168871
168872
168878
168875
168874
168888
168897
168887
168884
168875
168865
168849
168867
168907
168917
168905
168902
168902
168899
168896
168897
168903
168901
168896
168897
168897
168898
168897
168891
168881
168888
168897
168897
168895
168897
168893
168894
168895
168892
168893
168894
168888
168884
168884
168885
168881
168879
168888
168892
168877
168883
168874
168861
168875
168879
168885
168893
168891
168887
168889
168873
168858
168873
168887
168899
168908
168903
168893
168902
168901
168892
168888
168886
168890
168891
168884
168881
168886
168888
168897
168908
168894
168892
168892
168892
168895
168884
168880
168881
168880
168877
168874
168875
168870
168868
168864
168876
168885
168885
168878
168880
168879
168875
168862
168865
168880
168877
168877
168875
168863
168875
168881
168886
168899
168865
168856
168865
168862
168874
168877
168893
168907
168908
168913
168921
168925
168919
168918
168934
168943
168930
168924
168932
168934
168925
168927
168927
168927
168917
168914
168911
168909
168909
168909
168910
168907
168898
168891
168893
168897
168899
168893
168893
168897
168893
168882
168883
168878
168877
168890
168878
168864
168870
168867
168865
168871
168869
168862
168865
168862
168858
168857
168852
168855
168858
168858
168864
168864
168862
168862
168854
168849
168853
168847
168844
168846
168849
168854
168854
168859
168852
168851
168856
168850
168853
168854
168848
168844
168845
168836
168848
168859
168860
168851
168849
168854
168847
168844
168850
168858
168858
168851
168853
168858
168872
168866
168873
168871
168883
168890
168898
168900
168899
168900
168912
168901
168883
168883
168884
168879
168879
168882
168893
168896
168900
168912
168907
168907
168902
168902
168897
168887
168894
168903
168898
168892
168886
168882
168882
168881
168880
168875
168883
168885
168884
168876
168877
168879
168874
168874
168871
168874
168878
168881
168876
168871
168876
168876
168879
168878
168871
168868
168869
168868
168862
168860
168862
168858
168863
168862
168857
168854
168855
168852
168853
168856
168857
168857
168861
168860
168861
168865
168863
168865
168870
168868
168864
168865
168863
168852
168841
168836
168835
168838
168833
168829
168837
168840
168844
168846
168846
168852
168852
168853
168850
168840
168836
168850
168853
168851
168852
168852
168841
168835
168845
168853
168850
168854
168855
168857
168858
168851
168851
168849
168842
168845
168867
168861
168853
168853
168852
168855
168858
168855
168851
168854
168858
168852
168850
168849
168856
168865
168865
168885
168899
168874
168882
168884
168888
168899
168909
168915
168888
168879
168903
168917
168906
168923
168917
168892
168890
168898
168920
168921
168906
168935
168918
168889
168899
168913
168927
168934
168937
168924
168922
168935
168929
168926
168937
168934
168922
168912
168916
168928
168950
168946
168917
168907
168927
168943
168946
168949
168936
168940
168957
168939
168932
168949
168955
168947
168952
168970
168953
168932
168930
168941
168976
168963
168957
168975
168962
168953
168944
168975
169012
168996
168945
168944
168941
168943
168955
168956
168965
168974
168953
168968
168980
168961
168964
168959
168975
168961
168958
168981
168969
168968
168979
168983
168959
168967
168976
168968
168939
168945
168973
168962
168963
168973
168959
168962
168963
168960
168960
168981
168982
168974
168975
168943
168938
168952
168962
168967
168972
168975
168972
168982
168996
168969
168940
168930
168941
168959
168965
168994
168982
168953
168959
168944
168966
168962
168977
169010
168971
168954
168967
168971
168982
168980
168953
168967
169007
168995
168956
168944
168960
168955
168972
169005
168998
168999
168962
168937
168942
168993
168974
168974
168981
168993
168964
168958
168988
168991
168991
168979
168962
168974
168983
168981
168957
168972
168966
168970
168985
169007
168985
168980
168956
168953
168974
168985
168987
169007
168995
168986
168961
168977
169010
168997
169012
168994
168935
168929
168959
168987
169018
169009
168999
169010
168987
168946
168951
168971
168987
169001
169032
168991
168975
168994
168975
168987
169003
168970
168965
168990
169005
168998
168990
168993
168974
168973
168998
169008
168996
168980
168987
169001
168988
168968
168975
168983
168988
169016
169014
168978
168974
169002
169007
168998
168974
168992
169032
169005
168997
168982
168968
168964
168995
169006
169002
169001
169004
169012
168971
168982
168998
169039
169011
168985
168998
168984
168993
169018
169016
169006
169021
169028
169010
169008
168991
168998
169008
169022
169014
169016
169034
169048
169032
169001
168992
168993
169010
168991
168989
169000
169002
169012
169021
168990
168977
168998
169012
169004
169013
169020
169023
169027
168986
168974
168984
168996
169009
169009
169009
169033
169024
169020
169005
168988
168994
169012
169021
169041
169029
169026
169000
168984
168996
169004
169008
169037
169029
168997
169009
169025
169012
169024
169016
168988
168998
169014
169003
169008
169020
169002
169007
169028
169038
169019
169006
169004
169002
169016
169014
169026
169024
169019
168995
169005
169005
168992
169002
169017
169013
169009
169003
169019
169002
169018
169022
169013
169006
168992
169018
169030
169004
169012
168992
169002
169011
169012
169022
169039
169033
169001
168987
168994
169023
169007
168994
169006
169018
169028
169025
169011
169017
169041
169008
168992
168991
169001
169018
169013
169021
169029
169033
169018
168993
168988
169011
169017
169019
169021
169026
168994
169010
169022
169020
169030
169011
169011
169029
169010
169008
169015
169015
168998
168999
169018
169027
169036
169016
169015
169023
169030
169042
169059
169032
169005
169024
169030
169052
169043
169007
169020
169032
169029
169036
169049
169023
169029
169011
169019
169029
169048
169037
169015
169033
169033
169028
169034
169024
169016
169018
169036
169036
169048
169041
169048
169042
169028
169016
169029
169048
169030
169031
169036
169035
169032
169030
169030
169056
169053
169028
169005
169022
169034
169036
169036
169050
169042
169036
169040
169024
169032
169063
169058
169026
169034
169046
169048
169044
169047
169048
169044
169037
169054
169045
169019
169021
169033
169047
169057
169037
169041
169049
169055
169054
169070
169074
169035
169034
169051
169089
169051
169037
169029
169057
169071
169046
169052
169066
169067
169050
169039
169044
169054
169063
169070
169055
169066
169056
169052
169062
169081
169083
169047
169050
169071
169079
169077
169067
169060
169076
169070
169073
169046
169052
169060
169066
169079
169087
169052
169035
169057
169086
169090
169069
169064
169053
169051
169069
169072
169067
169083
169070
169066
169094
169086
169049
169046
169070
169080
169061
169058
169065
169082
169081
169064
169051
169059
169070
169071
169074
169068
169067
169082
169083
169071
169080
169070
169074
169062
169064
169059
169064
169078
169093
169074
169053
169079
169066
169062
169074
169069
169063
169079
169085
169067
169076
169082
169074
169080
169073
169062
169056
169070
169056
169053
169092
169091
169084
169089
169055
169039
169066
169062
169054
169060
169069
169062
169052
169054
169052
169056
169041
169042
169043
169037
169031
169029
169026
169021
169014
169038
169024
168997
169015
169023
169011
169028
169036
169050
169030
169010
169016
169022
169019
169014
169028
169045
169038
169004
169018
169031
169026
169021
169025
169020
169013
169027
169032
169027
169034
169017
169023
169032
169039
169039
169035
169024
169017
169036
169044
169007
169006
169015
169027
169027
169026
169022
169016
169018
169025
169034
169031
169028
169030
169018
169026
169029
169014
169021
169034
169029
169040
169030
169030
169015
169018
169031
169024
169015
169015
169027
169031
169022
169036
169032
169014
169017
169023
169037
169051
169037
169003
168994
169006
169018
169026
169022
169025
169022
169008
169027
169029
169017
169022
169024
169019
169022
169016
169020
169020
169026
169022
169023
169025
169011
169008
169013
169018
169026
169005
169018
169010
168997
169007
169012
169024
169026
169015
168997
169001
169006
169021
169033
169009
168996
169010
169004
169003
168999
169004
169017
169006
168995
169006
169013
169011
169009
169007
169010
169004
168988
168975
168984
169003
169006
169008
169015
169030
169009
169007
169018
169011
169001
169024
169046
169037
169026
169019
169025
169026
169044
169050
169044
169054
169010
169002
169020
169014
169039
169085
169083
169023
168984
169009
169011
169012
169004
169034
169052
169046
169016
169023
169043
169043
169017
169023
169033
169025
169026
169032
169021
169025
169035
169046
169026
169026
169043
169031
169013
169028
169031
169025
169029
169030
169025
169032
169044
169037
169004
169006
169019
169032
169028
169014
169018
169027
169031
169042
169046
169033
169010
169003
169019
169038
169025
169040
169044
169032
169029
169021
169026
169026
169023
169029
169017
169014
169017
169022
169030
169026
169042
169042
169002
169013
169019
169022
169020
169046
169040
169025
169012
169004
169012
169025
169029
169041
169013
169012
169009
169009
169012
169021
169023
169035
169029
169019
169009
169002
169008
169010
169015
169040
169068
169030
169011
169008
169026
169024
169004
169005
169008
169005
169014
169025
169036
169015
169001
169003
169018
169011
169011
169017
169024
169015
169009
169009
169009
169029
169018
169015
169027
169006
169015
169016
169004
169017
169006
169011
169021
169005
168987
169000
169024
169006
169001
169009
169009
169010
169021
169018
169015
169016
169019
169015
169018
169030
169017
169005
169018
169001
168981
168992
169000
169011
169017
169025
168997
168988
168998
168996
169012
169022
169019
169020
169014
169019
169018
169000
168990
168999
168995
169004
169017
169031
169002
169004
168996
168998
169012
169016
169021
169038
169008
169008
169020
169004
168998
169002
169014
169014
169009
169017
169021
169007
169002
169015
169024
168999
168986
168995
169010
169020
169014
169021
169018
169031
169064
169034
169006
168997
169011
169012
169038
169028
169013
169022
169034
169038
169016
169014
169018
169029
169045
169047
169038
169062
169049
169038
169027
169006
168994
169005
169018
169017
169045
169033
169024
169050
169038
168994
169006
169028
169032
169029
169030
169021
169049
169060
169035
169028
169012
169023
169005
169007
169024
169036
169038
169044
169036
168997
168999
169030
169040
169036
169036
169049
169054
169020
169014
169009
169012
169015
169017
169024
169005
169013
169031
169037
169039
169024
169033
169048
169022
168992
168998
169018
169026
169027
169032
169036
169028
169007
169014
169033
169032
169036
169017
169002
169009
169037
169026
168993
168990
169009
169016
169018
169036
169038
169014
169010
169026
169020
169006
169014
169029
169049
169051
169054
168999
169000
168994
168999
169000
169025
169038
169028
169025
168999
168989
169015
169014
169001
169001
169006
169015
169031
169022
169000
169002
169013
169010
169003
169023
169017
169012
169045
169012
169000
168994
169019
169036
169012
168973
168994
169021
169006
168984
169001
169004
168996
169002
169017
169028
169025
169012
169006
169027
169033
168997
168993
169001
169000
168999
168998
169001
169003
169006
169012
169019
169024
169002
168998
168982
168997
168991
169000
168999
168995
169004
169012
169004
168999
168995
168998
169003
169003
168996
168997
169018
169015
168987
168981
168991
169002
168991
168992
168995
168997
168997
168997
168993
168966
168961
168993
169008
169012
169014
169012
168991
168988
169008
168992
168987
168995
168996
169013
169025
169031
169032
169024
169025
169030
169019
169011
169019
169022
169020
169002
168981
169006
169036
169017
168985
168995
169008
169014
169016
169019
169009
168978
168962
168988
169034
169044
169012
168993
168994
168986
168958
168944
168961
168993
169014
169005
168990
168989
168986
168976
168964
168963
168988
168976
168973
169005
169022
169017
169004
168976
168968
168959
168972
168992
169010
169007
168990
168988
168989
169003
168999
168971
168952
168955
168959
168976
168980
168989
168989
168991
168990
168990
168990
168978
168985
168999
169013
169014
169013
169004
168996
169001
169008
169000
168995
168983
168984
168985
168976
168966
168959
168962
168981
168995
168997
168990
168976
168978
168987
169002
169015
169010
169003
169001
168991
168989
169003
169013
168996
168995
169011
169017
168992
168979
168986
169020
169026
169013
168988
168982
168986
168984
168997
169027
169026
169016
169021
169021
169003
169000
169000
169001
169004
169010
169015
169026
169029
169018
168999
168990
168984
168988
169015
169028
169025
169018
169022
169020
169024
169007
168986
168987
168970
168979
169013
169027
169043
169044
169040
169023
169007
169022
169035
169036
169031
169021
169010
169006
168994
168992
169021
169046
169043
169032
169027
169019
169019
169019
169014
169007
169002
169019
169032
169027
169025
169031
169026
169020
169008
168995
168989
169012
169017
169008
169019
169029
169018
169027
169031
169031
169012
168998
169003
169017
169037
169045
169043
169035
169011
168991
168983
168996
169023
169031
169028
169012
169010
169050
169039
169011
169017
169021
169013
168994
168980
168971
168986
168995
168995
169017
169013
168991
168983
168979
168993
168989
168993
169002
168973
168930
168948
168958
168922
168958
169024
169052
169031
169009
168995
168972
168954
168961
168968
168953
168954
168964
168980
168986
168979
168972
168957
168954
168962
168947
168905
168910
168959
168962
168965
168980
168999
168999
168993
168983
168968
168964
168975
168974
168969
168966
168945
168917
168941
168962
168980
168980
168968
168961
168948
168948
168910
168909
168955
168973
168952
168967
168994
168992
168985
168979
168971
168964
168956
168947
168936
168939
168960
168974
168973
168969
168955
168937
168961
168992
168992
168968
168954
168935
168957
168994
169005
168993
168988
168980
168975
168956
168943
168960
168979
168987
168982
168951
168940
168966
168983
168977
168967
168959
168963
168961
168959
168967
168968
168976
168991
168984
168983
168977
168964
168972
168972
168972
168970
168973
168962
168957
168965
168957
168960
168974
168982
168983
168984
168980
168971
168973
168979
168971
168963
168943
168960
168997
169003
168981
168959
168960
168965
168967
168965
168956
168943
168963
168982
168982
168974
168975
168970
168973
168982
168980
168973
168956
168950
168948
168971
168991
168990
168976
168975
168968
168969
168974
168974
168973
168969
168974
168984
168977
168967
168954
168951
168965
168968
168973
168972
168963
168950
168957
168958
168961
168969
168976
168980
168978
168970
168966
168973
168978
168981
168976
168964
168971
168989
168991
168998
168991
168984
168999
169008
169002
168987
168981
168976
168974
168990
168995
168984
168980
168980
168984
168988
168980
168983
168988
168984
168988
168993
168995
168998
168999
169004
169003
168993
168989
168996
169000
168997
169008
169009
169011
169013
169009
169014
169032
169035
169047
169050
169038
169055
169067
169070
169055
169069
169064
169039
169046
169055
169070
169064
169064
169066
169070
169067
169051
169061
169065
169071
169087
169103
169103
169091
169085
169080
169076
169072
169079
169064
169068
169098
169098
169101
169106
169121
169132
169129
169102
169101
169099
169091
169068
169091
169102
169083
169093
169088
169095
169093
169077
169099
169125
169115
169091
169069
169084
169109
169121
169112
169091
169082
169084
169088
169110
169117
169095
169098
169101
169100
169106
169110
169104
169074
169060
169069
169044
169054
169125
169128
169108
169105
169102
169091
169070
169065
169082
169094
169083
169073
169079
169083
169090
169081
169070
169093
169098
169088
169070
169072
169086
169092
169075
169058
169076
169094
169068
169058
169064
169081
169078
169075
169071
169061
169067
169079
169072
169063
169063
169083
169070
169054
169059
169066
169060
169059
169063
169054
169059
169075
169074
169074
169059
169053
169059
169050
169045
169042
169043
169046
169036
169021
169009
169013
169028
169036
169026
169013
169020
169026
169022
169013
169004
169007
169020
169018
169023
169019
169016
169009
169016
169023
169029
169028
169025
169023
169027
169021
169024
169024
169015
169017
169013
169009
169024
169026
169014
169016
169020
169009
169009
169021
169030
169022
169008
169002
169014
169021
169027
169029
169020
169009
169019
169022
169020
169022
169016
169017
169022
169021
169007
169014
169022
169019
169017
169020
169026
169032
169024
169017
169021
169025
169021
169023
169024
169024
169020
169017
169018
169030
169029
169012
169020
169025
169019
169024
169023
169022
169028
169028
169023
169020
169016
169010
169006
169011
169021
169034
169032
169010
169016
169023
169024
169029
169028
169029
169028
169029
169026
169019
169027
169033
169039
169052
169062
169072
169094
169086
169067
169073
169081
169092
169092
169073
169069
169080
169085
169082
169082
169084
169082
169079
169071
169075
169084
169074
169065
169069
169063
169067
169075
169069
169060
169060
169061
169054
169057
169054
169053
169062
169051
169044
169046
169048
169042
169039
169037
169025
169022
169039
169055
169051
169020
169001
168997
169004
169005
169007
169002
168998
168996
168999
169002
169002
169005
168995
168989
168986
168983
168984
168980
168975
168969
168965
168970
168979
168988
168979
168980
168975
168973
168973
168969
168981
168983
168972
168969
168970
168971
168978
168980
168974
168978
168987
168995
168996
168991
168993
168997
168990
168986
168982
168987
168985
168972
168966
168965
168963
168969
168979
168973
168974
168979
168976
168979
168979
168968
168967
168975
168973
168959
168956
168952
168950
168960
168958
168960
168972
168974
168971
168969
168970
168976
168984
168979
168974
168980
168987
168990
168997
168988
168996
168995
168996
168996
168994
169011
169014
169006
169001
168998
169009
169014
169009
169000
169003
169014
169019
169019
169011
169014
169030
169029
169026
169030
169036
169041
169041
169030
169031
169037
169037
169036
169045
169046
169044
169050
169057
169056
169045
169045
169043
169044
169042
169047
169053
169056
169054
169053
169058
169060
169060
169058
169058
169064
169065
169056
169053
169060
169057
169059
169061
169059
169056
169056
169060
169064
169062
169057
169065
169070
169069
169062
169061
169062
169068
169065
169065
169072
169064
169051
169048
169053
169059
169060
169057
169051
169053
169056
169054
169054
169047
169047
169049
169048
169057
169057
169057
169057
169056
169056
169055
169050
169046
169061
169065
169065
169059
169062
169066
169067
169063
169063
169068
169076
169080
169074
169063
169065
169070
169067
169067
169066
169062
169068
169072
169075
169083
169078
169070
169068
169065
169070
169071
169070
169069
169066
169074
169074
169077
169080
169079
169075
169074
169077
169080
169084
169078
169070
169076
169077
169070
169077
169083
169088
169086
169078
169071
169069
169078
169077
169075
169073
169075
169083
169083
169081
169083
169081
169080
169071
169072
169077
169080
169080
169080
169084
169079
169073
169071
169074
169076
169083
169080
169081
169086
169090
169081
169072
169073
169061
169059
169058
169050
169049
169056
169052
169033
169024
169033
169034
169033
169033
169026
169028
169034
169029
169024
169020
169017
169025
169026
169020
169016
169014
169015
169018
169012
169017
169017
169019
169019
169016
169011
169012
169015
169013
169015
169015
169011
169008
169005
169008
169009
169013
169016
169019
169015
169014
169018
169016
169016
169012
169013
169010
169009
169011
169008
169004
169004
169011
169010
169011
169018
169018
169017
169016
169013
169016
169016
169018
169018
169022
169022
169022
169020
169021
169019
169017
169018
169022
169026
169020
169016
169019
169018
169013
169012
169009
169009
169012
169007
169012
169013
169011
169015
169015
169020
169020
169021
169018
169016
169020
169020
169032
169034
169032
169035
169031
169026
169024
169026
169023
169030
169033
169024
169014
169012
169021
169022
169020
169026
169025
169026
169027
169027
169026
169026
169026
169020
169020
169023
169024
169020
169020
169026
169033
169035
169030
169029
169030
169027
169021
169026
169031
169032
169029
169029
169031
169030
169036
169032
169031
169041
169040
169035
169031
169030
169034
169030
169016
169020
169021
169023
169029
169032
169025
169020
169025
169024
169021
169022
169018
169018
169014
169014
169014
169026
169037
169038
169034
169041
169049
169050
169049
169051
169051
169058
169062
169065
169061
169064
169069
169073
169067
169075
169074
169082
169081
169073
169077
169083
169086
169097
169096
169099
169107
169105
169106
169108
169110
169115
169112
169118
169124
169130
169130
169129
169132
169134
169140
169144
169138
169135
169138
169135
169127
169132
169134
169147
169146
169127
169124
169126
169132
169133
169132
169138
169138
169134
169136
169143
169147
169152
169152
169149
169143
169146
169149
169150
169152
169148
169158
169162
169166
169160
169158
169158
169166
169173
169165
169167
169177
169174
169172
169172
169173
169179
169184
169179
169174
169173
169182
169183
169179
169182
169178
169175
169185
169182
169188
169187
169186
169181
169179
169180
169185
169190
169192
169195
169191
169188
169188
169192
169203
169200
169198
169204
169198
169198
169198
169201
169199
169194
169191
169196
169204
169213
169202
169196
169199
169211
169210
169206
169207
169205
169204
169208
169205
169203
169199
169205
169212
169216
169218
169216
169214
169215
169224
169229
169226
169224
169230
169232
169232
169233
169231
169232
169231
169231
169236
169238
169236
169238
169245
169248
169249
169251
169253
169255
169256
169259
169263
169269
169273
169276
169281
169284
169287
169290
169291
169291
169292
169293
169294
169298
169300
169307
169309
169311
169313
169316
169318
169313
169313
169319
169321
169321
169323
169324
169324
169324
169324
169324
169323
169323
169324
169326
169326
169330
169337
169337
169340
169344
169342
169343
169345
169344
169342
169345
169347
169346
169348
169352
169355
169352
169349
169348
169352
169355
169356
169358
169359
169361
169363
169364
169365
169367
169365
169365
169368
169368
169367
169370
169374
169373
169372
169378
169379
169376
169376
169378
169379
169378
169377
169375
169378
169385
169386
169386
169386
169390
169391
169388
169393
169394
169393
169392
169390
169389
169393
169393
169394
169396
169396
169391
169392
169392
169391
169393
169398
169399
169400
169400
169401
169402
169405
169404
169406
169409
169410
169409
169409
169409
169410
169408
169407
169410
169409
169413
169412
169408
169412
169416
169419
169414
169408
169414
169416
169416
169411
169409
169407
169405
169403
169403
169406
169402
169402
169402
169402
169403
169402
169404
169406
169408
169412
169415
169415
169415
169416
169418
169419
169418
169417
169420
169427
169430
169430
169429
169430
169431
169429
169434
169439
169439
169440
169441
169441
169442
169442
169439
169440
169443
169442
169442
169445
169449
169454
169455
169452
169454
169453
169454
169451
169450
169453
169450
169449
169448
169448
169455
169451
169449
169454
169454
169452
169456
169456
169455
169453
169451
169455
169458
169462
169460
169458
169456
169461
169460
169458
169462
169460
169460
169463
169464
169465
169464
169462
169464
169465
169465
169463
169463
169460
169461
169462
169459
169459
169458
169458
169457
169459
169461
169464
169465
169467
169472
169470
169463
169461
169463
169465
169468
169467
169466
169466
169468
169473
169476
169474
169472
169474
169477
169477
169476
169473
169473
169475
169471
169472
169472
169471
169471
169469
169463
169468
169471
169469
169466
169466
169471
169471
169468
169471
169472
169474
169478
169483
169482
169476
169473
169473
169469
169466
169467
169462
169457
169452
169451
169448
169448
169448
169450
169452
169452
169458
169461
169463
169460
169457
169459
169460
169459
169463
169461
169461
169464
169464
169466
169467
169472
169477
169479
169482
169483
169484
169486
169485
169484
169487
169492
169494
169491
169487
169485
169491
169491
169492
169490
169492
169494
169495
169496
169493
169494
169496
169492
169491
169490
169488
169487
169489
169497
169495
169491
169491
169494
169494
169496
169498
169496
169499
169501
169498
169498
169498
169501
169502
169510
169515
169513
169508
169508
169503
169502
169504
169499
169505
169510
169506
169503
169505
169507
169513
169514
169513
169510
169509
169512
169510
169509
169511
169507
169506
169519
169516
169504
169502
169504
169513
169512
169507
169509
169516
169515
169512
169512
169515
169511
169512
169510
169509
169511
169514
169513
169507
169512
169514
169508
169501
169496
169498
169507
169511
169509
169504
169502
169501
169500
169502
169503
169505
169505
169503
169495
169491
169485
169484
169488
169492
169493
169486
169475
169482
169502
169499
169481
169471
169476
169481
169480
169486
169484
169477
169478
169479
169484
169482
169478
169483
169481
169475
169475
169480
169470
169466
169470
169477
169474
169471
169472
169477
169472
169475
169472
169478
169482
169480
169484
169483
169482
169485
169474
169471
169479
169481
169478
169487
169489
169481
169457
169439
169467
169506
169515
169524
169528
169518
169512
169498
169499
169516
169509
169496
169500
169551
169575
169569
169575
169579
169580
169573
169561
169550
169555
169565
169570
169564
169557
169566
169558
169557
169564
169561
169565
169551
169538
169533
169531
169533
169535
169539
169538
169526
169524
169523
169520
169514
169507
169506
169512
169507
169499
169500
169501
169507
169506
169503
169514
169511
169493
169479
169492
169503
169492
169483
169493
169497
169500
169488
169489
169523
169523
169517
169515
169514
169508
169505
169490
169499
169516
169510
169514
169515
169519
169513
169514
169508
169500
169503
169508
169511
169502
169505
169515
169515
169516
169512
169512
169508
169503
169515
169518
169508
169502
169513
169516
169508
169509
169515
169514
169519
169521
169504
169495
169508
169521
169523
169527
169519
169517
169519
169520
169517
169511
169514
169520
169519
169520
169501
169500
169507
169508
169508
169499
169507
169511
169508
169504
169504
169499
169494
169497
169499
169494
169487
169484
169471
169474
169470
169455
169448
169442
169434
169443
169445
169432
169432
169438
169445
169448
169456
169457
169462
169468
169478
169486
169489
169496
169498
169490
169492
169491
169489
169493
169502
169515
169505
169499
169504
169489
169492
169490
169492
169490
169500
169512
169508
169501
169498
169506
169505
169499
169507
169506
169478
169482
169512
169521
169516
169523
169526
169496
169461
169482
169501
169518
169549
169565
169554
169534
169538
169529
169527
169545
169567
169573
169566
169567
169585
169598
169573
169561
169588
169611
169609
169596
169583
169593
169610
169587
169587
169607
169620
169621
169608
169604
169600
169565
169574
169606
169605
169582
169546
169617
169668
169647
169637
169632
169617
169627
169638
169639
169639
169626
169628
169621
169629
169641
169628
169636
169640
169651
169653
169647
169642
169637
169630
169635
169632
169623
169623
169620
169615
169605
169609
169625
169627
169637
169624
169629
169644
169633
169607
169617
169611
169604
169621
169642
169648
169627
169619
169624
169618
169610
169624
169621
169593
169607
169629
169622
169615
169612
169616
169616
169629
169621
169612
169589
169580
169614
169642
169634
169618
169612
169616
169615
169611
169630
169619
169584
169560
169611
169662
169649
169625
169604
169589
169611
169624
169614
169607
169616
169614
169596
169602
169606
169608
169598
169595
169595
169595
169596
169590
169584
169574
169567
169563
169570
169571
169570
169561
169554
169548
169536
169522
169512
169514
169522
169532
169520
169506
169495
169472
169458
169465
169487
169496
169487
169483
169477
169475
169472
169454
169451
169458
169460
169449
169445
169439
169425
169424
169425
169421
169442
169445
169417
169410
169415
169409
169426
169438
169441
169427
169412
169424
169431
169428
169426
169424
169441
169444
169437
169436
169431
169421
169424
169430
169434
169438
169425
169427
169442
169441
169434
169435
169433
169433
169435
169438
169437
169439
169431
169425
169420
169431
169437
169434
169427
169429
169437
169444
169446
169439
169441
169437
169436
169431
169430
169437
169437
169432
169439
169444
169441
169436
169440
169446
169446
169451
169449
169440
169436
169447
169452
169432
169430
169448
169448
169442
169445
169448
169450
169452
169446
169442
169440
169437
169439
169441
169435
169434
169432
169443
169447
169439
169439
169431
169428
169438
169441
169435
169431
169431
169433
169430
169431
169436
169434
169426
169428
169428
169424
169422
169420
169410
169398
169393
169388
169387
169380
169375
169370
169364
169361
169357
169354
169348
169340
169335
169338
169335
169331
169321
169314
169309
169307
169308
169304
169304
169308
169303
169296
169292
169298
169299
169292
169284
169285
169281
169279
169277
169271
169276
169273
169260
169256
169259
169258
169252
169249
169250
169248
169250
169243
169238
169237
169233
169244
169242
169236
169238
169241
169247
169244
169238
169238
169247
169256
169250
169250
169256
169254
169256
169267
169275
169265
169266
169260
169256
169264
169263
169269
169272
169277
169284
169286
169284
169283
169289
169300
169299
169300
169308
169340
169320
169299
169304
169305
169309
169320
169327
169336
169350
169347
169338
169342
169349
169351
169360
169369
169364
169374
169365
169359
169370
169381
169402
169392
169377
169387
169390
169387
169388
169375
169356
169354
169368
169360
169354
169369
169371
169381
169392
169384
169371
169365
169371
169379
169379
169376
169376
169369
169374
169372
169370
169366
169370
169377
169371
169362
169364
169366
169367
169365
169360
169362
169367
169366
169366
169365
169367
169368
169369
169370
169363
169361
169355
169357
169363
169362
169360
169357
169358
169356
169360
169365
169360
169356
169350
169356
169363
169360
169360
169356
169351
169355
169357
169361
169354
169341
169342
169349
169356
169347
169336
169341
169349
169352
169352
169353
169351
169347
169347
169349
169346
169337
169335
169336
169335
169332
169325
169309
169296
169285
169276
169272
169264
169260
169255
169250
169245
169243
169240
169250
169267
169257
169253
169249
169251
169252
169252
169249
169253
169252
169255
169251
169246
169252
169255
169254
169254
169256
169254
169254
169255
169255
169256
169256
169253
169257
169261
169264
169268
169265
169265
169272
169273
169262
169254
169255
169263
169270
169272
169264
169260
169264
169267
169263
169260
169269
169273
169276
169274
169273
169272
169274
169275
169279
169280
169280
169280
169284
169286
169281
169281
169286
169282
169272
169274
169280
169281
169282
169290
169289
169287
169287
169287
169285
169285
169286
169283
169287
169293
169292
169293
169289
169289
169292
169290
169289
169289
169287
169282
169286
169293
169286
169288
169296
169301
169298
169295
169298
169303
169303
169298
169300
169299
169298
169301
169306
169305
169309
169315
169310
169299
169292
169292
169293
169295
169298
169300
169299
169303
169304
169302
169303
169304
169303
169307
169309
169300
169296
169302
169304
169306
169304
169301
169300
169302
169298
169301
169305
169304
169300
169298
169302
169299
169299
169302
169308
169311
169307
169306
169307
169310
169308
169297
169304
169312
169314
169315
169315
169314
169310
169308
169302
169306
169317
169321
169314
169304
169313
169313
169317
169324
169328
169327
169316
169312
169310
169304
169317
169325
169323
169317
169316
169321
169320
169320
169322
169322
169322
169326
169319
169312
169314
169316
169318
169321
169318
169319
169322
169321
169328
169336
169334
169326
169324
169323
169324
169326
169325
169325
169324
169327
169325
169326
169327
169332
169339
169343
169335
169332
169336
169333
169333
169334
169340
169351
169348
169343
169340
169337
169332
169326
169329
169324
169320
169323
169326
169328
169323
169324
169327
169320
169315
169327
169335
169341
169344
169349
169351
169349
169346
169351
169354
169356
169356
169363
169367
169368
169373
169379
169378
169381
169383
169382
169388
169398
169404
169411
169411
169407
169417
169432
169439
169444
169450
169447
169448
169454
169466
169472
169471
169476
169479
169482
169487
169494
169499
169499
169497
169497
169498
169499
169504
169513
169514
169515
169521
169516
169513
169512
169504
169511
169514
169511
169516
169517
169508
169502
169504
169505
169500
169496
169493
169494
169494
169496
169496
169497
169497
169497
169488
169490
169491
169489
169485
169484
169487
169490
169488
169487
169484
169481
169475
169477
169476
169474
169477
169476
169474
169474
169470
169468
169466
169466
169465
169465
169467
169469
169467
169464
169464
169463
169462
169462
169460
169459
169460
169461
169462
169463
169464
169464
169461
169455
169457
169455
169457
169458
169459
169458
169452
169452
169456
169454
169451
169449
169452
169449
169449
169450
169449
169449
169450
169448
169448
169450
169451
169451
169449
169446
169448
169448
169450
169458
169457
169458
169459
169455
169447
169448
169451
169449
169448
169445
169446
169442
169443
169449
169450
169443
169445
169444
169444
169440
169428
169418
169428
169443
169448
169446
169446
169456
169459
169461
169464
169470
169477
169481
169483
169491
169494
169494
169497
169500
169501
169503
169503
169511
169510
169508
169511
169513
169513
169513
169512
169513
169512
169509
169512
169511
169512
169512
169510
169510
169508
169505
169504
169502
169499
169506
169503
169504
169507
169500
169497
169500
169503
169499
169496
169499
169497
169493
169492
169491
169490
169486
169485
169484
169478
169477
169477
169474
169477
169482
169482
169480
169480
169481
169478
169478
169477
169475
169474
169474
169472
169472
169471
169471
169464
169463
169462
169457
169457
169458
169460
169461
169462
169459
169457
169458
169457
169454
169449
169438
169438
169456
169461
169463
169458
169455
169461
169459
169456
169457
169454
169449
169450
169455
169453
169450
169448
169446
169450
169450
169449
169446
169444
169445
169442
169440
169442
169451
169452
169451
169447
169448
169448
169443
169445
169447
169450
169450
169450
169451
169451
169450
169449
169450
169452
169454
169452
169456
169455
169455
169451
169451
169451
169450
169448
169450
169450
169451
169453
169455
169456
169456
169454
169453
169451
169451
169453
169450
169450
169449
169450
169451
169453
169456
169455
169454
169456
169456
169454
169452
169452
169454
169455
169456
169459
169458
169460
169460
169458
169458
169457
169460
169462
169463
169463
169463
169465
169468
169470
169471
169469
169466
169463
169463
169464
169463
169463
169467
169469
169470
169469
169465
169464
169471
169474
169476
169473
169473
169473
169469
169465
169469
169472
169471
169464
169457
169470
169477
169475
169476
169480
169486
169490
169497
169493
169494
169496
169497
169503
169503
169506
169506
169504
169509
169506
169505
169505
169507
169511
169513
169515
169522
169521
169519
169515
169514
169514
169517
169517
169520
169520
169517
169516
169516
169517
169515
169516
169519
169519
169516
169516
169520
169522
169517
169516
169515
169513
169515
169518
169522
169524
169524
169522
169523
169525
169526
169529
169532
169529
169524
169524
169526
169526
169525
169528
169532
169531
169533
169535
169531
169531
169531
169531
169530
169530
169529
169531
169534
169535
169536
169535
169534
169536
169539
169540
169538
169535
169538
169538
169538
169541
169544
169543
169539
169544
169547
169547
169546
169549
169553
169556
169554
169555
169555
169555
169553
169553
169553
169553
169553
169553
169556
169560
169559
169561
169563
169562
169560
169562
169562
169564
169569
169573
169571
169571
169571
169571
169571
169571
169572
169572
169574
169575
169578
169582
169585
169582
169572
169569
169579
169583
169582
169585
169585
169589
169587
169585
169590
169592
169591
169590
169589
169589
169591
169595
169597
169600
169602
169604
169602
169599
169597
169595
169594
169593
169593
169589
169587
169588
169590
169591
169596
169599
169602
169603
169603
169609
169609
169608
169609
169608
169607
169607
169609
169609
169610
169611
169613
169616
169615
169613
169612
169614
169616
169619
169616
169617
169622
169627
169626
169625
169627
169630
169633
169633
169631
169631
169635
169637
169638
169639
169641
169642
169642
169643
169641
169642
169642
169641
169642
169641
169640
169642
169642
169639
169639
169640
169643
169644
169645
169648
169650
169651
169649
169654
169652
169652
169656
169656
169656
169656
169656
169657
169654
169651
169653
169653
169655
169653
169649
169650
169649
169653
169654
169651
169660
169665
169663
169665
169665
169665
169667
169668
169667
169668
169664
169665
169669
169667
169666
169664
169670
169670
169669
169670
169671
169672
169672
169673
169671
169673
169674
169676
169677
169675
169670
169672
169669
169666
169671
169679
169681
169683
169678
169675
169680
169677
169673
169670
169670
169680
169686
169690
169688
169688
169694
169692
169686
169694
169695
169692
169687
169695
169698
169691
169694
169694
169692
169691
169700
169703
169693
169682
169683
169689
169689
169693
169697
169699
169697
169692
169692
169697
169700
169699
169705
169703
169709
169714
169716
169718
169719
169722
169720
169722
169729
169723
169713
169708
169722
169728
169725
169721
169714
169710
169713
169715
169726
169726
169720
169715
169719
169714
169715
169724
169728
169725
169724
169723
169725
169724
169726
169729
169729
169724
169723
169723
169725
169724
169723
169722
169724
169728
169732
169739
169742
169748
169745
169730
169726
169734
169730
169727
169717
169719
169717
169714
169720
169728
169728
169733
169737
169737
169743
169748
169744
169755
169763
169765
169767
169767
169764
169763
169762
169763
169766
169767
169764
169763
169765
169763
169766
169764
169760
169763
169764
169760
169756
169758
169759
169755
169757
169763
169767
169769
169765
169768
169768
169774
169775
169774
169779
169778
169780
169782
169779
169781
169780
169778
169780
169769
169764
169770
169766
169766
169759
169760
169764
169755
169756
169755
169759
169760
169759
169760
169759
169759
169756
169754
169753
169758
169760
169764
169761
169761
169765
169768
169769
169769
169772
169779
169781
169781
169782
169784
169790
169795
169796
169791
169795
169798
169807
169805
169809
169815
169813
169810
169811
169810
169811
169811
169814
169819
169816
169813
169823
169822
169816
169823
169820
169836
169839
169834
169839
169841
169842
169834
169839
169839
169843
169855
169847
169851
169850
169853
169857
169857
169848
169864
169877
169855
169868
169868
169853
169863
169853
169850
169845
169869
169866
169868
169873
169872
169875
169862
169894
169885
169880
169888
169888
169891
169899
169896
169890
169893
169876
169893
169908
169899
169895
169886
169892
169873
169860
169907
169916
169878
169925
169924
169892
169888
169905
169930
169922
169913
169909
169919
169926
169921
169922
169936
169943
169937
169924
169922
169922
169925
169925
169928
169928
169946
169932
169909
169929
169918
169936
169932
169925
169927
169929
169919
169915
169921
169917
169920
169917
169922
169924
169921
169920
169920
169918
169912
169912
169913
169914
169915
169916
169918
169914
169912
169914
169916
169923
169925
169924
169927
169928
169932
169936
169940
169942
169941
169942
169940
169942
169946
169948
169947
169949
169945
169949
169956
169960
169960
169966
169968
169973
169977
169974
169972
169977
169976
169977
169980
169981
169979
169974
169978
169977
169981
169982
169981
169977
169975
169977
169973
169970
169986
169991
169992
169995
169997
169999
170005
170010
170010
170007
170000
170004
170016
170023
170021
170016
170010
170011
170018
170023
170020
170011
170015
170020
170015
170011
170005
170004
170020
170026
170018
170021
170026
170033
170035
170022
170032
170041
170039
170038
170038
170036
170037
170036
170040
170039
170034
170034
170031
170034
170035
170028
170034
170040
170038
170038
170040
170039
170045
170051
170052
170051
170052
170050
170059
170065
170062
170062
170069
170071
170072
170079
170078
170084
170077
170077
170076
170077
170078
170081
170078
170074
170067
170072
170082
170090
170088
170090
170097
170093
170097
170096
170096
170092
170094
170096
170094
170095
170099
170102
170103
170106
170109
170114
170115
170110
170107
170110
170114
170115
170114
170115
170120
170122
170126
170130
170130
170128
170126
170126
170126
170124
170128
170131
170134
170140
170146
170145
170144
170144
170146
170152
170161
170166
170169
170165
170169
170175
170178
170178
170192
170193
170191
170190
170192
170191
170194
170198
170199
170198
170202
170206
170201
170198
170200
170207
170208
170212
170214
170218
170224
170224
170221
170222
170224
170227
170231
170228
170228
170234
170237
170235
170233
170238
170244
170247
170247
170243
170241
170244
170246
170242
170241
170244
170249
170255
170257
170258
170262
170264
170263
170259
170266
170265
170267
170269
170268
170277
170277
170273
170275
170278
170281
170274
170276
170278
170281
170287
170292
170289
170294
170300
170301
170303
170310
170314
170315
170308
170311
170312
170322
170332
170335
170343
170343
170337
170340
170348
170354
170355
170363
170366
170367
170374
170379
170377
170377
170378
170375
170370
170373
170379
170383
170384
170385
170383
170384
170386
170390
170391
170384
170389
170388
170383
170386
170389
170400
170400
170403
170406
170401
170408
170411
170411
170411
170405
170403
170404
170402
170400
170401
170404
170400
170394
170393
170393
170392
170392
170394
170395
170398
170399
170396
170402
170402
170398
170402
170405
170401
170401
170398
170395
170395
170398
170399
170400
170396
170392
170391
170391
170392
170391
170393
170397
170400
170401
170401
170401
170400
170397
170397
170397
170398
170398
170403
170412
170418
170423
170426
170427
170426
170427
170424
170425
170425
170425
170424
170423
170426
170427
170432
170437
170438
170439
170440
170438
170435
170434
170433
170430
170427
170425
170431
170433
170431
170437
170437
170438
170437
170436
170434
170433
170433
170433
170433
170438
170441
170441
170443
170444
170444
170445
170446
170452
170452
170442
170443
170447
170448
170452
170452
170450
170448
170444
170446
170447
170449
170456
170457
170456
170459
170461
170460
170462
170463
170467
170471
170475
170476
170478
170479
170481
170481
170479
170477
170477
170478
170483
170489
170489
170488
170485
170482
170483
170485
170484
170486
170490
170490
170489
170486
170489
170490
170490
170488
170485
170488
170487
170486
170486
170488
170486
170484
170489
170495
170496
170496
170496
170492
170492
170492
170493
170493
170491
170493
170493
170492
170495
170491
170489
170489
170493
170493
170492
170494
170494
170492
170491
170490
170491
170489
170492
170493
170494
170495
170495
170493
170493
170495
170490
170490
170493
170497
170494
170492
170493
170493
170491
170489
170493
170495
170499
170495
170482
170489
170495
170495
170494
170495
170492
170491
170486
170489
170492
170487
170489
170490
170493
170492
170492
170489
170493
170493
170497
170492
170487
170486
170487
170488
170492
170496
170497
170495
170500
170500
170499
170499
170501
170503
170502
170498
170502
170504
170500
170496
170495
170500
170498
170497
170494
170490
170493
170493
170489
170492
170494
170507
170502
170500
170500
170506
170512
170510
170513
170524
170531
170524
170521
170530
170526
170530
170544
170537
170511
170507
170520
170527
170528
170544
170549
170549
170554
170559
170564
170573
170587
170589
170594
170597
170600
170600
170607
170614
170617
170616
170608
170616
170614
170613
170612
170604
170603
170600
170601
170598
170597
170597
170599
170595
170592
170594
170596
170600
170600
170598
170601
170603
170604
170603
170596
170594
170595
170590
170587
170592
170589
170590
170589
170585
170584
170586
170592
170593
170592
170597
170595
170595
170596
170601
170595
170594
170595
170588
170589
170596
170592
170592
170591
170581
170577
170575
170578
170580
170575
170572
170578
170577
170578
170577
170577
170575
170572
170575
170573
170576
170580
170584
170585
170583
170587
170587
170583
170582
170585
170580
170582
170584
170577
170581
170581
170581
170587
170579
170578
170580
170582
170579
170573
170605
170604
170604
170610
170606
170589
170590
170602
170606
170591
170645
170631
170637
170626
170599
170600
170619
170631
170624
170621
170631
170633
170622
170624
170626
170624
170619
170630
170629
170621
170621
170627
170615
170619
170626
170622
170624
170626
170620
170628
170615
170611
170613
170613
170613
170609
170604
170608
170608
170604
170599
170593
170608
170602
170593
170586
170585
170586
170579
170575
170577
170573
170572
170568
170573
170568
170566
170574
170566
170565
170558
170559
170558
170556
170556
170544
170536
170528
170525
170532
170523
170521
170518
170526
170517
170513
170523
170521
170513
170513
170519
170516
170510
170509
170508
170513
170517
170514
170509
170506
170512
170518
170520
170523
170517
170507
170508
170511
170518
170509
170517
170519
170514
170519
170514
170519
170514
170522
170517
170509
170513
170515
170518
170519
170515
170512
170514
170519
170520
170519
170520
170522
170528
170525
170528
170529
170523
170521
170524
170525
170524
170521
170518
170527
170535
170536
170534
170537
170533
170535
170540
170546
170548
170548
170546
170544
170543
170540
170543
170546
170545
170543
170538
170527
170529
170529
170524
170519
170517
170524
170524
170526
170526
170524
170531
170529
170534
170531
170531
170527
170524
170527
170535
170533
170530
170528
170532
170528
170526
170530
170534
170538
170534
170539
170543
170534
170536
170532
170535
170538
170538
170536
170542
170541
170541
170539
170543
170545
170543
170542
170548
170547
170550
170544
170552
170549
170550
170554
170548
170551
170548
170536
170543
170537
170536
170532
170538
170541
170541
170544
170547
170544
170546
170544
170549
170548
170542
170538
170537
170544
170543
170540
170542
170544
170542
170544
170545
170542
170542
170539
170541
170541
170543
170545
170550
170553
170552
170558
170562
170559
170558
170554
170563
170558
170557
170557
170554
170554
170554
170556
170562
170555
170556
170560
170565
170569
170565
170566
170564
170564
170564
170560
170560
170561
170560
170563
170561
170561
170568
170569
170568
170577
170578
170573
170572
170572
170574
170578
170577
170585
170588
170585
170586
170589
170594
170598
170598
170615
170625
170632
170619
170618
170632
170631
170633
170638
170640
170647
170657
170659
170665
170664
170661
170661
170667
170676
170677
170674
170681
170688
170678
170680
170690
170696
170697
170687
170698
170701
170701
170703
170701
170706
170717
170717
170709
170721
170737
170739
170735
170739
170746
170740
170744
170746
170753
170754
170750
170753
170759
170759
170759
170761
170764
170767
170764
170767
170769
170776
170776
170776
170783
170782
170779
170777
170775
170775
170773
170767
170772
170772
170771
170771
170767
170770
170767
170767
170771
170764
170765
170770
170771
170775
170778
170772
170768
170774
170779
170777
170779
170775
170775
170781
170784
170783
170778
170777
170783
170771
170776
170773
170774
170774
170771
170774
170771
170771
170776
170781
170773
170773
170772
170775
170778
170782
170770
170771
170776
170771
170776
170770
170767
170769
170771
170772
170765
170766
170768
170762
170765
170766
170763
170760
170766
170772
170763
170765
170765
170766
170770
170767
170769
170772
170770
170772
170766
170759
170765
170764
170758
170756
170756
170757
170752
170745
170744
170746
170742
170744
170743
170745
170749
170745
170741
170744
170746
170745
170748
170745
170747
170743
170740
170742
170743
170744
170743
170737
170741
170743
170742
170735
170741
170746
170744
170733
170731
170732
170730
170726
170720
170718
170717
170716
170713
170711
170713
170712
170710
170709
170704
170707
170707
170706
170709
170714
170708
170708
170707
170709
170712
170703
170707
170710
170714
170714
170713
170711
170712
170713
170716
170715
170715
170714
170711
170712
170710
170705
170706
170710
170705
170708
170705
170703
170707
170699
170697
170699
170701
170700
170701
170707
170713
170707
170708
170712
170711
170714
170707
170704
170704
170711
170711
170711
170716
170712
170711
170707
170709
170717
170718
170712
170711
170714
170720
170724
170719
170714
170714
170710
170706
170710
170694
170689
170692
170690
170690
170688
170692
170689
170683
170685
170683
170683
170688
170678
170673
170672
170671
170677
170674
170675
170681
170685
170686
170688
170693
170691
170689
170694
170689
170689
170692
170690
170693
170694
170695
170697
170696
170696
170696
170689
170696
170695
170693
170695
170695
170696
170699
170692
170695
170698
170694
170690
170691
170691
170690
170691
170696
170692
170687
170691
170690
170690
170692
170696
170693
170696
170697
170694
170694
170699
170697
170695
170694
170694
170701
170702
170694
170697
170698
170697
170698
170695
170694
170699
170697
170691
170699
170706
170701
170702
170703
170701
170695
170696
170700
170699
170696
170699
170701
170704
170704
170707
170710
170704
170702
170702
170703
170706
170705
170704
170706
170705
170701
170707
170707
170702
170703
170708
170711
170711
170709
170707
170699
170698
170711
170709
170705
170705
170699
170697
170704
170707
170708
170703
170706
170707
170706
170709
170712
170712
170710
170709
170712
170712
170711
170711
170714
170715
170716
170707
170709
170712
170711
170714
170713
170717
170716
170714
170717
170711
170710
170715
170709
170714
170715
170720
170722
170719
170719
170713
170711
170714
170714
170717
170719
170715
170716
170720
170720
170723
170719
170721
170725
170723
170719
170721
170721
170721
170720
170714
170717
170720
170721
170715
170718
170719
170714
170710
170715
170717
170717
170718
170714
170714
170723
170726
170722
170721
170723
170726
170724
170725
170724
170721
170722
170728
170732
170732
170730
170730
170729
170732
170735
170742
170740
170732
170729
170729
170730
170729
170726
170730
170734
170734
170736
170743
170742
170742
170745
170740
170740
170741
170740
170733
170732
170737
170735
170737
170744
170746
170746
170748
170746
170744
170747
170745
170746
170749
170755
170761
170758
170759
170763
170762
170762
170762
170757
170756
170758
170758
170761
170760
170758
170761
170762
170762
170767
170771
170771
170773
170775
170772
170769
170770
170770
170771
170774
170773
170773
170773
170771
170772
170774
170776
170781
170782
170778
170778
170777
170778
170781
170783
170784
170784
170786
170788
170791
170790
170790
170792
170792
170796
170790
170792
170802
170799
170795
170800
170804
170801
170800
170810
170812
170808
170811
170819
170820
170820
170827
170829
170823
170824
170824
170827
170828
170831
170832
170827
170832
170834
170833
170826
170830
170831
170835
170833
170834
170833
170841
170843
170842
170840
170840
170840
170837
170834
170834
170839
170839
170841
