190606
190605
190601
190598
190596
190592
190592
190589
190587
190588
190588
190585
190583
190587
190591
190592
190590
190588
190592
190597
190596
190594
190594
190594
190595
190596
190593
190592
190594
190597
190600
190601
190602
190605
190607
190609
190607
190608
190608
190606
190603
190600
190598
190597
190599
190597
190593
190593
190597
190598
190600
190599
190599
190603
190605
190603
190602
190602
190606
190609
190607
190609
190609
190613
190616
190618
190619
190623
190628
190633
190634
190634
190634
190638
190642
190643
190645
190646
190645
190648
190646
190643
190643
190644
190646
190646
190647
190649
190650
190651
190650
190647
190644
190645
190645
190641
190638
190637
190636
190638
190636
190631
190631
190632
190633
190634
190636
190635
190635
190635
190635
190635
190635
190639
190643
190644
190643
190642
190640
190641
190643
190643
190644
190645
190647
190644
190642
190641
190643
190646
190647
190646
190646
190646
190648
190648
190645
190643
190642
190644
190647
190648
190648
190650
190653
190654
190652
190652
190654
190657
190660
190658
190658
190658
190658
190660
190659
190658
190661
190663
190662
190661
190659
190663
190668
190668
190668
190669
190671
190669
190665
190664
190663
190663
190663
190664
190662
190658
190660
190663
190663
190663
190662
190666
190670
190669
190669
190669
190669
190666
190665
190664
190664
190663
190663
190663
190661
190656
190655
190657
190655
190650
190646
190647
190649
190647
190647
190643
190641
190642
190644
190641
190638
190639
190640
190640
190640
190638
190640
190643
190643
190642
190641
190639
190636
190633
190628
190628
190628
190627
190626
190623
190620
190619
190619
190616
190612
190611
190615
190615
190612
190609
190607
190606
190605
190602
190599
190599
190601
190603
190601
190600
190599
190600
190604
190609
190609
190607
190610
190611
190607
190602
190600
190602
190606
190605
190605
190607
190612
190614
190613
190614
190615
190619
190623
190625
190624
190624
190626
190626
190625
190626
190630
190636
190640
190641
190642
190640
190637
190638
190640
190639
190637
190640
190643
190645
190643
190643
190647
190651
190651
190649
190651
190652
190653
190652
190650
190651
190654
190658
190661
190663
190663
190667
190670
190670
190669
190671
190676
190678
190677
190676
190676
190678
190678
190676
190675
190672
190673
190673
190673
190673
190673
190674
190677
190681
190678
190679
190681
190680
190680
190678
190677
190680
190685
190685
190680
190678
190678
190677
190674
190668
190667
190669
190666
190666
190666
190664
190665
190667
190664
190663
190662
190663
190663
190663
190660
190657
190659
190659
190658
190656
190656
190658
190659
190659
190658
190657
190656
190656
190657
190655
190654
190656
190659
190661
190659
190659
190660
190661
190661
190662
190661
190660
190661
190660
190657
190653
190653
190655
190657
190657
190658
190660
190665
190669
190672
190674
190679
190684
190688
190687
190683
190685
190687
190687
190686
190685
190689
190692
190690
190686
190685
190687
190685
190684
190684
190683
190684
190688
190689
190689
190687
190688
190685
190683
190681
190678
190678
190678
190679
190678
190674
190675
190676
190677
190672
190669
190672
190674
190670
190664
190662
190665
190668
190668
190667
190669
190672
190676
190677
190679
190679
190682
190684
190684
190683
190682
190682
190681
190683
190680
190677
190678
190682
190680
190677
190674
190676
190677
190677
190677
190678
190680
190680
190680
190680
190676
190678
190684
190684
190679
190676
190677
190678
190674
190669
190667
190665
190665
190663
190660
190658
190659
190662
190663
190657
190653
190652
190652
190653
190650
190650
190651
190652
190649
190644
190644
190644
190643
190641
190640
190638
190637
190636
190637
190635
190634
190637
190639
190640
190641
190640
190645
190650
190653
190656
190658
190660
190666
190668
190666
190663
190663
190663
190662
190661
190660
190661
190663
190662
190662
190659
190659
190660
190659
190658
190656
190653
190653
190652
190649
190648
190646
190646
190648
190648
190645
190647
190648
190648
190648
190648
190649
190653
190652
190647
190643
190640
190640
190643
190642
190642
190645
190646
190642
190638
190632
190632
190636
190638
190636
190636
190639
190643
190644
190643
190643
190643
190645
190647
190644
190647
190652
190651
190655
190657
190658
190660
190664
190666
190666
190667
190669
190673
190673
190675
190677
190682
190685
190687
190693
190693
190696
190702
190704
190703
190705
190708
190711
190710
190708
190708
190710
190715
190716
190715
190714
190717
190720
190721
190721
190721
190722
190723
190721
190718
190718
190720
190718
190719
190717
190715
190715
190716
190716
190714
190712
190714
190717
190719
190716
190714
190712
190707
190702
190701
190699
190698
190700
190701
190698
190694
190692
190693
190694
190691
190689
190689
190690
190688
190684
190681
190683
190682
190679
190678
190674
190672
190674
190671
190666
190666
190667
190665
190663
190660
190658
190656
190655
190655
190653
190651
190654
190655
190653
190652
190651
190651
190654
190657
190658
190658
190659
190661
190663
190662
190660
190661
190663
190664
190663
190660
190661
190661
190661
190657
190654
190656
190658
190658
190656
190653
190652
190654
190655
190653
190651
190652
190656
190658
190657
190656
190659
190661
190659
190656
190654
190655
190655
190655
190654
190654
190655
190656
190657
190655
190653
190657
190659
190658
190655
190656
190658
190657
190658
190660
190660
190662
190664
190668
190668
190666
190666
190671
190675
190672
190666
190661
190659
190659
190656
190655
190656
190658
190664
190667
190669
190674
190678
190680
190678
190678
190681
190683
190682
190680
190678
190676
190675
190674
190671
190669
190671
190676
190678
190677
190674
190676
190682
190686
190689
190690
190695
190696
190697
190691
190682
190677
190675
190673
190669
190668
190673
190678
190681
190683
190684
190686
190691
190695
190696
190699
190700
190701
190700
190696
190691
190687
190685
190686
190682
190681
190686
190688
190692
190695
190697
190700
190705
190710
190710
190709
190709
190710
190711
190710
190707
190704
190706
190707
190704
190700
190701
190704
190706
190703
190699
190704
190709
190711
190709
190707
190707
190708
190707
190702
190698
190695
190691
190685
190680
190675
190674
190673
190675
190679
190679
190681
190684
190687
190688
190690
190691
190692
190694
190693
190691
190690
190691
190691
190688
190684
190683
190685
190688
190687
190686
190688
190691
190690
190686
190683
190683
190682
190680
190676
190674
190674
190674
190675
190674
190671
190670
190672
190674
190672
190668
190670
190674
190676
190675
190673
190674
190677
190679
190677
190674
190673
190677
190678
190677
190675
190678
190684
190688
190691
190693
190692
190693
190696
190695
190693
190692
190692
190694
190697
190697
190699
190699
190698
190696
190696
190696
190696
190696
190700
190701
190699
190700
190701
190699
190697
190698
190696
190698
190700
190702
190704
190708
190710
190709
190705
190703
190705
190708
190709
190707
190708
190710
190708
190708
190705
190707
190708
190708
190704
190701
190702
190702
190703
190704
190703
190703
190705
190706
190703
190700
190699
190695
190694
190693
190689
190687
190688
190689
190689
190688
190689
190692
190693
190690
190690
190690
190691
190691
190692
190687
190685
190689
190692
190689
190685
190686
190687
190690
190689
190689
190692
190696
190698
190701
190699
190700
190702
190701
190697
190694
190695
190697
190699
190700
190700
190698
190699
190702
190700
190700
190702
190707
190709
190709
190713
190718
190720
190719
190719
190719
190719
190718
190716
190712
190706
190704
190707
190708
190705
190704
190707
190710
190712
190711
190712
190715
190717
190718
190720
190721
190724
190728
190727
190720
190714
190711
190707
190705
190703
190699
190700
190700
190699
190697
190695
190695
190696
190699
190701
190703
190704
190705
190708
190708
190705
190702
190702
190702
190698
190693
190689
190686
190683
190679
190673
190669
190668
190664
190658
190653
190653
190654
190654
190652
190650
190648
190648
190650
190652
190651
190653
190657
190660
190662
190661
190663
190668
190674
190676
190676
190678
190680
190681
190678
190678
190679
190681
190681
190679
190676
190676
190674
190676
190673
190669
190668
190671
190672
190674
190673
190672
190676
190680
190681
190679
190679
190683
190686
190683
190682
190682
190685
190686
190685
190685
190686
190687
190687
190688
190690
190693
190699
190702
190704
190703
190707
190711
190715
190713
190711
190713
190717
190715
190712
190708
190706
190708
190711
190711
190711
190716
190723
190724
190722
190724
190727
190728
190729
190729
190726
190725
190726
190724
190719
190716
190715
190716
190716
190714
190710
190712
190712
190711
190709
190704
190702
190703
190704
190700
190695
190695
190695
190691
190689
190686
190687
190691
190691
190689
190686
190684
190681
190680
190678
190676
190675
190674
190676
190674
190672
190674
190675
190677
190677
190677
190676
190675
190676
190674
190669
190669
190669
190666
190662
190662
190665
190669
190668
190666
190667
190672
190672
190673
190674
190673
190672
190676
190679
190681
190679
190681
190684
190685
190685
190684
190687
190693
190697
190697
190695
190694
190696
190699
190696
190693
190694
190695
190696
190695
190694
190693
190695
190698
190699
190699
190701
190705
190707
190710
190711
190708
190711
190712
190712
190710
190709
190711
190712
190710
190708
190707
190706
190707
190707
190707
190710
190711
190711
190709
190710
190709
190712
190715
190716
190717
190719
190723
190725
190720
190717
190714
190713
190711
190707
190702
190699
190698
190698
190695
190688
190686
190688
190691
190690
190686
190684
190686
190688
190688
190684
190685
190686
190688
190688
190686
190689
190694
190700
190704
190706
190710
190717
190724
190727
190728
190730
190732
190737
190738
190739
190742
190743
190744
190746
190746
190747
190754
190761
190764
190767
190770
190771
190772
190771
190769
190771
190775
190776
190776
190773
190772
190772
190774
190774
190772
190771
190771
190770
190769
190767
190767
190768
190770
190767
190763
190762
190764
190767
190762
190754
190752
190750
190747
190744
190743
190742
190743
190744
190744
190741
190743
190746
190747
190745
190740
190740
190741
190741
190741
190741
190741
190742
190745
190745
190744
190743
190745
190747
190745
190744
190744
190747
190749
190748
190746
190747
190747
190747
190745
190741
190741
190741
190742
190741
190740
190736
190737
190738
190734
190729
190731
190729
190726
190720
190717
190717
190718
190719
190719
190719
190717
190718
190720
190720
190719
190721
190719
190720
190722
190720
190716
190714
190715
190715
190708
190703
190704
190704
190701
190696
190695
190696
190696
190694
190692
190690
190692
190694
190691
190686
190682
190683
190684
190675
190669
190668
190670
190672
190673
190677
190680
190684
190688
190690
190693
190695
190699
190701
190700
190699
190698
190700
190698
190698
190697
190697
190698
190699
190696
190696
190697
190699
190701
190702
190701
190701
190702
190704
190706
190704
190704
190708
190709
190708
190708
190706
190706
190708
190709
190707
190705
190706
190708
190707
190704
190701
190702
190705
190703
190700
190698
190700
190701
190700
190697
190696
190696
190699
190698
190695
190694
190696
190697
190695
190694
190694
190694
190696
190698
190698
190696
190697
190696
190694
190691
190691
190693
190694
190691
190689
190688
190687
190689
190691
190687
190686
190692
190694
190691
190690
190692
190696
190699
190700
190699
190702
190707
190712
190714
190715
190717
190722
190727
190731
190734
190734
190737
190740
190739
190737
190737
190739
190745
190748
190747
190747
190748
190750
190746
190743
190742
190742
190744
190742
190738
190741
190743
190748
190752
190752
190757
190763
190766
190769
190769
190766
190764
190765
190763
190760
190755
190752
190749
190745
190741
190735
190736
190740
190742
190742
190744
190746
190751
190753
190754
190757
190758
190758
190754
190749
190746
190746
190743
190739
190734
190732
190733
190738
190739
190739
190741
190744
190749
190754
190756
190757
190759
190758
190753
190747
190741
190737
190733
190730
190729
190726
190724
190725
190723
190723
190725
190730
190733
190735
190738
190739
190742
190746
190745
190743
190742
190742
190741
190739
190736
190734
190735
190736
190736
190737
190740
190745
190750
190753
190754
190751
190753
190757
190759
190756
190751
190750
190747
190742
190738
190733
190734
190732
190730
190727
190724
190723
190724
190722
190718
190716
190717
190717
190713
190711
190709
190708
190708
190707
190705
190703
190706
190709
190711
190710
190711
190714
190714
190707
190700
190696
190694
190689
190684
190677
190673
190672
190669
190668
190666
190665
190668
190671
190675
190678
190679
190683
190689
190692
190692
190691
190694
190695
190697
190699
190703
190709
190714
190717
190720
190723
190727
190732
190734
190734
190733
190736
190740
190741
190742
190742
190744
190748
190747
190742
190741
190743
190745
190745
190741
190741
190742
190740
190737
190738
190738
190742
190746
190744
190742
190744
190747
190750
190754
190755
190754
190756
190756
190753
190749
190745
190745
190745
190740
190736
190734
190735
190737
190739
190742
190744
190746
190747
190749
190748
190747
190745
190744
190740
190735
190727
190724
190723
190723
190718
190713
190714
190717
190717
190716
190717
190721
190728
190732
190734
190737
190738
190740
190742
190740
190739
190740
190744
190743
190741
190743
190745
190746
190745
190746
190747
190752
190757
190761
190759
190756
190755
190755
190755
190753
190749
190748
190749
190745
190737
190731
190727
190722
190719
190713
190706
190703
190699
190695
190692
190690
190690
190692
190692
190685
190677
190674
190673
190668
190664
190662
190660
190661
190660
190657
190658
190663
190668
190670
190673
190675
190680
190686
190690
190691
190695
190700
190704
190705
190705
190703
190706
190710
190712
190711
190715
190722
190726
190726
190728
190730
190735
190737
190737
190738
190735
190733
190735
190738
190734
190731
190732
190734
190732
190730
190730
190732
190736
190734
190735
190733
190736
190739
190739
190739
190739
190743
190747
190748
190745
190744
190746
190752
190751
190749
190749
190751
190752
190753
190753
190755
190759
190761
190763
190764
190764
190766
190769
190771
190772
190772
190774
190776
190776
190774
190772
190773
190775
190776
190776
190774
190775
190777
190779
190780
190781
190784
190785
190784
190782
190779
190776
190777
190777
190776
190775
190777
190781
190781
190781
190782
190783
190786
190787
190787
190788
190787
190789
190788
190789
190786
190783
190784
190782
190778
190774
190774
190775
190772
190768
190766
190764
190763
190760
190754
190752
190750
190751
190750
190745
190740
190739
190741
190740
190735
190733
190731
190732
190734
190733
190731
190732
190735
190735
190734
190730
190728
190726
190726
190727
190724
190722
190723
190725
190726
190725
190728
190732
190731
190727
190724
190723
190721
190719
190716
190713
190712
190715
190719
190711
190706
190708
190710
190710
190707
190706
190708
190712
190709
190709
190711
190712
190714
190714
190711
190708
190707
190705
190701
190695
190691
190689
190688
190686
190680
190677
190676
190676
190677
190677
190681
190687
190691
190694
190698
190698
190701
190706
190706
190702
190702
190700
190697
190694
190689
190681
190678
190674
190672
190669
190665
190659
190659
190661
190660
190662
190664
190667
190669
190672
190674
190677
190683
190688
190688
190688
190691
190695
190699
190704
190708
190714
190716
190717
190718
190720
190725
190731
190735
190737
190746
190751
190753
190755
190754
190750
190746
190745
190744
190741
190736
190737
190735
190736
190737
190737
190740
190745
190749
190750
190751
190752
190755
190755
190753
190754
190755
190758
190760
190758
190756
190755
190758
190760
190757
190754
190754
190757
190756
190752
190753
190753
190754
190757
190758
190759
190763
190766
190768
190771
190769
190770
190776
190784
190786
190789
190795
190797
190798
190798
190797
190798
190799
190798
190793
190791
190790
190790
190789
190787
190786
190791
190793
190794
190795
190794
190794
190792
190792
190791
190789
190790
190790
190789
190786
190781
190784
190789
190793
190795
190796
190798
190802
190803
190804
190804
190805
190807
190808
190806
190802
190802
190802
190801
190796
190793
190792
190790
190790
190789
190785
190781
190782
190784
190784
190782
190781
190784
190783
190778
190773
190769
190766
190764
190762
190758
190758
190763
190762
190758
190759
190762
190766
190768
190768
190768
190770
190767
190761
190756
190751
190747
190742
190737
190737
190738
190740
190741
190742
190742
190741
190742
190747
190748
190747
190746
190745
190743
190739
190735
190733
190732
190733
190735
190735
190732
190733
190734
190736
190737
190740
190743
190752
190758
190761
190761
190761
190758
190750
190742
190730
190723
190718
190715
190711
190707
190705
190708
190710
190709
190711
190717
190726
190734
190740
190746
190751
190753
190755
190756
190750
190744
190744
190744
190740
190738
190739
190741
190742
190741
190741
190741
190742
190742
190742
190741
190741
190744
190745
190741
190740
190741
190743
190743
190741
190738
190738
190741
190742
190741
190740
190742
190746
190752
190754
190754
190757
190762
190767
190771
190772
190771
190772
190772
190768
190763
190760
190761
190762
190760
190755
190753
190756
190756
190755
190755
190756
190759
190759
190761
190763
190766
190769
190768
190762
190760
190754
190751
190751
190748
190743
190742
190743
190744
190739
190738
190742
190743
190743
190746
190748
190751
190757
190761
190766
190767
190770
190774
190777
190777
190776
190778
190782
190784
190783
190782
190784
190785
190790
190788
190786
190790
190795
190798
190802
190804
190807
190812
190816
190819
190818
190816
190820
190823
190820
190818
190818
190816
190815
190812
190808
190808
190809
190812
190810
190807
190808
190809
190809
190809
190809
190810
190809
190809
190806
190802
190801
190802
190801
190794
190792
190792
190791
190786
190783
190780
190779
190780
190780
190776
190773
190770
190768
190765
190763
190759
190757
190754
190752
190750
190746
190745
190745
190742
190737
190732
190731
190732
190729
190728
190728
190726
190726
190727
190724
190721
190722
190724
190724
190723
190720
190718
190719
190719
190718
190713
190713
190716
190718
190718
190714
190714
190716
190717
190717
190715
190715
190718
190720
190719
190713
190716
190717
190717
190717
190717
190716
190716
190719
190720
190717
190715
190718
190720
190720
190722
190728
190729
190731
190730
190732
190734
190736
190740
190738
190735
190737
190736
190736
190733
190731
190728
190728
190729
190728
190726
190725
190728
190729
190726
190723
190725
190727
190729
190729
190729
190733
190737
190741
190743
190744
190748
190753
190755
190757
190758
190761
190764
190767
190770
190769
190772
190772
190769
190765
190760
190758
190760
190760
190758
190757
190756
190756
190754
190751
190749
190748
190749
190750
190750
190747
190746
190750
190752
190753
190754
190757
190760
190760
190754
190751
190750
190749
190751
190747
190744
190744
190746
190748
190746
190745
190742
190742
190743
190743
190745
190748
190752
190757
190759
190758
190760
190768
190773
190775
190777
190780
190782
190786
190786
190785
190784
190787
190788
190786
190783
190780
190780
190779
190778
190777
190775
190773
190775
190776
190774
190775
190780
190781
190780
190780
190778
190775
190776
190774
190771
190771
190775
190775
190774
190775
190782
190786
190790
190792
190790
190791
190792
190792
190791
190786
190783
190782
190781
190775
190770
190771
190774
190773
190771
190772
190774
190776
190778
190777
190775
190778
190780
190781
190781
190784
190785
190782
190784
190785
190779
190776
190780
190782
190779
190775
190775
190774
190774
190769
190767
190766
190766
190764
190765
190762
190761
190761
190762
190763
190760
190761
190761
190762
190761
190760
190759
190761
190762
190761
190762
190762
190762
190760
190755
190750
190745
190740
190738
190734
190727
190723
190724
190722
190716
190708
190702
190701
190702
190700
190696
190693
190692
190693
190690
190684
190682
190680
190679
190677
190674
190676
190678
190682
190682
190682
190686
190687
190690
190691
190691
190691
190695
190698
190699
190694
190693
190698
190699
190697
190696
190696
190699
190703
190703
190702
190704
190707
190706
190706
190707
190710
190715
190720
190722
190721
190725
190728
190730
190732
190732
190734
190740
190744
190745
190744
190746
190748
190749
190751
190753
190753
190756
190759
190761
190762
190763
190766
190769
190770
190771
190772
190774
190775
190774
190777
190780
190779
190779
190776
190774
190772
190771
190770
190770
190765
190762
190763
190763
190763
190758
190757
190758
190759
190757
190756
190755
190758
190761
190759
190757
190755
190756
190756
190757
190755
190756
190758
190758
190758
190757
190754
190755
190753
190752
190747
190745
190747
190749
190747
190744
190747
190748
190749
190750
190752
190753
190755
190758
190759
190758
190759
190762
190766
190765
190763
190764
190766
190770
190770
190770
190771
190776
190780
190782
190783
190785
190787
190791
190788
190783
190783
190781
190780
190778
190779
190777
190771
190772
190771
190768
190766
190768
190771
190771
190770
190772
190774
190774
190769
190768
190768
190771
190773
190771
190768
190768
190770
190771
190767
190762
190762
190761
190761
190760
190758
190754
190752
190754
190752
190744
190742
190743
190743
190740
190738
190733
190731
190730
190728
190727
190726
190725
190726
190726
190725
190726
190729
190733
190735
190735
190737
190742
190746
190748
190749
190749
190750
190753
190751
190751
190752
190754
190754
190752
190752
190750
190749
190750
190748
190744
190743
190743
190743
190742
190742
190746
190751
190752
190751
190750
190751
190751
190751
190752
190750
190750
190752
190752
190752
190751
190751
190749
190751
190753
190755
190758
190761
190764
190766
190767
190767
190768
190773
190773
190774
190776
190776
190777
190779
190779
190778
190779
190780
190779
190778
190775
190776
190777
190775
190773
190770
190766
190767
190766
190764
190762
190762
190761
190760
190760
190758
190762
190765
190765
190762
190759
190758
190760
190757
190757
190758
190760
190758
190757
190754
190755
190757
190755
190753
190753
190753
190755
190758
190757
190755
190755
190759
190762
190759
190756
190759
190760
190760
190757
190757
190756
190755
190758
190758
190759
190759
190764
190765
190765
190763
190765
190768
190769
190767
190765
190763
190761
190759
190757
190751
190748
190750
190749
190746
190739
190737
190737
190736
190734
190730
190729
190733
190736
190738
190738
190738
190742
190744
190743
190741
190740
190744
190748
190747
190744
190744
190746
190746
190748
190747
190744
190743
190743
190744
190746
190747
190751
190753
190752
190751
190749
190749
190750
190749
190747
190747
190750
190754
190756
190753
190754
190755
190757
190756
190753
190751
190755
190757
190756
190756
190757
190755
190754
190749
190747
190745
190746
190751
190751
190749
190749
190752
190752
190750
190751
190753
190756
190756
190754
190752
190753
190754
190758
190759
190757
190755
190758
190760
190760
190761
190762
190764
190770
190771
190770
190775
190778
190781
190781
190778
190775
190779
190781
190778
190774
190772
190773
190777
190774
190771
190771
190773
190775
190774
190772
190769
190771
190772
190771
190768
190763
190762
190762
190760
190759
190758
190760
190762
190762
190759
190757
190757
190755
190753
190751
190751
190753
190757
190756
190753
190752
190755
190757
190753
190750
190752
190752
190753
190754
190754
190756
190759
190764
190763
190759
190756
190758
190760
190759
190757
190757
190758
190759
190759
190758
190758
190761
190766
190766
190763
190762
190763
190768
190768
190766
190767
190767
190770
190771
190769
190768
190770
190771
190773
190772
190770
190769
190769
190768
190766
190767
190769
190769
190769
190767
190767
190767
190769
190770
190767
190765
190770
190771
190769
190767
190767
190768
190768
190768
190771
190775
190782
190783
190782
190780
190778
190778
190778
190776
190773
190771
190771
190773
190773
190772
190771
190773
190775
190773
190771
190770
190773
190777
190777
190775
190774
190777
190780
190778
190777
190777
190778
190784
190786
190785
190786
190790
190793
190793
190789
190787
190788
190788
190788
190783
190781
190782
190782
190782
190779
190776
190777
190779
190782
190782
190783
190784
190785
190784
190782
190781
190781
190780
190779
190777
190774
190775
190775
190774
190776
190779
190782
190786
190787
190784
190785
190787
190788
190786
190784
190782
190781
190783
190782
190775
190770
190769
190769
190768
190765
190763
190763
190764
190765
190763
190762
190764
190766
190765
190762
190760
190760
190759
190759
190755
190752
190750
190750
190748
190746
190743
190743
190744
190742
190740
190739
190741
190742
190741
190738
190736
190737
190739
190740
190737
190737
190740
190744
190745
190742
190740
190740
190741
190738
190733
190730
190730
190730
190727
190723
190721
190722
190723
190721
190719
190718
190719
190720
190720
190720
190719
190722
190726
190727
190727
190729
190730
190731
190731
190731
190732
190732
190735
190738
190737
190738
190739
190739
190738
190735
190736
190738
190740
190740
190737
190736
190737
190737
190738
190737
190737
190740
190741
190741
190740
190741
190744
190748
190749
190746
190745
190748
190752
190752
190751
190750
190753
190755
190756
190757
190757
190761
190765
190766
190768
190770
190772
190776
190777
190778
190780
190782
190785
190788
190788
190787
190787
190788
190787
190784
190784
190787
190786
190783
190781
190782
190785
190790
190793
190795
190796
190800
190806
190807
190805
190803
190801
190801
190798
190795
190794
190795
190796
190795
190793
190791
190792
190796
190795
190794
190794
190798
190799
190797
190795
190792
190791
190793
190793
190792
190791
190793
190799
190801
190798
190798
190799
190800
190801
190800
190797
190797
190799
190798
190795
190791
190789
190790
190787
190783
190782
190783
190785
190783
190778
190775
190775
190775
190773
190768
190763
190761
190759
190757
190754
190749
190748
190746
190743
190740
190741
190745
190747
190746
190744
190744
190747
190751
190752
190751
190751
190752
190753
190752
190749
190746
190746
190745
190743
190742
190741
190740
190741
190741
190739
190738
190740
190741
190740
190739
190738
190739
190741
190740
190737
190738
190741
190744
190745
190748
190750
190754
190761
190766
190770
190773
190777
190779
190780
190781
190783
190786
190786
190784
190782
190783
190785
190784
190782
190783
190786
190787
190789
190790
190790
190788
190789
190791
190790
190789
190790
190791
190791
190792
190790
190788
190789
190792
190793
190792
190789
190791
190792
190790
190789
190788
190792
190796
190795
190794
190794
190796
190799
190799
190798
190798
190800
190803
190802
190800
190799
190798
190800
190799
190797
190795
190795
190796
190794
190792
190791
190792
190795
190796
190794
190795
190797
190797
190796
190795
190794
190794
190796
190795
190793
190795
190798
190801
190804
190806
190803
190803
190803
190803
190800
190798
190798
190800
190801
190795
190791
190789
190788
190784
190778
190777
190776
190772
190770
190766
190762
190762
190764
190762
190759
190759
190760
190760
190759
190757
190757
190757
190756
190752
190752
190753
190756
190759
190760
190760
190759
190761
190761
190761
190763
190764
190766
190765
190764
190762
190761
190762
190762
190761
190760
190759
190758
190759
190755
190750
190746
190748
190750
190749
190747
190748
190752
190755
190756
190759
190760
190763
190766
190765
190763
190762
190761
190760
190759
190758
190756
190758
190759
190762
190763
190763
190762
190761
190761
190761
190762
190767
190772
190776
190777
190776
190777
190779
190777
190774
190773
190778
190781
190780
190780
190780
190782
190785
190788
190788
190783
190780
190779
190777
190774
190773
190772
190771
190771
190772
190769
190768
190769
190769
190766
190763
190763
190768
190767
190764
190761
190761
190760
190757
190756
190759
190760
190762
190761
190756
190755
190756
190756
190757
190758
190757
190758
190760
190760
190757
190755
190756
190756
190752
190750
190748
190751
190753
190751
190747
190746
190748
190754
190758
190758
190759
190763
190769
190771
190773
190776
190778
190782
190785
190786
190786
190785
190788
190789
190786
190785
190787
190789
190789
190787
190788
190787
190784
190787
190789
190789
190789
190792
190793
190793
190791
190794
190798
190798
190795
190794
190795
190797
190794
190791
190790
190787
190789
190791
190787
190783
190785
190785
190786
190786
190786
190787
190789
190791
190791
190792
190793
190796
190800
190797
190795
190798
190799
190800
190800
190797
190799
190799
190798
190794
190794
190795
190796
190795
190794
190792
190794
190795
190792
190790
190788
190787
190786
190785
190781
190777
190777
190780
190782
190781
190778
190779
190784
190786
190785
190785
190786
190788
190789
190786
190784
190784
190786
190785
190784
190784
190787
190791
190795
190799
190799
190802
190806
190809
190805
190803
190804
190808
190808
190808
190809
190809
190811
190812
190812
190812
190812
190814
190813
190810
190809
190809
190808
190806
190805
190804
190804
190808
190810
190808
190807
190808
190812
190810
190807
190807
190806
190807
190809
190809
190805
190806
190807
190807
190805
190802
190801
190800
190799
190798
190797
190796
190798
190800
190798
190797
190798
190801
190800
190798
190796
190796
190798
190801
190800
190797
190798
190798
190797
190795
190793
190790
190791
190791
190792
190793
190790
190791
190790
190788
190789
190792
190792
190793
190794
190794
190794
190796
190796
190796
190797
190802
190805
190805
190806
190804
190803
190803
190801
190797
190793
190791
190791
190792
190790
190787
190787
190788
190790
190787
190784
190784
190787
190792
190791
190788
190790
190789
190787
190787
190785
190785
190784
190782
190776
190770
190771
190772
190772
190772
190773
190775
190779
190780
190781
190782
190784
190787
190788
190786
190782
190785
190787
190785
190782
190780
190782
190784
190781
190778
190779
190779
190781
190781
190775
190773
190773
190775
190779
190780
190781
190785
190788
190787
190786
190784
190785
190789
190791
190790
190789
190788
190789
190790
190790
190792
190793
190794
190793
190791
190792
190794
190797
190798
190799
190799
190801
190801
190802
190802
190798
190799
190801
190802
190801
190802
190806
190811
190814
190811
190812
190814
190816
190817
190814
190808
190807
190806
190806
190803
190800
190801
190800
190797
190796
190796
190796
190800
190801
190799
190799
190802
190803
190805
190805
190804
190805
190808
190808
190807
190808
190809
190809
190808
190806
190803
190805
190809
190808
190806
190807
190811
190812
190814
190813
190812
190814
190815
190813
190811
190809
190811
190814
190811
190807
190806
190809
190810
190808
190806
190806
190812
190813
190813
190811
190812
190813
190814
190816
190814
190812
190812
190816
190818
190819
190820
190820
190821
190822
190824
190826
190831
190833
190832
190828
190822
190818
190816
190815
190813
190813
190815
190815
190814
190811
190808
190809
190809
190810
190806
190803
190803
190804
190803
190799
190797
190795
190796
190796
190793
190789
190790
190792
190793
190793
190792
190792
190795
190796
190794
190792
190793
190796
190798
190797
190793
190794
190795
190796
190797
190796
190797
190798
190797
190795
190794
190795
190797
190798
190798
190797
190800
190802
190802
190801
190800
190800
190800
190799
190796
190797
190801
190805
190806
190804
190804
190805
190808
190807
190808
190808
190807
190808
190811
190811
190811
190813
190815
190815
190814
190813
190813
190814
190815
190813
190811
190807
190808
190810
190811
190807
190806
190808
190808
190806
190803
190802
190803
190802
190800
190798
190800
190802
190802
190799
190799
190801
190800
190801
190800
190800
190800
190802
190803
190802
190801
190804
190808
190810
190806
190805
190806
190806
190806
190806
190805
190805
190807
190808
190803
190800
190801
190802
190805
190805
190803
190803
190806
190807
190804
190800
190797
190798
190798
190797
190796
190794
190793
190794
190794
190794
190795
190794
190794
190793
190789
190788
190791
190792
190791
190791
190789
190792
190794
190792
190791
190793
190795
190797
190796
190796
190797
190800
190803
190801
190797
190795
190799
190797
190798
190800
190803
190804
190802
190805
190805
190801
190800
190802
190803
190798
190794
190793
190796
190798
190798
190800
190804
190806
190807
190810
190814
190819
190822
190822
190820
190821
190820
190820
190820
190820
190820
190822
190824
190824
190822
190820
190819
190820
190819
190816
190815
190814
190816
190814
190813
190815
190817
190818
190816
190813
190812
190810
190811
190808
190804
190803
190806
190807
190805
190803
190803
190806
190809
190809
190807
190810
190812
190813
190811
190811
190810
190810
190809
190808
190808
190807
190805
190807
190806
190803
190805
190807
190809
190809
190810
190813
190816
190819
190820
190821
190820
190820
190820
190817
190816
190816
190817
190819
190820
190820
190816
190814
190816
190819
190819
190821
190824
190828
190827
190824
190824
190825
190822
190819
190815
190810
190812
190813
190812
190811
190812
190815
190816
190816
190814
190812
190814
190816
190815
190813
190813
190813
190812
190812
190810
190811
190814
190815
190815
190816
190818
190821
190823
190825
190823
190824
190827
190829
190827
190825
190828
190829
190830
190831
190830
190830
190830
190831
190831
190831
190831
190833
190833
190830
190830
190833
190834
190836
190832
190831
190830
190833
190834
190832
190829
190831
190830
190830
190828
190826
190827
190830
190831
190832
190832
190832
190832
190834
190833
190828
190825
190828
190830
190825
190823
190826
190828
190830
190829
190829
190830
190833
190833
190834
190833
190833
190836
190839
190837
190838
190839
190837
190836
190831
190828
190826
190826
190824
190822
190820
190819
190816
190815
190814
190813
190815
190815
190816
190816
190816
190816
190818
190817
190815
190814
190811
190812
190814
190809
190805
190804
190806
190807
190803
190800
190800
190798
190800
190799
190795
190794
190795
190797
190795
190792
190791
190792
190796
190795
190792
190792
190797
190801
190799
190800
190803
190805
190811
190814
190815
190816
190818
190824
190826
190829
190833
190838
190841
190839
190839
190840
190841
190845
190844
190842
190843
190841
190842
190837
190833
190834
190835
190837
190833
190828
190828
190827
190827
190825
190819
190815
190815
190816
190813
190810
190810
190812
190813
190812
190809
190808
190808
190811
190814
190814
190817
190820
190820
190819
190817
190814
190815
190814
190810
190809
190806
190807
190807
190802
190800
190798
190799
190803
190802
190802
190805
190808
190812
190813
190813
190816
190819
190821
190822
190820
190821
190823
190823
190824
190825
190825
190826
190824
190822
190820
190818
190816
190818
190819
190818
190818
190818
190817
190813
190811
190809
190807
190809
190806
190799
190798
190801
190800
190797
190798
190801
190804
190808
190811
190813
190814
190812
190810
190808
190806
190806
190806
190806
190805
190802
190798
190800
190804
190805
190804
190807
190809
190809
190806
190805
190805
190806
190806
190802
190798
190797
190798
190799
190801
190801
190800
190797
190799
190800
190800
190800
190802
190805
190805
190803
190806
190810
190811
190811
190810
190807
190809
190813
190816
190814
190815
190816
190814
190810
190808
190809
190813
190818
190819
190815
190815
190819
190820
190816
190812
190811
190813
190815
190814
190816
190818
190823
190829
190831
190832
190834
190838
190842
190843
190841
190842
190846
190851
190848
190842
190843
190845
190844
190844
190842
190843
190845
190847
190847
190843
190844
190845
190846
190845
190846
190846
190844
190844
190844
190840
190838
190839
190843
190843
190840
190841
190842
190843
190845
190848
190846
190848
190852
190854
190852
190852
190855
190855
190856
190858
190859
190862
190861
190860
190861
190861
190863
190865
190865
190862
190860
190862
190863
190862
190855
190853
190854
190855
190855
190856
190858
190859
190859
190858
190858
190858
190859
190860
190859
190859
190854
190852
190855
190855
190852
190853
190857
190864
190861
190859
190861
190864
190868
190870
190869
190867
190865
190863
190859
190854
190852
190849
190847
190846
190842
190839
190840
190840
190841
190841
190841
190844
190848
190844
190839
190839
190837
190837
190835
190832
190829
190828
190829
190830
190831
190835
190840
190845
190847
190847
190846
190847
190849
190849
190849
190850
190853
190852
190850
190847
190844
190843
190843
190842
190843
190846
190849
190853
190854
190854
190854
190854
190851
190848
190845
190843
190840
190836
190831
190826
190821
190821
190820
190818
190816
190815
190817
190818
190816
190815
190816
190817
190818
190819
190817
190816
190815
190813
190810
190805
190801
190798
190799
190797
190794
190796
190799
190803
190804
190803
190805
190808
190813
190814
190816
190816
190819
190819
190817
190812
190812
190814
190813
190809
190805
190802
190801
190801
190799
190794
190791
190792
190791
190791
190788
190787
190787
190787
190786
190785
190783
190781
190782
190780
190779
190779
190777
190778
190779
190780
190783
190786
190793
190797
190798
190797
190799
190801
190797
190793
190793
190794
190796
190795
190794
190794
190796
190801
190802
190801
190800
190804
190807
190806
190806
190809
190813
190817
190817
190814
190812
190812
190813
190809
190804
190802
190803
190803
190803
190802
190801
190807
190808
190807
190809
190810
190812
190813
190815
190813
190813
190814
190814
190815
190813
190809
190812
190812
190809
190808
190806
190806
190811
190812
190810
190811
190815
190816
190813
190811
190812
190815
190818
190820
190818
190818
190820
190824
190827
190822
190818
190819
190823
190825
190824
190826
190831
190836
190838
190839
190842
190847
190849
190849
190846
190848
190853
190854
190853
190854
190850
190850
190853
190854
190852
190851
190853
190856
190858
190857
190855
190856
190858
190858
190859
190861
190865
190868
190868
190864
190863
190865
190869
190870
190869
190868
190868
190871
190871
190870
190871
190873
190874
190875
190874
190876
190878
190881
190880
190880
190881
190882
190884
190886
190885
190885
190885
190886
190884
190882
190880
190883
190886
190884
190881
190878
190877
190876
190873
190871
190870
190871
190872
190873
190874
190873
190873
190875
190873
190873
190875
190873
190871
190869
190867
190867
190865
190867
190867
190865
190864
190867
190870
190871
190866
190863
190862
190861
190860
190862
190858
190857
190860
190858
190854
190851
190851
190853
190851
190848
190844
190845
190846
190841
190839
190837
190837
190838
190835
190832
190832
190834
190833
190831
190830
190829
190831
190834
190836
190835
190832
190832
190832
190830
190827
190826
190829
190835
190836
190834
190834
190834
190833
190830
190825
190822
190825
190824
190822
190820
190821
190825
190827
190826
190828
190831
190835
190839
190842
190843
190844
190845
190846
190846
190844
190840
190837
190838
190838
190836
190833
190833
190836
190835
190832
190831
190833
190833
190832
190830
190831
190830
190829
190828
190826
190824
190824
190823
190823
190820
190818
190819
190822
190820
190816
190814
190810
190807
190802
190796
190795
190794
190794
190792
190791
190789
190788
190790
190791
190791
190790
190791
190796
190795
190792
190789
190791
190793
190794
190790
190790
190793
190794
190791
190788
190788
190788
190789
190792
190795
190795
190799
190803
190805
190804
190807
190808
190809
190814
190815
190817
190818
190821
190820
190818
190816
190815
190817
190817
190819
190818
190818
190820
190821
190820
190821
190825
190828
190828
190828
190830
190834
190839
190839
190840
190842
190849
190853
190857
190857
190858
190859
190862
190862
190860
190860
190862
190862
190859
190860
190863
190864
190868
190870
190872
190872
190877
190879
190882
190883
190882
190884
190884
190880
190877
190875
190875
190876
190875
190874
190874
190878
190878
190877
190878
190878
190879
190881
190883
190884
190885
190889
190893
190895
190895
190894
190897
190901
190901
190900
190902
190904
190907
190907
190906
190906
190905
190905
190903
190900
190897
190897
190898
190896
190893
190886
190884
190883
190884
190882
190882
190886
190891
190892
190889
190887
190888
190890
190890
190890
190889
190888
190888
190887
190884
190880
190878
190876
190875
190872
190870
190873
190878
190879
190878
190880
190881
190883
190883
190879
190874
190875
190878
190878
190875
190874
190875
190876
190876
190875
190873
190874
190877
190878
190876
190876
190876
190876
190876
190876
190875
190874
190877
190878
190877
190877
190877
190878
190877
190874
190873
190873
190874
190874
190872
190869
190871
190873
190874
190876
190875
190875
190876
190875
190870
190867
190870
190873
190873
190871
190869
190871
190870
190868
190865
190864
190864
190865
190865
190864
190863
190864
190862
190860
190857
190855
190857
190859
190857
190856
190855
190855
190852
190849
190848
190845
190845
190847
190848
190847
190846
190848
190849
190847
190845
190843
190843
190846
190847
190847
190846
190847
190848
190848
190847
190846
190847
190851
190853
190851
190850
190852
190856
190858
190860
190860
190861
190863
190862
190859
190857
190857
190858
190858
190857
190855
190856
190859
190859
190858
190858
190861
190865
190867
190867
190869
190873
190877
190879
190881
190881
190885
190889
190892
190892
190892
190894
190898
190898
190896
190895
190895
190896
190896
190895
190895
190897
190902
190904
190904
190904
190907
190909
190909
190907
190905
190905
190906
190906
190904
190904
190907
190908
190905
190901
190897
190896
190896
190895
190894
190889
190889
190890
190889
190887
190884
190884
190885
190884
190883
190883
190883
190884
190885
190883
190881
190880
190879
190878
190876
190874
190875
190877
190878
190877
190877
190878
190880
190879
190878
190877
190877
190880
190882
190881
190879
190880
190881
190879
190875
190872
190871
190873
190873
190873
190872
190874
190877
190877
190876
190875
190878
190882
190883
190883
190885
190887
190889
190889
190888
190889
190891
190893
190894
190892
190893
190894
190896
190896
190895
190895
190896
190898
190898
190898
190899
190901
190901
190901
190899
190897
190897
190899
190899
190898
190897
190898
190900
190899
190897
190898
190900
190899
190897
190895
190895
190897
190898
190897
190896
190896
190898
190903
190908
190907
190904
190906
190908
190906
190904
190902
190903
190902
190902
190899
190896
190898
190902
190905
190907
190908
190910
190912
190913
190909
190908
190911
190916
190919
190920
190921
190922
190923
190922
190919
190918
190917
190920
190919
190918
190915
190913
190911
190909
190904
190900
190899
190897
190895
190892
190889
190891
190894
190895
190893
190891
190892
190893
190892
190889
190884
190883
190884
190882
190880
190879
190881
190882
190879
190877
190874
190874
190877
190878
190878
190876
190877
190880
190880
190877
190876
190877
190880
190883
190883
190882
190883
190884
190882
190878
190875
190875
190877
190876
190872
190870
190871
190871
190870
190868
190867
190867
190869
190871
190872
190869
190872
190875
190876
190873
190870
190872
190875
190875
190870
190866
190865
190864
190863
190860
190859
190861
190863
190861
190861
190859
190859
190860
190860
190861
190862
190864
190870
190870
190869
190868
190869
190872
190873
190869
190867
190869
190873
190874
190872
190870
190870
190872
190870
190869
190868
190869
190874
190878
190876
190876
190878
190884
190888
190888
190886
190886
190889
190889
190888
190888
190889
190891
190888
190885
190883
190885
190886
190881
190879
190878
190880
190881
190878
190875
190877
190880
190884
190887
190886
190887
190888
190890
190891
190890
190889
190891
190894
190897
190896
190894
190896
190899
190902
190903
190904
190903
190904
190906
190907
190908
190907
190908
190909
190906
190905
190904
190902
190902
190901
190898
190894
190892
190892
190892
190892
190891
190896
190899
190901
190903
190906
190909
190912
190913
190913
190911
190910
190909
190906
190903
190904
190904
190904
190907
190909
190909
190912
190914
190913
190911
190910
190910
190907
190905
190904
190903
190904
190905
190902
190901
190903
190909
190910
190907
190905
190907
190908
190908
190909
190909
190905
190905
190907
190904
190900
190900
190901
190901
190897
190894
190896
190899
190902
190903
190904
190906
190909
190911
190908
190907
190910
190911
190911
190907
190903
190901
190904
190902
190896
190893
190895
190898
190900
190898
190896
190896
190896
190895
190892
190890
190888
190886
190884
190881
190877
190876
190879
190881
190882
190880
190879
190880
190879
190878
190878
190877
190878
190881
190882
190883
190881
190882
190882
190883
190884
190886
190888
190890
190887
190887
190889
190891
190893
190894
190895
190895
190898
190900
190899
190898
190899
190902
190902
190901
190899
190896
190891
190887
190884
190883
190884
190885
190885
190882
190880
190881
190883
190882
190881
190882
190883
190883
190881
190880
190879
190879
190882
190883
190880
190877
190877
190879
190881
190878
190873
190873
190875
190874
190872
190873
190875
190876
190876
190876
190876
190878
190876
190875
190872
190869
190869
190869
190867
190864
190862
190862
190866
190868
190869
190868
190870
190874
190879
190883
190886
190895
190905
190910
190910
190910
190914
190918
190919
190921
190924
190930
190932
190932
190933
190933
190936
190938
190939
190937
190936
190940
190943
190949
190951
190953
190957
190961
190963
190961
190960
190961
190962
190960
190956
190954
190955
190955
190953
190952
190950
190949
190950
190949
190948
190947
190948
190950
190951
190951
190950
190949
190950
190948
190945
190941
190938
190936
190937
190936
190935
190935
190934
190932
190929
190929
190930
190931
190934
190933
190931
190934
190939
190942
190941
190937
190936
190938
190936
190927
190923
190923
190924
190923
190920
190919
190922
190922
190920
190919
190918
190915
190916
190916
190914
190912
190912
190912
190910
190908
190905
190907
190910
190908
190905
190903
190905
190909
190911
190913
190914
190918
190922
190925
190925
190923
190922
190924
190928
190926
190925
190926
190926
190927
190927
190925
190926
190927
190927
190927
190925
190925
190927
190928
190928
190925
190926
190930
190932
190931
190928
190928
190928
190926
190923
190920
190919
190919
190918
190916
190909
190905
190904
190906
190906
190905
190907
190908
190909
190909
190904
190902
190901
190903
190901
190895
190894
190896
190899
190896
190893
190896
190900
190899
190897
190897
190898
190901
190902
190900
190897
190899
190904
190907
190904
190903
190904
190905
190903
190898
190893
190893
190892
190890
190887
190886
190885
190888
190890
190887
190884
190885
190887
190889
190890
190889
190888
190888
190887
190886
190883
190887
190888
190885
190884
190886
190890
190893
190896
190896
190892
190892
190894
190896
190899
190901
190904
190909
190913
190917
190918
190923
190930
190934
190937
190937
190940
190947
190952
190953
190954
190958
190965
190971
190973
190974
190979
190983
190983
190984
190988
190995
191002
191008
191013
191014
191020
191029
191035
191038
191038
191040
191042
191040
191037
191031
191025
191019
191012
191004
191000
190997
190992
190986
190980
190974
190967
190962
190959
190955
190949
190942
190941
190940
190936
190931
190930
190932
190931
190927
190923
190923
190921
190914
190909
190906
190906
190907
190906
190905
190904
190906
190907
190909
190907
190906
190907
190908
190907
190906
190902
190901
190905
190906
190901
190897
190897
190900
190901
190900
190896
190896
190900
190902
190902
190902
190906
190909
190911
190911
190911
190913
190915
190915
190914
190912
190908
190908
190906
190903
190903
190904
190905
190904
190902
190904
190909
190912
190912
190910
190910
190914
190917
190917
190917
190913
190912
190915
190916
190914
190912
190913
190916
190917
190916
190914
190918
190921
190920
190916
190913
190911
190912
190913
190910
190907
190909
190912
190915
190917
190918
190920
190925
190929
190924
190919
190916
190915
190914
190908
190902
190903
190903
190903
190902
190904
190909
190915
190922
190926
190930
190936
190943
190945
190944
190943
190943
190942
190940
190937
190932
190932
190930
190929
190926
190925
190928
190937
190944
190949
190951
190951
190949
190947
190942
190934
190930
190929
190924
190917
190916
190917
190919
190919
190919
190921
190925
190930
190935
190939
190944
190952
190957
190957
190953
190949
190947
190945
190940
190935
190934
190932
190930
190932
190929
190925
190926
190931
190932
190933
190935
190940
190943
190946
190946
190947
190944
190942
190941
190939
190935
190930
190929
190929
190928
190926
190928
190932
190936
190937
190938
190944
190953
190960
190965
190964
190966
190964
190961
190956
190951
190946
190941
190937
190931
190927
190928
190930
190930
190931
190934
190936
190940
190945
190945
190945
190948
190952
190952
190948
190943
190938
190933
190928
190925
190923
190923
190923
190924
190924
190926
190928
190934
190938
190940
190940
190940
190942
190941
190938
190938
190939
190941
190939
190938
190936
190935
190937
190934
190933
190932
190932
190935
190935
190928
190925
190924
190923
190920
190916
190909
190904
190903
190900
190893
190887
190885
190886
190886
190882
190879
190880
190881
190883
190883
190880
190883
190888
190891
190893
190895
190898
190900
190902
190901
190897
190895
190895
190894
190893
190890
190891
190893
190893
190892
190893
190895
190898
190898
190897
190897
190900
190905
190904
190900
190899
190898
190896
190893
190890
190889
190891
190892
190893
190893
190893
190895
190897
190898
190899
190898
190900
190899
190897
190896
190891
190888
190887
190885
190882
190880
190883
190885
190884
190882
190884
190889
190895
190897
190900
190904
190909
190915
190919
190923
190926
190927
190932
190936
190934
190933
190935
190936
190935
190933
190932
190932
190934
190936
190935
190933
190931
190933
190932
190929
190928
190930
190931
190929
190924
190922
190921
190917
190916
190917
190917
190919
190922
190925
190926
190929
190931
190934
190935
190938
190939
190940
190945
190947
190947
190947
190949
190951
190950
190947
190946
190947
190949
190950
190952
190948
190948
190950
190945
190940
190938
190940
190941
190939
190935
190933
190934
190934
190933
190934
190933
190935
190935
190933
190930
190929
190928
190929
190929
190926
190927
190929
190928
190927
190928
190930
190932
190936
190937
190937
190940
190941
190944
190945
190946
190946
190947
190950
190951
190950
190949
190950
190952
190952
190949
190947
190947
190947
190948
190946
190943
190944
190941
190937
190935
190933
190934
190937
190937
190936
190934
190935
190936
190938
190939
190939
190941
190945
190943
190942
190943
190949
190952
190956
190956
190953
190953
190958
190960
190958
190956
190958
190960
190959
190956
190953
190956
190958
190959
190959
190956
190954
190955
190957
190955
190953
190954
190956
190954
190952
190947
190945
190945
190945
190942
190940
190942
190942
190941
190938
190933
190932
190932
190934
190932
190931
190935
190939
190936
190934
190934
190932
190934
190935
190936
190938
190939
190939
190938
190936
190937
190937
190937
190940
190942
190940
190942
190945
190946
190945
190943
190944
190946
190948
190948
190946
190947
190948
190948
190947
190945
190944
190943
190941
190936
190933
190929
190930
190932
190926
190919
190917
190916
190914
190912
190910
190912
190911
190911
190911
190910
190912
190913
190915
190916
190919
190923
190930
190932
190931
190931
190934
190940
190938
190933
190932
190933
190933
190932
190932
190932
190930
190928
190926
190926
190925
190926
190929
190930
190928
190927
190929
190933
190935
190934
190932
190933
190933
190935
190935
190936
190934
190932
190931
190928
190925
190923
190927
190927
190924
190924
190926
190929
190932
190932
190930
190932
190935
190932
190931
190929
190930
190931
190931
190926
190923
190926
190929
190931
190930
190929
190932
190934
190935
190930
190929
190931
190935
190935
190932
190928
190929
190931
190929
190926
190924
190926
190926
190927
190927
190923
190923
190927
190929
190930
190928
190930
190932
190933
190934
190936
190940
190943
190947
190950
190953
190957
190960
190961
190962
190963
190967
190972
190974
190974
190975
190976
190978
190978
190977
190974
190974
190974
190975
190975
190977
190978
190980
190981
190980
190978
190980
190984
190984
190984
190985
190987
190988
190985
190984
190986
190989
190995
190996
190998
190999
191000
191005
191003
191002
191002
191002
191005
191008
191008
191003
191003
191006
191004
191000
190998
191000
191001
190998
190996
190995
190997
190999
191000
190997
190992
190993
190995
190996
190994
190993
190994
190995
190994
190990
190988
190990
190991
190988
190986
190985
190989
190992
190991
190987
190983
190987
190990
190990
190990
190989
190991
190995
190996
190995
190994
190998
191002
191002
191000
190999
191001
191004
191001
190998
190998
190998
191000
191002
191001
191001
190999
191000
191002
191000
191001
191004
191007
191009
191007
191004
191005
191005
191005
191000
190999
191001
191001
190999
190996
190994
190995
190995
190994
190992
190993
190992
190992
190990
190988
