192041
192042
192046
192050
192056
192057
192057
192059
192060
192062
192064
192066
192070
192074
192075
192075
192078
192078
192082
192085
192085
192087
192092
192094
192095
192097
192097
192099
192103
192101
192099
192097
192095
192095
192095
192092
192090
192089
192092
192092
192090
192090
192092
192099
192102
192102
192103
192105
192107
192108
192104
192099
192099
192100
192098
192094
192092
192093
192093
192091
192089
192088
192090
192090
192089
192089
192088
192087
192087
192087
192086
192086
192088
192092
192095
192092
192091
192091
192093
192094
192093
192091
192095
192098
192095
192094
192094
192096
192098
192098
192094
192091
192091
192089
192087
192085
192082
192082
192084
192083
192083
192080
192079
192077
192072
192070
192070
192069
192066
192068
192065
192065
192066
192069
192071
192071
192072
192078
192079
192076
192076
192076
192076
192077
192073
192068
192064
192061
192059
192060
192057
192053
192056
192061
192061
192060
192059
192060
192060
192062
192065
192065
192065
192063
192063
192059
192055
192055
192055
192056
192053
192051
192055
192058
192058
192061
192065
192070
192075
192081
192083
192083
192084
192085
192086
192081
192078
192078
192079
192077
192073
192070
192072
192076
192077
192079
192080
192081
192085
192089
192086
192086
192088
192090
192090
192089
192091
192092
192094
192092
192092
192092
192094
192097
192098
192098
192101
192105
192107
192105
192103
192102
192103
192104
192102
192098
192095
192094
192095
192094
192093
192091
192094
192097
192095
192093
192092
192094
192098
192100
192099
192096
192095
192096
192097
192096
192093
192091
192092
192090
192087
192085
192085
192087
192090
192092
192092
192093
192097
192100
192101
192103
192108
192111
192110
192109
192105
192102
192104
192103
192096
192092
192092
192094
192096
192093
192093
192098
192100
192102
192102
192102
192104
192105
192106
192103
192100
192098
192095
192091
192087
192083
192080
192081
192081
192079
192075
192073
192076
192078
192078
192076
192079
192084
192083
192079
192076
192075
192073
192070
192065
192062
192062
192064
192063
192061
192061
192064
192069
192071
192074
192076
192081
192085
192087
192086
192084
192086
192089
192090
192090
192090
192093
192098
192099
192101
192100
192101
192106
192106
192105
192103
192103
192106
192108
192107
192109
192110
192111
192113
192114
192113
192114
192118
192118
192112
192107
192109
192114
192115
192115
192116
192116
192115
192112
192108
192106
192105
192108
192109
192107
192108
192111
192110
192109
192107
192105
192103
192102
192101
192097
192092
192092
192094
192092
192088
192084
192083
192082
192083
192083
192084
192087
192089
192089
192089
192089
192094
192100
192099
192093
192090
192089
192091
192090
192087
192086
192089
192091
192095
192094
192092
192094
192096
192100
192098
192095
192096
192096
192096
192095
192092
192096
192097
192096
192097
192098
192100
192104
192105
192105
192104
192105
192109
192107
192105
192105
192108
192105
192102
192098
192097
192098
192099
192099
192098
192097
192096
192099
192100
192099
192099
192102
192104
192105
192103
192101
192102
192104
192106
192106
192102
192101
192104
192103
192103
192104
192107
192109
192110
192112
192111
192114
192118
192120
192120
192121
192127
192132
192132
192133
192135
192138
192142
192144
192141
192140
192142
192144
192144
192142
192142
192144
192143
192142
192138
192133
192134
192134
192135
192133
192133
192136
192137
192137
192136
192137
192138
192136
192136
192134
192132
192133
192135
192134
192131
192129
192130
192134
192135
192130
192126
192130
192134
192137
192138
192140
192141
192141
192141
192141
192139
192137
192140
192140
192139
192137
192138
192139
192138
192137
192137
192136
192134
192131
192128
192123
192121
192120
192119
192119
192117
192119
192122
192126
192128
192126
192128
192131
192132
192132
192131
192132
192135
192137
192137
192138
192140
192140
192139
192136
192133
192131
192129
192127
192125
192122
192122
192124
192123
192123
192121
192121
192121
192121
192121
192119
192119
192121
192121
192121
192118
192116
192120
192123
192122
192122
192125
192125
192126
192124
192121
192121
192120
192118
192117
192116
192116
192116
192113
192110
192107
192106
192105
192103
192101
192097
192099
192097
192096
192097
192095
192095
192097
192100
192099
192096
192097
192100
192102
192103
192102
192103
192104
192103
192100
192098
192098
192099
192097
192095
192094
192092
192090
192091
192090
192087
192086
192085
192085
192083
192083
192085
192088
192090
192088
192086
192088
192088
192089
192089
192088
192088
192091
192093
192092
192092
192093
192095
192095
192094
192091
192092
192093
192091
192090
192092
192093
192092
192092
192092
192092
192092
192092
192095
192095
192094
192096
192098
192100
192101
192098
192098
192101
192102
192102
192104
192107
192111
192115
192113
192110
192113
192115
192113
192112
192112
192113
192116
192115
192111
192107
192106
192109
192109
192107
192106
192106
192107
192106
192103
192101
192103
192106
192107
192106
192106
192104
192107
192107
192105
192103
192103
192104
192103
192100
192096
192096
192100
192100
192097
192093
192092
192094
192095
192091
192086
192088
192090
192093
192091
192089
192089
192090
192091
192091
192091
192092
192093
192094
192092
192092
192091
192090
192092
192092
192091
192090
192090
192092
192093
192092
192095
192100
192099
192100
192099
192102
192106
192108
192109
192108
192108
192111
192115
192115
192111
192109
192113
192114
192110
192109
192110
192112
192112
192109
192109
192111
192111
192111
192111
192111
192115
192118
192119
192119
192117
192118
192117
192117
192118
192118
192121
192123
192124
192124
192123
192122
192127
192131
192128
192126
192126
192128
192127
192128
192129
192131
192134
192137
192138
192138
192139
192141
192141
192141
192140
192140
192140
192138
192137
192135
192136
192137
192138
192134
192128
192129
192130
192130
192129
192130
192130
192131
192134
192133
192131
192133
192136
192137
192135
192133
192135
192139
192140
192138
192140
192140
192139
192137
192134
192133
192135
192140
192141
192141
192141
192142
192144
192145
192146
192144
192145
192145
192144
192141
192136
192135
192136
192136
192130
192128
192127
192125
192123
192123
192122
192125
192129
192131
192131
192131
192131
192129
192129
192129
192127
192129
192130
192128
192125
192123
192122
192123
192122
192120
192119
192124
192128
192131
192132
192132
192130
192129
192128
192125
192121
192116
192112
192110
192103
192098
192095
192093
192092
192091
192088
192089
192094
192094
192094
192097
192101
192104
192105
192108
192106
192105
192106
192106
192104
192104
192105
192107
192106
192102
192098
192100
192101
192100
192100
192099
192100
192102
192105
192105
192102
192104
192108
192110
192111
192113
192114
192117
192119
192119
192119
192124
192127
192127
192121
192116
192117
192117
192116
192115
192112
192114
192117
192119
192119
192117
192116
192116
192113
192111
192109
192112
192113
192110
192108
192104
192102
192102
192102
192098
192095
192095
192097
192102
192103
192105
192106
192109
192111
192110
192107
192108
192112
192114
192114
192114
192116
192117
192118
192115
192111
192111
192112
192112
192110
192106
192106
192108
192107
192105
192103
192101
192103
192107
192108
192107
192107
192109
192111
192109
192108
192110
192112
192110
192109
192107
192108
192113
192114
192113
192112
192113
192115
192116
192115
192112
192115
192120
192123
192125
192123
192123
192124
192126
192126
192123
192124
192124
192124
192120
192120
192121
192120
192123
192125
192126
192129
192133
192134
192132
192130
192132
192135
192132
192127
192124
192123
192125
192126
192123
192122
192123
192124
192126
192127
192127
192130
192135
192140
192139
192135
192139
192142
192142
192143
192144
192145
192146
192144
192140
192138
192137
192140
192140
192139
192140
192142
192142
192142
192139
192138
192141
192140
192141
192140
192138
192140
192142
192144
192146
192147
192152
192154
192153
192151
192153
192156
192158
192160
192163
192166
192167
192171
192175
192173
192172
192173
192179
192180
192181
192181
192184
192186
192186
192188
192185
192183
192182
192183
192180
192179
192178
192176
192176
192176
192174
192174
192176
192177
192175
192174
192174
192174
192176
192170
192166
192168
192168
192169
192167
192164
192165
192164
192165
192166
192164
192164
192167
192167
192167
192166
192165
192166
192168
192164
192160
192161
192164
192163
192164
192164
192162
192163
192165
192163
192162
192163
192167
192171
192175
192175
192178
192183
192184
192183
192181
192183
192187
192188
192185
192180
192180
192182
192183
192182
192182
192183
192186
192186
192185
192184
192183
192182
192180
192176
192173
192171
192170
192167
192164
192159
192161
192162
192160
192157
192157
192159
192159
192158
192155
192151
192151
192152
192150
192147
192142
192137
192137
192136
192133
192133
192134
192134
192136
192134
192132
192135
192136
192135
192133
192130
192131
192131
192132
192131
192128
192129
192128
192126
192124
192118
192117
192118
192118
192117
192117
192118
192118
192118
192115
192110
192111
192110
192109
192106
192104
192106
192104
192101
192099
192095
192094
192096
192099
192100
192099
192098
192102
192105
192105
192104
192103
192104
192102
192098
192093
192090
192088
192088
192086
192085
192087
192089
192090
192089
192089
192090
192092
192092
192091
192091
192091
192092
192093
192093
192089
192088
192087
192085
192081
192081
192078
192076
192078
192078
192079
192085
192090
192092
192094
192095
192099
192101
192102
192096
192092
192094
192097
192098
192095
192095
192095
192095
192095
192097
192097
192100
192106
192109
192112
192114
192115
192119
192121
192121
192122
192126
192130
192133
192130
192129
192133
192138
192139
192140
192145
192148
192150
192151
192148
192144
192142
192141
192139
192139
192138
192138
192141
192143
192143
192143
192146
192148
192151
192154
192153
192154
192159
192164
192168
192166
192165
192165
192165
192166
192167
192168
192172
192173
192170
192168
192167
192166
192168
192169
192172
192174
192176
192176
192175
192170
192169
192171
192170
192169
192169
192170
192172
192173
192170
192169
192171
192174
192173
192168
192167
192167
192168
192171
192172
192171
192175
192177
192176
192176
192176
192176
192176
192176
192173
192171
192170
192170
192167
192165
192163
192161
192163
192165
192163
192158
192154
192151
192151
192150
192148
192148
192152
192155
192151
192145
192146
192146
192145
192144
192141
192140
192140
192141
192139
192139
192141
192142
192143
192137
192132
192130
192132
192133
192131
192132
192131
192131
192133
192128
192123
192122
192123
192125
192124
192122
192123
192126
192127
192123
192118
192115
192116
192116
192115
192109
192106
192107
192105
192102
192101
192103
192104
192105
192106
192106
192107
192112
192115
192113
192114
192115
192118
192123
192124
192123
192124
192129
192131
192130
192129
192129
192133
192136
192134
192137
192137
192137
192138
192140
192138
192141
192145
192148
192150
192151
192154
192157
192156
192154
192154
192154
192154
192154
192151
192149
192150
192153
192155
192151
192152
192152
192154
192156
192155
192155
192155
192153
192153
192151
192148
192147
192145
192143
192140
192136
192134
192134
192133
192132
192131
192133
192137
192141
192139
192137
192139
192143
192145
192144
192143
192143
192141
192139
192137
192132
192132
192134
192134
192131
192129
192129
192130
192132
192131
192131
192135
192135
192132
192129
192127
192126
192125
192125
192123
192121
192120
192119
192118
192118
192113
192114
192118
192120
192121
192123
192124
192128
192131
192134
192137
192137
192139
192138
192138
192137
192136
192137
192142
192144
192144
192145
192149
192152
192148
192145
192150
192153
192155
192152
192151
192151
192154
192158
192155
192152
192155
192158
192161
192164
192165
192170
192176
192180
192177
192174
192175
192175
192175
192175
192178
192184
192187
192188
192189
192193
192195
192195
192196
192197
192194
192194
192193
192193
192190
192185
192183
192183
192181
192177
192172
192168
192168
192168
192164
192158
192155
192157
192159
192158
192153
192153
192156
192156
192156
192153
192154
192157
192159
192160
192157
192158
192160
192162
192162
192160
192161
192166
192170
192168
192165
192167
192168
192168
192164
192163
192164
192160
192161
192159
192154
192154
192155
192152
192150
192147
192148
192146
192144
192140
192138
192138
192138
192139
192137
192133
192136
192136
192136
192134
192129
192129
192130
192130
192129
192127
192127
192128
192131
192130
192131
192133
192134
192137
192136
192135
192134
192134
192136
192138
192138
192138
192141
192144
192141
192137
192135
192135
192137
192137
192135
192137
192139
192140
192139
192139
192138
192139
192142
192141
192135
192135
192138
192136
192134
192133
192132
192135
192135
192135
192136
192139
192142
192147
192150
192149
192149
192151
192154
192154
192154
192156
192157
192156
192152
192147
192144
192143
192141
192136
192133
192135
192139
192140
192139
192139
192139
192141
192144
192143
192139
192137
192136
192134
192131
192129
192131
192135
192141
192144
192150
192155
192162
192168
192171
192173
192179
192183
192187
192189
192186
192184
192184
192181
192176
192170
192169
192170
192172
192174
192178
192185
192192
192199
192204
192207
192213
192217
192220
192220
192219
192219
192220
192221
192220
192217
192218
192221
192223
192224
192224
192226
192228
192233
192235
192235
192236
192238
192239
192236
192231
192227
192225
192224
192219
192214
192210
192209
192210
192207
192204
192205
192209
192209
192208
192208
192211
192214
192217
192217
192217
192218
192221
192224
192224
192224
192223
192225
192226
192221
192217
192214
192212
192211
192209
192207
192207
192208
192208
192205
192203
192202
192201
192199
192196
192193
192195
192198
192199
192196
192189
192186
192187
192184
192178
192174
192172
192170
192167
192165
192163
192160
192159
192159
192159
192157
192156
192158
192166
192168
192169
192172
192176
192177
192174
192170
192166
192165
192163
192163
192160
192161
192166
192171
192173
192173
192172
192174
192176
192179
192179
192181
192182
192184
192185
192182
192181
192182
192185
192180
192176
192173
192172
192171
192166
192160
192159
192160
192158
192155
192154
192156
192159
192162
192163
192163
192162
192166
192167
192162
192159
192155
192155
192154
192151
192148
192147
192148
192150
192151
192149
192150
192151
192152
192152
192153
192153
192155
192158
192157
192154
192152
192153
192154
192154
192156
192160
192164
192164
192163
192164
192167
192171
192175
192176
192179
192179
192180
192182
192181
192180
192181
192184
192185
192184
192180
192182
192184
192185
192185
192185
192186
192188
192190
192191
192188
192189
192193
192195
192193
192191
192189
192187
192185
192181
192179
192177
192176
192175
192173
192174
192173
192175
192177
192179
192181
192186
192190
192193
192193
192194
192195
192193
192192
192189
192186
192185
192185
192186
192184
192180
192179
192179
192178
192178
192178
192176
192176
192178
192178
192178
192178
192181
192183
192181
192178
192173
192172
192173
192170
192165
192161
192161
192163
192161
192157
192153
192154
192159
192158
192160
192163
192168
192174
192176
192173
192173
192175
192176
192174
192174
192178
192183
192189
192190
192186
192185
192187
192190
192188
192187
192187
192187
192188
192187
192187
192188
192190
192191
192191
192193
192194
192192
192194
192195
192194
192193
192196
192201
192201
192199
192199
192199
192197
192193
192192
192192
192192
192193
192194
192191
192190
192194
192200
192202
192201
192203
192205
192206
192205
192203
192202
192200
192197
192192
192187
192185
192184
192183
192177
192171
192169
192166
192164
192163
192156
192153
192152
192152
192147
192141
192138
192138
192138
192133
192127
192121
192120
192119
192116
192110
192107
192105
192104
192103
192103
192103
192103
192104
192103
192104
192107
192114
192120
192121
192121
192124
192128
192131
192131
192131
192133
192138
192144
192146
192146
192149
192154
192158
192159
192164
192169
192174
192178
192180
192183
192186
192190
192192
192191
192190
192192
192197
192198
192194
192190
192189
192192
192193
192195
192196
192197
192200
192204
192204
192203
192206
192211
192214
192212
192209
192209
192208
192208
192208
192206
192207
192208
192208
192207
192208
192207
192210
192214
192215
192216
192217
192219
192221
192222
192219
192217
192217
192219
192217
192213
192210
192209
192204
192198
192191
192184
192182
192177
192173
192170
192167
192166
192167
192168
192170
192172
192173
192176
192179
192177
192176
192178
192180
192179
192180
192182
192185
192189
192188
192188
192190
192189
192189
192187
192183
192182
192181
192181
192183
192180
192178
192181
192182
192180
192179
192180
192181
192183
192182
192181
192183
192187
192187
192186
192183
192182
192184
192186
192187
192186
192185
192188
192191
192190
192191
192190
192191
192193
192190
192192
192191
192189
192191
192187
192186
192187
192184
192181
192180
192177
192173
192173
192175
192174
192172
192168
192168
192168
192166
192165
192167
192166
192170
192172
192171
192171
192174
192178
192180
192178
192181
192187
192191
192192
192192
192192
192192
192196
192199
192199
192200
192202
192203
192202
192202
192205
192209
192208
192208
192206
192202
192200
192202
192203
192202
192203
192204
192209
192209
192205
192203
192206
192208
192204
192201
192199
192199
192201
192199
192194
192194
192195
192196
192195
192193
192191
192192
192192
192190
192188
192189
192189
192191
192191
192189
192189
192191
192193
192194
192194
192195
192199
192203
192200
192196
192197
192200
192196
192193
192194
192195
192197
192201
192201
192200
192200
192201
192200
192198
192198
192198
192202
192204
192204
192202
192201
192203
192204
192201
192197
192197
192199
192201
192198
192195
192192
192189
192191
192191
192188
192186
192186
192188
192186
192183
192182
192183
192185
192184
192183
192179
192178
192181
192181
192180
192180
192181
192183
192185
192182
192180
192180
192183
192184
192185
192184
192186
192189
192190
192187
192187
192191
192192
192192
192193
192194
192194
192199
192202
192201
192202
192205
192206
192205
192202
192199
192198
192197
192196
192195
192195
192197
192200
192201
192201
192199
192200
192202
192202
192200
192200
192203
192208
192208
192207
192209
192210
192211
192208
192203
192200
192200
192203
192205
192200
192198
192201
192204
192205
192204
192205
192208
192208
192209
192212
192212
192212
192211
192209
192210
192209
192212
192215
192217
192217
192217
192219
192219
192218
192215
192218
192219
192219
192219
192220
192221
192222
192222
192220
192217
192214
192213
192213
192210
192209
192208
192208
192208
192204
192201
192199
192199
192201
192202
192201
192200
192198
192200
192198
192194
192192
192193
192195
192195
192195
192197
192201
192204
192203
192204
192202
192202
192203
192205
192207
192207
192211
192213
192214
192211
192211
192211
192210
192207
192208
192211
192214
192216
192215
192212
192209
192210
192212
192211
192209
192208
192211
192214
192215
192217
192219
192224
192224
192221
192220
192215
192212
192217
192220
192217
192217
192219
192222
192223
192224
192227
192233
192235
192235
192235
192235
192236
192238
192237
192236
192236
192234
192236
192236
192236
192232
192233
192236
192235
192235
192234
192235
192238
192239
192237
192234
192232
192236
192238
192236
192235
192239
192242
192243
192239
192237
192238
192237
192234
192235
192236
192238
192241
192241
192237
192234
192236
192240
192241
192241
192240
192240
192242
192243
192241
192238
192236
192235
192232
192229
192227
192224
192226
192227
192227
192227
192229
192232
192235
192237
192237
192241
192248
192248
192245
192246
192248
192249
192248
192246
192244
192244
192248
192245
192241
192238
192239
192240
192241
192239
192234
192234
192235
192236
192234
192232
192233
192235
192235
192233
192233
192234
192237
192239
192240
192240
192237
192239
192237
192235
192231
192233
192236
192233
192228
192225
192226
192225
192223
192222
192220
192218
192217
192218
192216
192215
192215
192216
192215
192214
192210
192210
192212
192212
192208
192204
192204
192206
192207
192205
192204
192204
192207
192210
192206
192204
192206
192209
192212
192212
192212
192214
192218
192222
192221
192221
192226
192231
192231
192226
192224
192225
192225
192223
192222
192223
192224
192225
192225
192226
192227
192227
192228
192228
192226
192223
192223
192226
192228
192229
192229
192231
192235
192239
192241
192244
192246
192250
192252
192252
192248
192248
192251
192252
192250
192249
192250
192248
192247
192246
192243
192244
192247
192246
192244
192244
192245
192248
192247
192245
192245
192248
192252
192253
192253
192248
192248
192251
192250
192247
192245
192247
192246
192244
192242
192240
192240
192241
192241
192237
192233
192230
192231
192230
192227
192226
192224
192221
192221
192218
192216
192218
192219
192217
192217
192215
192215
192217
192220
192222
192224
192226
192226
192230
192230
192229
192228
192231
192235
192234
192234
192233
192234
192236
192234
192231
192233
192234
192232
192230
192230
192232
192232
192230
192225
192222
192222
192223
192222
192221
192219
192218
192218
192220
192220
192221
192225
192226
192228
192227
192226
192227
192232
192235
192234
192233
192235
192236
192235
192233
192232
192236
192240
192242
192241
192236
192237
192241
192240
192237
192238
192239
192239
192240
192236
192232
192233
192236
192237
192236
192234
192232
192234
192233
192233
192232
192231
192234
192234
192233
192230
192231
192234
192234
192230
192229
192232
192235
192237
192237
192235
192236
192238
192241
192241
192239
192242
192248
192249
192248
192248
192250
192252
192249
192248
192248
192250
192248
192246
192246
192243
192241
192242
192242
192241
192239
192238
192239
192240
192240
192239
192241
192245
192248
192249
192247
192243
192243
192246
192245
192244
192244
192247
192251
192250
192246
192249
192254
192254
192251
192251
192253
192255
192255
192255
192250
192249
192251
192249
192246
192242
192241
192241
192241
192241
192240
192242
192242
192244
192244
192244
192242
192245
192246
192244
192245
192247
192246
192246
192242
192239
192239
192241
192240
192237
192233
192234
192236
192237
192236
192234
192235
192238
192240
192234
192231
192233
192232
192228
192226
192226
192226
192226
192228
192225
192227
192231
192233
192231
192228
192227
192231
192233
192233
192233
192234
192237
192240
192244
192245
192244
192244
192244
192245
192244
192242
192241
192241
192243
192240
192240
192241
192243
192246
192247
192246
192247
192246
192247
192246
192245
192247
192251
192251
192248
192242
192242
192244
192246
192247
192246
192246
192250
192251
192250
192248
192248
192248
192245
192242
192241
192239
192238
192238
192234
192232
192232
192233
192234
192234
192230
192230
192235
192237
192237
192235
192236
192240
192243
192243
192243
192245
192249
192250
192248
192248
192249
192252
192257
192255
192251
192251
192252
192252
192249
192251
192254
192257
192257
192255
192256
192257
192258
192261
192264
192261
192258
192259
192263
192264
192262
192264
192267
192268
192267
192266
192267
192269
192268
192267
192265
192265
192266
192266
192263
192262
192262
192262
192264
192265
192261
192259
192261
192265
192264
192262
192261
192262
192263
192263
192259
192259
192261
192261
192258
192254
192254
192256
192260
192262
192258
192257
192259
192259
192258
192256
192255
192255
192254
192250
192247
192246
192246
192244
192243
192240
192240
192243
192241
192237
192234
192232
192232
192233
192229
192225
192223
192225
192225
192222
192216
192212
192211
192212
192210
192206
192209
192212
192212
192212
192211
192213
192217
192219
192218
192218
192220
192221
192221
192219
192218
192219
192222
192222
192218
192216
192216
192217
192218
192215
192215
192215
192217
192219
192217
192216
192217
192221
192221
192219
192217
192217
192220
192222
192222
192220
192222
192225
192225
192226
192223
192225
192231
192234
192233
192233
192236
192241
192245
192248
192247
192249
192251
192250
192249
192248
192250
192254
192256
192253
192252
192254
192255
192255
192256
192254
192252
192253
192256
192255
192254
192255
192257
192259
192257
192256
192256
192258
192258
192254
192251
192249
192251
192253
192252
192251
192250
192252
192253
192249
192244
192243
192246
192248
192247
192244
192247
192250
192251
192249
192249
192250
192250
192249
192247
192248
192249
192250
192252
192252
192252
192254
192257
192259
192261
192259
192262
192265
192267
192268
192267
192267
192270
192272
192271
192270
192269
192270
192272
192270
192269
192271
192275
192278
192276
192271
192269
192272
192276
192274
192272
192272
192271
192270
192268
192265
192264
192263
192264
192261
192258
192255
192258
192260
192257
192255
192254
192256
192257
192256
192254
192253
192252
192254
192254
192252
192253
192253
192251
192250
192249
192251
192253
192251
192250
192249
192248
192252
192254
192254
192252
192252
192255
192258
192260
192261
192262
192264
192265
192264
192262
192263
192265
192267
192266
192262
192262
192264
192264
192263
192261
192262
192265
192265
192262
192259
192258
192258
192259
192260
192260
192262
192264
192267
192268
192264
192265
192268
192270
192270
192268
192269
192272
192275
192275
192273
192274
192278
192279
192279
192281
192285
192289
192292
192294
192296
192301
192304
192306
192308
192309
192310
192311
192311
192310
192306
192304
192303
192302
192300
192296
192294
192296
192299
192297
192295
192294
192294
192297
192295
192291
192292
192291
192291
192290
192285
192282
192282
192281
192278
192273
192271
192271
192271
192266
192260
192257
192252
192246
192238
192232
192228
192226
192224
192221
192214
192210
192210
192211
192209
192207
192208
192208
192210
192207
192206
192206
192205
192207
192204
192200
192199
192200
192200
192201
192201
192204
192207
192210
192212
192215
192217
192218
192215
192213
192210
192207
192205
192205
192202
192201
192204
192206
192209
192210
192210
192213
192219
192225
192230
192233
192235
192241
192243
192243
192242
192246
192253
192255
192257
192261
192262
192267
192272
192275
192278
192282
192288
192291
192292
192293
192292
192293
192296
192295
192293
192291
192291
192292
192292
192292
192296
192297
192300
192301
192301
192301
192301
192305
192305
192302
192302
192304
192306
192307
192305
192303
192308
192311
192310
192311
192310
192312
192314
192315
192312
192310
192314
192315
192312
192310
192311
192311
192310
192305
192302
192304
192309
192313
192314
192314
192314
192313
192313
192312
192310
192310
192308
192308
192307
192304
192302
192303
192303
192305
192307
192304
192303
192304
192304
192303
192302
192302
192302
192300
192296
192293
192294
192297
192295
192292
192292
192291
192295
192296
192290
192289
192290
192290
192289
192290
192293
192294
192296
192298
192295
192295
192297
192297
192296
192295
192291
192292
192294
192293
192291
192291
192293
192296
192297
192293
192292
192295
192295
192294
192292
192292
192295
192295
192293
192291
192291
192291
192292
192289
192287
192287
192287
192285
192282
192278
192281
192283
192283
192283
192285
192284
192286
192289
192289
192288
192290
192292
192295
192294
192292
192293
192298
192301
192300
192300
192301
192300
192302
192303
192302
192302
192304
192307
192310
192308
192309
192312
192313
192313
192311
192309
192312
192314
192310
192306
192304
192306
192307
192303
192301
192301
192301
192303
192303
192301
192300
192301
192302
192300
192299
192302
192305
192308
192307
192307
192309
192308
192308
192307
192305
192306
192306
192306
192304
192305
192305
192304
192305
192305
192302
192299
192298
192300
192299
192299
192297
192294
192296
192296
192292
192290
192290
192290
192289
192286
192284
192284
192286
192285
192282
192281
192281
192282
192280
192273
192272
192276
192279
192279
192278
192279
192279
192282
192281
192279
192281
192284
192287
192288
192289
192290
192295
192299
192301
192303
192306
192310
192312
192312
192313
192315
192319
192324
192326
192330
192331
192335
192341
192341
192339
192338
192338
192339
192338
192336
192338
192338
192340
192341
192341
192338
192340
192343
192339
192335
192333
192334
192337
192337
192333
192330
192329
192326
192325
192322
192320
192319
192319
192318
192313
192309
192307
192306
192305
192303
192300
192303
192301
192297
192296
192298
192301
192302
192304
192305
192305
192304
192306
192306
192304
192303
192304
192306
192304
192301
192302
192302
192305
192304
192304
192303
192306
192307
192306
192306
192308
192310
192312
192312
192306
192304
192301
192302
192303
192300
192299
192298
192300
192300
192296
192293
192293
192296
192297
192298
192301
192304
192308
192310
192308
192307
192310
192315
192313
192308
192307
192311
192312
192310
192305
192306
192307
192310
192311
192312
192313
192315
192317
192317
192312
192310
192314
192316
192315
192312
192312
192312
192313
192311
192308
192307
192305
192305
192306
192307
192305
192307
192313
192316
192316
192318
192322
192328
192329
192325
192322
192322
192325
192323
192321
192318
192316
192316
192316
192317
192318
192319
192322
192323
192320
192318
192318
192319
192319
192317
192317
192316
192316
192314
192314
192315
192313
192314
192315
192312
192311
192307
192306
192305
192303
192302
192303
192305
192307
192306
192305
192306
192306
192306
192305
192305
192300
192299
192299
192297
192297
192300
192302
192301
192300
192299
192297
192297
192295
192294
192292
192294
192298
192297
192295
192296
192299
192299
192297
192294
192295
192296
192297
192296
192293
192293
192293
192293
192290
192288
192288
192289
192292
192292
192292
192293
192299
192306
192309
192309
192311
192319
192325
192327
192330
192331
192333
192335
192338
192339
192336
192333
192331
192331
192328
192325
192325
192327
192324
192318
192316
192317
192318
192316
192311
192308
192308
192308
192304
192301
192297
192297
192298
192298
192294
192289
192287
192289
192290
192291
192293
192295
192298
192299
192299
192297
192299
192300
192300
192299
192296
192296
192298
192298
192293
192293
192297
192300
192299
192302
192299
192300
192303
192303
192304
192305
192304
192304
192304
192301
192298
192299
192298
192292
192286
192282
192281
192284
192288
192286
192287
192287
192288
192287
192284
192280
192279
192281
192280
192278
192277
192278
192280
192280
192282
192283
192284
192288
192289
192289
192288
192289
192291
192292
192291
192292
192293
192291
192290
192288
192287
192290
192294
192297
192297
192298
192298
192298
192298
192297
192299
192304
192306
192309
192307
192306
192306
192306
192307
192307
192307
192310
192316
192320
192323
192330
192338
192342
192342
192341
192342
192344
192347
192346
192344
192340
192340
192341
192337
192332
192328
192328
192331
192331
192329
192330
192335
192342
192342
192342
192340
192338
192341
192338
192336
192334
192337
192336
192334
192333
192332
192336
192340
192343
192342
192339
192342
192342
192339
192338
192336
192336
192334
192331
192329
192326
192324
192327
192328
192327
192328
192330
192332
192334
192336
192335
192338
192341
192340
192339
192339
192342
192347
192345
192340
192339
192337
192334
192331
192329
192326
192328
192329
192329
192330
192328
192329
192332
192333
192332
192332
192330
192332
192333
192333
192334
192339
192344
192347
192350
192352
192353
192354
192354
192355
192356
192357
192359
192361
192363
192363
192364
192366
192366
192363
192361
192361
192363
192366
192367
192365
192364
192367
192368
192365
192364
192364
192363
192363
192361
192361
192364
192365
192364
192358
192356
192359
192361
192363
192364
192361
192360
192361
192359
192355
192353
192356
192356
192352
192346
192340
192340
192339
192334
192327
192320
192318
192318
192318
192313
192310
192313
192315
192318
192316
192314
192318
192322
192325
192324
192324
192325
192322
192321
192319
192317
192318
192322
192323
192321
192321
192321
192321
192320
192318
192315
192314
192312
192310
192306
192305
192306
192306
192306
192306
192307
192311
192314
192315
192319
192319
192319
192321
192322
192322
192322
192322
192324
192326
192325
192321
192315
192313
192315
192312
192310
192314
192318
192320
192320
192319
192320
192319
192319
192320
192317
192316
192321
192323
192323
192323
192323
192323
192321
192319
192314
192313
192316
192315
192313
192310
192305
192303
192300
192294
192288
192286
192287
192289
192286
192283
192287
192293
192295
192293
192293
192296
192298
192298
192298
192295
192298
192303
192302
192305
192310
192312
192314
192319
192323
192324
192327
192331
192333
192335
192336
192338
192343
192348
192344
192339
192340
192346
192349
192348
192348
192351
192354
192357
192354
192351
192349
192350
192346
192339
192335
192336
192337
192337
192336
192336
192337
192339
192340
192341
192344
192350
192356
192360
192359
192359
192363
192367
192365
192361
192358
192360
192360
192357
192354
192351
192352
192355
192356
192350
192349
192356
192358
192358
192358
192357
192358
192357
192350
192341
192336
192334
192338
192340
192341
192341
192341
192345
192350
192350
192350
192355
192359
192359
192356
192354
192356
192356
192354
192350
192346
192344
192344
192347
192346
192343
192342
192344
192345
192346
192347
192348
192348
192347
192346
192345
192344
192342
192339
192333
192325
192321
192319
192317
192314
192313
192317
192319
192324
192327
192330
192335
192340
192345
192346
192345
192345
192349
192351
192350
192348
192349
192348
192344
192342
192340
192336
192333
192332
192330
192324
192322
192324
192326
192326
192325
192329
192334
192332
192328
192325
192323
192324
192323
192319
192313
192310
192312
192311
192308
192306
192306
192308
192309
192307
192303
192307
192311
192316
192316
192315
192317
192319
192318
192314
192311
192312
192313
192314
192310
192306
192307
192310
192311
192311
192311
192315
192322
192326
192323
192322
192325
192326
192324
192322
192320
192318
192320
192320
192318
192317
192319
192319
192318
192316
192315
192317
192318
192316
192316
192317
192317
192318
192320
192320
192319
192320
192323
192324
192323
192321
192321
192326
192329
192329
192326
192326
192327
192329
192329
192328
192329
192331
192334
192334
192332
192333
192330
192327
192323
192321
192319
192319
192322
192324
192326
192325
192326
192329
192329
192328
192333
192334
192337
192336
192334
192336
192337
192337
192334
192328
192326
192327
192327
192325
192324
192327
192330
192331
192331
192331
192334
192337
192338
192338
192336
192339
192342
192343
192346
192347
192349
192354
192357
192357
192355
192357
192356
192355
192353
192351
192351
192354
192356
192356
192356
192355
192357
192360
192359
192358
192359
192361
192362
192359
192356
192356
192356
192356
192354
192354
192355
192357
192359
192360
192360
192365
192369
192373
192374
192373
192374
192377
192377
192374
192370
192367
192367
192367
192366
192364
192363
192364
192364
192360
192356
192358
192362
192362
192358
192358
192359
192361
192361
192359
192357
192357
192359
192357
192354
192351
192351
192352
192352
192351
192351
192354
192361
192364
192364
192362
192363
192363
192362
192359
192356
192355
192357
192356
192353
192349
192347
192343
192339
192336
192333
192332
192333
192336
192336
192331
192330
192334
192336
192334
192332
192335
192338
192337
192335
192331
192328
192330
192331
192328
192327
192330
192334
192337
192336
192334
192336
192340
192343
192343
192344
192348
192350
192349
192349
192347
192348
192353
192355
192354
192355
192357
192357
192360
192359
192359
192360
192365
192367
192366
192369
192369
192369
192371
192369
192367
192365
192367
192370
192372
192371
192374
192376
192377
192374
192370
192368
192369
192372
192373
192370
192371
192372
192373
192370
192368
192370
192372
192377
192380
192380
192380
192382
192383
192381
192378
192380
192382
192383
192382
192380
192380
192384
192387
192387
192383
192386
192388
192388
192385
192383
192383
192385
192386
192385
192381
192380
192380
192379
192379
192379
192378
192380
192381
192380
192378
192380
192381
192382
192380
192377
192378
192376
192376
192374
192370
192369
192370
192370
192366
192363
192364
192364
192363
192361
192360
192359
192358
192359
192358
192358
192357
192357
192357
192356
192355
192354
192355
192360
192361
192357
192357
192361
192364
192365
192365
192367
192369
192373
192375
192374
192373
192376
192375
192373
192371
192373
192374
192374
192370
192366
192365
192369
192370
192366
192364
192366
192367
192365
192363
192360
192360
192359
192360
192360
192360
192359
192360
192362
192362
192357
192356
192357
192359
192358
192358
192359
192359
192359
192359
192358
192356
192358
192357
192354
192354
192356
192360
192364
192363
192363
192361
192361
192362
192361
192360
192358
192358
192356
192351
192348
192344
192346
192347
192346
192344
192342
192345
192346
192344
192339
192338
192339
192338
192334
192331
192328
192328
192326
192323
192320
192317
192316
192317
192312
192307
192306
192306
192305
192303
192305
192304
192307
192306
192304
192302
192302
192304
192305
192307
192309
192311
192314
192317
192317
192318
192321
192324
192325
192324
192323
192322
192326
192328
192327
192326
192327
192328
192331
192331
192329
192327
192330
192332
192332
192333
192333
192333
192336
192337
192336
192337
192338
192341
192342
192340
192341
192345
192351
192352
192351
192353
192358
192362
192366
192369
192371
192377
192383
192385
192385
192386
192388
192389
192389
192391
192394
192396
192398
192397
192393
192392
192394
192397
192398
192396
192397
192402
192401
192398
192393
192388
192387
192388
192387
192384
192384
192384
192384
192381
192377
192377
192379
192380
192377
192372
192373
192376
192379
192380
192377
192375
192375
192377
192378
192378
192377
192382
192385
192385
192381
192379
192382
192388
192393
192393
192397
192402
192405
192405
192402
192404
192406
192409
192408
192407
192405
192408
192412
192411
192408
192406
192406
192406
192403
192397
192392
192390
192389
192384
192378
192373
192374
192378
192375
192370
192366
192368
192371
192369
192366
192366
192367
192365
192364
192361
192361
192361
192362
192364
192363
192364
192369
192372
192370
192369
192369
192374
192378
192377
192377
192376
192377
192379
192378
192376
192377
192379
192381
192382
192382
192380
192380
192381
192380
192378
192377
192379
192383
192382
192379
192378
192380
192381
192380
192375
192375
192377
192379
192377
192373
192373
192376
192378
192379
192380
192382
192388
192388
192388
192386
192387
192386
192388
192387
192388
192386
192387
192388
192389
192387
192387
192389
192390
192390
192388
192389
192391
192394
192394
192395
192396
192396
192398
192397
192395
192393
192393
192393
192389
192386
192381
192382
192379
192375
192372
192370
192369
192366
192360
192355
192352
192351
192351
192348
192344
192343
192346
192349
192348
192347
192350
192353
192358
192356
192353
192354
192355
192354
192351
192348
192346
192347
192345
192343
192339
192338
192338
192337
192337
192337
192341
192345
192346
192346
192345
192344
192344
192346
192349
192349
192352
192354
192356
192358
192360
192361
192364
192367
192368
192368
192371
192373
192375
192376
192377
192379
192382
192385
192387
192387
192386
192389
192390
192388
192387
192385
192387
192392
192391
192390
192392
192393
192392
192391
192387
192383
192384
192386
192385
192383
192383
192385
192388
192386
192382
192382
192385
192386
192384
192380
192380
192380
192380
192379
192375
192372
192373
192373
192374
192368
192364
192366
192368
192369
192369
192369
192369
192370
192370
192368
192366
192363
192362
192362
192361
192363
192367
192374
192374
192373
192373
192374
192377
192379
192380
192382
192384
192385
192386
192386
192385
192384
192384
192381
192375
192373
192374
192373
192371
192371
192371
192371
192375
192377
192378
192379
192384
192386
192384
192384
192384
192380
192378
192376
192374
192373
192373
192371
192369
192365
192362
192361
192361
192361
192360
192361
192365
192372
192375
192377
192379
192385
192391
192394
192395
192396
192399
192401
192402
192402
192402
192403
192406
192406
192406
192407
192411
192416
192418
192419
192420
192423
192428
192430
192428
192426
192427
192430
192429
192426
192426
192429
192432
192430
192426
192425
192424
192424
192422
192419
192420
192423
192426
192425
192423
192423
192424
192424
192423
192419
192419
192419
192418
192416
192413
192412
192411
192412
192412
192410
192406
192405
192405
192405
192406
192406
192408
192408
192405
192402
192402
192403
192404
192404
192401
192400
192402
192403
192401
192398
192398
192401
192406
192404
192400
192399
192400
192404
192404
192403
192404
192410
192416
192419
192418
192417
192419
192418
192415
192414
192410
192409
192411
192411
192409
192407
192409
192412
192413
192412
192411
192411
192415
192416
192414
192415
192419
192423
192425
192424
192426
192429
192430
192427
192425
192422
192422
192422
192419
192417
192417
192416
192415
192414
192408
192406
192406
192405
192405
192407
192409
192412
192417
192417
192415
192416
192419
192421
192421
192422
192422
192423
192426
192424
192422
192419
192419
192420
192420
192418
192417
192417
192414
192411
192409
192410
192410
192410
192410
192411
192412
192412
192413
192413
192414
192415
192418
192421
192421
192420
192419
192421
192426
192428
192422
192418
192419
192423
192422
192421
192424
192428
192429
192429
192429
192431
192434
192435
192433
192433
192432
192432
192433
192433
192432
192431
192433
192432
192431
192429
192427
192426
192425
192425
192424
192423
192424
192424
192425
192423
192423
192426
192431
192430
192429
192426
192425
192426
192424
192422
192421
192420
192422
192420
192417
192414
192415
192418
192419
192418
192417
192418
192422
192422
192418
192418
192418
192418
192418
192416
192413
192412
192411
192407
192403
192401
192396
192394
192396
192395
192392
192392
192394
192393
192389
192387
192388
192391
192389
192384
192379
192379
192380
192381
192381
192381
192380
192383
192384
192384
192385
192389
192393
192395
192396
192395
192398
192399
192399
192398
192396
192396
192399
192402
192400
192400
192401
192401
192401
192400
192400
192403
192406
192405
192405
192407
192412
192416
192417
192417
192419
192420
192420
192421
192420
192422
192420
192418
192416
192414
192412
192414
192413
192413
192412
192409
192408
192408
192407
192407
192407
192405
192404
192405
192405
192405
192405
192407
192409
192410
192409
192410
192412
192414
192413
192415
192414
192414
192413
192409
192406
192404
192404
192404
192400
192401
192402
192400
192400
192402
192402
192404
192405
192404
192403
192402
192400
192402
192404
192405
192405
192408
192413
192415
192414
192415
192417
192421
192421
192420
192421
192426
192429
192433
192435
192437
192441
192446
192449
192448
192448
192451
192452
192452
192450
192448
192449
192452
192452
192450
192449
192451
192452
192451
192449
192448
192449
192451
192447
192443
192442
192442
192443
192444
192443
192443
192445
192449
192451
192452
192450
192453
192458
192459
192460
192461
192464
192467
192468
192466
192461
192460
192460
192458
192454
192455
192459
192461
192457
192455
192454
192456
192456
192454
192454
192453
192452
192451
192448
192445
192444
192444
192446
192447
192445
192443
192442
192445
192445
192446
192447
192448
192450
192450
192449
192448
192448
192448
192447
192444
192443
192444
192443
192443
192440
192437
192439
192442
192441
192438
192439
192442
192444
192445
192446
192444
192442
192443
192444
192444
192444
192444
192443
192445
192441
192438
192439
192443
192444
192445
192446
192447
192447
192445
192444
192447
192448
192450
192450
192451
192450
192448
192450
192449
192446
192446
192448
192449
192448
192445
192444
192445
192448
192449
192446
192445
192446
192448
192447
192443
192445
192446
192447
192448
192446
192444
192443
192445
192447
192446
192443
192445
192445
192444
192442
192441
192442
192443
192442
192440
192439
192439
192441
192439
192434
192432
192432
192433
192432
192430
192428
192431
192431
192431
192429
192427
192429
192433
192433
192431
192432
192434
192439
192441
192445
192445
192447
192451
192453
192453
192453
192454
192457
192457
192451
192445
192446
192448
192447
192447
192446
192447
192451
192452
192452
192453
192453
192453
192451
192448
192447
192450
192450
192449
192446
192443
192445
192447
192448
192449
192447
192446
192450
192451
192450
192448
192447
192448
192448
192444
192440
192440
192439
192438
192432
192425
192423
192424
192421
192418
192417
192419
192419
192420
192418
192417
192420
192424
192427
192429
192430
192431
192436
192440
192439
192440
192443
192448
192451
192449
192448
192450
192454
192457
192458
192459
192463
192467
192469
192469
192469
192472
192473
192469
192461
192456
192456
192455
192453
192450
192448
192449
192451
192452
192454
192455
192455
192458
192459
192459
192460
192464
192470
192472
192474
192476
192480
192485
192486
192481
192478
192479
192481
192482
192481
192480
192483
192485
192486
192487
192485
192486
192488
192488
192486
192485
192486
192486
192485
192480
192474
192474
192476
192476
192474
192474
192475
192477
192480
192482
192482
192485
192489
192490
192487
192489
192490
192489
192488
192484
192480
192479
192477
192472
192467
192462
192461
192461
192459
192456
192452
192449
192450
192454
192453
192451
192453
192457
192461
192461
192458
192456
192458
192462
192461
192458
192458
192457
192459
192461
192462
192463
192468
192469
192465
192466
192467
192468
192468
192465
192462
192465
192465
192463
192462
192461
192461
192463
192466
192463
192460
192461
192462
192460
192458
192456
192456
192455
192453
192451
192449
192447
192449
192450
192449
192450
192451
192452
192451
192447
192444
192442
192441
192441
192437
192433
192433
192433
192431
192425
192422
192424
192426
192427
192427
192428
192434
192439
192441
192441
192438
192435
192434
192431
192428
192422
192420
192421
192422
192420
192419
192422
192428
192431
192434
192438
192446
192456
192460
192459
192462
192466
192470
192472
192471
192469
192470
192471
192472
192471
192470
192472
192473
192474
192475
192473
192475
192478
192478
192474
192471
192472
192472
192469
192465
192462
192462
192463
192465
192464
192465
192467
192471
192474
192474
192475
192479
192482
192485
192484
192487
192490
192491
192492
192487
192483
192486
192488
192489
192487
192484
192485
192486
192486
192482
192483
192487
192491
192494
192493
192489
192486
192484
192480
192473
192467
192464
192460
192458
192452
192448
192446
192443
192441
192438
192436
192436
192435
192434
192433
192433
192436
192439
192441
192442
192445
192450
192455
192458
192460
192462
192460
192463
192461
192459
192456
192457
192459
192457
192450
192448
192449
192452
192457
192458
192460
192463
192468
192472
192470
192468
192468
192471
192471
192466
192462
192460
192462
192459
192455
192451
192450
192451
192453
192455
192456
192461
192462
192464
192464
192466
192470
192474
192475
192473
192473
192472
192474
192474
192472
192468
192467
192467
192466
192464
192462
192462
192464
192468
192467
192466
192465
192468
192472
192468
192463
192466
192467
192465
192463
192462
192461
192463
192464
192461
192461
192460
192460
192458
192457
192456
192461
192462
192464
192467
192463
192461
192465
192467
192467
192465
192465
192466
192464
192460
192461
192461
192459
192459
192455
192451
192454
192449
192443
192439
192437
192434
192436
192437
192435
192437
192440
192443
192448
192449
192449
192448
192449
192453
192453
192450
192451
192456
192460
192458
192455
192459
192464
192465
192462
192463
192465
192465
192466
192465
192465
192463
192464
192465
192461
192459
192459
192460
192457
192451
192447
192443
192441
192443
192444
192444
192448
192453
192458
192458
192458
192463
192466
192467
192467
192468
192470
192475
192479
192478
192477
192482
192487
192486
192482
192479
192477
192477
192476
192473
192471
192466
192468
192468
192465
192464
192467
192468
192468
192466
192467
192469
192470
192468
192465
192462
192461
192464
192467
192467
192464
192464
192464
192466
192467
192464
192464
192469
192473
192471
192470
192475
192479
192483
192487
192490
192492
192495
192498
192498
192500
192502
192506
192507
192504
192503
192504
192504
192502
192500
192497
192497
192497
192497
192495
192494
192496
192499
192501
192500
192496
192495
192496
192495
192492
192488
192486
192484
192485
192481
192480
192477
192476
192478
192478
192476
192479
192485
192489
192490
192489
192491
192494
192492
192490
192487
192489
192491
192492
192492
192490
192490
192492
192496
192495
192493
192492
192489
192487
192482
192477
192475
192476
192472
192468
192463
192462
192461
192460
192457
192456
192456
192456
192454
192453
192452
192455
192457
192458
192458
192457
192459
192460
192462
192461
192463
192463
192466
192467
192466
192466
192469
192470
192470
192469
192466
192463
192462
192460
192458
192453
192448
192448
192448
192447
192444
192446
192448
192450
192452
192452
192451
192452
192456
192457
192453
192452
192453
192451
192446
192445
192444
192440
192435
192430
192428
192427
192426
192425
192423
192419
192419
192421
192423
192422
192423
192427
192432
192435
192436
192437
192442
192450
192456
192461
192464
192468
192473
192480
192487
192492
192497
192506
192511
192513
192515
192521
192527
192531
192532
192534
192539
192543
192547
192548
192549
192549
192553
192554
192547
192542
192539
192538
192536
192531
192524
192521
192521
192520
192518
192518
192521
192527
192528
192527
192527
192524
192526
192527
192521
192515
192513
192515
192514
192512
192510
192512
192513
192512
192510
192508
192509
192511
192512
192511
192512
192515
192514
192515
192516
192512
192511
192514
192514
192514
192510
192507
192506
192502
192499
192494
192493
192494
192495
192492
192487
192487
192491
192493
192492
192491
192492
192493
192496
192499
192498
192498
192503
192510
192510
192506
192507
192508
192508
192504
192501
192499
192498
192496
192495
192494
192491
192491
192491
192489
192486
192485
192485
192486
192487
192484
192484
192485
192486
192483
192478
192478
192481
192484
192484
192481
192483
192488
192488
192487
192485
192485
192485
192484
192482
192481
192481
192483
192485
192486
192486
192485
192488
192493
192494
192495
192498
192501
192501
192501
192499
192498
192497
192494
192490
192485
192484
192483
192481
192480
192477
192476
192477
192478
192473
192473
192478
192482
192486
192486
192484
192484
192487
192488
192488
192484
192487
192490
192488
192486
192484
192481
192482
192483
192481
192482
192483
192487
192491
192493
192494
192501
192507
192513
192515
192517
192521
192522
192525
192528
192528
192529
192529
192529
192526
192524
192519
192518
192516
192514
192510
192507
192507
192507
192505
192502
192500
192501
192499
192496
192493
192492
192494
192495
192491
192490
192491
192493
192496
192494
192492
192493
192490
192484
192480
192478
192474
192471
192469
192465
192454
192443
192438
192435
192431
192423
192418
192414
192409
192402
192397
192394
192392
192393
192391
192390
192389
192388
192389
192386
192382
192382
192383
192385
192386
192387
192389
192391
192394
192395
192394
192397
192403
192407
192408
192409
192412
192415
192424
192429
192426
192427
192427
192429
192428
192428
192430
192431
192435
192437
192437
192438
192441
192444
192444
192442
192441
192445
192445
192442
192441
192442
192446
192451
192454
192454
192458
192462
192465
192467
192466
192466
192471
192476
192477
192479
192481
192482
192484
192484
192484
192487
192491
192496
192497
192495
192498
192500
192502
192499
192499
192500
192503
192504
192500
192498
192497
192499
192499
192499
192501
192503
192504
192508
192510
192510
192510
192514
192518
192521
192521
192525
192530
192535
192536
192536
192538
192543
192548
192544
192539
192537
192540
192542
192540
192540
192539
192541
192544
192542
192537
192537
192540
192539
192537
192536
192535
192538
192539
192536
192536
192533
192530
192531
192530
192526
192523
192523
192524
192523
192520
192520
192524
192522
192516
192510
192505
192505
192506
192505
192502
192501
192501
192502
192501
192498
192496
192499
192503
192502
192501
192499
192501
192502
192497
192491
192487
192485
192482
192477
192472
192471
192474
192476
192474
192473
192471
192470
192470
192468
192466
192467
192469
192473
192473
192471
192468
192470
192471
192467
192466
192464
192463
192461
192458
192456
192453
192452
192450
192449
192445
192441
192441
192444
192442
192438
192436
192437
192441
192440
192436
192435
192438
192440
192442
192443
192443
192446
192447
192447
192446
192450
192458
192459
192459
192461
192461
192461
192464
192465
192465
192466
192470
192470
192468
192469
192474
192477
192481
192483
192484
192483
192484
192487
192483
192480
192480
192480
192480
192480
192479
192482
192484
192490
192496
192496
192500
192506
192510
192511
192509
192511
192512
192512
192513
192514
192513
192510
192511
192510
192506
192505
192506
192510
192511
192509
192508
192509
192510
192508
192506
192508
192509
192508
192504
192501
192504
192505
192504
192503
192502
192504
192505
192508
192507
192505
192503
192504
192504
192503
192500
192500
192501
192504
192503
192500
192499
192497
192499
192499
192497
192498
192502
192503
192501
192499
192499
192502
192504
192502
192499
192497
192495
192495
192490
192484
192481
192483
192485
192487
192487
192485
192487
192491
192489
192486
192487
192490
192490
192489
192485
192482
192481
192484
192485
192483
192481
192481
192482
192483
192480
192481
192485
192490
192491
192489
