193847
193847
193853
193860
193863
193862
193859
193858
193858
193855
193850
193847
193847
193847
193844
193840
193838
193839
193840
193841
193841
193844
193848
193852
193854
193855
193853
193855
193853
193849
193841
193835
193833
193832
193833
193829
193828
193829
193831
193832
193831
193831
193834
193836
193837
193837
193838
193842
193843
193844
193842
193842
193845
193847
193846
193844
193840
193839
193840
193841
193838
193837
193841
193846
193850
193851
193852
193854
193859
193861
193857
193854
193850
193849
193844
193839
193835
193833
193833
193831
193826
193824
193825
193824
193826
193826
193828
193830
193833
193836
193835
193831
193834
193837
193839
193839
193836
193834
193834
193834
193832
193828
193824
193820
193819
193816
193815
193818
193822
193828
193832
193834
193839
193841
193842
193843
193841
193840
193840
193840
193836
193830
193830
193831
193829
193825
193822
193818
193817
193817
193818
193817
193819
193822
193825
193826
193824
193825
193830
193833
193835
193836
193840
193844
193846
193845
193845
193846
193845
193843
193840
193840
193843
193846
193846
193844
193842
193842
193845
193847
193845
193845
193842
193841
193845
193845
193843
193843
193843
193842
193842
193838
193834
193833
193833
193829
193825
193826
193830
193832
193831
193830
193833
193836
193841
193842
193842
193847
193852
193854
193852
193851
193853
193855
193856
193855
193854
193852
193853
193853
193851
193849
193848
193846
193844
193842
193841
193843
193843
193844
193842
193839
193836
193837
193837
193836
193833
193834
193835
193836
193835
193834
193834
193836
193838
193839
193839
193837
193838
193840
193839
193838
193840
193844
193847
193846
193842
193842
193842
193841
193840
193839
193841
193844
193848
193850
193851
193851
193855
193855
193856
193853
193853
193854
193856
193854
193851
193849
193852
193854
193854
193850
193849
193851
193854
193852
193849
193850
193853
193857
193856
193854
193852
193849
193848
193846
193845
193844
193844
193844
193842
193841
193844
193847
193848
193845
193843
193846
193847
193846
193845
193844
193843
193842
193843
193844
193845
193848
193852
193853
193852
193848
193847
193848
193848
193844
193842
193841
193840
193839
193837
193837
193836
193836
193837
193837
193837
193837
193837
193839
193838
193836
193839
193841
193840
193838
193835
193832
193832
193832
193828
193822
193821
193821
193820
193816
193815
193813
193814
193815
193812
193811
193813
193815
193818
193818
193816
193816
193816
193818
193817
193817
193822
193827
193825
193823
193824
193825
193827
193830
193830
193829
193828
193828
193830
193827
193824
193824
193824
193824
193823
193824
193827
193828
193830
193834
193836
193837
193840
193842
193842
193840
193841
193844
193846
193847
193847
193848
193848
193848
193848
193847
193847
193850
193854
193855
193853
193856
193859
193859
193861
193860
193859
193860
193860
193859
193858
193857
193860
193863
193863
193864
193864
193865
193867
193864
193860
193859
193860
193860
193858
193856
193854
193854
193854
193852
193849
193850
193851
193853
193853
193850
193849
193851
193855
193851
193846
193846
193847
193846
193843
193842
193841
193841
193841
193838
193838
193838
193841
193843
193843
193840
193840
193843
193843
193842
193840
193841
193843
193844
193843
193841
193841
193844
193846
193845
193844
193845
193848
193848
193844
193842
193843
193845
193846
193846
193847
193849
193854
193859
193861
193862
193864
193866
193865
193864
193863
193862
193863
193867
193868
193864
193865
193864
193864
193863
193860
193861
193866
193866
193858
193854
193856
193857
193855
193854
193851
193852
193854
193854
193852
193853
193853
193853
193852
193850
193849
193852
193855
193856
193853
193851
193854
193862
193862
193859
193861
193865
193866
193866
193864
193861
193861
193863
193862
193863
193864
193865
193867
193869
193870
193870
193870
193871
193873
193870
193866
193866
193865
193863
193861
193856
193855
193856
193859
193853
193848
193846
193849
193851
193849
193848
193852
193856
193857
193856
193856
193858
193862
193866
193865
193865
193866
193870
193871
193869
193868
193869
193871
193870
193867
193868
193869
193869
193866
193863
193862
193860
193858
193857
193854
193851
193854
193855
193854
193852
193851
193852
193854
193855
193856
193861
193864
193866
193868
193866
193863
193864
193869
193872
193873
193874
193876
193876
193875
193871
193868
193871
193873
193874
193872
193868
193867
193867
193867
193865
193860
193860
193863
193865
193864
193865
193864
193866
193868
193867
193868
193870
193871
193871
193871
193872
193870
193873
193875
193874
193872
193872
193874
193876
193876
193872
193872
193870
193869
193867
193863
193860
193861
193861
193858
193852
193852
193853
193850
193847
193847
193846
193846
193845
193842
193840
193840
193843
193845
193845
193842
193842
193844
193845
193846
193844
193844
193845
193843
193840
193839
193842
193842
193840
193838
193836
193838
193842
193844
193844
193845
193844
193847
193851
193849
193849
193853
193854
193854
193851
193849
193848
193847
193849
193847
193841
193841
193838
193836
193835
193834
193834
193836
193835
193833
193830
193831
193830
193830
193830
193831
193834
193838
193842
193843
193841
193843
193849
193851
193848
193850
193855
193861
193864
193864
193866
193867
193869
193872
193873
193870
193871
193874
193875
193875
193871
193871
193871
193873
193871
193867
193868
193869
193868
193868
193867
193868
193868
193866
193864
193862
193862
193864
193864
193863
193862
193863
193866
193867
193866
193867
193870
193871
193872
193872
193871
193870
193865
193863
193862
193861
193863
193864
193866
193867
193865
193865
193869
193869
193866
193865
193866
193869
193867
193866
193863
193864
193865
193864
193865
193863
193861
193864
193866
193862
193861
193860
193862
193862
193859
193857
193858
193860
193856
193853
193852
193850
193849
193850
193851
193854
193856
193859
193859
193858
193859
193861
193862
193864
193864
193863
193866
193868
193868
193866
193866
193868
193868
193871
193873
193868
193866
193867
193865
193864
193864
193866
193869
193871
193870
193869
193870
193874
193874
193873
193872
193871
193872
193871
193869
193866
193867
193869
193869
193870
193867
193864
193868
193869
193865
193864
193866
193870
193873
193875
193877
193880
193883
193887
193887
193887
193893
193895
193894
193893
193892
193892
193895
193896
193894
193889
193887
193886
193886
193888
193890
193891
193895
193896
193892
193888
193888
193887
193885
193883
193878
193876
193876
193872
193868
193866
193864
193864
193866
193865
193860
193860
193862
193863
193860
193858
193861
193862
193862
193858
193854
193853
193854
193854
193853
193851
193850
193852
193853
193854
193853
193854
193856
193854
193852
193851
193853
193858
193859
193857
193857
193858
193857
193855
193855
193856
193854
193854
193854
193851
193849
193849
193852
193853
193852
193853
193852
193851
193853
193850
193845
193844
193846
193847
193847
193846
193847
193849
193850
193853
193854
193855
193857
193858
193858
193855
193854
193855
193857
193854
193851
193852
193855
193858
193856
193851
193851
193854
193855
193854
193854
193856
193857
193858
193855
193854
193858
193861
193861
193859
193857
193862
193864
193865
193865
193865
193868
193870
193871
193872
193873
193876
193878
193877
193878
193878
193878
193882
193885
193889
193894
193898
193902
193906
193907
193908
193908
193909
193909
193909
193908
193910
193914
193915
193915
193914
193916
193920
193920
193919
193921
193925
193925
193926
193926
193924
193925
193925
193923
193916
193911
193909
193910
193906
193901
193899
193896
193895
193891
193887
193884
193882
193881
193881
193882
193877
193876
193877
193878
193877
193876
193878
193880
193880
193880
193878
193878
193879
193877
193874
193873
193874
193874
193877
193876
193872
193871
193872
193870
193869
193867
193867
193867
193867
193869
193867
193868
193872
193871
193869
193865
193866
193868
193867
193864
193861
193860
193860
193861
193862
193862
193862
193865
193868
193867
193865
193866
193866
193867
193867
193864
193865
193869
193868
193867
193869
193870
193870
193870
193867
193865
193867
193870
193871
193870
193873
193879
193884
193887
193889
193891
193896
193900
193899
193896
193895
193898
193898
193898
193893
193888
193888
193892
193896
193894
193893
193894
193897
193895
193893
193892
193893
193893
193890
193887
193884
193883
193881
193882
193882
193883
193882
193883
193888
193887
193883
193885
193891
193895
193895
193896
193900
193902
193902
193898
193896
193899
193901
193902
193898
193898
193898
193898
193896
193893
193893
193894
193894
193893
193889
193887
193888
193891
193893
193891
193890
193892
193892
193893
193894
193894
193898
193902
193904
193906
193906
193909
193910
193911
193910
193911
193915
193919
193915
193911
193911
193913
193913
193912
193910
193908
193911
193916
193915
193914
193913
193914
193914
193912
193910
193910
193914
193912
193910
193910
193910
193909
193906
193903
193900
193895
193895
193897
193895
193890
193887
193887
193888
193885
193879
193875
193875
193877
193873
193870
193867
193866
193867
193869
193868
193866
193865
193868
193870
193868
193868
193874
193879
193880
193879
193878
193878
193881
193879
193875
193874
193877
193877
193875
193874
193875
193880
193884
193887
193891
193893
193899
193907
193911
193916
193919
193924
193930
193932
193934
193936
193942
193943
193942
193940
193935
193935
193934
193931
193929
193925
193922
193921
193920
193912
193908
193910
193909
193905
193900
193897
193895
193894
193890
193888
193887
193888
193888
193886
193885
193884
193883
193884
193884
193880
193880
193880
193880
193879
193875
193870
193872
193877
193878
193875
193872
193872
193874
193875
193875
193875
193877
193879
193882
193882
193881
193883
193885
193886
193886
193886
193886
193888
193890
193890
193889
193890
193891
193893
193891
193890
193892
193895
193897
193896
193894
193895
193896
193897
193893
193891
193892
193895
193895
193895
193892
193891
193892
193893
193891
193889
193889
193890
193891
193888
193887
193889
193890
193891
193890
193887
193889
193889
193887
193884
193882
193886
193887
193886
193886
193886
193886
193888
193891
193891
193891
193893
193892
193894
193894
193894
193897
193897
193899
193901
193900
193902
193902
193902
193900
193900
193901
193903
193902
193901
193898
193900
193900
193901
193902
193903
193907
193909
193911
193913
193911
193913
193915
193920
193922
193923
193927
193933
193934
193931
193931
193933
193934
193934
193934
193934
193936
193938
193937
193935
193933
193934
193939
193939
193936
193937
193936
193938
193939
193939
193939
193942
193943
193942
193939
193936
193935
193938
193938
193934
193930
193931
193932
193930
193928
193925
193923
193922
193921
193918
193916
193914
193912
193912
193909
193906
193907
193908
193907
193904
193904
193905
193907
193907
193906
193905
193906
193908
193909
193906
193904
193905
193908
193907
193906
193908
193909
193908
193907
193904
193903
193902
193900
193898
193896
193895
193894
193896
193898
193898
193899
193899
193899
193899
193898
193897
193900
193901
193901
193901
193897
193897
193898
193898
193897
193894
193894
193895
193897
193892
193890
193893
193894
193894
193894
193897
193902
193909
193910
193910
193911
193911
193913
193914
193911
193911
193913
193915
193916
193917
193917
193922
193927
193930
193931
193934
193935
193936
193935
193931
193929
193928
193928
193925
193920
193916
193913
193914
193912
193910
193912
193918
193921
193922
193922
193924
193929
193936
193937
193936
193936
193938
193940
193940
193938
193938
193939
193941
193938
193936
193935
193939
193944
193944
193942
193942
193945
193943
193937
193934
193934
193936
193935
193933
193928
193923
193923
193927
193927
193925
193925
193927
193928
193925
193923
193923
193922
193922
193922
193919
193919
193923
193925
193923
193923
193921
193922
193927
193926
193923
193922
193926
193931
193929
193927
193928
193931
193933
193932
193927
193927
193927
193927
193927
193925
193920
193921
193926
193926
193924
193923
193927
193929
193927
193924
193922
193921
193918
193914
193911
193908
193910
193910
193909
193910
193911
193913
193916
193920
193920
193921
193924
193928
193928
193928
193927
193927
193926
193923
193916
193910
193909
193908
193903
193900
193898
193897
193899
193897
193894
193897
193900
193902
193907
193906
193905
193907
193907
193905
193902
193903
193905
193907
193908
193906
193906
193908
193909
193910
193910
193912
193915
193916
193916
193918
193917
193920
193922
193921
193919
193917
193921
193921
193918
193918
193919
193918
193919
193919
193919
193920
193922
193925
193927
193925
193927
193929
193931
193930
193929
193930
193934
193937
193932
193928
193926
193923
193918
193914
193908
193903
193902
193902
193900
193896
193896
193896
193897
193899
193899
193901
193904
193910
193912
193911
193913
193917
193916
193912
193908
193903
193904
193905
193904
193902
193904
193907
193908
193910
193911
193911
193913
193916
193920
193920
193922
193924
193926
193927
193922
193922
193925
193928
193929
193927
193925
193925
193924
193922
193922
193924
193928
193931
193933
193935
193934
193935
193937
193940
193943
193945
193948
193948
193947
193945
193944
193945
193944
193940
193938
193939
193943
193947
193946
193942
193943
193946
193946
193947
193947
193946
193945
193943
193940
193937
193935
193935
193935
193935
193931
193928
193932
193933
193930
193927
193929
193931
193931
193929
193925
193923
193925
193925
193926
193928
193926
193925
193923
193922
193919
193918
193917
193918
193915
193911
193905
193902
193899
193894
193892
193890
193893
193897
193899
193898
193901
193907
193911
193916
193919
193920
193923
193925
193925
193928
193931
193931
193932
193929
193925
193922
193922
193924
193922
193919
193917
193918
193917
193914
193911
193912
193918
193925
193928
193928
193931
193937
193936
193935
193937
193941
193943
193946
193947
193948
193948
193950
193951
193950
193948
193946
193946
193949
193948
193944
193943
193946
193947
193948
193948
193950
193956
193960
193958
193956
193956
193958
193959
193956
193952
193950
193951
193950
193949
193945
193947
193949
193950
193949
193951
193954
193958
193960
193961
193960
193961
193962
193962
193963
193963
193962
193963
193965
193966
193965
193964
193966
193970
193972
193971
193970
193974
193978
193973
193972
193973
193976
193977
193977
193975
193974
193976
193978
193978
193976
193974
193974
193972
193971
193971
193969
193970
193972
193972
193968
193966
193966
193968
193966
193967
193965
193966
193967
193967
193967
193968
193969
193969
193964
193959
193960
193962
193962
193961
193961
193962
193964
193966
193963
193957
193955
193954
193952
193951
193947
193942
193942
193941
193936
193931
193927
193927
193931
193931
193932
193935
193936
193941
193941
193936
193938
193940
193943
193943
193940
193940
193941
193944
193942
193935
193932
193933
193934
193931
193927
193925
193928
193928
193923
193921
193919
193918
193917
193916
193915
193915
193919
193921
193919
193916
193917
193918
193918
193915
193911
193911
193912
193908
193908
193907
193906
193908
193910
193909
193905
193903
193903
193903
193902
193902
193902
193902
193901
193899
193896
193893
193891
193894
193897
193893
193890
193892
193895
193895
193896
193900
193904
193906
193905
193901
193903
193907
193910
193912
193912
193913
193916
193919
193919
193918
193920
193925
193923
193919
193914
193913
193916
193916
193914
193911
193912
193914
193915
193917
193914
193914
193916
193915
193913
193909
193907
193909
193913
193912
193911
193912
193917
193918
193918
193918
193919
193923
193924
193922
193919
193915
193913
193914
193913
193911
193910
193913
193916
193916
193916
193916
193917
193921
193920
193915
193916
193915
193912
193907
193902
193902
193902
193901
193902
193901
193901
193906
193909
193908
193907
193908
193912
193915
193917
193915
193914
193914
193915
193915
193914
193916
193921
193923
193921
193920
193923
193923
193925
193926
193928
193933
193937
193937
193936
193936
193936
193938
193941
193938
193936
193937
193938
193940
193935
193931
193932
193932
193931
193930
193928
193928
193930
193930
193926
193919
193916
193914
193913
193911
193909
193910
193911
193910
193910
193908
193909
193912
193916
193917
193916
193916
193915
193917
193917
193916
193916
193917
193919
193919
193919
193921
193926
193931
193931
193932
193934
193938
193942
193943
193946
193953
193958
193962
193965
193968
193973
193979
193983
193984
193985
193986
193990
193996
193996
193994
193997
194002
194003
194003
194001
194002
194004
194005
194003
194004
194004
194005
194005
194001
193999
194001
194004
194005
194001
193997
193997
193999
193998
193996
193994
193994
193995
193995
193993
193990
193991
193990
193989
193988
193986
193986
193985
193984
193982
193977
193976
193975
193972
193967
193963
193959
193956
193951
193946
193939
193936
193934
193930
193927
193925
193924
193924
193924
193921
193921
193922
193921
193916
193913
193913
193914
193915
193915
193915
193914
193913
193913
193915
193915
193911
193909
193914
193918
193917
193916
193916
193916
193917
193918
193918
193919
193922
193924
193923
193924
193927
193930
193930
193927
193925
193926
193930
193929
193925
193924
193925
193926
193924
193923
193925
193925
193929
193933
193934
193932
193931
193932
193934
193934
193935
193936
193937
193938
193939
193941
193941
193941
193941
193940
193938
193937
193941
193944
193944
193944
193946
193951
193955
193954
193954
193954
193954
193953
193951
193949
193949
193952
193951
193947
193946
193947
193947
193950
193951
193953
193957
193963
193968
193969
193969
193972
193977
193978
193975
193970
193965
193961
193959
193956
193948
193944
193943
193941
193939
193938
193940
193942
193943
193943
193942
193941
193943
193944
193940
193935
193934
193936
193931
193926
193925
193925
193928
193932
193934
193935
193939
193944
193950
193952
193948
193949
193953
193951
193948
193944
193943
193946
193946
193943
193942
193944
193945
193945
193943
193940
193944
193945
193947
193948
193949
193953
193958
193964
193970
193971
193978
193986
193991
193995
193997
194002
194009
194014
194018
194021
194026
194031
194035
194037
194036
194038
194039
194039
194040
194038
194036
194036
194034
194030
194024
194022
194020
194014
194008
194004
194002
193999
193996
193988
193983
193981
193979
193977
193970
193966
193964
193960
193955
193948
193940
193934
193928
193923
193915
193907
193901
193898
193894
193887
193883
193882
193882
193880
193878
193877
193879
193884
193887
193888
193893
193897
193901
193904
193904
193905
193909
193911
193912
193912
193909
193909
193912
193909
193908
193907
193909
193913
193912
193912
193913
193915
193918
193918
193915
193916
193916
193919
193918
193916
193914
193915
193914
193913
193912
193912
193915
193916
193920
193918
193916
193919
193921
193925
193929
193929
193929
193932
193936
193937
193938
193941
193943
193943
193940
193937
193933
193931
193929
193928
193926
193929
193933
193933
193936
193938
193939
193943
193944
193943
193944
193947
193950
193950
193951
193951
193951
193953
193955
193955
193954
193958
193960
193957
193955
193956
193959
193965
193968
193968
193969
193971
193973
193971
193966
193965
193964
193963
193962
193958
193956
193955
193960
193965
193963
193963
193966
193969
193967
193967
193968
193968
193969
193966
193961
193961
193959
193957
193955
193951
193950
193952
193955
193954
193953
193953
193958
193965
193965
193967
193970
193976
193978
193979
193979
193979
193981
193982
193985
193986
193985
193986
193991
193990
193988
193988
193990
193992
193992
193988
193986
193984
193983
193978
193972
193969
193970
193969
193965
193961
193958
193959
193960
193958
193955
193955
193957
193958
193959
193960
193960
193963
193968
193970
193971
193973
193977
193983
193988
193990
193992
193999
194006
194007
194007
194009
194015
194018
194015
194015
194016
194020
194023
194019
194017
194020
194021
194019
194019
194016
194012
194010
194012
194010
194006
194006
194009
194011
194011
194012
194011
194013
194015
194014
194013
194014
194016
194018
194019
194019
194017
194019
194022
194019
194016
194012
194008
194007
194002
193997
193995
193993
193991
193989
193988
193986
193982
193979
193978
193978
193980
193979
193978
193976
193974
193973
193971
193971
193969
193965
193962
193963
193964
193964
193959
193956
193955
193955
193951
193948
193946
193945
193945
193944
193940
193937
193935
193935
193932
193930
193930
193930
193930
193927
193924
193921
193921
193921
193920
193919
193918
193920
193925
193925
193922
193922
193926
193932
193936
193938
193938
193941
193946
193946
193945
193945
193949
193952
193951
193948
193945
193948
193948
193945
193942
193943
193946
193945
193943
193941
193943
193945
193946
193947
193943
193940
193940
193943
193942
193939
193941
193943
193945
193946
193945
193947
193948
193948
193950
193950
193953
193954
193953
193951
193947
193944
193943
193945
193942
193940
193942
193944
193943
193942
193943
193942
193942
193944
193943
193940
193940
193945
193948
193948
193944
193942
193942
193944
193945
193942
193944
193948
193949
193947
193946
193946
193947
193948
193944
193943
193944
193947
193947
193942
193940
193939
193942
193944
193943
193944
193945
193951
193955
193956
193954
193957
193958
193958
193957
193956
193953
193957
193960
193954
193951
193951
193951
193949
193947
193943
193938
193938
193936
193931
193928
193930
193930
193930
193930
193929
193929
193932
193933
193935
193938
193940
193944
193947
193947
193946
193946
193945
193946
193948
193949
193950
193951
193953
193953
193950
193948
193951
193957
193956
193954
193956
193960
193964
193966
193966
193966
193970
193972
193972
193970
193967
193967
193968
193969
193968
193966
193967
193969
193967
193965
193967
193972
193974
193975
193973
193970
193973
193975
193976
193976
193977
193981
193985
193984
193983
193980
193980
193984
193982
193979
193980
193982
193982
193980
193979
193982
193985
193985
193983
193980
193978
193981
193985
193985
193985
193986
193984
193989
193989
193986
193985
193987
193987
193985
193984
193985
193986
193986
193985
193983
193982
193984
193986
193986
193986
193989
193989
193991
193990
193988
193990
193995
193998
193997
193998
193994
193993
193993
193992
193995
193996
193998
194001
194000
193997
193994
193996
194000
194002
193998
193997
193996
193995
193994
193990
193987
193986
193988
193983
193975
193971
193971
193972
193972
193970
193968
193970
193971
193969
193967
193967
193969
193971
193966
193964
193963
193964
193966
193967
193962
193960
193963
193963
193959
193956
193954
193955
193952
193947
193940
193938
193937
193935
193932
193932
193930
193928
193928
193928
193928
193928
193930
193933
193932
193930
193931
193933
193935
193936
193934
193933
193933
193932
193930
193928
193930
193933
193935
193934
193931
193931
193934
193939
193940
193940
193943
193946
193948
193948
193946
193948
193952
193956
193959
193956
193957
193957
193959
193960
193956
193957
193960
193961
193962
193961
193961
193964
193964
193964
193962
193963
193968
193972
193973
193974
193975
193977
193981
193981
193982
193985
193993
193994
193993
193992
193991
193994
193997
193997
193998
194000
194002
194003
194002
194002
194004
194007
194008
194008
194005
194001
194001
194000
193997
193996
193994
193995
193997
193996
193993
193993
193993
193995
193992
193989
193990
193992
193994
193993
193991
193991
193992
193992
193994
193993
193991
193993
193997
193998
193997
193998
194001
194006
194006
194006
194008
194008
194006
194004
194003
194004
194006
194007
194005
194002
194003
194009
194015
194012
194008
194011
194012
194011
194008
194004
194003
194004
194005
194003
193998
193996
193996
193995
193992
193989
193989
193990
193991
193990
193988
193987
193989
193985
193980
193979
193981
193983
193981
193977
193974
193973
193974
193971
193966
193962
193961
193960
193957
193953
193950
193951
193952
193953
193952
193950
193950
193949
193948
193946
193944
193946
193947
193947
193944
193941
193939
193939
193938
193937
193937
193935
193938
193939
193937
193936
193938
193942
193944
193946
193946
193949
193953
193954
193954
193954
193957
193962
193965
193967
193968
193968
193973
193976
193975
193975
193978
193983
193985
193985
193984
193986
193988
193989
193990
193987
193988
193990
193991
193990
193989
193990
193991
193990
193988
193985
193986
193990
193992
193990
193990
193993
193995
193997
193998
193998
193999
194002
194004
194005
194006
194007
194010
194010
194009
194006
194004
194003
194000
193996
193992
193990
193992
193992
193987
193985
193985
193988
193989
193988
193987
193986
193986
193986
193983
193979
193976
193974
193972
193969
193966
193966
193968
193972
193974
193977
193981
193987
193990
193989
193984
193981
193976
193971
193965
193959
193955
193955
193955
193953
193952
193952
193956
193961
193963
193965
193968
193973
193979
193982
193984
193988
193991
193992
193991
193988
193987
193988
193987
193984
193980
193979
193981
193982
193980
193979
193982
193988
193991
193991
193990
193991
193995
193996
193994
193989
193986
193985
193984
193981
193978
193979
193981
193984
193985
193985
193990
193992
193994
193996
193997
194000
194002
194001
193997
193992
193990
193991
193990
193987
193982
193983
193985
193986
193984
193984
193986
193989
193992
193995
193995
193996
193999
193998
193995
193992
193993
193994
193993
193989
193985
193985
193985
193985
193985
193986
193987
193989
193991
193991
193989
193989
193991
193992
193990
193989
193992
193992
193991
193989
193988
193992
193996
193998
194000
194002
194003
194005
194006
194004
194002
194005
194007
194005
194002
194002
194003
194004
194003
193998
193996
193995
193994
193995
193993
193993
193994
193995
193995
193992
193990
193989
193988
193988
193986
193983
193983
193980
193976
193970
193964
193962
193960
193958
193952
193948
193947
193947
193945
193943
193942
193945
193949
193952
193950
193949
193952
193956
193959
193957
193956
193959
193962
193964
193965
193965
193968
193972
193976
193977
193978
193983
193990
193993
193993
193991
193990
193990
193988
193986
193984
193981
193981
193979
193975
193973
193977
193980
193982
193982
193986
193989
193991
193992
193992
193989
193989
193991
193990
193987
193982
193980
193978
193977
193978
193977
193976
193978
193983
193985
193986
193991
193996
194000
194002
194004
194009
194012
194014
194013
194011
194011
194012
194010
194010
194010
194012
194014
194016
194018
194021
194024
194027
194028
194030
194030
194028
194028
194028
194024
194020
194019
194018
194017
194011
194006
194004
194004
194004
194003
194001
194002
194004
194004
194002
194004
194007
194010
194013
194014
194013
194015
194017
194018
194017
194016
194017
194018
194019
194015
194012
194011
194014
194017
194016
194015
194016
194021
194023
194020
194019
194021
194022
194019
194012
194008
194007
194005
194001
193997
193993
193992
193990
193985
193982
193979
193977
193977
193978
193978
193975
193976
193978
193981
193981
193981
193982
193985
193987
193984
193980
193976
193976
193974
193968
193966
193966
193965
193963
193959
193955
193954
193955
193951
193949
193947
193945
193945
193944
193943
193941
193942
193945
193948
193948
193948
193954
193958
193958
193958
193959
193962
193965
193966
193965
193964
193968
193974
193976
193977
193974
193974
193974
193970
193965
193963
193963
193963
193960
193956
193953
193951
193950
193950
193950
193949
193948
193950
193950
193948
193948
193949
193950
193951
193951
193947
193945
193947
193947
193944
193943
193945
193950
193950
193949
193951
193956
193960
193960
193962
193965
193969
193974
193976
193975
193976
193980
193984
193989
193989
193990
193994
193997
193997
193996
193996
194001
194005
194008
194008
194007
194009
194011
194010
194008
194009
194013
194018
194020
194021
194021
194022
194023
194021
194020
194017
194017
194019
194018
194017
194015
194016
194018
194017
194013
194013
194016
194017
194017
194019
194021
194025
194029
194030
194030
194032
194035
194039
194043
194044
194040
194040
194043
194042
194041
194041
194044
194043
194039
194036
194036
194036
194038
194038
194036
194035
194038
194040
194037
194035
194036
194036
194034
194029
194024
194021
194019
194019
194019
194015
194012
194009
194010
194008
194007
194006
194006
194008
194009
194007
194003
194000
194001
194000
193999
193996
193998
193999
193996
193994
193993
193994
193995
193993
193989
193986
193985
193985
193985
193982
193977
193976
193975
193974
193973
193971
193974
193977
193977
193974
193973
193972
193975
193976
193970
193966
193966
193969
193967
193966
193965
193968
193970
193971
193970
193965
193964
193964
193961
193959
193959
193960
193964
193966
193967
193966
193968
193969
193969
193968
193967
193966
193964
193962
193959
193958
193957
193959
193962
193962
193962
193964
193968
193968
193968
193968
193971
193975
193975
193974
193973
193971
193970
193969
193963
193956
193955
193955
193954
193953
193954
193957
193959
193959
193958
193959
193961
193964
193964
193961
193962
193963
193965
193964
193964
193963
193963
193963
193964
193965
193966
193970
193975
193978
193983
193987
193991
193995
193999
194003
194004
194006
194009
194012
194013
194017
194022
194028
194032
194034
194038
194046
194055
194060
194062
194064
194070
194075
194076
194078
194079
194081
194084
194083
194080
194078
194078
194078
194076
194075
194074
194076
194079
194078
194077
194078
194081
194084
194086
194087
194085
194084
194083
194079
194073
194069
194069
194066
194061
194057
194059
194058
194060
194062
194064
194063
194065
194065
194062
194060
194058
194054
194052
194049
194045
194043
194041
194040
194037
194030
194029
194030
194030
194030
194026
194024
194026
194025
194025
194025
194028
194028
194027
194026
194022
194020
194018
194015
194013
194009
194007
194008
194010
194009
194006
194007
194010
194014
194015
194017
194020
194027
194033
194035
194036
194039
194043
194046
194045
194039
194035
194033
194029
194022
194012
194004
193998
193995
193990
193981
193973
193968
193964
193960
193956
193955
193955
193954
193951
193948
193947
193946
193946
193942
193938
193938
193939
193940
193940
193939
193938
193935
193935
193935
193933
193933
193933
193932
193927
193921
193921
193921
193922
193921
193916
193915
193918
193920
193919
193916
193918
193921
193922
193919
193920
193923
193925
193928
193927
193926
193927
193926
193926
193926
193924
193926
193928
193928
193929
193930
193932
193936
193937
193938
193938
193937
193939
193941
193944
193945
193946
193949
193952
193954
193951
193949
193950
193956
193959
193961
193966
193971
193976
193978
193979
193982
193986
193987
193988
193984
193983
193983
193983
193981
193979
193978
193979
193984
193982
193978
193979
193984
193987
193988
193987
193990
193995
193997
193994
193993
193995
193995
193993
193992
193989
193987
193989
193993
193995
193996
193998
194002
194009
194010
194011
194014
194018
194024
194028
194028
194031
194032
194033
194031
194029
194029
194030
194027
194024
194024
194026
194031
194036
194041
194046
194052
194057
194064
194067
194068
194071
194072
194074
194075
194073
194069
194070
194068
194062
194057
194056
194057
194057
194055
194057
194058
194063
194065
194065
194063
194064
194064
194063
194060
194057
194058
194061
194065
194068
194070
194073
194080
194084
194085
194088
194091
194094
194094
194089
194084
194083
194082
194080
194075
194068
194063
194063
194060
194055
194049
194047
194046
194044
194042
194041
194041
194043
194044
194043
194041
194042
194043
194043
194041
194037
194035
194033
194029
194024
194019
194015
194013
194011
194007
194005
194004
194007
194008
194006
194004
194002
194002
194003
194001
194001
194003
194005
194008
194009
194010
194012
194015
194017
194019
194021
194022
194025
194027
194026
194023
194024
194026
194026
194025
194024
194024
194024
194025
194023
194021
194022
194024
194027
194029
194030
194032
194037
194041
194042
194041
194042
194046
194048
194045
194040
194037
194036
194035
194032
194031
194033
194034
194036
194035
194033
194035
194038
194040
194040
194039
194041
194044
194044
194041
194039
194038
194036
194034
194030
194026
194023
194022
194019
194013
194007
194006
194007
194006
194003
194001
194001
194004
194007
194008
194008
194011
194016
194019
194020
194019
194018
194018
194017
194013
194008
194006
194006
194003
193999
193998
193999
194001
194002
194003
194002
194004
194009
194012
194012
194012
194014
194016
194016
194013
194010
194007
194005
194002
193997
193992
193989
193987
193986
193983
193980
193981
193984
193987
193987
193988
193989
193990
193990
193985
193979
193976
193973
193970
193964
193957
193954
193952
193950
193946
193944
193943
193943
193943
193940
193939
193941
193945
193948
193951
193953
193955
193960
193964
193968
193968
193972
193978
193981
193979
193977
193979
193981
193979
193976
193973
193974
193974
193976
193976
193975
193977
193980
193984
193986
193989
193994
193999
194003
194004
194005
194009
194013
194013
194015
194016
194019
194024
194028
194028
194027
194029
194034
194036
194039
194039
194039
194041
194041
194039
194037
194039
194042
194044
194042
194040
194041
194045
194046
194042
194039
194039
194039
194040
194039
194037
194039
194042
194043
194042
194044
194046
194048
194050
194050
194049
194053
194056
194056
194055
194055
194058
194059
194055
194050
194047
194048
194049
194051
194050
194048
194048
194052
194055
194056
194056
194054
194056
194059
194059
194057
194055
194053
194053
194049
194043
194042
194045
194046
194043
194039
194040
194040
194039
194035
194035
194035
194037
194036
194035
194033
194033
194033
194032
194031
194030
194029
194029
194028
194026
194022
194020
194020
194017
194013
194011
194008
194010
194009
194006
194003
194003
194002
194000
193998
193999
193999
194000
193998
193996
193994
193996
193998
193999
193999
193998
194001
194003
194004
194001
193998
193999
193998
193996
193992
193988
193987
193988
193987
193984
193981
193982
193984
193985
193982
193981
193982
193983
193983
193983
193984
193983
193986
193984
193980
193976
193973
193972
193972
193968
193964
193963
193966
193966
193964
193964
193968
193972
193975
193978
193981
193984
193990
193993
193992
193991
193991
193993
193995
193995
193995
193996
193996
193997
193996
193995
193998
194000
194001
194002
194000
194001
194005
194010
194010
194012
194018
194026
194032
194035
194040
194048
194056
194061
194062
194062
194064
194064
194064
194060
194058
194056
194055
194052
194048
194045
194046
194050
194051
194052
194055
194061
194066
194069
194071
194070
194071
194074
194076
194077
194077
194078
194079
194079
194077
194074
194074
194075
194075
194070
194064
194063
194065
194067
194064
194063
194063
194063
194063
194061
194058
194060
194063
194064
194063
194060
194062
194061
194058
194055
194051
194051
194053
194051
194044
194041
194041
194042
194041
194036
194033
194033
194037
194037
194039
194041
194041
194044
194044
194042
194042
194041
194041
194040
194038
194037
194037
194038
194036
194033
194032
194032
194035
194036
194032
194030
194031
194030
194029
194029
194027
194029
194031
194031
194030
194028
194028
194030
194028
194025
194024
194026
194026
194026
194023
194018
194019
194020
194020
194019
194016
194017
194019
194018
194016
194015
194016
194020
194020
194018
194016
194018
194019
194016
194013
194011
194012
194015
194019
194016
194014
194015
194018
194019
194017
194016
194018
194020
194020
194018
194016
194018
194020
194022
194023
194023
194022
194019
194017
194015
194013
194012
194013
194013
194011
194010
194013
194018
194019
194018
194017
194018
194021
194022
194021
194020
194021
194022
194020
194017
194014
194014
194016
194017
194016
194016
194020
194021
194021
194018
194018
194020
194021
194018
194014
194012
194013
194014
194012
194008
194008
194011
194011
194008
194006
194005
194006
194009
194008
194007
194008
194011
194013
194013
194011
194009
194009
194011
194010
194010
194009
194009
194008
194008
194007
194006
194008
194011
194012
194010
194010
194011
194012
194010
194008
194009
194010
194013
194010
194008
194007
194007
194009
194008
194006
194008
194014
194016
194013
194012
194011
194013
194016
194016
194015
194014
194019
194022
194020
194020
194023
194025
194028
194028
194028
194030
194032
194035
194038
194037
194036
194036
194037
194037
194037
194040
194041
194043
194045
194045
194044
194044
194044
194043
194041
194039
194041
194043
194043
194042
194042
194043
194042
194038
194037
194034
194034
194036
194036
194034
194032
194034
194037
194035
194033
194032
194035
194037
194037
194036
194037
194040
194042
194043
194041
194039
194040
194043
194042
194039
194038
194040
194044
194043
194042
194042
194043
194042
194040
194038
194038
194041
194046
194047
194044
194043
194045
194047
194047
194047
194050
194051
194052
194052
194049
194048
194050
194054
194055
194054
194052
194051
194054
194054
194053
194053
194057
194059
194056
194052
194050
194050
194050
194048
194046
194049
194052
194052
194054
194053
194053
194056
194059
194061
194060
194060
194060
194062
194061
194057
194054
194053
194053
194054
194052
194052
194054
194058
194058
194058
194055
194057
194058
194058
194057
194056
194056
194054
194053
194050
194047
194048
194048
194048
194046
194045
194048
194051
194051
194051
194052
194054
194057
194057
194053
194053
194057
194058
194057
194054
194054
194056
194059
194056
194051
194048
194048
194050
194049
194049
194046
194046
194047
194042
194036
194032
194031
194029
194025
194021
194020
194020
194020
194017
194014
194013
194011
194008
194005
194000
193996
193995
193994
193993
193990
193992
193993
193994
193994
193995
193994
193996
193998
194000
193999
193999
194001
194002
194001
193997
193997
193999
194000
193998
193997
193993
193992
193996
193997
193992
193993
193995
193997
193997
193995
193995
193996
194000
194006
194007
194007
194010
194015
194015
194014
194016
194021
194029
194031
194030
194030
194035
194039
194040
194041
194044
194047
194051
194049
194049
194052
194055
194057
194055
194053
194053
194058
194061
194062
194063
194066
194071
194074
194076
194078
194082
194089
194093
194095
194097
194099
194103
194107
194108
194107
194111
194116
194119
194118
194117
194116
194116
194116
194113
194109
194110
194110
194109
194104
194100
194098
194095
194093
194089
194083
194081
194082
194081
194078
194076
194077
194077
194075
194076
194074
194073
194074
194077
194075
194073
194073
194076
194077
194078
194079
194079
194080
194080
194079
194077
194078
194082
194083
194075
194069
194068
194069
194070
194067
194063
194065
194064
194062
194058
194056
194056
194057
194059
194057
194056
194057
194059
194061
194060
194058
194058
194060
194061
194059
194054
194055
194056
194057
194055
194055
194056
194058
194058
194057
194058
194060
194065
194068
194067
194066
194068
194072
194074
194075
194074
194074
194078
194082
194084
194083
194084
194087
194095
194097
194098
194100
194098
194098
194095
194092
194091
194094
194095
194091
194089
194087
194089
194090
194090
194093
194092
194092
194095
194094
194092
194094
194096
194098
194095
194091
194088
194086
194086
194084
194079
194076
194079
194080
194078
194075
194075
194080
194084
194086
194087
194090
194094
194097
194101
194102
194102
194103
194107
194106
194101
194100
194100
194101
194098
194094
194092
194090
194087
194084
194080
194078
194079
194078
194076
194072
194066
194062
194061
194057
194051
194048
194047
194044
194041
194037
194031
194031
194031
194027
194023
194024
194024
194027
194028
194029
194031
194033
194035
194035
194034
194032
194034
194032
194029
194025
194024
194022
194019
194016
194015
194014
194013
194012
194009
194004
194000
193998
193996
193995
193994
193994
193996
193996
193994
193992
193994
193999
194005
194006
194005
194006
194009
194014
194014
194015
194016
194019
194017
194013
194011
194012
194014
194018
194019
194022
194024
194024
194026
194029
194032
194038
194043
194048
194051
194053
194056
194061
194062
194060
194056
194055
194057
194056
194055
194056
194059
194060
194060
194060
194059
194061
194062
194064
194064
194063
194062
194063
194066
194066
194064
194062
194064
194064
194063
194063
194067
194068
194070
194071
194071
194073
194076
194079
194078
194074
194076
194079
194080
194078
194075
194075
194075
194076
194073
194070
194070
194072
194074
194072
194070
194071
194073
194074
194072
194072
194075
194079
194080
194079
194079
194081
194084
194085
194085
194086
194087
194091
194094
194095
194094
194095
194097
194098
194099
194099
194098
194101
194103
194101
194100
194101
194100
194099
194097
194094
194089
194086
194084
194080
194076
194076
194075
194074
194071
194068
194068
194068
194068
194064
194063
194068
194074
194076
194074
194072
194074
194076
194079
194078
194076
194077
194076
194076
194075
194069
194068
194069
194068
194068
194069
194069
194072
194074
194075
194073
194074
194076
194077
194076
194075
194075
194077
194077
194077
194074
194073
194073
194071
194071
194070
194070
194073
194075
194072
194072
194072
194074
194077
194074
194069
194068
194067
194067
194064
194060
194058
194057
194055
194049
194046
194048
194050
194050
194049
194050
194051
194057
194061
194061
194062
194065
194069
194071
194070
194071
194073
194074
194074
194071
194069
194070
194074
194079
194082
194083
194087
194092
194096
194099
194101
194107
194114
194116
194119
194123
194126
194130
194137
194136
194134
194138
194141
194142
194141
194141
194142
194146
194150
194151
194147
194146
194148
194149
194146
194143
194143
194142
194138
194135
194135
194134
194135
194133
194130
194129
194131
194134
194133
194131
194130
194128
194127
194127
194126
194121
194119
194121
194119
194115
194114
194115
194112
194111
194109
194110
194110
194111
194111
194108
194108
194108
194107
194106
194103
194100
194101
194104
194103
194101
194098
194099
194102
194102
194102
194103
194104
194107
194108
194109
194108
194109
194111
194112
194108
194105
194105
194103
194101
194100
194099
194099
194100
194103
194100
194096
194094
194096
194100
194099
194097
194096
194094
194092
194089
194087
194089
194091
194089
194090
194089
194090
194094
194095
194094
194091
194089
194089
194087
194082
194079
194079
194079
194076
194070
194065
194063
194064
194066
194063
194058
194054
194053
194052
194051
194050
194048
194048
194044
194038
194034
194033
194035
194038
194038
194036
194037
194038
194040
194038
194036
194036
194038
194037
194035
194033
194035
194038
194040
194040
194040
194040
194043
194044
194044
194043
194045
194047
194045
194045
194047
194050
194051
194050
194049
194050
194049
194051
194052
194052
194052
194057
194064
194064
194060
194060
194063
194067
194068
194068
194069
194070
194071
194073
194075
194073
194076
194080
194082
194083
194084
194088
194094
194097
194097
194098
194101
194108
194111
194110
194109
194112
194115
194116
194115
194113
194113
194114
194113
194110
194107
194108
194112
194114
194113
194112
194113
194115
194114
194114
194114
194115
194115
194115
194115
194114
194114
194116
194117
194113
194111
194110
194111
194113
194114
194116
194116
194117
194117
194114
194113
194116
194119
194117
194114
194114
194114
194116
194114
194112
194112
194112
194111
194110
194109
194108
194110
194113
194113
194110
194106
194108
194107
194106
194104
194101
194101
194104
194101
194098
194096
194097
194100
194102
194101
194097
194097
194099
194099
194096
194095
194096
194096
194096
194093
194089
194089
194089
194087
194086
194085
194085
194085
194085
194082
194080
194077
194078
194080
194080
194079
194080
194080
194080
194078
194077
194077
194079
194079
194079
194079
194078
194078
194079
194079
194078
194081
194083
194084
194082
194080
194082
194084
194084
194082
194079
194080
194082
194083
194081
194078
194077
194077
194075
194074
194075
194077
194079
194079
194077
194079
194080
194082
194082
194082
194083
194083
194081
194081
194079
194075
194077
194078
194078
194077
194078
194079
194080
194079
194076
194076
194080
194084
194086
194083
194080
194081
194081
194080
194080
194079
194080
194081
194079
194078
194078
194081
194083
194081
194080
194080
194083
194084
194085
194085
194085
194086
194086
194084
194081
194079
194079
194080
194079
194079
194079
194081
194084
194084
194083
194084
194085
194086
194086
194085
194085
194087
194090
194091
194087
194085
194086
194088
194086
194084
194083
194084
194088
194090
194089
194089
194091
194094
194093
194094
194094
194095
194097
194095
194094
194094
194096
194098
194097
194096
194095
194095
194097
194098
194099
194099
194098
194099
194103
194103
194103
194105
194107
194107
194102
194100
194102
194104
194105
194105
194105
194104
194104
194103
194100
194095
194096
194096
194093
194091
194089
194090
194093
194092
194089
194088
194085
194084
194084
194082
194081
194084
194089
194089
194087
194086
194087
194089
194088
194087
194085
194084
194083
194082
194083
194084
194087
194092
194094
194093
194092
194094
194097
194100
194102
194101
194104
194107
194107
194106
194107
194108
194110
194111
194109
194108
194108
194111
194113
194113
194115
194120
194122
194119
194117
194117
194119
194121
194121
194118
194119
194122
194121
194118
194116
194116
194117
194120
194119
194116
194115
194117
194117
194115
194113
194113
194115
194117
194116
194114
194116
194116
194117
194117
194116
194116
194120
194121
194121
194120
194120
194119
194121
194122
194119
194117
194118
194119
194117
194114
194113
194115
194117
194117
194116
194114
194113
194114
194112
194107
194106
194106
194104
194100
194095
194089
194089
194089
194084
194080
194079
194081
194082
194083
194083
194085
194085
194086
194083
194080
194077
194077
194080
194078
194074
194075
194077
194080
194081
194082
194084
194086
194087
194084
194081
194080
194080
194082
194080
194078
194077
194078
194080
194078
194075
194074
194075
194076
194075
194074
194074
194076
194078
194076
194071
194068
194068
194067
194065
194062
194061
194060
194060
194063
194064
194064
194068
194072
194074
194073
194074
194076
194078
194076
194075
194076
194078
194079
194078
194077
194079
194081
194084
194085
194083
194082
194086
194091
194092
194092
194090
194089
194090
194088
194087
194085
194083
194084
194082
194079
194078
194078
194078
194076
194074
194073
194077
194081
194085
194087
194087
194092
194095
194093
194094
194096
194096
194097
194096
194095
194093
194096
194096
194094
194095
194095
194097
194101
194100
194095
194091
194091
194090
194088
194082
194082
194083
194081
194076
194073
194072
194071
194071
194073
194072
194072
194077
194082
194085
194089
194094
194099
194102
194103
194102
194101
194100
194102
194101
194098
194096
194096
194098
194098
194098
194100
194102
194104
194104
194104
194103
194104
194105
194101
194099
194099
194104
194104
194100
194098
194098
194099
194101
194103
194106
194111
194114
194119
194121
194121
194125
194128
194128
194127
194122
194117
194116
194116
194113
194105
194100
194099
194100
194096
194093
194094
194095
194097
194099
194101
194103
194105
194108
194111
194112
194113
194117
194120
194121
194122
194124
194126
194128
194130
194128
194129
194136
194141
194142
194142
194144
194146
194146
194144
194143
194143
194142
194141
194139
194136
194136
194138
194137
194135
194133
194134
194136
194139
194138
194137
194139
194139
194140
194139
194134
194130
194127
194124
194117
194109
194106
194107
194104
194100
194096
194092
194091
194092
194093
194094
194096
194101
194104
194104
194102
194102
194102
194101
194100
194096
194093
194090
194089
194087
194085
194086
194093
194096
194093
194091
194092
194095
194099
194101
194102
194105
194107
194106
194102
194098
194096
194095
194094
194088
194081
194074
194070
194070
194066
194062
194061
194066
194070
194072
194075
194080
194087
194094
194100
194101
194101
194103
194104
194100
194093
194088
194086
194084
194082
194078
194076
194077
194077
194077
194078
194080
194083
194088
194090
194091
194093
194096
194098
194099
194100
194103
194107
194104
194098
194095
194092
194091
194089
194086
194082
194080
194082
194082
194081
194080
194082
194086
194090
194089
194087
194090
194094
194096
194094
194091
194088
194088
194088
194086
194083
194082
194082
194084
194082
194081
194081
194084
194087
194089
194092
194093
194098
194102
194105
194106
194110
194115
194116
194116
194116
194120
194123
194125
194125
194124
194124
194125
194126
194125
194123
194123
194124
194124
194125
194124
194124
194125
194128
194123
194117
194119
194120
194121
194118
194112
194106
194106
194104
194099
194098
194100
194103
194105
194106
194107
194109
194110
194113
194114
194112
194112
194113
194114
194112
194108
194105
194107
194103
194098
194097
194098
194100
194103
194104
194105
194107
194112
194116
194118
194118
194118
194119
194119
194117
194115
194115
194117
194115
194111
194110
194108
194108
194112
194113
194112
194116
194118
194119
194118
194118
194121
194124
194124
194122
194120
194121
194121
194120
194116
194111
194110
194113
194115
194114
194113
194114
194112
194112
194111
194110
194113
194116
194117
194115
194112
194110
194108
194109
194107
194104
194103
194102
194104
194103
194104
194106
194109
194112
194114
194115
194115
194115
194113
194109
194108
194108
194108
194105
194104
194103
194103
194105
194107
194108
194107
194107
194110
194112
194112
194111
194112
194112
194114
194113
194110
194109
194108
194107
194103
194101
194102
194108
194110
194109
194111
194113
194117
194118
194113
194109
194110
194114
194115
194114
194115
194114
194111
194108
194107
194108
194110
194113
194115
194114
194112
194114
194118
194119
194118
194117
194118
194118
194119
194118
194117
194117
194116
194112
194107
194105
194108
194111
194113
194114
194114
194117
194119
194121
194122
194122
194125
194128
194127
194124
194120
194118
194119
194118
194117
194118
194118
194119
194120
194121
194119
194120
194124
194127
194129
194131
194133
194135
194139
194140
194140
194142
194143
194140
194134
194132
194129
194128
194129
194128
194129
194131
194131
194133
194136
194137
194140
194143
194143
194142
194141
194141
194141
194139
194139
194136
194135
194136
194138
194136
194135
194137
194140
194139
194137
194136
194138
194141
194143
194143
194143
194145
194147
194151
194148
194145
194145
194147
194147
194145
194142
194142
194146
194147
194148
194149
194153
194155
194155
194155
194158
194161
194164
194167
194167
194164
194164
194166
194166
194165
194163
194163
194164
194164
194162
194157
194157
194159
194160
194157
194154
194153
194153
194155
194154
194154
194154
194154
194155
194154
194154
194156
194161
194165
194165
194163
194167
194171
194173
194172
194173
194178
194181
194184
194185
194185
194187
194191
194191
194189
194189
194190
194192
194192
194189
194184
194182
194183
194183
194180
194178
194175
194174
194173
194171
194170
194170
194170
194169
194167
194164
194163
194165
194164
194163
194162
194165
194166
194162
194157
194154
194153
194154
194155
194153
194151
194152
194153
194154
194153
194149
194148
194148
194149
194146
194142
194142
194143
194143
194140
194135
194135
194136
194136
194133
194131
194130
194130
194127
194121
194118
194119
194119
194117
194117
194116
194116
194117
194116
194115
194115
194117
194118
194117
194117
194114
194115
194117
194116
194113
194112
194116
194120
194119
194115
194113
194111
194110
194109
194107
194106
194109
194112
194114
194115
194115
194118
194120
194121
194121
194119
194118
194118
194118
194117
194115
194115
194118
194117
194115
194111
194113
194115
194113
194114
194113
194114
194115
194117
194116
194113
194113
194116
194116
194116
194113
194114
194115
194114
194109
194109
194112
194115
194119
194119
194116
194118
194122
194125
194124
194123
194127
194131
194133
194132
194133
194134
194134
194135
194135
194134
194136
194139
194140
194138
194137
194138
194141
194143
194143
194142
194143
194146
194146
194142
194142
194144
194147
194147
194146
194147
194150
194152
194154
194155
194155
194161
194166
194170
194171
194174
194180
194185
194188
194188
194185
194186
194188
194189
194190
194189
194190
194192
194191
194188
194187
194188
194192
194192
194191
194191
194192
194192
194191
194190
194189
194190
194192
194191
194189
194186
194183
194182
194181
194179
194179
194180
194181
194181
194179
194177
194180
194184
194182
194178
194178
194181
194184
194186
194185
194185
194187
194188
194188
194188
194187
194188
194187
194187
194182
194181
194180
194182
194183
194180
194178
194180
194183
194181
194178
194179
194182
194183
194186
194185
194181
194185
194190
194190
194189
194188
194189
194189
194186
194183
194180
194181
194183
194185
194184
194183
194183
194184
194184
194183
194183
194182
194180
194178
194175
194173
194174
194175
194177
194177
194174
194175
194180
194179
194177
194177
194180
194181
194180
194178
194176
194178
194179
194180
194179
194176
194175
194175
194177
194175
194174
194176
194179
194178
194176
194176
194176
194176
194173
194168
194166
194166
194165
194163
194160
194157
194158
194157
194153
194150
194148
194149
194151
194148
194147
194147
194148
194150
194148
194143
194139
194140
194140
194140
194139
194136
194136
194138
194138
194137
194136
194137
194140
194140
194138
194138
194143
194146
194147
194146
194146
194146
194147
194145
194144
194145
194149
194152
194151
194148
194149
194155
194157
194155
194155
194155
194156
194158
194159
