194645
194645
194646
194646
194644
194643
194648
194651
194650
194650
194649
194650
194650
194647
194644
194642
194644
194641
194639
194639
194635
194635
194637
194639
194638
194634
194635
194638
194636
194633
194631
194633
194635
194637
194633
194630
194632
194635
194636
194636
194636
194638
194640
194640
194640
194638
194639
194639
194636
194635
194633
194633
194637
194636
194632
194630
194630
194631
194633
194632
194632
194634
194638
194639
194639
194636
194637
194640
194641
194640
194639
194639
194639
194640
194635
194631
194628
194626
194621
194618
194616
194613
194613
194611
194608
194603
194599
194598
194598
194594
194592
194593
194596
194597
194598
194597
194598
194598
194597
194597
194596
194599
194602
194601
194599
194596
194597
194597
194594
194591
194590
194589
194590
194589
194586
194584
194584
194586
194592
194590
194585
194586
194588
194590
194589
194588
194592
194598
194601
194601
194597
194598
194601
194603
194604
194603
194605
194607
194607
194604
194603
194604
194603
194601
194601
194603
194606
194610
194612
194614
194613
194619
194624
194626
194626
194628
194630
194632
194636
194637
194636
194635
194636
194639
194637
194633
194634
194635
194635
194632
194626
194624
194625
194623
194620
194619
194620
194619
194620
194617
194613
194613
194616
194616
194613
194611
194608
194607
194609
194611
194611
194612
194614
194615
194614
194614
194613
194614
194614
194611
194608
194606
194605
194604
194599
194597
194599
194603
194604
194602
194601
194603
194604
194604
194600
194600
194603
194604
194602
194602
194600
194598
194597
194594
194589
194586
194588
194591
194590
194587
194585
194588
194591
194592
194590
194589
194589
194588
194589
194591
194589
194590
194594
194593
194591
194589
194591
194591
194592
194595
194597
194601
194606
194611
194615
194617
194620
194625
194631
194634
194635
194641
194647
194652
194654
194656
194663
194668
194671
194674
194679
194686
194691
194696
194701
194708
194713
194718
194722
194722
194723
194726
194731
194736
194736
194735
194735
194735
194735
194732
194733
194737
194738
194737
194736
194736
194737
194737
194736
194734
194732
194731
194731
194730
194729
194726
194724
194725
194726
194723
194720
194720
194720
194717
194713
194710
194710
194711
194709
194706
194702
194698
194698
194695
194691
194687
194686
194684
194682
194679
194672
194668
194667
194666
194663
194658
194656
194653
194648
194644
194640
194638
194635
194634
194632
194630
194627
194626
194624
194622
194619
194618
194620
194620
194619
194618
194620
194624
194626
194625
194622
194626
194629
194632
194630
194629
194629
194630
194631
194628
194624
194622
194624
194622
194618
194618
194620
194623
194626
194625
194624
194626
194629
194628
194626
194625
194625
194625
194624
194620
194618
194618
194619
194619
194617
194615
194617
194619
194621
194621
194621
194623
194624
194623
194620
194618
194618
194620
194622
194619
194618
194619
194621
194623
194622
194622
194626
194631
194632
194628
194626
194628
194631
194632
194631
194630
194629
194628
194628
194628
194627
194628
194633
194637
194637
194637
194638
194640
194643
194646
194646
194646
194646
194645
194644
194644
194644
194646
194650
194651
194649
194650
194651
194653
194654
194654
194657
194662
194665
194662
194659
194659
194660
194659
194654
194648
194646
194646
194643
194639
194637
194638
194637
194638
194637
194637
194639
194642
194643
194642
194640
194641
194642
194642
194639
194636
194635
194636
194634
194630
194624
194622
194619
194619
194616
194614
194615
194617
194618
194617
194613
194610
194612
194612
194608
194604
194602
194601
194602
194599
194593
194594
194597
194597
194596
194594
194596
194600
194601
194602
194604
194609
194611
194613
194613
194614
194617
194619
194622
194622
194623
194626
194628
194629
194628
194629
194631
194634
194636
194637
194638
194640
194643
194647
194646
194644
194646
194650
194653
194654
194653
194653
194655
194656
194655
194655
194658
194664
194668
194669
194670
194675
194680
194683
194685
194687
194689
194691
194691
194688
194684
194682
194682
194680
194675
194672
194675
194680
194684
194684
194683
194685
194689
194689
194688
194689
194686
194684
194684
194680
194673
194669
194667
194665
194660
194655
194656
194662
194665
194664
194662
194664
194670
194676
194677
194676
194678
194682
194683
194680
194677
194676
194675
194672
194668
194662
194660
194660
194660
194658
194658
194659
194662
194665
194666
194666
194663
194664
194665
194662
194660
194658
194655
194654
194654
194653
194654
194655
194656
194655
194654
194656
194661
194665
194665
194663
194666
194667
194666
194663
194658
194655
194652
194649
194648
194646
194645
194645
194644
194643
194641
194638
194638
194637
194635
194629
194625
194622
194618
194613
194607
194603
194601
194598
194595
194595
194594
194593
194593
194592
194590
194592
194595
194598
194599
194599
194602
194605
194610
194611
194607
194607
194612
194615
194614
194614
194618
194621
194624
194627
194629
194630
194633
194633
194632
194633
194635
194635
194635
194635
194635
194635
194637
194636
194634
194635
194638
194643
194649
194654
194657
194660
194663
194668
194669
194668
194671
194674
194675
194672
194667
194667
194670
194670
194669
194668
194666
194667
194669
194668
194667
194669
194672
194675
194677
194678
194680
194681
194681
194678
194673
194673
194674
194674
194669
194664
194662
194667
194669
194667
194666
194669
194672
194672
194672
194673
194673
194675
194676
194676
194673
194672
194672
194671
194669
194665
194666
194669
194670
194672
194675
194677
194680
194685
194686
194688
194691
194695
194700
194703
194702
194702
194704
194704
194699
194692
194689
194689
194685
194679
194674
194670
194669
194666
194661
194657
194657
194656
194656
194655
194652
194651
194652
194652
194651
194652
194652
194653
194652
194649
194646
194648
194652
194652
194650
194648
194650
194653
194653
194652
194650
194651
194652
194653
194653
194653
194653
194655
194656
194656
194652
194652
194652
194653
194653
194651
194654
194658
194662
194660
194659
194662
194666
194667
194665
194664
194665
194668
194670
194670
194667
194670
194672
194673
194672
194670
194671
194671
194669
194666
194663
194661
194660
194661
194657
194654
194654
194655
194656
194653
194651
194651
194648
194647
194643
194640
194639
194640
194639
194638
194638
194639
194642
194647
194647
194647
194649
194653
194657
194655
194652
194651
194651
194649
194645
194642
194642
194642
194641
194637
194635
194635
194638
194642
194641
194639
194639
194640
194641
194640
194638
194640
194644
194644
194644
194643
194644
194646
194648
194645
194642
194641
194642
194643
194642
194639
194639
194640
194641
194640
194639
194643
194645
194646
194644
194642
194640
194643
194645
194642
194638
194637
194638
194640
194638
194636
194636
194635
194636
194634
194631
194631
194634
194635
194633
194632
194631
194632
194632
194631
194630
194630
194632
194633
194632
194631
194632
194634
194634
194635
194634
194633
194635
194636
194635
194631
194631
194634
194637
194634
194632
194633
194634
194633
194631
194627
194625
194627
194625
194623
194623
194625
194627
194630
194629
194626
194624
194623
194623
194620
194618
194619
194624
194625
194623
194623
194625
194628
194632
194635
194636
194640
194645
194648
194649
194647
194648
194651
194656
194658
194658
194661
194665
194669
194673
194676
194677
194682
194686
194687
194683
194681
194682
194683
194682
194679
194680
194682
194682
194678
194673
194672
194673
194672
194670
194667
194666
194666
194669
194668
194663
194663
194663
194661
194658
194655
194655
194655
194658
194660
194659
194661
194663
194665
194666
194666
194668
194671
194674
194673
194671
194672
194673
194673
194670
194667
194666
194665
194662
194659
194659
194657
194659
194662
194658
194656
194657
194658
194659
194658
194657
194658
194660
194665
194669
194670
194672
194676
194681
194683
194683
194684
194690
194690
194689
194687
194688
194690
194690
194685
194681
194682
194682
194681
194680
194681
194682
194683
194683
194681
194681
194683
194686
194691
194691
194688
194687
194692
194697
194699
194700
194701
194701
194700
194698
194695
194697
194699
194701
194701
194699
194698
194699
194698
194695
194693
194690
194691
194692
194688
194683
194681
194683
194685
194683
194681
194683
194682
194682
194679
194677
194677
194678
194678
194676
194676
194678
194680
194682
194683
194682
194683
194687
194689
194686
194684
194682
194683
194682
194680
194679
194680
194682
194683
194681
194679
194676
194674
194673
194670
194665
194663
194664
194664
194663
194659
194657
194658
194661
194662
194661
194664
194668
194671
194671
194670
194672
194672
194674
194675
194675
194678
194683
194683
194680
194675
194673
194673
194673
194672
194669
194666
194665
194665
194660
194655
194650
194650
194652
194652
194650
194648
194648
194650
194649
194648
194651
194655
194660
194660
194659
194658
194660
194662
194658
194654
194655
194658
194658
194655
194653
194654
194656
194656
194655
194653
194652
194655
194655
194650
194646
194645
194645
194643
194641
194639
194638
194639
194642
194642
194639
194637
194637
194637
194633
194630
194631
194634
194638
194639
194637
194638
194641
194645
194648
194647
194649
194654
194658
194659
194659
194662
194665
194670
194673
194670
194670
194671
194671
194670
194669
194670
194672
194672
194670
194665
194665
194666
194665
194664
194666
194664
194663
194663
194664
194664
194667
194673
194678
194682
194682
194684
194690
194693
194693
194692
194692
194691
194691
194687
194684
194682
194684
194687
194684
194683
194684
194686
194688
194687
194685
194684
194684
194682
194681
194676
194671
194669
194667
194663
194658
194658
194661
194663
194663
194659
194658
194661
194664
194664
194662
194662
194666
194663
194659
194656
194652
194652
194657
194656
194651
194652
194654
194656
194655
194656
194659
194662
194664
194664
194665
194664
194665
194667
194667
194665
194663
194665
194666
194665
194664
194666
194668
194669
194668
194667
194667
194672
194676
194678
194678
194676
194678
194678
194676
194671
194667
194668
194671
194669
194664
194662
194665
194667
194664
194661
194663
194665
194666
194665
194667
194669
194673
194678
194681
194682
194684
194687
194689
194689
194687
194687
194691
194696
194698
194700
194704
194707
194710
194713
194714
194718
194724
194727
194726
194724
194724
194723
194723
194721
194720
194722
194726
194729
194731
194732
194735
194739
194740
194739
194738
194736
194739
194742
194741
194740
194742
194740
194739
194736
194731
194725
194722
194721
194719
194715
194714
194715
194716
194714
194709
194706
194703
194704
194703
194699
194697
194699
194699
194700
194698
194695
194695
194695
194693
194687
194683
194680
194677
194673
194668
194663
194664
194662
194660
194654
194652
194653
194651
194649
194646
194644
194645
194645
194643
194640
194640
194643
194646
194646
194646
194646
194647
194648
194648
194646
194645
194646
194646
194645
194644
194640
194638
194638
194637
194636
194636
194638
194639
194639
194638
194638
194639
194639
194637
194636
194637
194640
194645
194643
194640
194639
194645
194652
194654
194655
194659
194664
194668
194671
194670
194671
194674
194677
194680
194678
194676
194676
194677
194676
194675
194675
194678
194680
194679
194679
194682
194682
194682
194682
194680
194680
194681
194680
194677
194673
194668
194666
194667
194662
194657
194657
194657
194659
194661
194661
194662
194665
194666
194667
194666
194665
194665
194666
194665
194664
194664
194666
194668
194670
194670
194670
194671
194674
194675
194674
194673
194677
194682
194685
194686
194686
194688
194691
194693
194694
194694
194696
194701
194703
194703
194707
194709
194712
194715
194713
194713
194714
194716
194716
194713
194714
194714
194714
194712
194708
194706
194706
194707
194708
194708
194710
194712
194715
194714
194714
194715
194717
194718
194718
194717
194718
194720
194722
194722
194721
194720
194720
194722
194723
194722
194725
194731
194736
194738
194740
194742
194744
194747
194748
194747
194747
194749
194753
194752
194752
194753
194756
194759
194761
194761
194763
194768
194773
194775
194776
194778
194778
194780
194779
194776
194776
194779
194782
194781
194779
194775
194776
194778
194773
194769
194765
194761
194758
194754
194751
194747
194742
194740
194735
194731
194724
194723
194721
194718
194712
194710
194708
194704
194700
194697
194696
194697
194698
194697
194692
194691
194693
194694
194692
194690
194688
194686
194685
194681
194676
194673
194668
194662
194658
194655
194650
194649
194651
194647
194642
194640
194639
194640
194641
194639
194639
194640
194640
194641
194641
194640
194639
194641
194640
194639
194637
194635
194636
194637
194635
194632
194631
194632
194632
194630
194631
194635
194638
194638
194638
194637
194638
194643
194647
194648
194650
194656
194660
194662
194663
194664
194667
194667
194666
194665
194665
194667
194670
194672
194672
194673
194673
194673
194673
194675
194675
194678
194683
194685
194683
194683
194689
194694
194691
194688
194687
194687
194685
194683
194682
194682
194683
194685
194683
194679
194680
194683
194686
194687
194691
194692
194695
194700
194700
194699
194699
194701
194702
194703
194702
194701
194702
194704
194704
194705
194706
194710
194715
194716
194715
194715
194719
194724
194725
194723
194721
194722
194727
194729
194728
194728
194728
194728
194728
194726
194724
194727
194729
194726
194724
194722
194723
194723
194725
194725
194725
194725
194728
194727
194726
194726
194728
194733
194736
194735
194734
194735
194737
194737
194737
194737
194741
194744
194744
194743
194742
194746
194749
194749
194747
194748
194751
194754
194755
194756
194759
194764
194765
194763
194763
194762
194763
194766
194766
194765
194762
194761
194762
194759
194755
194750
194750
194752
194750
194747
194745
194743
194743
194743
194741
194738
194737
194739
194741
194739
194737
194737
194740
194739
194735
194732
194731
194732
194732
194730
194729
194729
194731
194731
194727
194723
194724
194726
194724
194720
194717
194719
194721
194719
194716
194713
194712
194712
194713
194713
194711
194712
194713
194714
194713
194712
194713
194714
194713
194709
194706
194708
194708
194709
194709
194712
194712
194711
194709
194705
194702
194701
194700
194698
194697
194696
194696
194698
194697
194694
194691
194691
194692
194693
194692
194692
194693
194694
194693
194691
194690
194690
194691
194692
194692
194694
194697
194700
194699
194697
194696
194694
194693
194689
194684
194682
194679
194677
194674
194671
194668
194668
194669
194669
194667
194668
194672
194680
194681
194682
194684
194687
194690
194689
194684
194682
194684
194685
194683
194679
194674
194673
194672
194671
194669
194668
194671
194675
194676
194676
194677
194678
194680
194678
194676
194674
194674
194677
194677
194675
194673
194674
194674
194675
194674
194672
194673
194675
194675
194675
194674
194674
194676
194676
194672
194670
194671
194674
194673
194670
194669
194671
194676
194677
194674
194673
194677
194680
194682
194681
194683
194689
194693
194697
194701
194704
194708
194715
194723
194728
194733
194741
194751
194758
194763
194767
194775
194780
194782
194784
194785
194785
194788
194790
194790
194788
194790
194793
194795
194793
194789
194789
194792
194795
194794
194793
194794
194794
194795
194794
194791
194791
194793
194793
194792
194793
194796
194799
194800
194798
194794
194794
194795
194793
194790
194786
194786
194785
194784
194780
194776
194776
194776
194774
194771
194771
194771
194770
194768
194763
194758
194755
194754
194754
194750
194746
194741
194738
194737
194733
194729
194727
194728
194727
194723
194722
194724
194726
194728
194726
194723
194721
194721
194718
194714
194711
194712
194712
194709
194704
194698
194696
194694
194692
194687
194681
194679
194681
194678
194673
194667
194668
194671
194672
194671
194672
194677
194680
194682
194681
194680
194682
194686
194687
194687
194687
194691
194695
194693
194688
194686
194689
194692
194693
194694
194692
194691
194692
194692
194690
194685
194684
194685
194684
194682
194678
194675
194674
194673
194670
194670
194671
194673
194673
194672
194672
194672
194676
194678
194676
194674
194677
194679
194681
194682
194684
194687
194691
194692
194692
194692
194693
194693
194691
194688
194684
194685
194688
194690
194691
194691
194694
194698
194700
194697
194697
194700
194701
194700
194700
194699
194702
194708
194710
194711
194713
194717
194721
194723
194724
194727
194730
194732
194734
194735
194734
194734
194735
194732
194727
194722
194719
194722
194721
194717
194715
194715
194716
194713
194709
194708
194711
194712
194714
194713
194712
194714
194717
194717
194715
194715
194714
194714
194713
194709
194705
194707
194710
194711
194712
194714
194718
194720
194722
194723
194723
194726
194727
194728
194727
194728
194731
194734
194734
194731
194731
194732
194733
194733
194733
194731
194734
194737
194736
194734
194732
194731
194733
194736
194734
194732
194731
194732
194731
194727
194725
194724
194724
194725
194722
194720
194719
194720
194721
194719
194717
194718
194718
194718
194717
194714
194713
194714
194713
194709
194706
194705
194706
194705
194703
194701
194702
194701
194702
194702
194702
194700
194699
194699
194697
194695
194695
194697
194699
194698
194692
194690
194690
194690
194691
194690
194693
194698
194702
194705
194703
194704
194706
194708
194707
194706
194707
194708
194706
194703
194698
194698
194698
194693
194691
194691
194691
194691
194692
194689
194684
194683
194684
194681
194676
194674
194677
194676
194676
194675
194674
194674
194675
194676
194672
194669
194670
194670
194669
194667
194666
194667
194669
194669
194670
194666
194664
194663
194664
194666
194666
194666
194666
194666
194663
194660
194662
194664
194666
194663
194662
194663
194665
194666
194666
194665
194666
194667
194668
194668
194669
194674
194682
194685
194685
194687
194691
194694
194698
194700
194700
194700
194703
194705
194705
194703
194705
194707
194709
194707
194705
194706
194707
194710
194708
194708
194711
194714
194716
194716
194717
194722
194726
194729
194730
194730
194731
194732
194730
194730
194730
194732
194736
194736
194735
194733
194735
194737
194738
194738
194736
194736
194737
194737
194733
194729
194727
194729
194727
194723
194720
194720
194719
194719
194718
194716
194715
194717
194719
194719
194718
194719
194722
194724
194722
194720
194721
194724
194725
194724
194725
194725
194728
194731
194731
194732
194733
194735
194737
194734
194731
194732
194733
194733
194732
194730
194732
194732
194730
194728
194727
194729
194733
194736
194734
194730
194732
194736
194737
194733
194734
194738
194740
194742
194741
194738
194739
194740
194743
194741
194739
194741
194745
194747
194746
194745
194746
194746
194744
194742
194739
194736
194736
194735
194730
194727
194726
194727
194724
194722
194721
194718
194715
194715
194714
194714
194714
194714
194714
194710
194708
194708
194709
194708
194708
194705
194705
194707
194707
194704
194704
194706
194708
194710
194709
194707
194708
194710
194713
194712
194712
194714
194713
194712
194711
194707
194706
194709
194711
194710
194708
194709
194710
194709
194706
194705
194704
194702
194702
194702
194700
194699
194701
194705
194704
194702
194703
194705
194707
194707
194704
194704
194707
194711
194711
194708
194711
194718
194719
194718
194717
194720
194724
194723
194724
194724
194723
194725
194727
194729
194728
194730
194734
194734
194732
194731
194731
194732
194732
194732
194730
194729
194729
194731
194729
194727
194727
194729
194728
194727
194725
194723
194724
194725
194724
194722
194721
194722
194723
194723
194722
194724
194725
194723
194720
194717
194717
194717
194717
194716
194711
194710
194714
194716
194713
194712
194714
194715
194717
194716
194714
194715
194716
194717
194714
194714
194716
194715
194711
194711
194710
194711
194712
194714
194714
194714
194713
194714
194716
194714
194714
194716
194716
194716
194713
194711
194712
194714
194717
194715
194713
194716
194717
194718
194717
194717
194716
194717
194715
194710
194704
194700
194700
194698
194695
194692
194693
194695
194697
194696
194695
194697
194700
194700
194701
194697
194698
194702
194705
194706
194705
194709
194712
194716
194716
194716
194717
194721
194722
194722
194721
194721
194723
194723
194721
194720
194720
194724
194727
194730
194735
194740
194744
194745
194746
194743
194745
194746
194746
194743
194741
194736
194733
194731
194728
194726
194727
194732
194736
194737
194739
194741
194744
194741
194735
194730
194728
194728
194727
194722
194717
194716
194717
194714
194712
194714
194716
194716
194718
194719
194719
194720
194722
194724
194723
194721
194720
194720
194719
194716
194713
194713
194714
194718
194720
194721
194722
194726
194733
194739
194744
194748
194755
194759
194756
194753
194753
194751
194750
194744
194739
194735
194729
194727
194725
194723
194724
194728
194732
194733
194733
194735
194742
194745
194746
194743
194741
194741
194741
194738
194731
194726
194725
194721
194715
194711
194712
194714
194716
194717
194719
194718
194722
194726
194728
194729
194731
194737
194739
194737
194734
194735
194736
194731
194725
194722
194719
194715
194713
194711
194709
194712
194713
194713
194713
194713
194715
194718
194723
194725
194726
194729
194729
194730
194729
194725
194721
194720
194719
194715
194709
194709
194713
194717
194718
194717
194720
194724
194726
194726
194726
194727
194728
194729
194729
194726
194722
194719
194715
194710
194704
194702
194700
194702
194699
194697
194701
194706
194708
194710
194711
194711
194714
194716
194717
194718
194721
194725
194730
194726
194721
194720
194721
194723
194728
194728
194727
194731
194739
194742
194742
194746
194754
194756
194755
194753
194753
194756
194756
194754
194754
194755
194754
194754
194754
194752
194752
194752
194754
194752
194749
194749
194751
194752
194753
194753
194753
194754
194756
194755
194752
194752
194752
194751
194746
194741
194739
194736
194735
194730
194726
194724
194725
194728
194727
194726
194727
194732
194735
194735
194735
194736
194736
194736
194734
194734
194735
194736
194737
194736
194732
194730
194727
194726
194722
194719
194721
194724
194728
194728
194726
194728
194731
194735
194738
194737
194737
194740
194742
194741
194739
194737
194734
194735
194732
194729
194729
194733
194737
194736
194735
194736
194739
194740
194738
194736
194736
194736
194739
194738
194735
194734
194734
194733
194732
194729
194727
194727
194728
194726
194724
194724
194726
194727
194728
194727
194728
194731
194731
194728
194724
194723
194724
194727
194728
194729
194732
194736
194738
194737
194737
194737
194739
194743
194744
194742
194742
194744
194746
194746
194741
194737
194739
194738
194732
194728
194728
194728
194729
194731
194730
194728
194733
194739
194740
194738
194739
194743
194745
194744
194742
194740
194742
194741
194738
194735
194732
194733
194733
194733
194733
194734
194735
194737
194735
194730
194728
194730
194731
194732
194731
194731
194735
194737
194737
194736
194736
194738
194738
194737
194736
194733
194731
194733
194734
194733
194731
194730
194731
194727
194724
194723
194721
194721
194720
194718
194718
194719
194720
194719
194718
194718
194718
194721
194721
194720
194718
194720
194724
194726
194726
194727
194729
194733
194736
194737
194735
194733
194735
194736
194735
194733
194734
194737
194738
194737
194739
194740
194741
194742
194742
194743
194747
194750
194752
194752
194751
194754
194756
194757
194756
194756
194759
194760
194760
194758
194753
194752
194755
194755
194753
194754
194758
194760
194758
194757
194757
194761
194764
194765
194763
194761
194761
194763
194758
194756
194756
194760
194763
194762
194760
194760
194763
194765
194765
194765
194765
194765
194767
194766
194764
194762
194763
194764
194764
194759
194757
194755
194753
194750
194746
194744
194745
194747
194744
194744
194745
194749
194751
194751
194749
194748
194749
194752
194752
194750
194748
194751
194755
194751
194748
194749
194750
194753
194751
194749
194749
194749
194749
194749
194751
194749
194748
194749
194748
194747
194747
194750
194755
194756
194755
194755
194756
194758
194755
194752
194752
194754
194757
194756
194754
194753
194754
194756
194755
194755
194756
194758
194762
194761
194760
194761
194762
194765
194764
194759
194759
194761
194763
194762
194759
194757
194756
194758
194757
194756
194756
194758
194758
194757
194754
194752
194755
194758
194756
194754
194753
194756
194756
194755
194753
194749
194747
194747
194746
194744
194743
194743
194744
194744
194738
194735
194739
194743
194743
194741
194740
194738
194738
194739
194737
194735
194737
194737
194735
194734
194733
194735
194737
194736
194735
194732
194733
194736
194734
194732
194734
194734
194736
194738
194735
194732
194733
194736
194737
194735
194735
194737
194740
194742
194743
194744
194744
194745
194745
194745
194746
194748
194750
194748
194746
194742
194741
194742
194743
194741
194738
194738
194742
194738
194736
194737
194741
194743
194739
194736
194733
194735
194737
194741
194741
194739
194739
194739
194740
194740
194741
194743
194746
194747
194747
194747
194749
194751
194749
194746
194745
194744
194743
194742
194740
194738
194740
194740
194737
194735
194732
194732
194732
194729
194727
194727
194729
194733
194735
194735
194735
194739
194742
194743
194742
194739
194738
194739
194737
194733
194732
194733
194734
194733
194731
194726
194725
194724
194724
194724
194725
194725
194727
194728
194731
194731
194735
194739
194738
194734
194734
194735
194737
194736
194738
194735
194735
194738
194740
194740
194742
194745
194749
194752
194751
194750
194750
194752
194748
194746
194747
194748
194748
194748
194748
194746
194747
194750
194751
194750
194747
194747
194747
194744
194744
194741
194741
194741
194739
194736
194735
194737
194741
194743
194743
194743
194747
194751
194753
194750
194747
194749
194750
194748
194748
194748
194748
194750
194752
194752
194750
194750
194753
194755
194754
194750
194750
194752
194751
194750
194751
194750
194748
194745
194745
194744
194743
194742
194740
194736
194734
194734
194734
194730
194726
194723
194722
194720
194717
194713
194710
194707
194705
194704
194701
194698
194699
194701
194702
194704
194705
194706
194707
194706
194706
194705
194706
194708
194709
194709
194708
194711
194716
194716
194717
194718
194723
194729
194730
194728
194729
194732
194736
194737
194736
194736
194736
194738
194740
194741
194739
194740
194741
194741
194740
194736
194737
194739
194740
194741
194739
194740
194742
194740
194736
194735
194737
194739
194738
194736
194735
194734
194736
194739
194737
194735
194736
194738
194738
194737
194737
194741
194741
194740
194739
194735
194732
194733
194733
194731
194728
194728
194728
194726
194723
194722
194722
194722
194720
194719
194720
194723
194726
194728
194729
194730
194734
194740
194744
194745
194751
194756
194761
194764
194768
194770
194773
194776
194780
194781
194780
194781
194784
194784
194784
194783
194786
194789
194789
194788
194789
194794
194796
194796
194795
194796
194795
194798
194799
194798
194797
194797
194797
194796
194793
194789
194788
194789
194787
194784
194785
194783
194780
194776
194774
194769
194769
194772
194771
194768
194766
194764
194765
194764
194763
194761
194763
194766
194764
194761
194756
194757
194758
194756
194752
194750
194751
194752
194752
194753
194749
194750
194753
194753
194751
194750
194753
194753
194751
194750
194750
194751
194750
194749
194744
194742
194743
194746
194748
194748
194749
194752
194755
194758
194756
194757
194757
194756
194754
194754
194753
194755
194757
194757
194753
194752
194751
194752
194753
194754
194752
194754
194756
194757
194757
194755
194755
194757
194760
194759
194759
194760
194760
194758
194754
194750
194748
194750
194750
194748
194747
194751
194753
194755
194756
194757
194762
194765
194766
194766
194766
194767
194767
194767
194765
194762
194762
194761
194758
194754
194752
194751
194750
194749
194747
194746
194748
194749
194750
194748
194744
194743
194745
194746
194744
194741
194741
194743
194743
194743
194741
194740
194740
194740
194740
194739
194740
194741
194742
194742
194743
194743
194746
194747
194746
194747
194748
194748
194749
194748
194746
194746
194747
194747
194745
194744
194744
194743
194741
194738
194737
194738
194740
194740
194741
194740
194738
194738
194738
194734
194728
194726
194727
194723
194717
194713
194716
194717
194717
194715
194713
194714
194718
194723
194723
194726
194731
194736
194739
194739
194739
194741
194745
194746
194741
194740
194743
194745
194747
194749
194750
194756
194760
194761
194763
194765
194769
194774
194778
194781
194783
194790
194793
194796
194796
194795
194795
194799
194804
194806
194805
194809
194811
194813
194810
194805
194804
194804
194802
194798
194796
194797
194795
194798
194796
194790
194789
194790
194791
194789
194789
194788
194785
194782
194777
194774
194774
194775
194774
194771
194769
194770
194775
194779
194781
194782
194787
194791
194790
194788
194786
194785
194785
194785
194781
194780
194780
194781
194784
194782
194779
194781
194785
194789
194791
194792
194794
194796
194797
194795
194791
194790
194790
194788
194782
194777
194772
194769
194764
194759
194758
194761
194765
194769
194771
194770
194773
194776
194778
194779
194778
194778
194781
194778
194771
194767
194768
194769
194770
194771
194773
194779
194783
194790
194792
194792
194795
194796
194795
194792
194789
194786
194783
194780
194772
194767
194767
194768
194770
194768
194769
194774
194779
194782
194785
194786
194787
194789
194788
194782
194774
194768
194763
194760
194755
194750
194747
194747
194746
194746
194746
194746
194750
194754
194755
194757
194761
194764
194765
194763
194758
194754
194753
194751
194748
194748
194749
194747
194747
194747
194748
194752
194759
194763
194765
194767
194772
194778
194781
194780
194779
194776
194772
194766
194760
194756
194756
194757
194758
194759
194760
194763
194767
194771
194773
194777
194787
194794
194795
194793
194792
194791
194789
194787
194782
194777
194770
194766
194762
194758
194757
194758
194762
194763
194761
194763
194766
194771
194774
194773
194774
194777
194774
194769
194766
194762
194760
194761
194760
194758
194758
194760
194767
194774
194780
194785
194792
194802
194810
194812
194815
194818
194819
194820
194817
194812
194809
194810
194810
194807
194803
194802
194801
194799
194796
194794
194793
194794
194795
194798
194794
194793
194797
194800
194799
194797
194797
194796
194793
194790
194785
194782
194783
194783
194782
194779
194777
194780
194780
194776
194775
194777
194779
194782
194782
194780
194779
194780
194782
194779
194774
194770
194769
194767
194765
194763
194762
194765
194768
194766
194763
194764
194768
194769
194769
194769
194772
194777
194779
194779
194777
194778
194780
194778
194776
194772
194768
194765
194763
194756
194753
194753
194756
194759
194761
194759
194760
194763
194768
194765
194764
194767
194770
194770
194769
194767
194765
194766
194765
194760
194756
194756
194756
194754
194751
194750
194750
194756
194760
194759
194757
194759
194763
194767
194770
194767
194768
194771
194774
194774
194773
194774
194775
194776
194774
194773
194772
194771
194771
194770
194767
194766
194768
194769
194768
194765
194766
194768
194772
194774
194771
194771
194774
194774
194774
194771
194768
194768
194767
194766
194764
194764
194766
194767
194766
194764
194765
194765
194766
194767
194768
194769
194771
194773
194774
194774
194773
194774
194775
194775
194772
194770
194772
194773
194770
194767
194767
194769
194768
194765
194761
194761
194761
194761
194760
194757
194758
194760
194762
194762
194761
194759
194761
194762
194761
194760
194759
194759
194759
194758
194756
194756
194755
194752
194750
194749
194751
194752
194754
194757
194757
194757
194761
194766
194768
194767
194768
194770
194772
194773
194771
194773
194775
194776
194778
194779
194780
194782
194784
194784
194782
194782
194786
194789
194789
194790
194793
194797
194799
194798
194796
194796
194799
194801
194800
194798
194799
194802
194801
194799
194796
194797
194800
194804
194804
194803
194804
194805
194805
194803
194801
194801
194804
194809
194809
194806
194805
194804
194805
194803
194801
194798
194798
194799
194798
194797
194799
194798
194798
194797
194796
194796
194800
194801
194800
194799
194801
194802
194803
194800
194799
194797
194797
194797
194797
194794
194793
194793
194794
194793
194792
194791
194793
194795
194794
194794
194796
194796
194797
194796
194794
194793
194796
194798
194796
194795
194797
194799
194798
194796
194795
194796
194796
194795
194793
194792
194791
194790
194792
194792
194789
194788
194789
194790
194787
194785
194786
194787
194788
194786
194785
194784
194783
194784
194785
194783
194783
194783
194786
194786
194782
194781
194781
194780
194779
194778
194778
194777
194777
194774
194770
194769
194768
194767
194767
194766
194762
194761
194764
194764
194762
194759
194759
194759
194757
194757
194759
194760
194761
194757
194753
194753
194754
194755
194752
194750
194751
194752
194752
194750
194747
194746
194749
194752
194749
194747
194748
194750
194751
194749
194746
194747
194749
194749
194747
194747
194748
194752
194753
194752
194752
194754
194757
194759
194758
194756
194759
194760
194762
194765
194766
194768
194772
194777
194776
194775
194777
194780
194783
194784
194783
194784
194787
194790
194790
194788
194786
194788
194790
194789
194788
194788
194787
194788
194788
194785
194784
194785
194788
194788
194787
194789
194790
194791
194789
194789
194789
194790
194793
194793
194789
194786
194788
194790
194791
194791
194791
194793
194796
194793
194790
194791
194792
194795
194793
194791
194792
194792
194791
194790
194787
194787
194786
194789
194791
194789
194787
194788
194788
194788
194788
194787
194787
194789
194787
194782
194780
194784
194785
194784
194783
194783
194783
194786
194789
194791
194791
194794
194796
194795
194792
194792
194795
194798
194800
194798
194796
194800
194802
194800
194795
194793
194794
194796
194791
194787
194786
194786
194788
194788
194785
194784
194786
194787
194786
194786
194786
194788
194793
194795
194797
194797
194799
194802
194803
194804
194807
194812
194814
194813
194811
194812
194816
194820
194820
194822
194823
194823
194823
194823
194825
194824
194825
194827
194823
194818
194815
194813
194813
194810
194806
194803
194802
194801
194799
194799
194800
194800
194798
194797
194795
194792
194792
194794
194794
194791
194788
194787
194786
194784
194781
194779
194780
194781
194780
194778
194776
194777
194778
194774
194770
194769
194770
194770
194770
194769
194768
194770
194772
194776
194778
194778
194780
194782
194781
194779
194780
194782
194787
194790
194791
194792
194796
194797
194794
194793
194792
194792
194792
194791
194787
194787
194789
194790
194793
194792
194790
194789
194791
194791
194790
194789
194791
194792
194792
194790
194790
194791
194791
194791
194790
194791
194793
194794
194794
194792
194792
194795
194798
194797
194798
194796
194797
194800
194799
194796
194793
194796
194798
194797
194798
194802
194802
194804
194805
194805
194805
194808
194811
194812
194812
194813
194817
194816
194814
194809
194806
194806
194806
194807
194804
194804
194807
194808
194807
194811
194815
194820
194825
194825
194824
194822
194822
194821
194816
194813
194813
194812
194812
194811
194808
194806
194806
194810
194809
194808
194809
194810
194813
194814
194815
194817
194820
194821
194819
194815
194817
194819
194820
194820
194818
194816
194816
194820
194821
194821
194823
194827
194834
194836
194838
194839
194844
194850
194854
194856
194854
194852
194850
194846
194843
194839
194837
194835
194833
194832
194832
194834
194834
194833
194832
194832
194835
194840
194841
194841
194840
194839
194839
194836
194831
194826
194825
194824
194820
194817
194814
194814
194812
194807
194802
194801
194798
194796
194793
194789
194785
194782
194782
194779
194776
194772
194770
194769
194762
194755
194750
194749
194749
194745
194741
194740
194739
194739
194740
194740
194738
194738
194743
194745
194747
194751
194756
194760
194760
194760
194758
194757
194757
194756
194752
194747
194746
194747
194746
194745
194745
194749
194752
194750
194750
194751
194757
194760
194761
194762
194766
194770
194771
194771
194771
194766
194764
194765
194764
194760
194759
194762
194764
194764
194761
194760
194759
194762
194763
194763
194764
194766
194770
194772
194776
194778
194782
194787
194789
194789
194792
194795
194796
194796
194794
194794
194798
194800
194801
194802
194805
194807
194809
194807
194805
194804
194803
194804
194804
194802
194802
194801
194801
194799
194797
194798
194798
194800
194802
194802
194804
194808
194810
194810
194812
194815
194821
194827
194828
194826
194827
194831
194832
194828
194826
194824
194822
194823
194821
194818
194818
194818
194818
194817
194818
194819
194824
194827
194827
194827
194827
194831
194835
194837
194835
194834
194835
194836
194835
194832
194830
194829
194829
194829
194826
194822
194823
194824
194822
194818
194818
194822
194826
194826
194826
194826
194829
194831
194830
194831
194833
194834
194836
194837
194837
194837
194839
194842
194844
194843
194843
194844
194847
194848
194847
194846
194849
194849
194846
194844
194841
194842
194842
194841
194840
194838
194838
194840
194837
194833
194829
194830
194832
194832
194828
194827
194829
194830
194828
194825
194823
194821
194822
194821
194818
194815
194816
194819
194821
194821
194823
194826
194828
194825
194822
194818
194818
194820
194818
194818
194815
194815
194817
194816
194815
194814
194817
194818
194817
194817
194818
194819
194822
194822
194820
194818
194819
194819
194819
194817
194813
194812
194813
194814
194812
194809
194809
194810
194809
194806
194804
194806
194809
194808
194803
194800
194802
194805
194803
194802
194801
194804
194805
194804
194804
194804
194805
194805
194806
194804
194804
194807
194810
194811
194812
194812
194814
194817
194818
194816
194814
194816
194819
194819
194816
194815
194816
194817
194815
194812
194812
194814
194811
194810
194811
194813
194816
194819
194822
194823
194824
194824
194828
194830
194829
194829
194831
194835
194836
194834
194833
194835
194838
194836
194833
194831
194832
194834
194832
194828
194824
194823
194826
194825
194824
194824
194825
194828
194829
194827
194823
194821
194822
194820
194816
194815
194815
194817
194817
194815
194814
194815
194816
194813
194810
194810
194814
194817
194819
194817
194815
194815
194816
194816
194813
194810
194808
194806
194802
194798
194796
194798
194799
194797
194796
194795
194798
194800
194801
194798
194796
194798
194802
194804
194804
194804
194807
194812
194815
194815
194815
194818
194822
194824
194823
194822
194821
194818
194814
194808
194803
194799
194796
194794
194791
194790
194794
194800
194800
194800
194801
194804
194808
194813
194816
194818
194824
194831
194834
194836
194839
194841
194842
194843
194844
194845
194846
194849
194849
194846
194846
194848
194850
194852
194851
194850
194852
194856
194857
194855
194853
194854
194855
194856
194853
194852
194855
194860
194860
194858
194859
194861
194864
194868
194867
194865
194867
194866
194863
194859
194856
194855
194856
194852
194847
194842
194842
194843
194842
194841
194842
194843
194844
194845
194841
194838
194835
194836
194836
194833
194831
194834
194836
194835
194834
194835
194841
194846
194847
194847
194848
194850
194854
194856
194854
194851
194852
194855
194856
194855
194853
194854
194855
194855
194854
194852
194851
194854
194855
194855
194854
194853
194853
194850
194846
194841
194838
194839
194837
194835
194835
194837
194840
194839
194838
194838
194840
194841
194838
194836
194834
194836
194838
194839
194838
194837
194838
194837
194835
194831
194828
194830
194832
194832
194832
194833
194837
194840
194842
194843
194843
194844
194845
194845
194844
194844
194845
194843
194842
194839
194835
194833
194831
194829
194825
194822
194820
194821
194821
194819
194815
194816
194816
194814
194813
194814
194814
194816
194816
194816
194817
194819
194822
194822
194823
194825
194826
194826
194824
194822
194821
194824
194827
194829
194831
194831
194831
194835
194836
194834
194831
194832
194834
194836
194833
194830
194831
194833
194833
194833
194832
194834
194837
194836
194832
194829
194830
194830
194828
194826
194825
194823
194824
194823
194819
194816
194816
194817
194814
194810
194807
194808
194809
194806
194803
194803
194804
194804
194802
194800
194800
194803
194803
194804
194803
194801
194802
194800
194799
194798
194797
194799
194804
194807
194810
194811
194814
194817
194817
194817
194817
194820
194821
194824
194821
194817
194816
194819
194820
194820
194818
194817
194817
194818
194817
194816
194814
194814
194817
194818
194817
194820
194824
194825
194825
194826
194827
194829
194831
194833
194835
194839
194841
194841
194841
194842
194845
194846
194847
194846
194843
194843
194846
194847
194846
194844
194845
194848
194847
194844
194843
194845
194846
194845
194842
194839
194841
194841
194839
194836
194835
194835
194835
194836
194835
194833
194834
194836
194837
194838
194837
194834
194834
194836
194834
194831
194832
194833
194832
194830
194829
194831
194830
194827
194824
194822
194823
194825
194827
194827
194824
194825
194827
194828
194828
194829
194832
194834
194837
194838
194838
194840
194846
194854
194857
194859
194863
194867
194870
194871
194872
194875
194880
194882
194880
194880
194881
194883
194883
194880
194878
194877
194877
194878
194878
194877
194878
194881
194881
194879
194878
194879
194882
194884
194883
194882
194883
194887
194888
194886
194884
194886
194889
194889
194888
194888
194890
194894
194897
194894
194890
194889
194889
194889
194885
194882
194882
194880
194875
194869
194863
194860
194859
194856
194854
194851
194848
194847
194844
194841
194841
194839
194838
194839
194835
194830
194828
194830
194831
194831
194830
194831
194832
194832
194829
194824
194824
194828
194826
194820
194816
194813
194813
194812
194804
194798
194795
194794
194792
194789
194789
194792
194794
194794
194791
194792
194794
194797
194797
194798
194798
194801
194803
194804
194800
194798
194800
194804
194806
194805
194805
194807
194808
194808
194810
194810
194812
194816
194814
194812
194809
194808
194808
194808
194808
194809
194811
194814
194816
194820
194823
194826
194833
194838
194842
194846
194849
194852
194854
194857
194858
194860
194862
194862
194859
194857
194856
194859
194862
194860
194858
194859
194862
194862
194861
194859
194858
194858
194857
194855
194852
194851
194852
194854
194853
194856
194859
194861
194863
194864
194865
194868
194871
194872
194872
194871
194873
194876
194875
194871
194868
194869
194868
194868
194864
194860
194858
194854
194850
194845
194837
194832
194831
194826
194820
194814
194811
194809
194807
194805
194805
194805
194806
194806
194805
194804
194804
194809
194811
194809
194807
194805
194807
194811
194811
194808
194805
194806
194805
194802
194800
194801
194805
194807
194809
194810
194810
194812
194816
194816
194816
194817
194821
194823
194822
194821
194823
194825
194825
194824
194823
194825
194826
194826
194824
194821
194822
194822
194823
194822
194819
194819
194819
194819
194817
194817
194817
194819
194820
194819
194821
194822
194827
194829
194830
194833
194836
194841
194845
194846
194846
194849
194853
194854
194853
194852
194855
194856
194854
194853
194854
194858
194861
194865
194868
194869
194871
194875
194880
194880
194878
194877
194879
194883
194884
194884
194886
194888
194889
194888
194889
194892
194897
194902
194903
194903
194904
194902
194904
194904
194901
194903
194907
194909
194908
194905
194902
194900
194898
194896
194894
194893
194895
194894
194891
194888
194887
194884
194882
194878
194875
194876
194876
194879
194879
194875
194876
194876
194876
194874
194871
194870
194870
194872
194870
194868
194866
194862
194857
194853
194849
194848
194850
194851
194849
194846
194846
194846
194847
194845
194843
194841
194842
194841
194838
194837
194835
194836
194838
194839
194839
194837
194836
194838
194836
194834
194834
194834
194831
194830
194825
194823
194822
194823
194819
194817
194816
194818
194820
194819
194818
194820
194822
194822
194821
194819
194821
194825
194828
194828
194831
194836
194837
194838
194836
194835
194834
194835
194835
194835
194836
194835
194838
194838
194836
194834
194837
194840
194842
194843
194841
194843
194845
194845
194842
194841
194843
194844
194845
194844
194843
194842
194844
194845
194843
194838
194837
194842
194845
194845
194844
194846
194849
194851
194850
194849
194851
194854
194858
194857
194855
194856
194857
194858
194860
194862
194865
194865
194864
194863
194860
194859
194862
194865
194864
194861
194862
194867
194866
194866
194866
194869
194871
194874
194875
194876
194878
194882
194885
194884
194882
194881
194885
194887
194887
194886
194888
194889
194891
194890
194889
194890
194892
194893
194893
194893
194896
194899
194900
194898
194898
194900
194903
194906
194903
194900
194900
194903
194902
194900
194898
194899
194900
194899
194896
194893
194893
194892
194894
194895
194895
194894
194894
194893
194891
194890
194891
194893
194893
194889
194884
194884
194886
194887
194884
194883
194882
194882
194882
194879
194878
194877
194877
194878
194879
194876
194874
194874
194873
194868
194863
194857
194852
194848
194844
194840
194836
194834
194833
194832
194829
194828
194829
194830
194829
194828
194831
194835
194837
194837
194837
194840
194842
194844
194843
194843
194843
194844
194846
194845
194844
194844
194847
194846
194842
194838
194837
194837
194838
194836
194834
194835
194839
194840
194838
194837
194840
194844
194848
194848
194847
194848
194850
194852
194852
194849
194849
194851
194853
194851
194850
194850
194849
194849
194849
194848
194847
194848
194851
194851
194853
194854
194855
194855
194853
194850
194851
194853
194856
194856
194853
194853
194858
194859
194856
194852
194853
194856
194858
194855
194854
194855
194858
194862
194863
194862
194861
194862
194864
194862
194859
194859
194861
194860
194859
194858
194855
194856
194858
194854
194849
194847
194849
194848
194845
194843
194843
194841
194843
194836
194830
194829
194829
194828
194828
194829
194830
194831
194833
194833
194831
194831
194832
194834
194832
194830
194830
194831
194833
194830
194826
194825
194826
194825
194823
194823
194820
194818
194819
194817
194813
194812
194812
194814
194813
194806
194803
194804
194807
194809
194809
194813
194818
194823
194824
194823
194823
194824
194827
194827
194825
194828
194832
194835
194837
194837
194840
194845
194848
194848
194848
194849
194853
194852
194850
194849
194850
194852
194856
194858
194859
194859
194861
194865
194865
194863
194865
194867
194868
194868
194866
194866
194866
194867
194864
194860
194860
194864
194865
194863
194859
194859
194860
194860
194859
194856
194854
194853
194855
194854
194851
194850
194850
194852
194852
194850
194848
194848
194849
194846
194842
194842
194844
194845
194846
194845
194847
194849
194848
194847
194846
194848
194852
194853
194857
194858
194859
194859
194865
194867
194866
194867
194869
194871
194869
194868
194869
194872
194872
194873
194872
194869
194870
194870
194870
194868
194868
194872
194874
194871
194868
194866
194866
194867
194867
194867
194869
194872
194874
194874
194872
194871
194875
194876
194873
194869
194870
194873
194874
194872
194872
194871
194873
194874
194872
194867
194866
194866
194868
194871
194869
194866
194866
194865
194862
194859
194859
194861
194861
194862
194862
194861
194862
194865
194862
194859
194860
194863
194864
194861
194859
194859
194860
194862
194862
194861
194861
194864
194865
194866
194867
194869
194871
194871
194870
194868
194869
194870
194869
194868
194866
194862
194860
194859
194857
194854
194853
194855
194855
194851
194845
194842
194843
194845
194844
194841
194841
194839
194837
194834
194830
194827
194828
194829
194830
194829
194829
194830
194831
194832
194833
194834
194837
194837
194834
194831
194830
194833
194831
194830
194831
194829
194829
194830
194831
194828
194825
194827
194830
194830
194829
194828
194827
194829
194828
194825
194826
194828
194829
194827
194825
194827
194831
194833
194833
194833
194835
194839
194842
194842
194841
194844
194846
194850
194850
194847
194846
194847
194849
194848
194847
194848
194852
194853
194852
194852
194854
194857
194859
194858
194856
194855
194856
194856
194854
194853
194856
194859
194862
194863
194862
194861
194862
194864
194864
194863
194863
194864
194866
194864
194863
194862
194865
194865
194865
194864
194863
194864
194864
194862
194862
194862
194862
194864
194863
194863
194860
194861
194864
194864
194862
194859
194860
194860
194857
194857
194858
194858
194857
194856
194853
194853
194856
194858
194859
194860
194860
194864
194868
194866
194866
194866
194867
194868
194868
194867
194865
194865
194866
194866
194865
194865
194866
194868
194870
194870
194873
194872
194873
194873
194874
194875
194878
194879
194878
194876
194875
194875
194876
194875
194871
194869
194871
194871
194870
194867
194864
194867
194867
194866
194864
194866
194870
194872
194872
194870
194873
194877
194879
194878
194875
194876
194877
194878
194874
194868
194865
194867
194870
194867
194864
194863
194864
194867
194866
194863
194863
194865
194869
194872
194869
194868
194869
194869
194867
194866
194866
194867
194868
194866
194862
194860
194860
194863
194861
194856
194853
194854
194856
194855
194855
194853
194854
194856
194854
194851
194849
194851
194853
194853
194852
194855
194857
194860
194861
194859
194860
194866
194870
194870
194869
194873
194879
194882
194883
194884
194888
194890
194891
194891
194889
194888
194890
194890
194888
194886
194884
194882
194880
194878
194875
194874
194873
194874
194874
194872
194871
194874
194877
194874
194872
194874
194876
194877
194876
194873
194872
194873
194875
194873
194871
194873
194875
194876
194875
194874
194875
194878
194880
194878
194873
194870
194871
194871
194865
194858
194856
194855
194852
194848
194844
194843
194844
194843
194839
194834
194832
194830
194828
194824
194820
194820
194824
194824
194821
194817
194818
194819
194822
194823
194822
194823
194824
194828
194829
194826
194829
194835
194838
194836
194836
194838
194839
194839
194839
194839
194840
194840
194841
194841
194838
194837
194838
194843
194844
194843
194845
194850
194851
194848
194842
194838
194837
194836
194835
194832
194829
194830
194834
194836
194840
194843
194844
194849
194852
194854
194854
194854
194856
194857
194853
194852
194854
194853
194850
194846
194846
194849
194853
194855
194854
194853
194855
194860
194859
194858
194861
194864
194867
194868
194867
194867
194869
194871
194870
194867
194869
194870
194873
194873
194873
194875
194878
194883
194884
194883
194885
194887
194886
194884
194884
194884
194889
194892
194893
194894
194896
194902
194908
194912
194911
194912
194914
194917
194916
194917
194918
194920
194919
194915
194910
194906
194908
194910
194909
194904
194902
194904
194906
194906
194902
194901
194901
194901
194900
194897
194896
194899
194905
194905
194901
194900
194900
194900
194895
194891
194892
194896
194896
194896
194896
194895
194895
194896
194896
194895
194895
194894
194895
194892
194888
194886
194888
194889
194892
194891
194887
194887
194889
194887
194885
194883
194885
194888
194888
194886
194888
194890
194892
194892
194890
194890
194890
194889
194885
194882
194882
194884
194886
194884
194882
194881
194882
194883
194882
194880
194878
194880
194883
194883
194881
194880
194883
194883
194879
194875
194873
194874
194876
194874
194873
194877
194879
194876
194873
194870
194868
194868
194870
194869
194867
194867
194868
194871
194869
194864
194861
194862
194862
194860
194857
194857
194857
194855
194855
194857
194857
194857
194858
194858
194858
194860
194863
194865
194865
194864
194865
194866
194867
194866
194864
194863
194862
194861
194860
194861
194862
194865
194869
194868
194866
194865
194867
194868
194867
194866
194864
194865
194866
194865
194862
194859
194861
194863
194863
194864
194867
194868
194868
194865
194861
194858
194856
194855
194851
194847
194846
194845
194844
194842
194841
194843
194845
194848
194852
194853
194853
194855
194860
194861
194862
194865
194866
194866
194864
194861
194861
194861
194862
194860
194857
194855
194856
194858
194858
194859
194862
194865
194867
194865
194865
194866
194868
194869
194869
194868
194866
194867
194868
194868
194867
194864
194865
194870
194872
194871
194872
194876
194880
194881
194880
194880
194880
194882
194880
194877
194876
194877
194879
194879
194879
194876
194877
194880
194880
194876
194876
194879
194881
194883
194884
194882
194884
194887
194887
194884
194881
194878
194876
194876
194874
194873
194873
194874
194873
194871
194872
194874
194875
194875
194873
194872
194874
194876
194874
194871
194868
194866
194864
194857
194849
194843
194842
194841
194836
194834
194834
194834
194834
194832
194832
194835
194839
194841
194842
194842
194842
194845
194847
194847
194846
194845
194847
194847
194845
194841
194839
194841
194842
194841
194841
194842
194848
194851
194854
194856
194859
194860
194863
194862
194859
194860
194863
194865
194863
194860
194860
194861
194863
194861
194857
194856
194859
194862
194859
194859
194861
194863
194865
194862
194863
194863
194864
194865
194863
194861
194861
194863
194863
194862
194863
194865
194870
194872
194870
194870
194872
194876
194879
194878
194874
194871
