195335
195337
195341
195343
195342
195343
195347
195350
195352
195350
195353
195358
195363
195364
195361
195359
195362
195366
195368
195369
195372
195375
195378
195380
195381
195382
195385
195388
195388
195388
195387
195387
195389
195389
195388
195388
195394
195402
195402
195403
195405
195409
195413
195415
195413
195415
195420
195424
195426
195422
195419
195421
195421
195420
195418
195415
195412
195412
195410
195406
195403
195403
195402
195399
195395
195395
195396
195397
195396
195393
195390
195390
195394
195395
195393
195393
195397
195402
195401
195399
195399
195401
195403
195401
195398
195400
195407
195409
195407
195406
195408
195411
195413
195410
195406
195402
195402
195401
195396
195391
195387
195386
195385
195382
195380
195379
195379
195380
195378
195375
195374
195373
195371
195370
195368
195369
195370
195371
195368
195365
195364
195365
195367
195366
195363
195362
195362
195365
195365
195366
195369
195371
195373
195376
195376
195377
195380
195384
195384
195382
195379
195378
195377
195372
195367
195364
195362
195363
195360
195356
195352
195351
195351
195349
195344
195340
195340
195341
195341
195340
195343
195346
195350
195351
195353
195354
195358
195362
195363
195364
195365
195370
195373
195374
195372
195370
195373
195372
195369
195366
195365
195364
195366
195362
195358
195358
195361
195366
195366
195363
195364
195365
195366
195365
195366
195366
195367
195368
195369
195370
195370
195372
195376
195380
195380
195382
195384
195386
195387
195384
195384
195386
195390
195385
195381
195382
195383
195383
195383
195383
195384
195386
195387
195386
195385
195386
195386
195387
195385
195386
195387
195389
195391
195392
195392
195393
195397
195398
195397
195395
195394
195395
195396
195394
195391
195388
195386
195385
195383
195380
195377
195375
195373
195370
195367
195364
195364
195366
195363
195361
195360
195362
195362
195361
195359
195358
195360
195362
195362
195362
195362
195364
195363
195357
195352
195349
195346
195344
195342
195340
195337
195338
195339
195337
195333
195332
195333
195333
195330
195328
195326
195326
195327
195328
195328
195330
195333
195335
195335
195334
195336
195341
195346
195350
195349
195349
195352
195352
195353
195355
195358
195363
195367
195367
195366
195365
195368
195368
195365
195361
195359
195360
195359
195356
195355
195356
195356
195356
195357
195357
195359
195361
195364
195365
195366
195367
195369
195372
195371
195371
195373
195377
195380
195379
195379
195379
195378
195379
195380
195379
195380
195382
195383
195383
195382
195381
195382
195383
195380
195379
195379
195380
195381
195381
195380
195380
195380
195381
195383
195384
195382
195384
195387
195388
195388
195388
195392
195393
195392
195392
195393
195393
195394
195390
195385
195382
195382
195382
195378
195376
195375
195376
195376
195375
195371
195369
195369
195369
195365
195362
195361
195362
195363
195362
195360
195361
195362
195363
195358
195356
195355
195356
195357
195356
195355
195356
195357
195357
195355
195349
195346
195345
195344
195341
195338
195338
195340
195343
195344
195344
195347
195350
195354
195356
195356
195358
195362
195366
195367
195367
195368
195372
195373
195370
195367
195365
195365
195367
195364
195361
195360
195360
195359
195356
195354
195355
195357
195358
195357
195356
195356
195359
195361
195359
195357
195358
195361
195363
195362
195362
195365
195369
195371
195370
195368
195370
195372
195373
195373
195374
195375
195379
195381
195381
195379
195378
195378
195376
195373
195370
195370
195372
195373
195371
195369
195370
195373
195373
195373
195373
195375
195380
195383
195384
195384
195387
195391
195393
195394
195394
195395
195398
195400
195399
195397
195397
195399
195400
195397
195395
195395
195396
195395
195393
195391
195389
195389
195388
195387
195385
195386
195388
195388
195388
195386
195386
195386
195387
195388
195388
195389
195390
195393
195395
195396
195399
195402
195406
195407
195406
195409
195413
195418
195421
195424
195427
195432
195435
195434
195434
195435
195437
195438
195435
195432
195432
195432
195432
195430
195428
195429
195431
195431
195428
195424
195424
195424
195425
195422
195418
195416
195418
195420
195419
195418
195419
195421
195422
195422
195419
195418
195421
195425
195423
195420
195419
195419
195418
195416
195415
195416
195419
195422
195422
195423
195424
195427
195430
195430
195428
195431
195436
195440
195440
195439
195440
195441
195441
195437
195436
195436
195433
195433
195431
195427
195426
195426
195424
195422
195421
195421
195423
195424
195423
195421
195420
195420
195420
195416
195412
195411
195412
195412
195409
195405
195404
195403
195403
195403
195399
195400
195403
195404
195402
195400
195400
195398
195396
195391
195388
195390
195390
195388
195386
195385
195386
195388
195390
195391
195391
195392
195395
195398
195401
195399
195399
195402
195405
195406
195405
195407
195410
195412
195410
195409
195412
195416
195415
195414
195414
195418
195421
195422
195422
195422
195423
195425
195427
195425
195425
195425
195425
195427
195427
195428
195432
195435
195438
195439
195440
195442
195444
195445
195445
195444
195444
195444
195441
195438
195434
195432
195431
195430
195427
195424
195425
195427
195428
195427
195424
195424
195425
195424
195421
195420
195420
195419
195419
195418
195415
195416
195419
195422
195421
195420
195421
195423
195425
195425
195424
195425
195428
195430
195430
195426
195425
195425
195424
195421
195420
195422
195425
195427
195426
195424
195425
195428
195430
195429
195430
195432
195434
195435
195433
195432
195431
195432
195432
195431
195429
195428
195429
195427
195423
195419
195420
195420
195419
195416
195413
195414
195416
195416
195414
195414
195416
195417
195418
195416
195416
195416
195418
195419
195419
195420
195422
195426
195428
195427
195425
195425
195426
195428
195429
195428
195429
195431
195433
195433
195434
195435
195437
195437
195435
195432
195433
195436
195436
195435
195433
195433
195433
195431
195428
195425
195423
195423
195422
195419
195416
195416
195417
195417
195414
195410
195409
195410
195409
195405
195403
195403
195403
195402
195401
195401
195402
195404
195406
195406
195405
195405
195408
195409
195409
195411
195414
195419
195422
195422
195423
195427
195433
195435
195433
195434
195438
195441
195443
195444
195444
195448
195452
195455
195457
195458
195463
195466
195466
195462
195460
195462
195463
195462
195460
195459
195459
195462
195464
195463
195460
195462
195465
195467
195468
195468
195467
195467
195468
195466
195465
195466
195467
195469
195469
195468
195467
195467
195468
195465
195462
195461
195461
195461
195459
195455
195454
195455
195454
195451
195448
195448
195448
195447
195445
195441
195441
195443
195443
195441
195440
195441
195444
195445
195444
195442
195443
195445
195445
195443
195442
195442
195443
195444
195443
195442
195444
195447
195447
195448
195447
195448
195452
195452
195450
195449
195448
195449
195449
195446
195445
195445
195444
195443
195440
195436
195436
195440
195443
195441
195440
195444
195448
195452
195451
195449
195451
195456
195456
195455
195454
195454
195455
195454
195454
195452
195454
195457
195460
195461
195461
195464
195467
195467
195467
195466
195467
195470
195470
195468
195466
195466
195467
195464
195459
195456
195455
195454
195453
195450
195445
195441
195439
195436
195431
195427
195425
195423
195419
195415
195411
195407
195403
195402
195398
195395
195394
195395
195395
195392
195391
195391
195392
195393
195392
195390
195391
195393
195394
195392
195390
195389
195386
195386
195384
195382
195382
195384
195384
195382
195381
195382
195385
195386
195388
195388
195389
195392
195394
195393
195392
195396
195400
195400
195400
195400
195403
195408
195408
195406
195405
195407
195409
195410
195409
195409
195410
195411
195408
195405
195403
195405
195407
195408
195411
195413
195417
195422
195426
195430
195432
195434
195438
195440
195439
195438
195439
195441
195441
195440
195439
195440
195443
195445
195446
195446
195451
195454
195456
195456
195456
195458
195459
195459
195458
195454
195453
195452
195450
195448
195448
195451
195454
195455
195457
195458
195458
195460
195460
195458
195456
195456
195457
195456
195454
195448
195446
195445
195444
195443
195441
195442
195445
195449
195449
195446
195446
195447
195447
195443
195439
195439
195439
195436
195430
195426
195427
195426
195425
195423
195423
195425
195429
195432
195433
195434
195436
195439
195442
195445
195446
195446
195449
195449
195446
195444
195444
195445
195443
195439
195435
195436
195439
195442
195442
195445
195450
195454
195455
195454
195453
195452
195453
195450
195446
195444
195444
195445
195445
195441
195439
195439
195441
195443
195442
195442
195446
195450
195453
195454
195455
195457
195458
195454
195447
195440
195438
195436
195432
195425
195421
195419
195415
195412
195410
195405
195404
195403
195401
195398
195397
195400
195405
195408
195408
195408
195408
195410
195411
195411
195410
195413
195416
195417
195415
195414
195416
195418
195417
195416
195417
195421
195425
195427
195428
195430
195434
195438
195440
195438
195437
195437
195440
195442
195440
195437
195439
195439
195438
195434
195431
195433
195437
195435
195432
195431
195432
195433
195433
195430
195429
195430
195431
195428
195426
195426
195426
195426
195426
195427
195428
195428
195429
195428
195428
195426
195427
195430
195431
195432
195433
195438
195440
195441
195441
195442
195445
195448
195449
195447
195448
195449
195451
195449
195445
195442
195444
195446
195444
195441
195437
195436
195437
195438
195436
195435
195438
195443
195444
195445
195448
195453
195458
195459
195460
195461
195460
195459
195457
195456
195455
195453
195454
195454
195448
195444
195443
195442
195438
195432
195427
195425
195423
195421
195417
195415
195415
195418
195419
195420
195421
195422
195423
195422
195418
195415
195416
195418
195418
195416
195414
195413
195412
195411
195410
195409
195412
195415
195415
195413
195413
195416
195418
195420
195421
195421
195424
195427
195427
195426
195424
195425
195429
195428
195423
195421
195422
195423
195423
195423
195424
195425
195426
195424
195420
195420
195423
195425
195424
195420
195419
195420
195422
195421
195420
195419
195421
195423
195423
195421
195420
195424
195426
195425
195425
195425
195427
195432
195432
195431
195432
195435
195438
195438
195436
195436
195437
195438
195438
195436
195435
195437
195440
195437
195436
195434
195435
195438
195436
195434
195434
195435
195438
195438
195436
195435
195434
195436
195436
195435
195434
195435
195438
195441
195439
195438
195441
195443
195442
195438
195437
195437
195439
195437
195433
195430
195432
195437
195438
195435
195434
195436
195438
195437
195433
195431
195429
195428
195427
195425
195424
195427
195428
195427
195425
195427
195433
195440
195443
195443
195445
195449
195453
195455
195456
195457
195461
195463
195465
195465
195465
195465
195466
195468
195468
195468
195468
195470
195471
195472
195471
195471
195474
195475
195472
195470
195470
195469
195467
195467
195467
195468
195468
195468
195468
195468
195470
195471
195468
195465
195463
195465
195469
195469
195466
195465
195466
195465
195465
195464
195464
195464
195461
195457
195454
195451
195451
195451
195451
195450
195449
195451
195452
195449
195445
195446
195447
195447
195446
195444
195441
195441
195442
195440
195437
195436
195439
195443
195442
195440
195437
195436
195438
195437
195432
195430
195432
195434
195431
195427
195426
195429
195431
195432
195434
195434
195435
195439
195440
195440
195440
195441
195441
195438
195436
195433
195432
195434
195432
195428
195427
195428
195428
195427
195425
195424
195427
195427
195425
195423
195422
195422
195423
195422
195421
195421
195424
195426
195427
195427
195425
195428
195430
195430
195429
195429
195433
195435
195434
195431
195430
195434
195437
195436
195436
195437
195438
195440
195440
195437
195438
195439
195442
195443
195441
195441
195442
195447
195449
195448
195448
195450
195451
195450
195451
195452
195453
195457
195459
195456
195458
195463
195467
195467
195465
195463
195462
195463
195466
195468
195469
195472
195476
195475
195475
195475
195477
195480
195481
195482
195482
195482
195484
195486
195487
195488
195492
195497
195498
195498
195500
195502
195504
195504
195500
195500
195499
195497
195493
195489
195487
195487
195486
195482
195476
195472
195471
195469
195466
195463
195461
195459
195462
195461
195460
195459
195460
195461
195458
195455
195455
195458
195459
195457
195455
195452
195452
195452
195452
195449
195449
195450
195450
195447
195442
195441
195441
195439
195434
195432
195434
195435
195437
195437
195436
195436
195437
195437
195434
195431
195431
195433
195432
195429
195426
195425
195428
195432
195434
195434
195433
195436
195439
195437
195435
195438
195441
195445
195446
195443
195444
195445
195448
195449
195447
195447
195447
195448
195446
195444
195444
195442
195443
195445
195447
195448
195452
195454
195453
195451
195454
195456
195456
195456
195454
195451
195449
195450
195448
195446
195447
195452
195454
195450
195445
195444
195443
195442
195439
195437
195438
195437
195439
195440
195440
195440
195444
195446
195445
195446
195447
195449
195453
195453
195452
195455
195456
195458
195461
195460
195462
195464
195465
195465
195462
195463
195465
195465
195462
195459
195458
195458
195460
195458
195455
195455
195456
195455
195453
195449
195447
195447
195447
195444
195439
195436
195436
195436
195434
195433
195432
195430
195429
195426
195425
195426
195427
195426
195422
195415
195410
195408
195406
195403
195398
195397
195397
195397
195397
195395
195395
195397
195399
195399
195397
195396
195398
195401
195401
195399
195401
195404
195405
195405
195405
195404
195406
195407
195405
195406
195412
195419
195423
195426
195427
195428
195434
195439
195442
195442
195443
195447
195447
195446
195448
195450
195452
195452
195451
195450
195453
195457
195461
195461
195461
195462
195465
195465
195465
195464
195465
195466
195467
195465
195464
195465
195468
195471
195471
195468
195468
195471
195473
195472
195470
195472
195472
195471
195470
195471
195472
195472
195473
195471
195468
195468
195470
195473
195471
195471
195471
195472
195474
195474
195473
195471
195473
195477
195476
195474
195472
195472
195475
195474
195474
195472
195472
195473
195473
195470
195468
195468
195471
195472
195469
195468
195470
195472
195469
195469
195470
195472
195475
195474
195472
195472
195473
195472
195471
195468
195467
195468
195469
195466
195462
195459
195458
195459
195459
195458
195457
195456
195458
195458
195456
195455
195457
195459
195456
195454
195454
195456
195457
195455
195454
195455
195456
195457
195455
195453
195453
195454
195456
195458
195459
195460
195463
195463
195462
195461
195461
195462
195464
195463
195460
195460
195461
195461
195459
195458
195457
195457
195457
195457
195457
195457
195461
195463
195460
195458
195460
195462
195463
195461
195457
195456
195457
195460
195459
195456
195455
195457
195458
195456
195454
195454
195455
195457
195455
195452
195450
195451
195452
195450
195447
195448
195451
195453
195450
195446
195445
195444
195444
195443
195442
195441
195440
195439
195436
195431
195431
195430
195431
195432
195432
195433
195434
195434
195435
195436
195438
195440
195440
195439
195437
195437
195439
195439
195439
195436
195436
195436
195435
195433
195431
195435
195437
195438
195437
195436
195438
195442
195444
195442
195442
195447
195449
195450
195451
195450
195452
195456
195459
195461
195462
195467
195471
195473
195473
195472
195474
195480
195484
195486
195487
195489
195490
195491
195492
195492
195493
195496
195496
195495
195494
195496
195497
195497
195493
195490
195490
195491
195492
195490
195488
195488
195489
195489
195486
195482
195480
195480
195479
195478
195474
195472
195473
195474
195474
195474
195475
195479
195482
195479
195477
195477
195480
195482
195480
195477
195477
195480
195480
195475
195470
195471
195472
195471
195469
195468
195468
195469
195470
195469
195465
195464
195466
195465
195463
195460
195461
195462
195460
195461
195459
195458
195458
195459
195457
195456
195456
195457
195458
195457
195454
195453
195454
195455
195453
195451
195451
195454
195456
195457
195457
195458
195461
195462
195461
195461
195461
195463
195465
195467
195465
195463
195466
195467
195467
195467
195471
195474
195473
195470
195467
195466
195466
195465
195462
195456
195453
195451
195450
195448
195443
195443
195442
195443
195443
195441
195443
195447
195448
195448
195445
195445
195445
195449
195449
195451
195453
195455
195455
195455
195456
195457
195458
195459
195460
195458
195459
195462
195464
195462
195460
195461
195462
195463
195461
195458
195460
195464
195465
195465
195465
195469
195474
195475
195473
195472
195474
195478
195481
195482
195486
195492
195499
195503
195502
195500
195502
195505
195506
195505
195503
195502
195504
195506
195507
195506
195504
195506
195508
195509
195509
195510
195511
195511
195509
195505
195504
195506
195507
195505
195503
195504
195506
195507
195506
195507
195511
195514
195513
195508
195506
195506
195505
195504
195503
195501
195501
195501
195500
195499
195498
195499
195501
195501
195499
195498
195498
195498
195498
195495
195490
195487
195488
195487
195484
195480
195479
195479
195478
195474
195471
195470
195471
195471
195469
195465
195463
195464
195462
195461
195459
195456
195454
195450
195446
195441
195439
195439
195440
195437
195434
195435
195433
195432
195428
195427
195428
195429
195429
195427
195426
195426
195425
195425
195422
195419
195420
195421
195421
195419
195418
195420
195422
195422
195423
195423
195427
195433
195436
195439
195440
195442
195444
195447
195449
195449
195451
195453
195455
195455
195455
195458
195463
195467
195469
195469
195472
195474
195475
195474
195472
195475
195477
195478
195475
195474
195477
195484
195487
195484
195482
195486
195490
195492
195494
195497
195502
195505
195506
195505
195504
195505
195506
195505
195503
195500
195499
195499
195498
195497
195497
195502
195504
195503
195500
195497
195498
195501
195503
195502
195500
195499
195500
195500
195497
195495
195497
195499
195500
195497
195496
195498
195502
195504
195503
195502
195503
195505
195505
195502
195500
195499
195499
195498
195497
195496
195498
195499
195495
195493
195489
195489
195492
195492
195489
195485
195483
195483
195482
195477
195476
195477
195482
195483
195481
195479
195478
195478
195474
195470
195465
195460
195457
195454
195448
195443
195441
195444
195446
195445
195445
195450
195455
195458
195458
195456
195456
195454
195452
195450
195446
195444
195444
195442
195438
195437
195442
195447
195449
195450
195451
195456
195461
195462
195459
195457
195457
195459
195458
195454
195454
195456
195458
195459
195461
195461
195463
195465
195467
195469
195472
195476
195480
195483
195486
195487
195491
195492
195491
195488
195485
195485
195486
195488
195488
195487
195486
195490
195492
195490
195490
195491
195495
195501
195505
195507
195509
195510
195508
195504
195501
195499
195498
195495
195490
195487
195487
195488
195487
195486
195486
195489
195495
195498
195499
195500
195504
195509
195508
195506
195504
195505
195506
195504
195504
195502
195502
195504
195503
195504
195505
195507
195508
195507
195505
195504
195506
195506
195506
195503
195498
195496
195493
195488
195482
195478
195479
195479
195479
195475
195473
195472
195473
195472
195469
195465
195462
195461
195461
195458
195453
195452
195452
195452
195449
195447
195449
195452
195452
195452
195454
195456
195457
195459
195461
195464
195470
195476
195478
195477
195476
195477
195480
195480
195479
195479
195481
195483
195481
195480
195477
195478
195479
195482
195485
195486
195487
195489
195492
195492
195491
195493
195498
195501
195499
195498
195502
195505
195505
195504
195502
195502
195504
195501
195497
195493
195491
195492
195491
195489
195490
195491
195493
195494
195493
195494
195495
195497
195496
195497
195499
195500
195499
195497
195495
195494
195495
195497
195498
195498
195498
195499
195500
195499
195495
195494
195494
195495
195495
195493
195490
195489
195491
195491
195489
195487
195491
195494
195494
195492
195490
195491
195491
195489
195489
195488
195490
195493
195495
195496
195494
195495
195497
195500
195502
195500
195502
195505
195505
195504
195504
195508
195511
195510
195505
195504
195506
195508
195508
195506
195505
195506
195510
195510
195509
195509
195513
195517
195517
195517
195519
195523
195526
195528
195528
195530
195534
195538
195541
195542
195543
195546
195549
195551
195550
195550
195549
195550
195550
195548
195549
195550
195554
195554
195551
195550
195550
195549
195546
195543
195541
195540
195541
195538
195535
195532
195531
195533
195532
195528
195525
195526
195527
195526
195524
195523
195525
195526
195526
195523
195522
195523
195524
195524
195522
195522
195524
195522
195520
195517
195514
195513
195513
195509
195503
195500
195500
195502
195500
195497
195495
195495
195497
195495
195492
195490
195491
195491
195489
195485
195485
195484
195483
195483
195479
195476
195477
195480
195482
195481
195480
195482
195485
195485
195482
195481
195483
195484
195483
195481
195479
195476
195474
195471
195465
195460
195459
195460
195458
195454
195451
195450
195452
195451
195449
195447
195446
195446
195445
195442
195441
195441
195442
195441
195439
195438
195441
195444
195443
195443
195445
195450
195455
195456
195456
195458
195460
195462
195462
195460
195458
195457
195457
195457
195457
195458
195459
195461
195462
195459
195460
195462
195465
195465
195462
195461
195460
195458
195456
195453
195451
195450
195449
195444
195441
195440
195444
195449
195450
195450
195450
195451
195454
195458
195459
195463
195469
195474
195479
195480
195484
195491
195497
195503
195506
195508
195511
195515
195520
195522
195525
195530
195535
195537
195536
195535
195537
195541
195541
195540
195539
195540
195542
195541
195538
195536
195535
195535
195532
195531
195529
195530
195528
195523
195518
195516
195519
195521
195522
195524
195527
195533
195540
195543
195546
195551
195559
195567
195570
195572
195575
195580
195585
195587
195587
195589
195589
195588
195585
195582
195579
195579
195578
195576
195575
195574
195574
195577
195578
195576
195575
195575
195574
195574
195574
195574
195575
195576
195573
195570
195566
195566
195568
195567
195562
195558
195557
195559
195556
195554
195556
195559
195560
195558
195555
195553
195553
195556
195557
195557
195558
195560
195559
195556
195553
195552
195552
195551
195549
195547
195546
195546
195547
195544
195543
195543
195543
195544
195544
195541
195540
195541
195541
195539
195535
195533
195533
195534
195530
195524
195521
195519
195518
195513
195509
195505
195503
195501
195496
195490
195490
195491
195492
195490
195487
195483
195480
195478
195475
195471
195468
195466
195466
195463
195461
195463
195464
195463
195461
195460
195457
195459
195461
195461
195457
195456
195458
195459
195455
195450
195449
195450
195450
195448
195446
195445
195446
195448
195448
195448
195450
195455
195457
195459
195463
195467
195473
195476
195477
195479
195480
195480
195480
195479
195479
195480
195480
195481
195480
195480
195479
195479
195479
195478
195478
195477
195479
195482
195482
195481
195480
195483
195489
195489
195488
195491
195496
195500
195500
195502
195507
195513
195518
195522
195523
195525
195528
195529
195527
195528
195530
195533
195535
195535
195535
195535
195534
195535
195534
195534
195534
195535
195539
195542
195543
195546
195548
195548
195547
195546
195546
195549
195552
195551
195548
195548
195549
195550
195548
195545
195546
195550
195552
195550
195549
195550
195552
195555
195554
195551
195551
195553
195554
195551
195550
195551
195553
195553
195550
195549
195551
195551
195552
195550
195547
195547
195548
195546
195544
195544
195545
195547
195546
195544
195541
195542
195544
195546
195545
195546
195546
195545
195544
195541
195536
195533
195533
195533
195531
195526
195525
195526
195526
195525
195524
195524
195523
195522
195520
195519
195519
195521
195520
195519
195516
195516
195518
195518
195515
195513
195513
195512
195510
195508
195508
195510
195514
195516
195515
195512
195512
195513
195513
195513
195513
195514
195517
195517
195515
195515
195518
195523
195525
195523
195520
195521
195525
195529
195527
195525
195524
195524
195524
195520
195516
195514
195514
195514
195508
195503
195501
195503
195503
195500
195496
195495
195499
195505
195509
195512
195515
195520
195526
195528
195527
195529
195533
195536
195536
195535
195535
195534
195532
195531
195529
195527
195530
195534
195536
195536
195536
195539
195541
195542
195544
195548
195553
195560
195565
195570
195577
195586
195593
195597
195602
195608
195616
195621
195623
195622
195624
195629
195631
195631
195630
195630
195630
195629
195626
195623
195622
195624
195624
195621
195619
195618
195615
195614
195612
195609
195608
195609
195609
195605
195599
195594
195590
195585
195576
195568
195564
195561
195558
195554
195549
195547
195546
195545
195540
195536
195534
195537
195537
195535
195533
195530
195529
195526
195524
195518
195515
195514
195513
195510
195507
195506
195505
195504
195501
195498
195498
195499
195499
195496
195492
195488
195488
195488
195487
195485
195486
195488
195489
195489
195488
195487
195488
195488
195486
195485
195485
195487
195488
195487
195485
195485
195486
195487
195487
195486
195488
195490
195492
195490
195486
195484
195484
195484
195483
195480
195479
195480
195480
195478
195474
195472
195471
195469
195466
195463
195464
195466
195466
195466
195467
195470
195474
195478
195481
195484
195490
195495
195497
195496
195496
195495
195495
195494
195490
195486
195484
195483
195482
195480
195479
195482
195486
195489
195491
195493
195496
195501
195506
195509
195509
195511
195513
195514
195511
195507
195504
195505
195504
195502
195499
195499
195503
195507
195509
195509
195513
195518
195524
195528
195530
195532
195534
195536
195535
195534
195532
195530
195528
195525
195518
195515
195514
195513
195511
195509
195508
195509
195513
195516
195517
195522
195528
195531
195534
195537
195541
195546
195548
195549
195549
195550
195548
195543
195539
195536
195534
195533
195532
195530
195529
195532
195535
195536
195536
195535
195537
195541
195543
195544
195545
195549
195555
195560
195563
195566
195569
195571
195573
195571
195572
195575
195579
195581
195583
195581
195582
195585
195586
195583
195583
195585
195589
195592
195591
195589
195587
195588
195589
195587
195582
195582
195584
195584
195583
195584
195586
195588
195590
195589
195589
195593
195597
195600
195600
195600
195599
195598
195598
195597
195593
195591
195588
195588
195586
195584
195584
195586
195587
195586
195584
195583
195584
195584
195582
195580
195577
195576
195575
195573
195570
195571
195571
195569
195567
195565
195565
195566
195565
195563
195563
195564
195564
195560
195556
195552
195550
195550
195548
195547
195545
195544
195545
195542
195541
195539
195539
195538
195540
195541
195539
195539
195539
195540
195539
195537
195536
195537
195537
195535
195534
195537
195540
195540
195538
195537
195537
195537
195535
195534
195531
195529
195533
195533
195529
195526
195529
195532
195535
195535
195536
195541
195545
195548
195551
195553
195558
195565
195569
195569
195570
195573
195579
195580
195577
195576
195576
195574
195572
195569
195565
195562
195560
195557
195552
195544
195540
195538
195536
195531
195527
195525
195526
195524
195523
195519
195519
195520
195521
195521
195519
195518
195520
195519
195516
195512
195508
195505
195502
195501
195498
195497
195498
195497
195491
195488
195488
195486
195484
195480
195477
195476
195475
195473
195470
195470
195472
195475
195476
195476
195475
195478
195483
195485
195485
195488
195491
195493
195494
195493
195491
195491
195494
195495
195493
195492
195493
195494
195493
195490
195489
195489
195491
195492
195491
195492
195494
195496
195496
195496
195499
195502
195507
195510
195511
195511
195513
195517
195523
195524
195524
195526
195530
195533
195534
195534
195536
195538
195539
195538
195537
195536
195539
195541
195540
195538
195539
195540
195539
195536
195538
195539
195541
195541
195540
195539
195539
195540
195540
195538
195535
195536
195537
195535
195532
195530
195528
195529
195528
195527
195525
195523
195525
195524
195520
195517
195520
195523
195523
195525
195530
195535
195540
195544
195545
195542
195542
195546
195544
195541
195539
195541
195541
195539
195539
195538
195540
195544
195546
195547
195548
195551
195553
195555
195555
195558
195563
195566
195568
195568
195570
195573
195577
195577
195573
195570
195570
195571
195571
195568
195568
195570
195572
195571
195569
195568
195567
195568
195569
195569
195568
195566
195565
195565
195562
195559
195558
195558
195557
195555
195552
195551
195553
195552
195546
195543
195543
195546
195545
195545
195545
195546
195550
195551
195550
195547
195547
195549
195549
195547
195547
195546
195545
195544
195539
195536
195537
195536
195532
195527
195524
195521
195522
195520
195517
195514
195512
195511
195508
195501
195498
195499
195499
195498
195496
195495
195496
195497
195499
195495
195492
195495
195500
195504
195504
195505
195510
195517
195519
195520
195523
195525
195528
195530
195531
195530
195529
195530
195529
195527
195526
195529
195529
195527
195521
195518
195519
195518
195515
195510
195506
195506
195507
195508
195506
195507
195509
195513
195509
195505
195504
195506
195509
195509
195510
195510
195513
195515
195516
195515
195514
195516
195519
195519
195517
195516
195518
195518
195517
195516
195512
195509
195509
195506
195504
195504
195507
195511
195513
195514
195516
195521
195525
195527
195529
195531
195535
195539
195542
195541
195540
195543
195546
195545
195542
195540
195539
195540
195537
195531
195530
195532
195532
195530
195527
195526
195526
195528
195530
195530
195528
195530
195534
195538
195539
195542
195547
195553
195555
195556
195559
195562
195568
195569
195568
195569
195571
195572
195571
195569
195566
195564
195563
195560
195558
195557
195560
195563
195564
195565
195565
195566
195568
195569
195569
195569
195571
195573
195572
195570
195568
195568
195571
195569
195566
195564
195565
195565
195565
195563
195563
195564
195564
195565
195565
195563
195563
195565
195565
195563
195563
195565
195566
195565
195561
195560
195561
195566
195569
195570
195573
195576
195578
195580
195578
195577
195577
195578
195575
195571
195568
195569
195570
195570
195569
195566
195565
195562
195557
195552
195548
195548
195546
195541
195535
195531
195528
195529
195530
195527
195524
195523
195524
195522
195521
195522
195522
195524
195525
195524
195524
195524
195526
195524
195519
195517
195517
195519
195514
195510
195507
195505
195504
195501
195499
195498
195500
195502
195500
195499
195500
195503
195508
195513
195513
195512
195514
195520
195521
195519
195519
195523
195528
195530
195532
195535
195538
195543
195545
195543
195541
195543
195544
195544
195542
195540
195539
195539
195537
195537
195535
195535
195536
195533
195531
195530
195532
195535
195535
195533
195532
195531
195534
195533
195532
195533
195536
195536
195534
195530
195527
195527
195526
195522
195517
195513
195514
195515
195513
195511
195510
195511
195512
195512
195511
195509
195510
195512
195515
195516
195517
195520
195524
195527
195527
195527
195533
195537
195535
195532
195529
195529
195531
195530
195529
195528
195532
195538
195538
195538
195544
195551
195556
195558
195557
195559
195562
195562
195564
195566
195565
195567
195570
195572
195573
195576
195582
195586
195586
195586
195587
195591
195594
195594
195593
195592
195595
195601
195603
195602
195603
195604
195604
195603
195597
195594
195591
195590
195584
195579
195575
195571
195569
195566
195564
195563
195565
195567
195567
195565
195565
195568
195570
195570
195571
195570
195571
195573
195571
195568
195568
195571
195575
195575
195576
195580
195587
195592
195595
195595
195594
195593
195592
195589
195586
195585
195587
195587
195584
195580
195580
195583
195583
195581
195578
195579
195580
195581
195582
195584
195584
195585
195587
195588
195586
195585
195586
195586
195582
195580
195578
195578
195577
195574
195571
195570
195570
195571
195569
195567
195567
195570
195573
195575
195576
195575
195575
195576
195575
195573
195573
195575
195577
195575
195571
195567
195569
195569
195566
195559
195557
195559
195563
195565
195564
195564
195567
195568
195563
195560
195560
195561
195561
195561
195558
195556
195555
195555
195557
195558
195559
195564
195570
195571
195573
195575
195576
195578
195578
195576
195576
195576
195575
195572
195568
195564
195564
195563
195557
195550
195548
195548
195546
195539
195533
195531
195529
195526
195519
195513
195508
195507
195506
195502
195497
195493
195491
195488
195482
195476
195469
195465
195463
195460
195456
195455
195459
195464
195467
195471
195475
195481
195486
195488
195490
195493
195500
195504
195507
195507
195508
195509
195511
195511
195510
195511
195516
195520
195521
195522
195524
195529
195533
195536
195538
195539
195540
195542
195543
195544
195545
195548
195550
195551
195550
195551
195553
195555
195557
195558
195561
195565
195570
195574
195575
195580
195586
195589
195588
195588
195588
195590
195590
195590
195590
195590
195591
195593
195593
195593
195592
195595
195599
195598
195598
195600
195602
195606
195607
195607
195605
195604
195603
195600
195597
195596
195593
195590
195588
195585
195584
195586
195586
195583
195580
195581
195583
195584
195580
195576
195575
195573
195572
195570
195566
195568
195571
195573
195572
195571
195570
195571
195572
195574
195572
195571
195571
195571
195568
195564
195562
195562
195558
195551
195546
195546
195546
195546
195546
195544
195544
195545
195550
195554
195554
195555
195558
195560
195556
195552
195550
195551
195553
195553
195551
195549
195549
195548
195547
195547
195547
195547
195547
195546
195545
195546
195547
195547
195547
195546
195546
195546
195549
195550
195550
195554
195557
195559
195559
195556
195556
195558
195558
195556
195553
195550
195551
195555
195556
195558
195561
195565
195568
195569
195570
195575
195581
195586
195589
195591
195595
195599
195601
195600
195598
195597
195599
195598
195594
195591
195593
195595
195595
195594
195590
195588
195589
195591
195590
195587
195585
195589
195590
195588
195587
195588
195591
195592
195591
195587
195584
195583
195579
195573
195569
195567
195568
195569
195566
195564
195566
195567
195569
195567
195566
195568
195573
195575
195574
195574
195577
195579
195581
195578
195575
195574
195576
195578
195579
195578
195578
195580
195580
195581
195580
195581
195582
195580
195575
195572
195571
195574
195573
195571
195571
195571
195572
195576
195575
195573
195576
195579
195581
195579
195575
195574
195575
195573
195569
195564
195560
195559
195559
195556
195554
195554
195555
195555
195554
195553
195556
195561
195565
195566
195569
195571
195572
195571
195570
195568
195569
195572
195574
195572
195571
195572
195575
195576
195577
195579
195580
195581
195583
195585
195583
195583
195584
195585
195583
195582
195582
195585
195585
195584
195582
195580
195581
195581
195580
195579
195579
195579
195580
195580
195580
195581
195585
195586
195583
195579
195578
195577
195577
195574
195571
195568
195563
195560
195556
195553
195552
195551
195550
195546
195543
195542
195542
195543
195544
195544
195547
195550
195554
195556
195558
195558
195560
195560
195558
195554
195553
195550
195551
195552
195552
195555
195554
195553
195549
195544
195541
195541
195540
195536
195535
195531
195529
195529
195525
195520
195520
195523
195525
195525
195526
195528
195533
195537
195539
195539
195542
195546
195548
195547
195548
195550
195554
195556
195556
195553
195553
195556
195557
195557
195554
195555
195557
195557
195559
195558
195557
195558
195560
195561
195561
195562
195564
195564
195563
195564
195564
195565
195563
195561
195556
195555
195557
195559
195559
195557
195557
195559
195562
195560
195557
195556
195558
195559
195558
195558
195559
195561
195564
195565
195568
195569
195572
195575
195578
195579
195581
195584
195586
195585
195585
195589
195592
195590
195587
195581
195577
195575
195573
195569
195564
195563
195566
195567
195567
195569
195573
195577
195581
195584
195588
195593
195601
195608
195609
195610
195613
195615
195618
195618
195616
195617
195619
195621
195622
195621
195625
195628
195629
195628
195626
195626
195628
195630
195630
195629
195628
195629
195630
195629
195629
195630
195630
195630
195629
195628
195627
195629
195629
195626
195624
195625
195626
195625
195624
195622
195625
195625
195622
195619
195616
195612
195610
195608
195606
195602
195601
195602
195601
195596
195594
195596
195599
195599
195598
195593
195591
195589
195588
195583
195575
195572
195571
195568
195564
195558
195556
195555
195553
195550
195548
195549
195549
195549
195547
195544
195543
195544
195539
195534
195530
195525
195522
195518
195511
195505
195503
195506
195508
195508
195508
195512
195516
195519
195520
195518
195520
195525
195528
195528
195529
195531
195535
195535
195532
195526
195525
195525
195523
195521
195523
195524
195525
195526
195528
195529
195535
195542
195548
195549
195553
195559
195567
195571
195575
195577
195578
195583
195585
195588
195591
195597
195602
195606
195608
195611
195619
195624
195627
195629
195630
195634
195638
195641
195639
195636
195636
195635
195630
195623
195617
195615
195614
195612
195608
195604
195606
195612
195615
195614
195613
195617
195621
195624
195628
195632
195633
195635
195636
195632
195627
195625
195625
195623
195619
195616
195616
195617
195615
195609
195604
195600
195600
195596
195593
195591
195592
195593
195594
195595
195596
195598
195601
195603
195603
195602
195603
195606
195607
195603
195597
195594
195590
195586
195583
195584
195586
195586
195587
195583
195581
195583
195585
195584
195584
195586
195589
195593
195594
195592
195589
195588
195588
195589
195585
195581
195580
195580
195577
195573
195569
195568
195568
195569
195567
195563
195561
195563
195564
195563
195563
195568
195573
195576
195577
195578
195579
195578
195575
195575
195575
195576
195577
195576
195571
195567
195564
195563
195560
195556
195552
195551
195552
195553
195551
195551
195550
195555
195557
195554
195553
195555
195556
195553
195550
195549
195549
195552
195554
195553
195550
195548
195549
195550
195548
195546
195546
195545
195544
195542
195540
195539
195539
195537
195535
195531
195531
195531
195529
195526
195525
195527
195529
195530
195528
195529
195533
195538
195544
195548
195549
195553
195558
195562
195564
195569
195576
195583
195585
195590
195595
195602
195609
195615
195616
195614
195616
195621
195625
195626
195625
195626
195628
195629
195627
195629
195632
195638
195640
195639
195637
195636
195635
195633
195628
195623
195619
195616
195610
195602
195596
195592
195590
195586
195582
195575
195573
195570
195566
195560
195556
195555
195553
195550
195547
195544
195544
195545
195544
195542
195540
195541
195547
195548
195547
195549
195553
195557
195560
195564
195566
195568
195571
195571
195570
195569
195568
195568
195567
195566
195565
195565
195566
195564
195562
195560
195563
195567
195569
195567
195566
195570
195573
195571
195567
195566
195566
195566
195564
195562
195561
195561
195563
195565
195561
195558
195559
195560
195558
195554
195553
195555
195556
195553
195548
195543
195541
195539
195539
195537
195534
195532
195532
195530
195528
195528
195529
195531
195534
195536
195537
195542
195548
195551
195550
195551
195558
195562
195565
195566
195566
195568
195568
195564
195560
195558
195557
195555
195553
195550
195547
195547
195550
195550
195549
195551
195555
195557
195557
195554
195551
195553
195556
195557
195556
195556
195557
195557
195554
195554
195556
195558
195560
195562
195561
195561
195564
195568
195570
195569
195569
195571
195574
195575
195575
195575
195575
195580
195581
195582
195583
195585
195589
195590
195588
195587
195590
195592
195592
195590
195590
195589
195587
195586
195585
195583
195583
195583
195580
195575
195572
195571
195572
195571
195569
195568
195568
195572
195575
195575
195576
195580
195580
195577
195575
195575
195574
195572
195572
195568
195564
195564
195565
195562
195559
195558
195560
195562
195560
195557
195554
195553
195555
195555
195550
195547
195547
195545
195543
195542
195541
195542
195544
195544
195547
195549
195553
195560
195563
195564
195566
195570
195574
195576
195576
195577
195580
195579
195578
195577
195577
195578
195580
195578
195574
195572
195572
195574
195573
195570
195567
195570
195573
195572
195570
195571
195574
195578
195577
195574
195572
195572
195572
195571
195568
195566
195569
195570
195567
195566
195566
195567
195569
195570
195570
195572
195576
195578
195578
195577
195579
195581
195582
195583
195584
195584
195589
195596
195599
195601
195605
195609
195614
195616
195617
195620
195624
195625
195625
195622
195619
195620
195620
195617
195612
195608
195605
195603
195598
195595
195594
195593
195590
195588
195586
195583
195581
195579
195577
195573
195569
195567
195566
195564
195560
195556
195558
195558
195556
195554
195557
195562
195568
195568
195566
195563
195563
195563
195560
195556
195552
195550
195547
195543
195539
195537
195535
195534
195533
195534
195533
195536
195540
195542
195543
195546
195550
195553
195551
195551
195551
195552
195553
195552
195552
195552
195555
195559
195561
195560
195562
195565
195568
195567
195567
195568
195573
195575
195574
195574
195573
195576
195575
195572
195569
195569
195569
195571
195569
195567
195566
195566
195569
195570
195565
195562
195562
195563
195561
195561
195563
195565
195568
195571
195573
195576
195579
195584
195585
195585
195587
195590
195593
195592
195588
195590
195592
195592
195591
195590
195592
195595
195597
195595
195594
195595
195596
195599
195597
195596
195598
195602
195606
195609
195609
195611
195614
195616
195614
195612
195608
195608
195608
195606
195602
195599
195599
195597
195595
195593
195589
195586
195584
195582
195578
195577
195577
195578
195577
195575
195575
195576
195576
195576
195574
195573
195574
195576
195575
195573
195571
195571
195571
195568
195563
195561
195557
195554
195547
195541
195537
195534
195532
195531
195526
195523
195526
195529
195530
195532
195536
195538
195540
195539
195536
195536
195540
195542
195540
195537
195535
195537
195538
195534
195532
195533
195537
195541
195542
195542
195543
195546
195551
195551
195549
195548
195548
195549
195547
195543
195539
195540
195543
195546
195542
195542
195544
195545
195546
195546
195547
195549
195553
195553
195552
195555
195562
195568
195570
195570
195573
195579
195586
195589
195591
195592
195594
195593
195591
195588
195587
195587
195587
195585
195580
195578
195579
195582
195582
195580
195577
195579
195582
195585
195586
195590
195594
195599
195602
195606
195614
195622
195628
195635
195640
195644
195649
195655
195659
195660
195662
195663
195665
195663
195662
195661
195661
195661
195659
195657
195654
195654
195654
195652
195649
195647
195649
195650
195648
195645
195645
195647
195648
195648
195645
195647
195648
195648
195644
195639
195636
195635
195634
195629
195625
195625
195624
195623
195619
195615
195612
195610
195610
195608
195605
195604
195605
195604
195601
195597
195598
195597
195598
195595
195591
195591
195591
195592
195590
195587
195588
195589
195588
195584
195579
195576
195574
195572
195568
195563
195557
195554
195550
195543
195538
195536
195536
195539
195539
195538
195538
195541
195546
195550
195548
195551
195556
195560
195560
195560
195562
195563
195562
195559
195555
195553
195552
195550
195545
195540
195537
195534
195533
195532
195530
195530
195533
195536
195536
195536
195539
195544
195547
195548
195547
195549
195552
195554
195556
195555
195554
195556
195558
195554
195550
195550
195551
195551
195550
195550
195551
195551
195552
195551
195552
195553
195556
195558
195560
195563
195567
195575
195582
195582
195583
195584
195589
195592
195593
195591
195593
195595
195598
195596
195592
195592
195594
195596
195595
195592
195593
195595
195597
195597
195598
195600
195602
195603
195601
195600
195601
195606
195611
195614
195613
195615
195621
195624
195625
195626
195631
195639
195644
195645
195646
195647
195650
195653
195652
195651
195651
195654
195655
195655
195654
195656
195659
195660
195658
195659
195659
195660
195661
195659
195656
195655
195656
195656
195653
195650
195652
195655
195655
195654
195655
195657
195657
195658
195656
195653
195653
195654
195658
195657
195654
195653
195653
195653
195650
195647
195644
195640
195638
195636
195632
195629
195628
195629
195628
195623
195621
195620
195618
195612
195606
195603
195603
195601
195596
195589
195586
195586
195587
195587
195587
195588
195592
195596
195595
195593
195595
195596
195594
195590
195586
195581
195580
195579
195574
195570
195569
195569
195569
195567
195566
195567
195568
195569
195568
195565
195565
195566
195567
195566
195567
195570
195574
195576
195578
195579
195581
195583
195585
195587
195586
195587
195591
195591
195591
195587
195587
195588
195590
195589
195588
195585
195585
195585
195582
195581
195582
195586
195588
195587
195587
195589
195591
195593
195591
195589
195592
195597
195597
195594
195590
195588
195587
195584
195582
195579
195580
195581
195583
195582
195582
195585
195589
195593
195594
195594
195595
195598
195599
195596
195594
195595
195598
195599
195597
195596
195597
195600
195602
195603
195602
195604
195610
195613
195614
195612
195615
195620
195620
195618
195617
195619
195622
195624
195624
195622
195622
195623
195626
195628
195632
195636
195641
195647
195648
195649
195654
195658
195659
195655
195649
195647
195644
195641
195635
195630
195627
195627
195625
195623
195623
195626
195632
195634
195633
195632
195631
195632
195633
195630
195626
195625
195624
195622
195618
195614
195613
195611
195610
195607
195603
195599
195598
195599
195595
195593
195593
195595
195596
195596
195596
195598
195601
195603
195604
195603
195605
195609
195611
195609
195608
195610
195613
195616
195615
195614
195616
195620
195621
195622
195625
195628
195632
195636
195638
195639
195641
195641
195639
195638
195635
195632
195632
195630
195625
195624
195624
195626
195624
195622
195620
195622
195623
195624
195622
195621
195623
195626
195629
195629
195629
195632
195634
195633
195632
195629
195627
195627
195625
195620
195617
195613
195611
195609
195605
195599
195595
195595
195594
195592
195588
195587
195589
195588
195587
195587
195588
195590
195590
195589
195590
195591
195592
195594
195592
195590
195589
195590
195592
195592
195590
195591
195594
195592
195589
195586
195588
195592
195593
195590
195589
195589
195592
195594
195593
195593
195591
195593
195594
195595
195595
195598
195603
195607
195608
195606
195608
195611
195612
195612
195613
195616
195616
195619
195620
195618
195618
195620
195621
195618
195615
195614
195615
195614
195610
195607
195606
195607
195605
195605
195604
195606
195609
195610
195607
195606
195610
195613
195614
195612
195611
195612
195612
195611
195610
195610
195613
195617
195618
195618
195616
195616
195619
195623
195624
195624
195627
195629
195631
195631
195630
195631
195635
195637
195636
195637
195639
195643
195646
195646
195649
195651
195652
195655
195656
195658
195661
195663
195666
195666
195667
195672
195675
195675
195675
195673
195673
195674
195674
195673
195672
195673
195674
195671
195667
195665
195668
195673
195674
195672
195669
195670
195671
195671
195670
195669
195668
195668
195668
195666
195663
195666
195669
195670
195669
195667
195666
195667
195666
195664
195662
195662
195663
195663
195660
195659
195661
195662
195662
195659
195659
195662
195665
195665
195662
195660
195661
195664
195662
195659
195658
195661
195664
195665
195665
195664
195665
195666
195665
195664
195661
195662
195663
195664
195664
195662
195663
195663
195662
195661
195662
195662
195666
195669
195668
195666
195669
195669
195668
195668
195669
195666
195663
195662
195657
195653
195649
195648
195647
195642
195641
195641
195641
195639
195638
195636
195635
195636
195637
195633
195629
195630
195631
195631
195627
195624
195625
195627
195625
195621
195617
195615
195614
195612
195608
195607
195607
195610
195610
195610
195608
195610
195611
195611
195611
195611
195610
195611
195611
195608
195607
195605
195605
195605
195601
195599
195600
195599
195597
195593
195591
195588
195586
195584
195580
195576
195573
195569
195564
195557
195551
195548
195547
195547
195543
195540
195541
195546
195547
195545
195545
195550
195557
195562
195567
195572
195582
195589
195591
195591
195595
195599
195604
195608
195611
195611
195614
195620
195623
195623
195624
195630
195634
195633
195632
195632
195636
195639
195642
195644
195646
195651
195654
195652
195650
195651
195654
195658
195660
195660
195659
195660
195661
195660
195657
195653
195651
195651
195648
195647
195645
195647
195650
195650
195649
195650
195650
195650
195650
195649
195649
195651
195652
195651
195648
195645
195644
195646
195646
195646
195648
195652
195656
195658
195659
195658
195658
195659
195658
195656
195652
195650
195650
195649
195646
195641
195642
195643
195644
195644
195648
195655
195658
195660
195660
195660
195663
195664
195663
195661
195658
195658
195659
195655
195649
195644
195642
195642
195640
195638
195638
195640
195643
195646
195647
195648
195651
195652
195651
195648
195646
195648
195651
195651
195651
195653
195655
195656
195656
195654
195652
195653
195655
195656
195655
195654
195654
195655
195655
195649
195644
195643
195642
195641
195641
195641
195644
195648
195651
195655
195656
195655
195659
195661
195660
195657
195659
195662
195660
195656
195655
195655
195654
195652
195651
195648
195649
195652
195652
195649
195647
195647
195648
195646
195641
195638
195638
195642
195642
195640
195638
195637
195638
195636
195633
195630
195631
195632
195630
195627
195624
195626
195627
195626
195624
195626
195630
195631
195628
195624
195622
195624
195626
195627
195627
195628
195631
195634
195634
195633
195631
195629
195632
195631
195630
195628
195630
195633
195634
195634
195633
195631
195631
195631
195626
195623
195623
195626
195626
195622
195620
195623
195622
195617
195613
195611
195611
195611
195608
195606
195605
195607
195609
195606
195602
195600
195600
195602
195601
195599
195598
195599
195601
195602
195599
195597
195597
195600
195600
195598
195596
195597
195598
195596
195593
195593
195592
195590
195585
195583
195583
195585
195586
195582
195579
195580
195583
195579
195577
195575
195572
195572
195572
195573
195572
195571
195574
195577
195574
195573
195575
195577
195580
195582
195582
195584
195587
195590
195594
195595
195595
195599
195603
195602
195602
195604
195608
195611
195612
195612
195612
195610
195612
195613
195613
195612
195613
195617
195618
195617
195617
195620
195621
195622
195621
195622
195623
195625
195625
195626
195626
195627
195629
195630
195628
195627
195627
195629
195629
195627
195627
195630
195633
195633
195634
195633
195633
195636
195636
195635
195635
195634
195635
195635
195633
195634
195638
195640
195637
195634
195631
195632
195633
195631
195628
195629
195631
195629
195627
195625
195625
195628
195632
195633
195632
195633
195635
195638
195639
195641
195640
195642
195645
195646
195646
195646
195646
195649
195649
195647
195644
195644
195645
195644
195642
195641
195642
195642
195642
195640
195640
195640
195641
195639
195636
195635
195637
195638
195639
195638
195639
195641
195642
195639
195638
195637
195637
195639
195639
195638
195638
195640
195641
195640
195636
195635
195637
195641
195641
195639
195638
195639
195641
195641
195641
195639
195638
195638
195636
195634
195630
195631
195632
195630
195626
195625
195629
195631
195631
195629
195627
195627
195629
195627
195627
195629
195632
195632
195630
195630
195630
195630
195633
195634
195635
195635
195635
195637
195637
195636
195637
195639
195638
195634
195632
195631
195632
195633
195631
195627
195626
195627
195628
195625
195624
195622
195623
195623
195619
195616
195615
195616
195618
195615
195609
195605
195606
195607
195607
195607
195607
195608
195608
195605
195601
195599
195601
195603
195604
195600
195600
195601
195603
195603
195598
195595
195597
195599
195598
195597
195599
195602
195604
195604
195605
195610
195612
195616
195618
195616
195615
195615
195617
195616
195613
195613
195614
195613
195610
195606
195605
195607
195607
195606
195604
195603
195604
195604
195601
195597
195596
195598
195598
195595
195590
195588
195588
195589
195590
195590
195590
195591
195592
195591
195589
195588
195589
195591
195589
195588
195588
195588
195591
195592
195593
195592
195595
195600
195601
195600
195602
195605
195609
195608
195606
195607
195611
195617
195619
195618
195619
195619
195620
195621
195621
195621
195623
195623
195621
195619
195621
195625
195627
195626
195626
195629
195631
195634
195635
195634
195636
195639
195644
195646
195649
195651
195652
195653
195652
195649
195650
195650
195650
195650
195648
195649
195652
195652
195651
195648
195650
195651
195652
195650
195647
195646
195647
195649
195649
195647
195648
195649
195650
195649
195647
195646
195648
195650
195649
195645
195643
195642
195640
195637
195634
195635
195637
195641
195640
195639
195641
195641
195641
195638
195637
195639
195642
195644
195645
195643
195641
195641
195643
195639
195635
195633
195634
195635
195632
195630
195629
195631
195632
195633
195631
195631
195634
195637
195637
195635
195635
195635
195636
195634
195633
195635
195639
195639
195636
195634
195635
195636
195635
195633
195631
195630
195630
195631
195628
195624
195622
195619
195621
195618
195613
195609
195609
195612
195612
195610
195611
195612
195612
195610
195608
