196480
196478
196472
196467
196465
196462
196460
196455
196451
196450
196448
196445
196442
196439
196437
196439
196437
196435
196435
196438
196441
196443
196443
196445
196448
196450
196448
196445
196444
196445
196447
196448
196446
196443
196443
196444
196446
196445
196445
196449
196453
196457
196461
196463
196466
196470
196473
196473
196472
196475
196479
196480
196477
196477
196479
196481
196481
196479
196479
196481
196483
196483
196482
196481
196482
196482
196481
196480
196479
196481
196482
196482
196481
196479
196479
196480
196480
196478
196477
196479
196481
196484
196483
196480
196479
196480
196481
196479
196477
196481
196484
196484
196484
196484
196486
196490
196490
196490
196489
196490
196493
196493
196491
196490
196490
196490
196490
196487
196485
196485
196485
196484
196482
196480
196478
196478
196477
196475
196472
196472
196472
196471
196468
196465
196465
196467
196468
196467
196466
196468
196468
196466
196463
196459
196459
196460
196459
196455
196451
196450
196449
196446
196444
196444
196444
196445
196445
196443
196442
196443
196443
196442
196441
196439
196439
196440
196441
196441
196440
196442
196445
196445
196443
196441
196440
196442
196442
196439
196437
196438
196439
196439
196439
196439
196440
196443
196443
196441
196441
196444
196446
196446
196444
196443
196443
196444
196444
196443
196440
196441
196445
196446
196446
196444
196446
196451
196453
196452
196450
196452
196453
196454
196453
196452
196453
196455
196456
196457
196458
196459
196462
196462
196461
196461
196463
196466
196468
196465
196464
196466
196469
196469
196470
196471
196473
196476
196479
196479
196477
196477
196478
196476
196473
196470
196471
196473
196473
196472
196470
196471
196472
196470
196468
196467
196467
196468
196465
196463
196463
196465
196469
196472
196472
196472
196474
196475
196474
196470
196468
196468
196469
196468
196465
196463
196462
196461
196461
196461
196460
196461
196464
196465
196465
196465
196466
196467
196469
196467
196464
196466
196468
196468
196465
196462
196464
196469
196474
196476
196477
196479
196481
196481
196478
196477
196478
196481
196482
196480
196478
196479
196479
196478
196476
196476
196480
196482
196483
196482
196481
196484
196487
196487
196486
196484
196485
196487
196485
196481
196477
196476
196476
196476
196473
196470
196469
196471
196470
196466
196464
196464
196466
196466
196464
196463
196464
196465
196464
196462
196460
196461
196462
196462
196459
196456
196457
196460
196460
196459
196459
196460
196461
196461
196461
196461
196462
196464
196466
196466
196465
196467
196469
196471
196468
196467
196469
196473
196476
196477
196479
196481
196486
196487
196487
196488
196491
196494
196495
196495
196495
196497
196498
196498
196497
196497
196498
196500
196500
196499
196499
196500
196501
196502
196501
196499
196500
196501
196501
196500
196499
196501
196504
196504
196501
196501
196503
196504
196503
196499
196497
196496
196495
196491
196486
196482
196480
196479
196475
196469
196465
196462
196460
196457
196454
196452
196452
196452
196451
196449
196447
196448
196451
196452
196451
196450
196451
196454
196455
196453
196452
196452
196455
196455
196453
196452
196455
196458
196459
196459
196460
196462
196464
196464
196464
196463
196464
196464
196462
196460
196458
196460
196461
196460
196461
196463
196468
196472
196474
196476
196476
196478
196481
196482
196482
196481
196482
196484
196484
196481
196477
196478
196480
196480
196478
196478
196479
196478
196477
196476
196475
196476
196477
196475
196473
196471
196470
196469
196466
196461
196457
196456
196454
196451
196448
196444
196443
196446
196446
196444
196445
196448
196451
196451
196450
196452
196455
196459
196460
196459
196458
196461
196463
196463
196461
196461
196462
196460
196457
196453
196451
196451
196451
196452
196451
196450
196452
196454
196455
196453
196450
196451
196453
196452
196450
196447
196447
196448
196447
196443
196438
196437
196438
196437
196435
196435
196436
196439
196438
196437
196439
196443
196446
196448
196447
196448
196450
196451
196451
196451
196452
196454
196456
196455
196453
196451
196451
196449
196446
196442
196439
196438
196436
196434
196433
196433
196434
196439
196441
196440
196441
196443
196446
196446
196445
196445
196448
196450
196449
196448
196448
196451
196454
196453
196451
196451
196452
196454
196453
196453
196453
196455
196459
196460
196458
196457
196458
196457
196455
196452
196449
196450
196451
196449
196446
196444
196444
196444
196444
196444
196447
196449
196450
196449
196446
196444
196443
196441
196438
196434
196430
196427
196424
196420
196416
196414
196413
196414
196412
196410
196409
196411
196412
196412
196411
196412
196416
196421
196422
196421
196422
196425
196427
196427
196425
196424
196424
196426
196426
196425
196423
196424
196428
196431
196432
196435
196438
196442
196443
196443
196443
196447
196451
196453
196451
196449
196449
196450
196449
196446
196447
196451
196455
196457
196455
196454
196457
196461
196461
196460
196460
196463
196463
196462
196460
196458
196459
196459
196459
196458
196458
196461
196464
196464
196463
196463
196464
196464
196462
196459
196457
196459
196459
196458
196455
196453
196453
196455
196456
196454
196455
196457
196459
196458
196457
196460
196465
196470
196471
196471
196471
196471
196471
196471
196472
196472
196473
196475
196474
196471
196470
196473
196477
196479
196481
196482
196485
196487
196488
196488
196488
196490
196492
196492
196490
196489
196490
196491
196490
196487
196484
196486
196488
196487
196484
196481
196481
196483
196482
196480
196480
196482
196484
196483
196483
196484
196484
196483
196479
196472
196466
196462
196459
196454
196448
196444
196443
196441
196437
196433
196431
196432
196434
196433
196431
196429
196428
196429
196428
196426
196426
196428
196431
196431
196429
196432
196437
196441
196440
196437
196436
196437
196436
196432
196429
196428
196426
196425
196421
196417
196416
196418
196419
196419
196420
196422
196426
196429
196428
196426
196427
196429
196432
196431
196429
196429
196430
196432
196431
196431
196431
196432
196435
196435
196435
196435
196437
196441
196443
196442
196442
196444
196448
196449
196448
196449
196452
196453
196452
196451
196453
196456
196459
196458
196457
196458
196461
196464
196466
196468
196470
196474
196477
196477
196476
196477
196481
196485
196488
196489
196492
196496
196499
196499
196497
196496
196500
196500
196497
196493
196490
196488
196487
196486
196485
196486
196487
196488
196488
196487
196486
196486
196487
196485
196480
196476
196477
196476
196472
196469
196467
196468
196467
196463
196458
196456
196458
196459
196457
196456
196454
196455
196457
196456
196455
196455
196459
196463
196464
196464
196463
196465
196467
196467
196466
196468
196472
196477
196477
196476
196476
196479
196480
196480
196479
196478
196482
196484
196485
196484
196484
196486
196487
196484
196482
196483
196485
196485
196485
196484
196484
196486
196487
196485
196483
196483
196484
196486
196484
196482
196479
196478
196477
196473
196470
196470
196471
196471
196469
196468
196467
196470
196469
196467
196466
196465
196464
196465
196462
196459
196457
196456
196456
196454
196451
196452
196454
196456
196454
196453
196453
196453
196453
196452
196451
196451
196452
196454
196454
196452
196453
196456
196458
196456
196452
196451
196453
196453
196450
196448
196447
196449
196450
196449
196445
196444
196444
196445
196443
196441
196439
196440
196442
196440
196438
196437
196439
196440
196438
196437
196437
196440
196442
196443
196442
196443
196447
196449
196450
196450
196450
196454
196457
196457
196455
196458
196462
196465
196466
196463
196463
196466
196470
196471
196469
196469
196469
196469
196468
196467
196466
196466
196466
196465
196465
196465
196468
196469
196470
196472
196475
196478
196481
196481
196481
196482
196483
196483
196482
196482
196485
196487
196488
196486
196485
196485
196486
196488
196488
196487
196488
196492
196495
196496
196495
196495
196496
196498
196496
196493
196492
196491
196490
196487
196484
196481
196479
196478
196477
196477
196477
196479
196480
196480
196480
196480
196482
196481
196479
196477
196475
196476
196476
196472
196469
196469
196471
196473
196472
196471
196472
196474
196474
196475
196475
196476
196479
196480
196479
196478
196480
196481
196483
196482
196480
196480
196483
196485
196483
196480
196482
196484
196485
196483
196481
196481
196484
196485
196483
196479
196479
196481
196483
196481
196479
196480
196481
196483
196482
196481
196484
196488
196491
196489
196486
196485
196485
196485
196484
196481
196480
196480
196480
196479
196475
196474
196476
196476
196473
196469
196469
196469
196467
196463
196458
196455
196454
196452
196448
196444
196441
196439
196435
196429
196425
196423
196422
196420
196416
196413
196413
196416
196417
196418
196417
196419
196423
196425
196425
196426
196430
196434
196437
196438
196440
196442
196444
196446
196446
196446
196449
196452
196455
196455
196455
196455
196457
196458
196457
196457
196460
196463
196464
196463
196459
196458
196459
196460
196459
196458
196459
196462
196464
196464
196465
196467
196470
196473
196473
196472
196474
196476
196477
196475
196475
196477
196480
196483
196483
196482
196481
196480
196479
196477
196475
196475
196477
196478
196477
196474
196475
196476
196477
196475
196472
196471
196474
196479
196482
196484
196489
196495
196501
196503
196505
196509
196515
196519
196520
196520
196521
196524
196526
196525
196524
196525
196529
196532
196533
196535
196538
196541
196543
196544
196544
196543
196544
196543
196538
196533
196531
196529
196525
196520
196514
196512
196510
196507
196503
196500
196500
196501
196500
196498
196497
196499
196501
196503
196502
196501
196501
196503
196504
196500
196494
196492
196491
196491
196489
196488
196489
196490
196489
196488
196488
196489
196490
196489
196488
196486
196485
196485
196485
196483
196481
196481
196481
196481
196478
196476
196476
196476
196475
196472
196469
196469
196471
196470
196467
196464
196464
196464
196466
196465
196464
196465
196466
196467
196465
196464
196464
196466
196469
196469
196470
196471
196472
196472
196471
196470
196471
196473
196475
196474
196472
196471
196472
196473
196472
196470
196471
196475
196479
196479
196479
196482
196485
196486
196484
196482
196481
196480
196479
196476
196471
196470
196469
196466
196463
196459
196458
196459
196460
196460
196460
196462
196467
196471
196471
196471
196471
196473
196472
196470
196468
196470
196475
196477
196479
196479
196481
196485
196487
196487
196487
196488
196491
196493
196492
196490
196489
196487
196482
196477
196470
196465
196465
196464
196462
196459
196460
196461
196462
196460
196457
196457
196458
196459
196459
196458
196461
196464
196466
196467
196465
196467
196471
196474
196473
196470
196470
196472
196471
196468
196464
196462
196461
196459
196455
196453
196453
196454
196454
196451
196450
196452
196452
196451
196448
196446
196447
196449
196449
196447
196448
196453
196458
196464
196467
196469
196474
196480
196484
196485
196486
196492
196497
196500
196500
196500
196504
196508
196509
196510
196512
196514
196517
196518
196516
196515
196515
196517
196518
196517
196518
196521
196526
196530
196532
196532
196531
196536
196540
196541
196540
196541
196542
196541
196539
196536
196536
196538
196539
196538
196537
196539
196540
196540
196540
196538
196538
196539
196538
196533
196527
196525
196523
196522
196517
196512
196512
196513
196514
196513
196512
196512
196514
196516
196516
196516
196517
196519
196520
196518
196516
196517
196519
196516
196513
196510
196507
196505
196502
196496
196492
196490
196491
196489
196486
196484
196485
196485
196484
196481
196480
196481
196482
196480
196478
196476
196476
196476
196476
196474
196473
196475
196476
196478
196479
196480
196481
196484
196486
196485
196484
196486
196489
196489
196487
196485
196484
196482
196477
196471
196466
196464
196464
196462
196458
196453
196451
196450
196450
196448
196446
196447
196450
196449
196447
196446
196447
196447
196446
196442
196438
196438
196440
196439
196436
196432
196431
196434
196433
196431
196431
196434
196437
196439
196440
196440
196443
196448
196451
196451
196452
196454
196457
196458
196457
196455
196455
196456
196455
196454
196451
196451
196452
196451
196451
196451
196453
196454
196456
196456
196457
196460
196464
196466
196467
196464
196465
196468
196467
196464
196461
196461
196462
196461
196457
196455
196458
196462
196463
196462
196463
196469
196473
196474
196475
196477
196482
196488
196491
196490
196491
196493
196497
196497
196496
196494
196495
196496
196497
196496
196496
196497
196501
196502
196503
196504
196509
196511
196512
196511
196511
196513
196516
196517
196518
196519
196523
196526
196528
196528
196527
196531
196537
196541
196542
196542
196543
196546
196548
196547
196545
196546
196548
196548
196547
196545
196544
196545
196544
196544
196542
196543
196545
196546
196544
196542
196542
196542
196541
196539
196536
196536
196536
196534
196530
196527
196528
196530
196530
196529
196528
196529
196530
196529
196526
196521
196519
196520
196520
196519
196516
196517
196518
196516
196511
196508
196508
196510
196510
196509
196509
196510
196514
196514
196512
196510
196507
196505
196503
196499
196494
196494
196494
196491
196487
196485
196486
196486
196485
196484
196483
196484
196486
196486
196484
196482
196481
196481
196477
196473
196468
196467
196466
196465
196462
196459
196460
196461
196460
196459
196458
196460
196461
196460
196458
196457
196457
196460
196461
196460
196462
196464
196467
196469
196468
196467
196469
196472
196473
196471
196471
196471
196473
196473
196473
196475
196478
196482
196483
196483
196483
196485
196488
196488
196487
196486
196490
196495
196497
196499
196500
196503
196506
196506
196504
196501
196504
196505
196502
196500
196498
196499
196501
196500
196497
196495
196496
196498
196499
196497
196497
196499
196500
196501
196502
196502
196504
196509
196511
196509
196510
196512
196513
196512
196510
196506
196504
196504
196503
196499
196496
196495
196495
196495
196493
196491
196493
196495
196493
196490
196489
196490
196491
196489
196484
196482
196483
196486
196487
196487
196488
196490
196491
196490
196487
196483
196482
196483
196483
196482
196480
196480
196481
196479
196474
196469
196469
196473
196474
196473
196472
196475
196479
196480
196480
196481
196483
196485
196486
196486
196485
196486
196488
196487
196487
196488
196489
196492
196492
196491
196490
196490
196491
196492
196491
196492
196496
196500
196502
196500
196498
196497
196495
196490
196486
196482
196484
196484
196482
196480
196479
196480
196481
196481
196482
196483
196486
196489
196488
196485
196485
196486
196488
196487
196486
196485
196487
196490
196491
196490
196487
196487
196487
196486
196483
196482
196483
196486
196485
196481
196479
196480
196481
196480
196477
196476
196477
196477
196475
196472
196471
196471
196473
196474
196473
196474
196474
196474
196474
196471
196469
196469
196472
196471
196469
196468
196469
196472
196472
196472
196471
196472
196474
196473
196471
196472
196474
196475
196474
196473
196473
196472
196472
196472
196471
196469
196470
196472
196475
196474
196475
196476
196477
196475
196472
196471
196473
196475
196477
196477
196476
196477
196479
196478
196475
196474
196476
196479
196478
196477
196479
196482
196483
196483
196482
196481
196482
196483
196483
196482
196480
196480
196481
196480
196476
196474
196475
196476
196476
196475
196475
196478
196481
196481
196478
196478
196480
196483
196485
196484
196485
196490
196493
196493
196492
196493
196496
196500
196503
196503
196504
196508
196512
196514
196515
196516
196520
196524
196523
196523
196525
196527
196527
196524
196522
196520
196521
196523
196523
196523
196524
196525
196524
196521
196520
196517
196515
196514
196510
196505
196502
196501
196498
196495
196492
196489
196489
196489
196488
196486
196486
196488
196487
196484
196480
196479
196480
196482
196481
196479
196481
196483
196484
196482
196478
196477
196478
196481
196483
196484
196486
196489
196492
196494
196495
196493
196494
196497
196497
196494
196493
196494
196495
196495
196495
196493
196495
196499
196499
196497
196497
196499
196501
196500
196499
196498
196499
196500
196501
196500
196500
196501
196503
196503
196500
196498
196500
196501
196501
196501
196500
196501
196502
196501
196499
196500
196502
196504
196503
196502
196501
196502
196504
196501
196499
196498
196498
196502
196502
196500
196499
196498
196500
196500
196497
196496
196497
196498
196495
196490
196488
196489
196490
196489
196488
196486
196486
196485
196483
196481
196480
196482
196484
196483
196479
196477
196479
196482
196482
196480
196479
196479
196480
196480
196479
196479
196481
196483
196481
196478
196479
196483
196484
196484
196484
196484
196486
196487
196486
196484
196484
196486
196489
196487
196485
196484
196484
196484
196482
196479
196477
196477
196479
196477
196474
196472
196472
196473
196471
196468
196467
196468
196467
196463
196458
196454
196454
196454
196450
196448
196447
196447
196446
196444
196443
196444
196446
196449
196450
196449
196449
196451
196453
196453
196452
196451
196450
196450
196448
196446
196444
196445
196448
196448
196446
196447
196451
196456
196457
196456
196458
196463
196466
196468
196470
196474
196478
196481
196482
196482
196483
196485
196487
196486
196484
196484
196486
196487
196485
196482
196481
196482
196484
196484
196483
196482
196482
196485
196484
196483
196482
196483
196484
196482
196479
196480
196484
196488
196489
196488
196489
196491
196492
196491
196489
196489
196492
196494
196492
196490
196490
196493
196496
196495
196494
196495
196496
196496
196494
196490
196488
196488
196486
196481
196477
196476
196478
196478
196478
196477
196476
196476
196476
196475
196473
196473
196474
196475
196474
196474
196475
196478
196482
196484
196483
196484
196487
196490
196489
196488
196488
196490
196493
196495
196495
196496
196499
196502
196501
196499
196500
196503
196505
196503
196502
196502
196504
196505
196504
196502
196503
196503
196504
196501
196498
196497
196497
196498
196498
196496
196496
196498
196499
196499
196497
196497
196499
196500
196501
196502
196504
196507
196510
196512
196511
196512
196514
196517
196518
196517
196518
196521
196523
196522
196520
196519
196521
196523
196523
196522
196525
196528
196531
196531
196531
196533
196536
196538
196538
196538
196538
196541
196543
196541
196538
196537
196537
196537
196536
196534
196532
196533
196533
196532
196529
196527
196526
196524
196521
196517
196514
196513
196510
196505
196500
196499
196500
196500
196498
196498
196498
196499
196502
196502
196502
196504
196506
196506
196502
196495
196490
196487
196484
196478
196472
196468
196465
196463
196460
196458
196458
196461
196463
196461
196459
196459
196462
196462
196460
196457
196457
196455
196451
196448
196445
196445
196449
196452
196452
196452
196454
196457
196458
196456
196454
196454
196453
196452
196451
196448
196445
196443
196442
196438
196433
196429
196426
196422
196417
196414
196412
196412
196413
196411
196410
196411
196414
196418
196417
196414
196414
196415
196417
196417
196417
196421
196428
196432
196435
196436
196439
196443
196448
196450
196451
196456
196462
196467
196468
196470
196474
196478
196481
196480
196479
196480
196483
196484
196482
196480
196480
196482
196483
196480
196479
196481
196482
196483
196483
196482
196484
196486
196488
196487
196485
196486
196488
196490
196490
196488
196486
196484
196483
196480
196477
196476
196477
196478
196478
196477
196478
196480
196481
196480
196479
196481
196483
196485
196484
196482
196484
196486
196487
196488
196488
196489
196492
196494
196495
196496
196498
196502
196506
196507
196507
196509
196510
196509
196505
196500
196498
196497
196498
196499
196498
196500
196503
196506
196506
196504
196503
196503
196503
196502
196500
196500
196502
196501
196496
196490
196487
196484
196483
196481
196479
196478
196478
196481
196481
196480
196482
196486
196487
196486
196484
196484
196486
196485
196482
196478
196476
196477
196478
196475
196473
196474
196475
196478
196479
196478
196479
196482
196484
196486
196486
196487
196489
196492
196492
196491
196493
196497
196500
196499
196497
196497
196499
196501
196501
196502
196505
196509
196511
196510
196509
196508
196509
196512
196512
196510
196511
196511
196510
196508
196506
196506
196507
196507
196503
196500
196500
196504
196509
196510
196512
196514
196517
196519
196519
196518
196517
196519
196520
196519
196518
196517
196516
196514
196512
196510
196511
196513
196514
196513
196512
196514
196519
196523
196523
196520
196520
196519
196517
196514
196513
196513
196513
196513
196512
196510
196510
196511
196511
196508
196508
196510
196512
196514
196514
196513
196515
196518
196519
196518
196514
196513
196513
196513
196510
196509
196511
196514
196515
196515
196513
196514
196517
196519
196518
196515
196516
196516
196515
196512
196509
196509
196511
196510
196507
196503
196502
196504
196505
196503
196502
196502
196504
196507
196507
196505
196505
196507
196508
196505
196502
196500
196501
196501
196497
196494
196494
196493
196492
196489
196484
196480
196479
196477
196473
196469
196467
196466
196464
196459
196455
196454
196454
196454
196451
196448
196448
196450
196450
196447
196444
196445
196446
196444
196441
196438
196438
196440
196441
196439
196436
196438
196441
196443
196443
196443
196446
196450
196452
196452
196453
196455
196458
196460
196459
196458
196459
196461
196462
196461
196458
196461
196464
196468
196469
196469
196472
196475
196476
196475
196473
196474
196475
196474
196471
196467
196468
196471
196470
196468
196467
196470
196474
196476
196475
196475
196477
196479
196479
196478
196475
196475
196476
196475
196471
196468
196467
196470
196471
196470
196468
196468
196470
196469
196467
196466
196470
196474
196476
196475
196475
196476
196477
196476
196475
196475
196478
196480
196480
196479
196478
196480
196481
196482
196482
196481
196483
196485
196486
196485
196485
196487
196490
196490
196488
196488
196489
196489
196487
196485
196483
196482
196480
196480
196478
196475
196475
196476
196476
196475
196475
196477
196479
196479
196479
196480
196482
196486
196487
196486
196485
196485
196487
196487
196485
196481
196481
196481
196480
196478
196476
196477
196480
196483
196483
196482
196484
196487
196487
196487
196487
196488
196491
196493
196493
196492
196491
196491
196491
196490
196489
196489
196492
196495
196494
196493
196493
196496
196497
196498
196498
196499
196503
196508
196508
196509
196513
196516
196519
196518
196516
196518
196522
196524
196524
196524
196525
196527
196528
196524
196521
196519
196519
196518
196516
196514
196515
196517
196516
196513
196511
196512
196513
196512
196510
196509
196511
196513
196513
196513
196513
196514
196515
196515
196514
196512
196511
196510
196508
196505
196503
196503
196505
196506
196505
196506
196509
196510
196509
196507
196507
196509
196513
196514
196512
196511
196511
196511
196512
196510
196507
196508
196511
196512
196511
196509
196510
196512
196513
196512
196512
196515
196518
196518
196517
196516
196515
196514
196512
196509
196507
196507
196509
196510
196507
196503
196504
196503
196501
196498
196496
196497
196499
196498
196497
196496
196497
196501
196502
196500
196499
196499
196500
196500
196500
196498
196498
196499
196499
196498
196497
196497
196498
196496
196494
196494
196496
196499
196499
196497
196497
196498
196498
196498
196498
196497
196496
196494
196492
196489
196486
196486
196486
196484
196481
196480
196481
196483
196483
196482
196481
196484
196488
196491
196493
196495
196498
196502
196504
196502
196500
196500
196499
196496
196491
196486
196484
196482
196480
196474
196471
196470
196470
196470
196467
196463
196463
196462
196459
196457
196454
196454
196454
196453
196449
196445
196444
196445
196444
196441
196441
196443
196445
196444
196442
196440
196440
196438
196436
196432
196428
196428
196429
196427
196424
196421
196422
196423
196424
196423
196421
196423
196427
196428
196428
196429
196430
196433
196435
196434
196433
196436
196439
196438
196436
196435
196438
196443
196445
196447
196449
196453
196457
196456
196455
196456
196460
196465
196466
196464
196462
196465
196467
196464
196462
196461
196462
196464
196464
196463
196463
196466
196468
196469
196469
196469
196471
196474
196475
196475
196476
196480
196484
196487
196489
196489
196490
196493
196494
196494
196496
196498
196501
196503
196505
196505
196507
196509
196508
196506
196506
196509
196512
196512
196511
196512
196516
196519
196520
196518
196516
196518
196521
196522
196521
196522
196522
196522
196521
196518
196517
196518
196520
196521
196519
196517
196519
196519
196517
196514
196513
196514
196515
196515
196513
196512
196513
196514
196514
196514
196514
196517
196519
196519
196518
196518
196519
196521
196520
196518
196518
196520
196523
196523
196522
196523
196524
196524
196523
196521
196519
196520
196522
196523
196523
196520
196520
196522
196523
196524
196523
196526
196527
196527
196526
196526
196528
196532
196532
196529
196528
196530
196532
196532
196531
196530
196532
196532
196531
196530
196528
196527
196527
196524
196520
196517
196515
196513
196509
196503
196498
196496
196493
196487
196481
196477
196476
196475
196472
196468
196466
196465
196463
196460
196457
196455
196456
196455
196454
196449
196444
196442
196441
196439
196437
196436
196436
196438
196437
196434
196433
196434
196435
196434
196432
196431
196432
196435
196436
196436
196438
196441
196445
196447
196446
196448
196451
196452
196452
196452
196453
196455
196457
196458
196458
196457
196459
196461
196463
196463
196464
196466
196467
196466
196464
196465
196467
196468
196468
196468
196467
196468
196469
196468
196466
196466
196468
196470
196471
196471
196473
196477
196480
196483
196483
196484
196488
196491
196490
196487
196485
196487
196490
196489
196489
196490
196494
196497
196495
196493
196492
196492
196492
196490
196487
196485
196483
196482
196480
196477
196474
196474
196475
196474
196473
196475
196477
196479
196478
196477
196477
196479
196480
196481
196479
196478
196479
196482
196482
196480
196479
196483
196488
196488
196486
196487
196490
196493
196492
196491
196493
196493
196493
196491
196488
196485
196484
196483
196482
196479
196476
196475
196474
196470
196466
196462
196460
196459
196459
196456
196454
196457
196460
196461
196459
196459
196462
196466
196467
196468
196469
196473
196477
196477
196477
196477
196479
196482
196482
196481
196479
196478
196478
196474
196471
196471
196474
196477
196478
196478
196480
196480
196482
196480
196479
196478
196480
196481
196480
196479
196478
196477
196479
196481
196481
196481
196483
196485
196484
196481
196479
196479
196478
196476
196472
196468
196466
196466
196464
196462
196462
196464
196467
196470
196472
196475
196479
196483
196484
196486
196486
196487
196487
196484
196481
196480
196480
196480
196479
196477
196476
196479
196483
196483
196482
196479
196477
196478
196476
196472
196467
196466
196466
196464
196460
196459
196460
196462
196461
196460
196462
196467
196469
196467
196464
196463
196464
196465
196462
196460
196459
196459
196461
196461
196461
196463
196466
196470
196469
196467
196467
196468
196467
196466
196465
196466
196468
196469
196467
196464
196463
196465
196468
196470
196471
196473
196476
196479
196479
196476
196474
196476
196476
196473
196470
196469
196468
196467
196463
196459
196459
196459
196460
196460
196458
196459
196463
196466
196466
196467
196469
196472
196475
196475
196477
196480
196486
196489
196487
196487
196489
196492
196495
196494
196491
196490
196490
196491
196491
196488
196486
196484
196484
196482
196479
196479
196483
196486
196487
196488
196490
196493
196494
196495
196493
196492
196492
196494
196493
196491
196492
196494
196496
196495
196494
196493
196494
196497
196497
196495
196495
196497
196497
196495
196490
196487
196487
196489
196488
196486
196485
196488
196491
196489
196486
196487
196489
196492
196492
196490
196491
196494
196496
196494
196492
196491
196492
196493
196491
196489
196488
196490
196490
196488
196486
196484
196485
196486
196484
196481
196478
196478
196478
196474
196470
196469
196471
196473
196474
196472
196474
196479
196483
196484
196484
196486
196488
196490
196492
196491
196493
196496
196496
196493
196489
196488
196488
196487
196480
196473
196469
196467
196464
196461
196458
196458
196457
196457
196457
196454
196453
196453
196454
196452
196446
196443
196443
196442
196439
196436
196436
196436
196436
196434
196433
196433
196435
196435
196434
196433
196435
196436
196436
196435
196434
196435
196439
196442
196443
196445
196448
196452
196455
196457
196459
196462
196466
196467
196466
196464
196463
196463
196463
196462
196460
196459
196459
196460
196459
196459
196459
196462
196464
196461
196457
196457
196460
196460
196458
196456
196456
196459
196461
196458
196455
196454
196455
196458
196457
196455
196455
196456
196458
196457
196457
196457
196458
196459
196458
196456
196456
196457
196458
196458
196457
196457
196458
196460
196460
196462
196463
196463
196463
196461
196459
196462
196466
196469
196471
196472
196475
196480
196485
196486
196485
196488
196491
196494
196492
196489
196490
196492
196492
196491
196488
196487
196487
196486
196484
196482
196483
196485
196486
196485
196484
196483
196484
196486
196485
196482
196480
196480
196478
196475
196470
196469
196468
196468
196467
196465
196466
196469
196470
196469
196468
196467
196467
196466
196464
196461
196462
196462
196462
196462
196459
196456
196456
196457
196455
196454
196454
196455
196456
196456
196454
196453
196456
196459
196458
196456
196455
196456
196457
196455
196453
196454
196458
196461
196462
196460
196461
196463
196463
196458
196454
196453
196454
196454
196450
196446
196446
196446
196447
196445
196442
196440
196442
196443
196442
196441
196444
196448
196450
196448
196449
196452
196455
196456
196452
196450
196451
196452
196453
196451
196449
196449
196449
196448
196446
196445
196448
196452
196455
196457
196457
196458
196458
196458
196456
196453
196455
196458
196460
196461
196461
196462
196463
196465
196464
196463
196464
196467
196470
196469
196467
196467
196468
196468
196467
196465
196465
196468
196470
196468
196465
196466
196468
196470
196470
196468
196469
196469
196468
196466
196464
196463
196463
196464
196463
196462
196461
196461
196461
196462
196462
196463
196465
196467
196467
196466
196465
196466
196467
196464
196460
196460
196462
196463
196460
196458
196457
196459
196460
196459
196458
196462
196466
196468
196467
196466
196466
196466
196465
196462
196459
196458
196459
196460
196457
196455
196455
196457
196458
196458
196457
196460
196466
196469
196469
196469
196472
196476
196479
196480
196481
196483
196485
196487
196488
196488
196490
196493
196495
196495
196496
196500
196503
196505
196506
196505
196508
196514
196517
196518
196519
196520
196522
196523
196523
196521
196522
196523
196523
196521
196518
196519
196522
196524
196523
196522
196524
196528
196529
196528
196528
196530
196535
196538
196538
196537
196539
196541
196541
196540
196538
196535
196534
196532
196528
196524
196523
196522
196520
196517
196513
196511
196510
196510
196506
196504
196506
196509
196509
196506
196503
196503
196504
196505
196504
196501
196501
196503
196504
196503
196502
196504
196506
196506
196504
196501
196501
196499
196495
196491
196488
196486
196485
196483
196479
196475
196474
196474
196474
196472
196470
196469
196470
196470
196468
196466
196466
196465
196465
196463
196459
196458
196459
196457
196452
196447
196445
196444
196444
196443
196442
196444
196445
196444
196441
196438
196439
196441
196441
196439
196436
196433
196432
196430
196426
196421
196418
196416
196414
196411
196408
196409
196410
196410
196408
196407
196407
196407
196406
196406
196406
196408
196410
196411
196410
196408
196409
196411
196415
196418
196420
196422
196426
196428
196428
196428
196431
196434
196435
196435
196436
196438
196440
196440
196438
196437
196437
196438
196440
196438
196437
196440
196444
196446
196445
196444
196445
196448
196449
196447
196445
196447
196451
196454
196453
196452
196451
196452
196452
196451
196450
196451
196455
196459
196460
196461
196465
196468
196468
196468
196467
196467
196469
196469
196468
196467
196469
196474
196477
196477
196476
196477
196479
196480
196480
196480
196480
196483
196485
196484
196482
196484
196489
196490
196490
196487
196488
196491
196493
196492
196490
196491
196491
196490
196486
196483
196482
196482
196480
196474
196468
196466
196465
196464
196462
196459
196460
196462
196462
196460
196459
196461
196464
196465
196462
196460
196463
196466
196465
196462
196460
196461
196463
196462
196460
196458
196458
196458
196456
196453
196450
196449
196451
196449
196447
196447
196448
196450
196451
196448
196446
196448
196449
196449
196447
196445
196444
196445
196444
196441
196438
196437
196434
196430
196427
196424
196423
196424
196424
196422
196420
196422
196424
196425
196425
196424
196426
196430
196431
196430
196430
196432
196433
196434
196432
196432
196433
196436
196435
196432
196428
196429
196432
196433
196433
196433
196437
196440
196441
196443
196444
196447
196449
196450
196449
196447
196449
196453
196454
196451
196448
196449
196452
196452
196450
196449
196451
196456
196460
196462
196465
196468
196472
196476
196479
196483
196489
196493
196496
196497
196497
196498
196499
196496
196493
196492
196493
196493
196491
196488
196485
196484
196483
196480
196478
196477
196477
196477
196475
196472
196471
196473
196476
196475
196474
196472
196472
196474
196473
196472
196472
196475
196479
196480
196480
196481
196483
196484
196484
196482
196480
196479
196479
196478
196475
196471
196472
196474
196472
196469
196467
196466
196468
196468
196468
196466
196465
196466
196468
196468
196466
196468
196470
196471
196468
196467
196466
196465
196461
196456
196451
196449
196449
196448
196445
196442
196441
196441
196439
196435
196433
196433
196435
196435
196432
196431
196431
196430
196428
196424
196423
196423
196425
196426
196424
196422
196421
196421
196419
196419
196419
196422
196426
196427
196429
196432
196435
196439
196439
196437
196435
196435
196436
196435
196434
196434
196436
196438
196439
196439
196441
196446
196452
196455
196456
196456
196457
196460
196461
196459
196455
196453
196452
196449
196442
196438
196437
196437
196436
196432
196430
196431
196433
196433
196433
196434
196435
196437
196436
196434
196433
196432
196431
196430
196427
196424
196426
196429
196430
196429
196431
196435
196438
196440
196440
196442
196446
196450
196452
196453
196455
196457
196457
196456
196453
196449
196447
196446
196445
196441
196437
196438
196440
196442
196443
196445
196451
196457
196463
196465
196466
196470
196475
196476
196474
196472
196472
196474
196473
196470
196469
196471
196474
196476
196478
196480
196484
196487
196489
196490
196490
196491
196492
196490
196487
196485
196485
196485
196482
196478
196474
196473
196474
196475
196476
196478
196481
196484
196486
196488
196490
196494
196499
196501
196501
196502
196505
196505
196503
196499
196494
196491
196487
196481
196474
196467
196466
196467
196467
196465
196465
196467
196470
196470
196469
196468
196468
196470
196470
196468
196467
196468
196469
196469
196466
196462
196462
196464
196464
196462
196462
196465
196467
196468
196466
196465
196465
196465
196464
196460
196455
196451
196448
196442
196435
196427
196425
196422
196420
196415
196410
196408
196407
196405
196403
196402
196404
196407
196408
196408
196409
196412
196416
196419
196421
196423
196427
196429
196428
196426
196425
196426
196427
196425
196421
196420
196422
196422
196420
196416
196413
196414
196415
196415
196414
196413
196413
196414
196413
196411
196408
196408
196410
196412
196411
196410
196411
196413
196414
196413
196413
196416
196419
196420
196421
196423
196427
196429
196430
196431
196432
196435
196438
196439
196438
196437
196439
196441
196441
196440
196438
196441
196445
196447
196449
196450
196452
196454
196453
196451
196448
196447
196446
196444
196440
196438
196439
196440
196441
196443
196446
196450
196455
196457
196459
196462
196465
196470
196472
196472
196474
196478
196483
196484
196484
196485
196486
196488
196489
196489
196488
196489
196490
196490
196488
196486
196489
196492
196493
196492
196493
196496
196499
196497
196494
196492
196494
196495
196495
196493
196493
196493
196491
196486
196481
196478
196478
196475
196470
196467
196465
196465
196465
196463
196460
196458
196458
196460
196457
196454
196453
196453
196454
196452
196450
196449
196450
196451
196452
196448
196445
196445
196445
196443
196439
196436
196437
196438
196437
196435
196435
196437
196439
196439
196437
196437
196439
196440
196441
196439
196439
196440
196442
196442
196438
196434
196434
196435
196433
196433
196434
196437
196441
196444
196445
196447
196450
196453
196454
196451
196451
196453
196455
196454
196451
196450
196450
196453
196452
196449
196449
196451
196452
196450
196446
196443
196443
196443
196439
196437
196439
196440
196442
196442
196441
196442
196446
196450
196452
196451
196451
196451
196452
196451
196448
196445
196446
196448
196447
196446
196445
196447
196448
196447
196446
196446
196448
196450
196450
196449
196450
196453
196455
196455
196455
196456
196456
196457
196457
196455
196453
196454
196455
196454
196452
196450
196452
196455
196455
196455
196455
196457
196460
196460
196459
196458
196460
196463
196464
196463
196464
196466
196467
196465
196463
196463
196465
196468
196467
196466
196468
196472
196477
196479
196479
196480
196482
196485
196487
196486
196485
196485
196485
196486
196484
196483
196485
196489
196490
196488
196488
196489
196491
196491
196489
196489
196490
196491
196490
196488
196489
196491
196491
196490
196489
196489
196489
196490
196488
196485
196484
196484
196483
196482
196479
196475
196473
196473
196468
196464
196462
196461
196461
196456
196453
196451
196451
196449
196446
196440
196437
196437
196438
196437
196435
196435
196437
196440
196437
196436
196436
196437
196440
196440
196440
196441
196446
196450
196451
196450
196450
196452
196454
196454
196453
196452
196454
196454
196451
196450
196451
196453
196454
196453
196451
196450
196449
196449
196447
196444
196444
196445
196446
196444
196440
196439
196437
196437
196436
196435
196434
196434
196435
196433
196431
196429
196429
196431
196430
196428
196428
196429
196431
196429
196427
196426
196429
196430
196428
196426
196424
196424
196423
196421
196419
196420
196422
196422
196422
196422
196423
196426
196430
196432
196432
196434
196437
196440
196439
196438
196440
196442
196446
196448
196448
196451
196455
196456
196456
196455
196453
196454
196456
196456
196453
196453
196457
196460
196461
196460
196460
196464
196469
196469
196467
196467
196469
196472
196472
196473
196475
196477
196478
196476
196475
196474
196476
196476
196475
196474
196473
196472
196471
196469
196467
196465
196465
196464
196462
196459
196457
196457
196457
196456
196457
196458
196462
196467
196472
196474
196477
196481
196484
196484
196483
196482
196482
196482
196481
196478
196477
196478
196480
196480
196481
196483
196489
196493
196494
196495
196495
196498
196500
196498
196497
196498
196500
196502
196501
196500
196500
196500
196499
196497
196495
196493
196492
196490
196488
196485
196482
196481
196481
196479
196475
196475
196476
196477
196476
196475
196476
196481
196485
196486
196487
196489
196492
196495
196495
196495
196496
196499
196498
196495
196491
196490
196490
196489
196488
196486
196486
196487
196488
196486
196482
196481
196482
196481
196479
196477
196477
196479
196481
196480
196478
196477
196476
196475
196474
196472
196471
196474
196477
196477
196476
196477
196481
196484
196483
196480
196479
196481
196481
196479
196477
196476
196476
196475
196473
196470
196469
196469
196470
196470
196468
196468
196470
196473
196473
196473
196473
196475
196477
196475
196474
196474
196475
196476
196474
196473
196473
196472
196472
196471
196470
196469
196469
196468
196465
196460
196457
196456
196456
196453
196451
196449
196450
196452
196452
196453
196455
196460
196464
196465
196466
196467
196470
196473
196471
196470
196470
196471
196470
196468
196468
196469
196470
196469
196468
196467
196469
196472
196474
196474
196473
196474
196477
196480
196480
196478
196479
196482
196485
196485
196483
196484
196486
196487
196484
196480
196481
196482
196483
196482
196481
196482
196485
196487
196486
196484
196484
196485
196488
196490
196493
196498
196502
196503
196501
196499
196498
196499
196499
196498
196496
196496
196497
196499
196497
196495
196496
196499
196500
196499
196497
196497
196500
196502
196502
196502
196505
196508
196510
196509
196509
196509
196510
196513
196513
196511
196509
196509
196510
196507
196503
196501
196501
196500
196495
196492
196492
196491
196490
196489
196489
196491
196493
196496
196495
196492
196491
196492
196495
196494
196492
196492
196494
196495
196493
196491
196489
196489
196492
196493
196492
196493
196495
196496
196495
196492
196491
196493
196493
196492
196492
196493
196494
196494
196491
196487
196485
196485
196485
196484
196483
196483
196484
196486
196487
196487
196486
196487
196488
196487
196486
196486
196487
196487
196485
196482
196481
196481
196481
196479
196477
196479
196482
196484
196484
196484
196486
196486
196487
196487
196486
196486
196488
196489
196488
196484
196482
196483
196483
196482
196480
196480
196482
196484
196483
196482
196484
196488
196490
196491
196489
196490
196492
196491
196488
196485
196484
196485
196484
196481
196478
196477
196478
196478
196475
196473
196473
196473
196473
196470
196468
196468
196469
196471
196470
196469
196470
196472
196474
196473
196471
196471
196471
196474
196475
196473
196473
196474
196475
196472
196470
196468
196467
196466
196462
196457
196456
196460
196463
196465
196466
196468
196473
196477
196480
196482
196484
196485
196487
196487
196486
196487
196489
196488
196486
196484
196484
196484
196483
196480
196478
196479
196482
196483
196482
196482
196483
196485
196486
196486
196487
196490
196492
196493
196493
196495
196498
196501
196504
196504
196503
196504
196507
196511
196512
196510
196510
196514
196516
196517
196517
196520
196523
196525
196525
196524
196526
196529
196532
196534
196535
196537
196538
196540
196539
196538
196537
196538
196539
196536
196533
196531
196530
196529
196526
196525
196526
196526
196526
196524
196520
196518
196519
196519
196518
196516
196515
196517
196518
196516
196512
196513
196515
196516
196514
196513
196513
196514
196514
196511
196507
196506
196504
196503
196499
196496
196494
196495
196497
196496
196495
196496
196498
196498
196496
196493
196491
196491
196491
196491
196490
196490
196491
196491
196490
196487
196487
196490
196491
196490
196486
196485
196484
196484
196480
196477
196477
196479
196480
196479
196479
196480
196482
196481
196478
196476
196476
196474
196472
196468
196464
196461
196460
196459
196457
196454
196452
196454
196455
196454
196452
196451
196452
196452
196451
196449
196449
196451
196452
196450
196447
196447
196449
196451
196451
196452
196454
196458
196461
196462
196463
196464
196467
196469
196468
196466
196466
196467
196468
196469
196468
196468
196470
196471
196470
196471
196474
196479
196482
196483
196482
196482
196482
196482
196481
196479
196479
196480
196479
196476
196472
196470
196470
196470
196469
196468
196469
196470
196471
196469
196467
196466
196465
196464
196462
196460
196457
196456
196455
196451
196449
196448
196449
196451
196452
196452
196454
196458
196460
196461
196461
196463
196464
196464
196462
196460
196462
196464
196466
196468
196468
196470
196476
196481
196485
196487
196489
196494
196498
196501
196502
196505
196509
196511
196511
196510
196512
196514
196514
196512
196508
196507
196509
196509
196508
196506
196506
196508
196509
196507
196506
196506
196508
196509
196508
196507
196508
196509
196508
196503
196499
196497
196496
196494
196488
196482
196480
196478
196474
196468
196462
196459
196456
196453
196449
196445
196443
196441
196441
196438
196436
196436
196436
196436
196435
196432
196432
196431
196431
196428
196425
196424
196426
196428
196427
196428
196430
196435
196437
196437
196434
196432
196432
196432
196429
196425
196425
196426
196426
196424
196423
196423
196424
196424
196422
196420
196417
196418
196419
196418
196417
196418
196419
196418
196416
196413
196414
196416
196416
196414
196414
196416
196419
196423
196425
196427
196430
196432
196435
196436
196436
196439
196442
196445
196447
196450
196453
196458
196461
196462
196462
196465
196468
196469
196468
196467
196467
196469
196471
196472
196473
196476
196481
196485
196488
196490
196494
196500
196507
196513
196517
196522
196528
196533
196536
196539
196543
196547
196550
196550
196550
196553
196556
196559
196561
196559
196560
196561
196560
196558
196555
196554
196554
196553
196549
196545
196542
196542
196542
196540
196539
196537
196536
196533
196530
196526
196524
196524
196523
196520
196516
196513
196510
196507
196503
196500
196498
196497
196495
196492
196489
196489
196490
196491
196490
196491
196491
196491
196491
196487
196482
196479
196478
196477
196474
196471
196469
196469
196468
196467
196466
196467
196470
196470
196465
196462
196461
196462
196460
196455
196451
196449
196447
196446
196444
196440
196439
196438
196438
196437
196436
196436
196437
196438
196436
196433
196433
196433
196433
196432
196429
196428
196428
196427
196423
196421
196422
196425
196427
196426
196424
196424
196426
196427
196427
196427
196429
196431
196434
196435
196435
196437
196439
196443
196445
196445
196446
196446
196447
196445
196442
196442
196444
196447
196448
196448
196450
196455
196460
196461
196462
196466
196470
196474
196477
196477
196477
196477
196476
196471
196466
196462
196460
196459
196456
196455
196456
196458
196460
196461
196461
196465
196470
196473
196475
196476
196478
196479
196478
196475
196469
196463
196461
196458
196453
196448
196447
196449
196451
196451
196451
196454
196460
196465
196466
196469
196473
196479
196482
196484
196483
196485
196488
196490
196488
196487
196488
196491
196494
196495
196495
196497
196502
196506
196508
196507
196508
196510
196511
196511
196510
196512
196514
196514
196512
196509
196507
196507
196506
196504
196501
196500
196501
196501
196500
196501
196504
196507
196510
196510
196508
196508
196509
196510
196509
196508
196508
196507
196507
196506
196504
196505
196507
196507
196506
196506
196509
196515
196522
196526
196530
196538
196545
196551
196554
196557
196563
196569
196574
196576
196577
196581
196585
196588
196590
196593
196595
196598
196600
196600
196598
196599
196601
196600
196596
196591
196587
196585
196580
196572
196565
196560
196556
196552
196545
196538
196534
196532
196529
196525
196520
196518
196517
196515
196511
196507
196505
196504
196502
196499
196496
196496
196497
196497
196496
196495
196496
196498
196498
196497
196495
196495
196498
196500
196499
196497
196499
196501
196500
196497
196494
196494
196496
196497
196494
196491
196492
196495
196494
196492
196490
196490
196491
196492
196494
196496
196498
196501
196504
196505
196505
196505
196505
196505
196501
196497
196495
196495
196493
196488
196486
196486
196488
196488
196486
196483
196481
196479
196476
196473
196471
196470
196471
196471
196469
196468
196469
196471
196471
196469
196466
196466
196466
196465
196463
196460
196459
196460
196462
196460
196457
196456
196457
196458
196458
196456
196457
196461
196462
196462
196462
196465
196467
196468
196467
196465
196467
196469
196470
196468
196467
196467
196468
196468
196466
196465
196467
196468
196468
196466
196465
196465
196468
196471
196471
196471
196473
196474
196476
196476
196473
196474
196476
196478
196477
196476
196478
196479
196481
196480
196479
196480
196482
196482
196482
196481
196484
196487
196491
196493
196493
196495
196497
196497
196497
196497
196497
196498
196501
196501
196499
196500
196502
196504
196502
196500
196501
196502
196502
196499
196496
196496
196496
196495
196493
196491
196491
196490
196489
196487
196484
196483
196484
196484
196483
196482
196484
196486
196487
196485
196482
196480
196480
196480
196479
196478
196480
196484
196486
196484
196483
196485
196488
196489
196488
196487
196489
196491
196491
196490
196489
196490
196491
196492
196491
196489
196488
196488
196489
196488
196487
196488
196491
196493
196492
196492
196493
196495
196496
196494
196492
196494
196496
196499
196497
196496
196498
196501
196503
196503
196505
196507
196509
196510
196508
196506
196505
196506
196508
196505
196500
196498
196498
196497
196495
196492
196492
196493
196492
196492
196491
196493
196495
196495
196494
196492
196493
196495
196497
196498
196498
196498
196498
196497
196494
196490
196491
196495
196496
196497
196498
196500
196502
196502
196500
196499
196500
196502
196503
196501
196498
196499
196501
196502
196502
196500
196501
196504
196506
196505
196503
196503
196505
196506
196503
196499
196498
196497
196494
196492
196489
196488
196488
196488
196487
196486
196487
196488
196489
196489
196489
196490
196492
196492
196490
196488
196489
196491
196491
196490
196489
196491
196493
196494
196493
196491
196492
196493
196492
196489
196487
196488
196489
196488
196486
196483
196483
196483
196484
196483
196482
196484
196486
196486
196484
196483
196483
196484
196486
196486
196484
196484
196488
196488
196488
196486
196485
196487
196488
196486
196483
196483
196484
196484
196482
196479
196477
196476
196475
196472
196468
196466
196466
196463
196459
196455
196452
196451
196449
196445
196443
196443
196444
196446
196446
196445
196445
196449
196454
196455
196454
196455
196458
196461
196462
196463
196465
196469
196472
196474
196474
196477
196481
196483
196484
196484
196484
196486
196487
196486
196486
196490
196493
196494
196494
196494
196495
196500
196502
196501
196499
196501
196504
196506
196507
196508
196509
196510
196513
196514
196515
196517
196518
196521
196521
196520
196522
196524
196526
196525
196525
196528
196531
196532
196531
196530
196531
196533
196533
196530
196528
196528
196528
196527
196525
196522
196521
196521
196520
196518
196516
196516
196517
196517
196515
196513
196513
196515
196516
196513
196510
196509
196509
196507
196503
196497
196494
196492
196490
196487
196483
196480
196478
196477
196473
196470
196470
196470
196470
196469
196467
196469
196473
196475
196477
196478
196480
196482
196483
196483
196483
196485
196488
196489
196488
196487
196488
196490
196492
196490
196488
196488
196491
196494
196495
196494
196496
196497
196498
196497
196496
196494
196493
196492
196488
196483
196480
196480
196481
196478
196474
196472
196471
196470
196467
196466
196468
196471
196474
196475
196477
196481
196485
196487
196487
196486
196485
196484
196484
196482
196480
196480
196482
196484
196483
196481
196482
196485
196488
196487
196486
196488
196492
196494
196492
196490
196491
196491
196491
196490
196488
196486
196486
196486
196485
196483
196485
196487
196489
196492
196493
196496
196499
196499
196496
196492
196490
196488
196487
196484
196479
196477
196475
196472
196469
196467
196470
196475
196480
196481
196481
196484
196488
196489
196488
196488
196489
196492
196493
196491
196489
196491
196495
196495
196495
196492
196493
196493
196492
196490
196488
196488
196488
196489
196488
196486
196485
196485
196485
196484
196482
196483
196486
196488
196487
196486
196486
196487
196485
196482
196479
196480
196483
196483
196482
196481
196482
196485
196486
196486
196487
196490
196494
196496
196496
196495
196498
196500
196501
196501
196499
196500
196500
196499
196497
196493
196492
196493
196495
196496
196496
196499
196502
196505
196504
196503
196502
196502
196499
196495
196489
196484
196480
196477
196473
196472
196474
196478
196481
196482
196484
196491
196499
196504
196506
196505
196505
196505
196502
196498
196495
196494
196494
196493
196491
196491
196494
196497
196499
196500
196501
196505
196509
196512
196511
196507
196502
196498
196492
196484
196476
196471
196469
196467
196466
196464
196466
196469
196473
196477
196480
196484
196492
196500
196503
196503
196504
196504
196502
196498
196493
196491
196489
196487
196484
196480
196479
196478
196478
196477
196477
196478
196482
196485
196484
196482
196479
196476
196474
196470
196465
196464
196465
196467
196466
196466
196467
196469
196472
196473
196473
196476
196480
196483
196483
196481
196482
196483
196482
196478
196473
196472
196472
196471
196469
196467
196468
196470
196472
196474
196475
196478
196479
196481
196481
196482
196483
196485
196487
196484
196480
196479
196478
196476
196473
196470
196470
196471
196472
196471
196471
196474
196478
196483
196486
196489
196493
196499
196503
196503
196501
196502
196505
196505
196501
196497
196495
196494
196493
196490
196488
196490
196492
196493
196492
196491
196493
196494
196494
196493
196494
196498
196503
196505
196504
196504
196503
196504
196503
196500
196497
196497
196498
196497
196494
196491
196490
196489
196489
196487
196484
196484
196486
196487
196485
196484
196485
196486
196487
196486
196484
196484
196488
196490
196487
196484
196485
196487
196489
196489
196489
196493
196497
196499
196499
196499
196500
196502
196500
196497
196495
196494
196493
196492
196489
196485
196484
196484
196485
196484
196483
196484
196487
196488
196487
196487
196490
196493
196494
196493
196491
196492
196493
196492
196489
196486
196486
196487
196486
196484
196482
196483
196483
196482
196482
196479
196479
196479
196479
196477
196475
196476
196477
196476
196472
196471
196472
196475
196476
196477
196476
196477
196479
196478
196474
196472
